TIMESTAMP;DURATION;PROBE;KIND;LAYER;CORE;PAIR_ON;PID;MAF_COUNT;L1D_TLB_REFILL;L1I_TLB_REFILL;L1D_CACHE;L1I_CACHE;BUS_ACCESS;MEM_ACCESS;LMC0;CONTEXT
42009698312;2295720;"MAF";"INTERVAL";"PROBE";1;63;0x00000b31;0;143;96;121074757;179279533;10973;121078013;0;CPUTHEFT
42009698696;117;"SENS_C1";"INTERVAL";"PROBE";1;63;0x00000b31;0;0;2;1456;2021;372;1460;0;CPUTHEFT
42009698823;235;"LOC_C1";"INTERVAL";"PROBE";1;63;0x00000b31;0;0;2;3903;6043;608;3907;0;CPUTHEFT
42009699066;66;"LOC_C2";"INTERVAL";"PROBE";1;63;0x00000b31;0;3;2;1451;2747;125;1462;0;CPUTHEFT
42009699142;316;"LOC_C3";"INTERVAL";"PROBE";1;63;0x00000b31;0;0;0;9811;13336;348;9815;0;CPUTHEFT
42009699467;42;"LOC_C4";"INTERVAL";"PROBE";1;63;0x00000b31;0;0;0;585;912;128;589;0;CPUTHEFT
42009699516;117865;"NEAR_P1";"INTERVAL";"PROBE";1;63;0x00000b31;0;35;17;6310722;9441532;3814;6310920;0;CPUTHEFT
42009817395;117569;"NEAR_P1";"INTERVAL";"PROBE";1;63;0x00000b31;0;8;7;6321010;9451209;656;6321205;0;CPUTHEFT
42009934972;85396;"NEAR_P1";"INTERVAL";"PROBE";1;63;0x00000b31;0;11;1;4241160;6110755;451;4241269;0;CPUTHEFT
42010020375;117316;"NEAR_P1";"INTERVAL";"PROBE";1;63;0x00000b31;0;4;5;6316460;9419903;285;6316649;0;CPUTHEFT
42010137699;117306;"NEAR_P1";"INTERVAL";"PROBE";1;63;0x00000b31;0;6;7;6322101;9427870;100;6322291;0;CPUTHEFT
42010255012;85120;"NEAR_P1";"INTERVAL";"PROBE";1;63;0x00000b31;0;3;4;4241595;6081388;8;4241684;0;CPUTHEFT
42010340139;117280;"NEAR_P1";"INTERVAL";"PROBE";1;63;0x00000b31;0;2;3;6321722;9424321;72;6321910;0;CPUTHEFT
42010457426;117274;"NEAR_P1";"INTERVAL";"PROBE";1;63;0x00000b31;0;2;5;6322354;9421748;56;6322541;0;CPUTHEFT
42010574708;85110;"NEAR_P1";"INTERVAL";"PROBE";1;63;0x00000b31;0;1;2;4242038;6074775;4;4242134;0;CPUTHEFT
42010659826;117269;"NEAR_P1";"INTERVAL";"PROBE";1;63;0x00000b31;0;1;3;6323071;9425719;32;6323256;0;CPUTHEFT
42010777103;117398;"NEAR_P1";"INTERVAL";"PROBE";1;63;0x00000b31;0;2;3;6323861;9432107;390;6324060;0;CPUTHEFT
42010894508;85173;"NEAR_P1";"INTERVAL";"PROBE";1;63;0x00000b31;0;2;1;4240893;6081492;159;4240990;0;CPUTHEFT
42010979689;117270;"NEAR_P1";"INTERVAL";"PROBE";1;63;0x00000b31;0;2;2;6322752;9424423;41;6322942;0;CPUTHEFT
42011096983;117342;"NEAR_P1";"INTERVAL";"PROBE";1;63;0x00000b31;0;8;0;6324349;9434831;100;6324533;0;CPUTHEFT
42011214333;85357;"NEAR_P1";"INTERVAL";"PROBE";1;63;0x00000b31;0;1;1;4245617;6119342;100;4245743;0;CPUTHEFT
42011299697;117411;"NEAR_P1";"INTERVAL";"PROBE";1;63;0x00000b31;0;23;1;6305476;9424810;1038;6305693;0;CPUTHEFT
42011417116;117382;"NEAR_P1";"INTERVAL";"PROBE";1;63;0x00000b31;0;2;2;6322901;9452994;12;6323091;0;CPUTHEFT
42011534505;85226;"NEAR_P1";"INTERVAL";"PROBE";1;63;0x00000b31;0;1;1;4241605;6111123;4;4241701;0;CPUTHEFT
42011619738;117455;"NEAR_P1";"INTERVAL";"PROBE";1;63;0x00000b31;0;2;5;6324338;9454606;80;6324536;0;CPUTHEFT
42011737200;117443;"NEAR_P1";"INTERVAL";"PROBE";1;63;0x00000b31;0;12;2;6313541;9426648;707;6313729;0;CPUTHEFT
42011854661;139363;"TRAJ_R1";"INTERVAL";"PROBE";1;63;0x00000b31;0;0;1;7110183;10577872;910;7110373;0;CPUTHEFT
42011999593;2270053;"MAF";"INTERVAL";"PROBE";1;63;0x00000b31;1;56;56;119247365;176573100;23897;119250759;0;CPUTHEFT
42011999617;127;"SENS_C1";"INTERVAL";"PROBE";1;63;0x00000b31;1;0;1;1451;2015;480;1455;0;CPUTHEFT
42011999752;210;"LOC_C1";"INTERVAL";"PROBE";1;63;0x00000b31;1;0;1;3899;6131;512;3903;0;CPUTHEFT
42011999970;38;"LOC_C2";"INTERVAL";"PROBE";1;63;0x00000b31;1;0;0;651;927;132;655;0;CPUTHEFT
42012000017;318;"LOC_C3";"INTERVAL";"PROBE";1;63;0x00000b31;1;0;0;9807;13261;320;9811;0;CPUTHEFT
42012000344;43;"LOC_C4";"INTERVAL";"PROBE";1;63;0x00000b31;1;0;0;585;908;136;589;0;CPUTHEFT
42012000393;117559;"NEAR_P1";"INTERVAL";"PROBE";1;63;0x00000b31;1;13;10;6311655;9413710;4919;6311844;0;CPUTHEFT
42012117963;117444;"NEAR_P1";"INTERVAL";"PROBE";1;63;0x00000b31;1;3;2;6319533;9420893;2022;6319722;0;CPUTHEFT
42012235415;56049;"NEAR_P1";"INTERVAL";"PROBE";1;63;0x00000b31;1;9;3;2335595;3053125;1812;2335691;0;CPUTHEFT
42012291481;117593;"NEAR_P1";"INTERVAL";"PROBE";1;63;0x00000b31;1;2;2;6312791;9435725;3365;6312977;0;CPUTHEFT
42012409085;117466;"NEAR_P1";"INTERVAL";"PROBE";1;63;0x00000b31;1;2;1;6315762;9439851;1060;6315956;0;CPUTHEFT
42012526559;85310;"NEAR_P1";"INTERVAL";"PROBE";1;63;0x00000b31;1;2;1;4241387;6105726;213;4241478;0;CPUTHEFT
42012611893;117429;"NEAR_P1";"INTERVAL";"PROBE";1;63;0x00000b31;1;2;2;6321509;9447651;461;6321700;0;CPUTHEFT
42012729329;117405;"NEAR_P1";"INTERVAL";"PROBE";1;63;0x00000b31;1;1;0;6322364;9452142;524;6322553;0;CPUTHEFT
42012846741;85234;"NEAR_P1";"INTERVAL";"PROBE";1;63;0x00000b31;1;2;1;4236559;6102762;256;4236677;0;CPUTHEFT
42012931982;117541;"NEAR_P1";"INTERVAL";"PROBE";1;63;0x00000b31;1;3;3;6321648;9449773;776;6321834;0;CPUTHEFT
42013049536;117428;"NEAR_P1";"INTERVAL";"PROBE";1;63;0x00000b31;1;2;2;6322883;9452168;332;6323070;0;CPUTHEFT
42013166971;85228;"NEAR_P1";"INTERVAL";"PROBE";1;63;0x00000b31;1;2;0;4242039;6112120;56;4242134;0;CPUTHEFT
42013252207;117417;"NEAR_P1";"INTERVAL";"PROBE";1;63;0x00000b31;1;1;1;6313842;9439093;507;6314042;0;CPUTHEFT
42013369632;117425;"NEAR_P1";"INTERVAL";"PROBE";1;63;0x00000b31;1;0;2;6322358;9441360;175;6322547;0;CPUTHEFT
42013487066;85266;"NEAR_P1";"INTERVAL";"PROBE";1;63;0x00000b31;1;2;1;4241396;6108583;222;4241493;0;CPUTHEFT
42013572353;117483;"NEAR_P1";"INTERVAL";"PROBE";1;63;0x00000b31;1;1;1;6318777;9440012;1901;6318962;0;CPUTHEFT
42013689847;117449;"NEAR_P1";"INTERVAL";"PROBE";1;63;0x00000b31;1;2;3;6319895;9444848;1284;6320084;0;CPUTHEFT
42013807305;85262;"NEAR_P1";"INTERVAL";"PROBE";1;63;0x00000b31;1;1;0;4241422;6108605;384;4241520;0;CPUTHEFT
42013892575;117476;"NEAR_P1";"INTERVAL";"PROBE";1;63;0x00000b31;1;2;1;6322146;9452411;314;6322334;0;CPUTHEFT
42014010060;117420;"NEAR_P1";"INTERVAL";"PROBE";1;63;0x00000b31;1;0;2;6322679;9452700;480;6322870;0;CPUTHEFT
42014127512;142123;"TRAJ_R1";"INTERVAL";"PROBE";1;63;0x00000b31;1;0;1;7208502;10748816;725;7208702;0;CPUTHEFT
42014274831;2301199;"MAF";"INTERVAL";"PROBE";1;63;0x00000b31;2;73;73;121258170;179430479;22323;121261629;0;CPUTHEFT
42014274849;120;"SENS_C1";"INTERVAL";"PROBE";1;63;0x00000b31;2;0;1;1456;2046;452;1460;0;CPUTHEFT
42014274977;232;"LOC_C1";"INTERVAL";"PROBE";1;63;0x00000b31;2;0;2;4915;7267;506;4919;0;CPUTHEFT
42014275216;37;"LOC_C2";"INTERVAL";"PROBE";1;63;0x00000b31;2;0;0;650;911;100;654;0;CPUTHEFT
42014275263;310;"LOC_C3";"INTERVAL";"PROBE";1;63;0x00000b31;2;0;0;9807;13438;320;9811;0;CPUTHEFT
42014275582;45;"LOC_C4";"INTERVAL";"PROBE";1;63;0x00000b31;2;0;0;586;915;128;590;0;CPUTHEFT
42014275633;117624;"NEAR_P1";"INTERVAL";"PROBE";1;63;0x00000b31;2;10;2;6317694;9449937;1854;6317877;0;CPUTHEFT
42014393268;117382;"NEAR_P1";"INTERVAL";"PROBE";1;63;0x00000b31;2;2;2;6317866;9431409;532;6318081;0;CPUTHEFT
42014510658;85177;"NEAR_P1";"INTERVAL";"PROBE";1;63;0x00000b31;2;2;1;4241348;6085107;360;4241439;0;CPUTHEFT
42014595854;117458;"NEAR_P1";"INTERVAL";"PROBE";1;63;0x00000b31;2;3;1;6315139;9417592;1878;6315339;0;CPUTHEFT
42014713323;117493;"NEAR_P1";"INTERVAL";"PROBE";1;63;0x00000b31;2;1;2;6311181;9410949;2364;6311374;0;CPUTHEFT
42014830825;85204;"NEAR_P1";"INTERVAL";"PROBE";1;63;0x00000b31;2;1;2;4239739;6080107;559;4239835;0;CPUTHEFT
42014916037;117372;"NEAR_P1";"INTERVAL";"PROBE";1;63;0x00000b31;2;2;3;6315541;9419203;681;6315756;0;CPUTHEFT
42015033418;117559;"NEAR_P1";"INTERVAL";"PROBE";1;63;0x00000b31;2;19;7;6319688;9425173;1325;6319888;0;CPUTHEFT
42015150987;85260;"NEAR_P1";"INTERVAL";"PROBE";1;63;0x00000b31;2;1;2;4239261;6079856;1141;4239355;0;CPUTHEFT
42015236258;117499;"NEAR_P1";"INTERVAL";"PROBE";1;63;0x00000b31;2;8;4;6318059;9421547;2174;6318256;0;CPUTHEFT
42015353769;117453;"NEAR_P1";"INTERVAL";"PROBE";1;63;0x00000b31;2;3;5;6316727;9420349;1492;6316934;0;CPUTHEFT
42015471231;85159;"NEAR_P1";"INTERVAL";"PROBE";1;63;0x00000b31;2;1;2;4241058;6081735;676;4241154;0;CPUTHEFT
42015556398;117310;"NEAR_P1";"INTERVAL";"PROBE";1;63;0x00000b31;2;1;2;6320173;9424524;504;6320367;0;CPUTHEFT
42015673716;117320;"NEAR_P1";"INTERVAL";"PROBE";1;63;0x00000b31;2;4;3;6320989;9424782;284;6321175;0;CPUTHEFT
42015791043;85151;"NEAR_P1";"INTERVAL";"PROBE";1;63;0x00000b31;2;2;3;4236015;6075114;452;4236121;0;CPUTHEFT
42015876201;117303;"NEAR_P1";"INTERVAL";"PROBE";1;63;0x00000b31;2;3;3;6321254;9421964;167;6321441;0;CPUTHEFT
42015993514;117333;"NEAR_P1";"INTERVAL";"PROBE";1;63;0x00000b31;2;2;2;6322092;9425047;189;6322281;0;CPUTHEFT
42016110855;85161;"NEAR_P1";"INTERVAL";"PROBE";1;63;0x00000b31;2;1;1;4241634;6082739;328;4241730;0;CPUTHEFT
42016196024;117500;"NEAR_P1";"INTERVAL";"PROBE";1;63;0x00000b31;2;1;1;6322366;9448833;1724;6322555;0;CPUTHEFT
42016313535;117561;"NEAR_P1";"INTERVAL";"PROBE";1;63;0x00000b31;2;1;2;6322019;9450639;1244;6322211;0;CPUTHEFT
42016431106;144916;"TRAJ_R1";"INTERVAL";"PROBE";1;63;0x00000b31;2;0;1;7324698;10901133;465;7324885;0;CPUTHEFT
42016581382;2305306;"MAF";"INTERVAL";"PROBE";1;63;0x00000b31;3;53;62;121399860;180077160;16891;121403265;0;CPUTHEFT
42016581400;115;"SENS_C1";"INTERVAL";"PROBE";1;63;0x00000b31;3;0;2;1452;2043;440;1456;0;CPUTHEFT
42016581526;230;"LOC_C1";"INTERVAL";"PROBE";1;63;0x00000b31;3;0;1;4928;7372;504;4932;0;CPUTHEFT
42016581762;35;"LOC_C2";"INTERVAL";"PROBE";1;63;0x00000b31;3;0;0;650;909;104;654;0;CPUTHEFT
42016581808;311;"LOC_C3";"INTERVAL";"PROBE";1;63;0x00000b31;3;0;0;9804;13366;308;9808;0;CPUTHEFT
42016582128;45;"LOC_C4";"INTERVAL";"PROBE";1;63;0x00000b31;3;0;0;585;879;120;589;0;CPUTHEFT
42016582179;117622;"NEAR_P1";"INTERVAL";"PROBE";1;63;0x00000b31;3;14;4;6313707;9443758;1572;6313906;0;CPUTHEFT
42016699810;117515;"NEAR_P1";"INTERVAL";"PROBE";1;63;0x00000b31;3;4;4;6321580;9454897;1639;6321766;0;CPUTHEFT
42016817341;85372;"NEAR_P1";"INTERVAL";"PROBE";1;63;0x00000b31;3;2;1;4241227;6109872;2151;4241319;0;CPUTHEFT
42016902723;117524;"NEAR_P1";"INTERVAL";"PROBE";1;63;0x00000b31;3;1;2;6321455;9451900;1276;6321643;0;CPUTHEFT
42017020255;117462;"NEAR_P1";"INTERVAL";"PROBE";1;63;0x00000b31;3;2;1;6322593;9453278;324;6322781;0;CPUTHEFT
42017137725;85276;"NEAR_P1";"INTERVAL";"PROBE";1;63;0x00000b31;3;4;2;4241545;6110329;204;4241636;0;CPUTHEFT
42017223008;117396;"NEAR_P1";"INTERVAL";"PROBE";1;63;0x00000b31;3;0;1;6323209;9456017;172;6323399;0;CPUTHEFT
42017340412;117458;"NEAR_P1";"INTERVAL";"PROBE";1;63;0x00000b31;3;2;2;6319512;9452238;346;6319706;0;CPUTHEFT
42017457880;85265;"NEAR_P1";"INTERVAL";"PROBE";1;63;0x00000b31;3;2;2;4235068;6104258;372;4235189;0;CPUTHEFT
42017543153;117446;"NEAR_P1";"INTERVAL";"PROBE";1;63;0x00000b31;3;1;4;6320725;9453457;226;6320913;0;CPUTHEFT
42017660607;117428;"NEAR_P1";"INTERVAL";"PROBE";1;63;0x00000b31;3;1;2;6316577;9447227;348;6316784;0;CPUTHEFT
42017778043;85351;"NEAR_P1";"INTERVAL";"PROBE";1;63;0x00000b31;3;1;0;4241016;6108180;768;4241109;0;CPUTHEFT
42017863401;117431;"NEAR_P1";"INTERVAL";"PROBE";1;63;0x00000b31;3;0;1;6323124;9453051;124;6323317;0;CPUTHEFT
42017980839;117415;"NEAR_P1";"INTERVAL";"PROBE";1;63;0x00000b31;3;2;2;6323139;9454173;186;6323326;0;CPUTHEFT
42018098262;85251;"NEAR_P1";"INTERVAL";"PROBE";1;63;0x00000b31;3;2;0;4241910;6109913;80;4242006;0;CPUTHEFT
42018183520;117473;"NEAR_P1";"INTERVAL";"PROBE";1;63;0x00000b31;3;2;3;6322953;9454194;236;6323142;0;CPUTHEFT
42018301001;117500;"NEAR_P1";"INTERVAL";"PROBE";1;63;0x00000b31;3;3;1;6315828;9445014;1036;6316031;0;CPUTHEFT
42018418513;117539;"NEAR_P1";"INTERVAL";"PROBE";1;63;0x00000b31;3;1;2;6317504;9447000;2254;6317689;0;CPUTHEFT
42018536066;85338;"NEAR_P1";"INTERVAL";"PROBE";1;63;0x00000b31;3;2;2;4241951;6111439;900;4242042;0;CPUTHEFT
42018621411;117439;"NEAR_P1";"INTERVAL";"PROBE";1;63;0x00000b31;3;3;3;6322934;9453934;308;6323122;0;CPUTHEFT
42018738877;147803;"TRAJ_R1";"INTERVAL";"PROBE";1;63;0x00000b31;3;1;3;7438642;11050585;469;7438832;0;CPUTHEFT
42018924170;2307693;"MAF";"INTERVAL";"PROBE";1;63;0x00000b31;4;56;55;121521793;179912124;19850;121525212;0;CPUTHEFT
42018924194;116;"SENS_C1";"INTERVAL";"PROBE";1;63;0x00000b31;4;0;2;1455;2041;456;1459;0;CPUTHEFT
42018924319;243;"LOC_C1";"INTERVAL";"PROBE";1;63;0x00000b31;4;1;0;4915;7190;534;4919;0;CPUTHEFT
42018924569;33;"LOC_C2";"INTERVAL";"PROBE";1;63;0x00000b31;4;0;0;650;922;96;654;0;CPUTHEFT
42018924613;311;"LOC_C3";"INTERVAL";"PROBE";1;63;0x00000b31;4;0;0;9804;13424;304;9808;0;CPUTHEFT
42018924934;43;"LOC_C4";"INTERVAL";"PROBE";1;63;0x00000b31;4;0;0;586;909;124;590;0;CPUTHEFT
42018924983;85419;"NEAR_P1";"INTERVAL";"PROBE";1;63;0x00000b31;4;10;4;4238056;6104410;1756;4238148;0;CPUTHEFT
42019010411;117460;"NEAR_P1";"INTERVAL";"PROBE";1;63;0x00000b31;4;3;4;6321902;9449407;753;6322092;0;CPUTHEFT
42019127879;117349;"NEAR_P1";"INTERVAL";"PROBE";1;63;0x00000b31;4;2;3;6317085;9429751;557;6317282;0;CPUTHEFT
42019245237;85123;"NEAR_P1";"INTERVAL";"PROBE";1;63;0x00000b31;4;1;0;4235865;6078775;189;4235977;0;CPUTHEFT
42019330384;117433;"NEAR_P1";"INTERVAL";"PROBE";1;63;0x00000b31;4;2;1;6319713;9425614;1063;6319902;0;CPUTHEFT
42019447832;117592;"NEAR_P1";"INTERVAL";"PROBE";1;63;0x00000b31;4;1;2;6323120;9432827;1011;6323313;0;CPUTHEFT
42019565431;85142;"NEAR_P1";"INTERVAL";"PROBE";1;63;0x00000b31;4;1;1;4241658;6086686;84;4241752;0;CPUTHEFT
42019650597;117287;"NEAR_P1";"INTERVAL";"PROBE";1;63;0x00000b31;4;2;2;6322809;9423892;60;6322995;0;CPUTHEFT
42019767898;117285;"NEAR_P1";"INTERVAL";"PROBE";1;63;0x00000b31;4;2;0;6322919;9428705;96;6323108;0;CPUTHEFT
42019885197;85141;"NEAR_P1";"INTERVAL";"PROBE";1;63;0x00000b31;4;0;1;4241506;6088316;80;4241601;0;CPUTHEFT
42019970349;117390;"NEAR_P1";"INTERVAL";"PROBE";1;63;0x00000b31;4;2;2;6314012;9416331;1908;6314206;0;CPUTHEFT
42020087750;117484;"NEAR_P1";"INTERVAL";"PROBE";1;63;0x00000b31;4;2;0;6319991;9423430;1791;6320182;0;CPUTHEFT
42020205244;85154;"NEAR_P1";"INTERVAL";"PROBE";1;63;0x00000b31;4;0;1;4241063;6086015;580;4241158;0;CPUTHEFT
42020290406;117630;"NEAR_P1";"INTERVAL";"PROBE";1;63;0x00000b31;4;3;1;6316588;9424212;3064;6316793;0;CPUTHEFT
42020408049;117424;"NEAR_P1";"INTERVAL";"PROBE";1;63;0x00000b31;4;2;2;6321134;9431152;1208;6321333;0;CPUTHEFT
42020525481;85274;"NEAR_P1";"INTERVAL";"PROBE";1;63;0x00000b31;4;1;0;4240771;6107683;432;4240864;0;CPUTHEFT
42020610763;117387;"NEAR_P1";"INTERVAL";"PROBE";1;63;0x00000b31;4;2;1;6322467;9452547;196;6322657;0;CPUTHEFT
42020728174;117715;"NEAR_P1";"INTERVAL";"PROBE";1;63;0x00000b31;4;12;9;6316724;9445287;1780;6316925;0;CPUTHEFT
42020845898;85250;"NEAR_P1";"INTERVAL";"PROBE";1;63;0x00000b31;4;2;3;4240457;6108452;185;4240553;0;CPUTHEFT
42020931156;117476;"NEAR_P1";"INTERVAL";"PROBE";1;63;0x00000b31;4;1;0;6321635;9448944;683;6321825;0;CPUTHEFT
42021048644;183211;"TRAJ_R1";"INTERVAL";"PROBE";1;63;0x00000b31;4;1;2;9648683;14567331;436;9648965;0;CPUTHEFT
42021237255;2309631;"MAF";"INTERVAL";"PROBE";1;63;0x00000b31;5;40;50;121653331;179931071;14821;121656717;0;CPUTHEFT
42021237275;111;"SENS_C1";"INTERVAL";"PROBE";1;63;0x00000b31;5;0;2;1452;2052;444;1456;0;CPUTHEFT
42021237394;237;"LOC_C1";"INTERVAL";"PROBE";1;63;0x00000b31;5;0;2;4922;7341;516;4926;0;CPUTHEFT
42021237640;35;"LOC_C2";"INTERVAL";"PROBE";1;63;0x00000b31;5;0;0;650;918;108;654;0;CPUTHEFT
42021237685;312;"LOC_C3";"INTERVAL";"PROBE";1;63;0x00000b31;5;0;0;9801;13361;316;9805;0;CPUTHEFT
42021238006;47;"LOC_C4";"INTERVAL";"PROBE";1;63;0x00000b31;5;0;0;585;921;136;589;0;CPUTHEFT
42021238059;117573;"NEAR_P1";"INTERVAL";"PROBE";1;63;0x00000b31;5;7;4;6318733;9447452;1376;6318923;0;CPUTHEFT
42021355640;85322;"NEAR_P1";"INTERVAL";"PROBE";1;63;0x00000b31;5;2;3;4241995;6106991;340;4242090;0;CPUTHEFT
42021440970;117460;"NEAR_P1";"INTERVAL";"PROBE";1;63;0x00000b31;5;2;1;6319924;9452707;274;6320112;0;CPUTHEFT
42021558439;117510;"NEAR_P1";"INTERVAL";"PROBE";1;63;0x00000b31;5;2;1;6315723;9440775;1897;6315911;0;CPUTHEFT
42021675961;85295;"NEAR_P1";"INTERVAL";"PROBE";1;63;0x00000b31;5;2;2;4240283;6106429;1418;4240378;0;CPUTHEFT
42021761263;117449;"NEAR_P1";"INTERVAL";"PROBE";1;63;0x00000b31;5;1;1;6320263;9426193;681;6320454;0;CPUTHEFT
42021878720;117278;"NEAR_P1";"INTERVAL";"PROBE";1;63;0x00000b31;5;2;2;6322401;9425389;268;6322582;0;CPUTHEFT
42021996006;85139;"NEAR_P1";"INTERVAL";"PROBE";1;63;0x00000b31;5;1;0;4241721;6082264;108;4241817;0;CPUTHEFT
42022081153;117316;"NEAR_P1";"INTERVAL";"PROBE";1;63;0x00000b31;5;1;1;6322597;9426017;321;6322799;0;CPUTHEFT
42022198477;117314;"NEAR_P1";"INTERVAL";"PROBE";1;63;0x00000b31;5;1;2;6322823;9426679;196;6323012;0;CPUTHEFT
42022315799;85135;"NEAR_P1";"INTERVAL";"PROBE";1;63;0x00000b31;5;1;2;4241882;6075020;88;4241978;0;CPUTHEFT
42022400941;117280;"NEAR_P1";"INTERVAL";"PROBE";1;63;0x00000b31;5;1;1;6313016;9414517;396;6313239;0;CPUTHEFT
42022518228;117362;"NEAR_P1";"INTERVAL";"PROBE";1;63;0x00000b31;5;1;1;6320275;9424645;575;6320458;0;CPUTHEFT
42022635600;85227;"NEAR_P1";"INTERVAL";"PROBE";1;63;0x00000b31;5;0;1;4241346;6079853;456;4241442;0;CPUTHEFT
42022720835;117275;"NEAR_P1";"INTERVAL";"PROBE";1;63;0x00000b31;5;1;2;6322792;9426123;116;6322975;0;CPUTHEFT
42022838117;117272;"NEAR_P1";"INTERVAL";"PROBE";1;63;0x00000b31;5;2;1;6323231;9425771;36;6323417;0;CPUTHEFT
42022955397;85144;"NEAR_P1";"INTERVAL";"PROBE";1;63;0x00000b31;5;1;1;4241898;6084216;64;4241997;0;CPUTHEFT
42023040548;117377;"NEAR_P1";"INTERVAL";"PROBE";1;63;0x00000b31;5;7;2;6321780;9427089;307;6321971;0;CPUTHEFT
42023157932;117379;"NEAR_P1";"INTERVAL";"PROBE";1;63;0x00000b31;5;1;2;6320347;9420708;1468;6320535;0;CPUTHEFT
42023275321;85211;"NEAR_P1";"INTERVAL";"PROBE";1;63;0x00000b31;5;1;1;4234314;6072097;1888;4234418;0;CPUTHEFT
42023360544;186335;"TRAJ_R1";"INTERVAL";"PROBE";1;63;0x00000b31;5;1;0;9772356;14687215;716;9772632;0;CPUTHEFT
42023552092;2377817;"MAF";"INTERVAL";"PROBE";1;63;0x00000b31;6;47;60;125986888;186870550;15112;125990389;0;CPUTHEFT
42023552115;116;"SENS_C1";"INTERVAL";"PROBE";1;63;0x00000b31;6;0;1;1455;2087;464;1459;0;CPUTHEFT
42023552239;230;"LOC_C1";"INTERVAL";"PROBE";1;63;0x00000b31;6;0;0;4912;7253;530;4916;0;CPUTHEFT
42023552476;40;"LOC_C2";"INTERVAL";"PROBE";1;63;0x00000b31;6;0;0;650;915;128;654;0;CPUTHEFT
42023552525;313;"LOC_C3";"INTERVAL";"PROBE";1;63;0x00000b31;6;0;0;9805;13369;320;9809;0;CPUTHEFT
42023552847;47;"LOC_C4";"INTERVAL";"PROBE";1;63;0x00000b31;6;0;0;585;899;128;589;0;CPUTHEFT
42023552900;117403;"NEAR_P1";"INTERVAL";"PROBE";1;63;0x00000b31;6;11;2;6317990;9420628;2305;6318171;0;CPUTHEFT
42023670312;117329;"NEAR_P1";"INTERVAL";"PROBE";1;63;0x00000b31;6;3;8;6322626;9424665;496;6322812;0;CPUTHEFT
42023787649;85116;"NEAR_P1";"INTERVAL";"PROBE";1;63;0x00000b31;6;3;1;4241795;6082642;204;4241888;0;CPUTHEFT
42023872773;149277;"NEAR_P1";"INTERVAL";"PROBE";1;63;0x00000b31;6;2;2;8399286;12759653;196;8399520;0;CPUTHEFT
42024022058;85427;"NEAR_P1";"INTERVAL";"PROBE";1;63;0x00000b31;6;2;1;4251025;6102424;205;4251176;0;CPUTHEFT
42024107492;117154;"NEAR_P1";"INTERVAL";"PROBE";1;63;0x00000b31;6;0;1;6312384;9408625;717;6312530;0;CPUTHEFT
42024224655;117419;"NEAR_P1";"INTERVAL";"PROBE";1;63;0x00000b31;6;2;2;6321258;9424123;1435;6321446;0;CPUTHEFT
42024342084;117427;"NEAR_P1";"INTERVAL";"PROBE";1;63;0x00000b31;6;2;2;6322332;9441116;964;6322522;0;CPUTHEFT
42024459519;85308;"NEAR_P1";"INTERVAL";"PROBE";1;63;0x00000b31;6;3;2;4242546;6110527;226;4242645;0;CPUTHEFT
42024544837;117437;"NEAR_P1";"INTERVAL";"PROBE";1;63;0x00000b31;6;1;2;6320269;9448037;308;6320457;0;CPUTHEFT
42024662282;117415;"NEAR_P1";"INTERVAL";"PROBE";1;63;0x00000b31;6;1;2;6322818;9452026;202;6323008;0;CPUTHEFT
42024779709;85422;"NEAR_P1";"INTERVAL";"PROBE";1;63;0x00000b31;6;0;2;4239271;6105633;1720;4239370;0;CPUTHEFT
42024865140;117633;"NEAR_P1";"INTERVAL";"PROBE";1;63;0x00000b31;6;1;0;6322576;9451875;1876;6322774;0;CPUTHEFT
42024982783;117448;"NEAR_P1";"INTERVAL";"PROBE";1;63;0x00000b31;6;1;2;6322529;9436075;506;6322716;0;CPUTHEFT
42025100239;85160;"NEAR_P1";"INTERVAL";"PROBE";1;63;0x00000b31;6;0;2;4240777;6081906;114;4240875;0;CPUTHEFT
42025185406;117302;"NEAR_P1";"INTERVAL";"PROBE";1;63;0x00000b31;6;1;0;6321088;9423488;208;6321274;0;CPUTHEFT
42025302716;117310;"NEAR_P1";"INTERVAL";"PROBE";1;63;0x00000b31;6;1;4;6322580;9427638;124;6322761;0;CPUTHEFT
42025420033;85126;"NEAR_P1";"INTERVAL";"PROBE";1;63;0x00000b31;6;2;3;4241834;6083801;120;4241930;0;CPUTHEFT
42025505167;117346;"NEAR_P1";"INTERVAL";"PROBE";1;63;0x00000b31;6;3;4;6323400;9424677;346;6323588;0;CPUTHEFT
42025622521;117277;"NEAR_P1";"INTERVAL";"PROBE";1;63;0x00000b31;6;2;2;6322721;9424441;120;6322912;0;CPUTHEFT
42025739808;190092;"TRAJ_R1";"INTERVAL";"PROBE";1;63;0x00000b31;6;0;0;9922142;14884183;818;9922427;0;CPUTHEFT
42025935300;2318267;"MAF";"INTERVAL";"PROBE";1;63;0x00000b31;7;84;68;121936368;180214001;25578;121939887;0;CPUTHEFT
42025935317;117;"SENS_C1";"INTERVAL";"PROBE";1;63;0x00000b31;7;0;2;1453;2095;452;1457;0;CPUTHEFT
42025935443;232;"LOC_C1";"INTERVAL";"PROBE";1;63;0x00000b31;7;1;0;4915;7254;492;4919;0;CPUTHEFT
42025935683;36;"LOC_C2";"INTERVAL";"PROBE";1;63;0x00000b31;7;0;0;650;906;116;654;0;CPUTHEFT
42025935728;313;"LOC_C3";"INTERVAL";"PROBE";1;63;0x00000b31;7;0;0;9810;13412;308;9814;0;CPUTHEFT
42025936051;43;"LOC_C4";"INTERVAL";"PROBE";1;63;0x00000b31;7;0;0;585;904;132;589;0;CPUTHEFT
42025936100;85533;"NEAR_P1";"INTERVAL";"PROBE";1;63;0x00000b31;7;18;5;4238364;6082001;3136;4238465;0;CPUTHEFT
42026021641;117288;"NEAR_P1";"INTERVAL";"PROBE";1;63;0x00000b31;7;6;7;6319809;9421853;623;6319991;0;CPUTHEFT
42026138937;117290;"NEAR_P1";"INTERVAL";"PROBE";1;63;0x00000b31;7;4;2;6321843;9426464;354;6322035;0;CPUTHEFT
42026256234;85121;"NEAR_P1";"INTERVAL";"PROBE";1;63;0x00000b31;7;1;0;4241880;6084333;96;4241977;0;CPUTHEFT
42026341363;117397;"NEAR_P1";"INTERVAL";"PROBE";1;63;0x00000b31;7;1;1;6322170;9427977;1611;6322354;0;CPUTHEFT
42026458772;117382;"NEAR_P1";"INTERVAL";"PROBE";1;63;0x00000b31;7;1;2;6320858;9425353;1720;6321050;0;CPUTHEFT
42026576161;85316;"NEAR_P1";"INTERVAL";"PROBE";1;63;0x00000b31;7;2;2;4243430;6086189;772;4243538;0;CPUTHEFT
42026661485;117472;"NEAR_P1";"INTERVAL";"PROBE";1;63;0x00000b31;7;4;3;6322208;9430664;725;6322400;0;CPUTHEFT
42026778964;117589;"NEAR_P1";"INTERVAL";"PROBE";1;63;0x00000b31;7;2;2;6313688;9417267;3235;6313897;0;CPUTHEFT
42026896565;85292;"NEAR_P1";"INTERVAL";"PROBE";1;63;0x00000b31;7;1;1;4237096;6078317;2014;4237198;0;CPUTHEFT
42026981864;117413;"NEAR_P1";"INTERVAL";"PROBE";1;63;0x00000b31;7;1;2;6320868;9429148;779;6321072;0;CPUTHEFT
42027099286;117426;"NEAR_P1";"INTERVAL";"PROBE";1;63;0x00000b31;7;2;2;6321502;9428038;616;6321695;0;CPUTHEFT
42027216721;85296;"NEAR_P1";"INTERVAL";"PROBE";1;63;0x00000b31;7;2;1;4245891;6093800;356;4246016;0;CPUTHEFT
42027302025;117357;"NEAR_P1";"INTERVAL";"PROBE";1;63;0x00000b31;7;0;2;6321685;9425182;536;6321870;0;CPUTHEFT
42027419390;117532;"NEAR_P1";"INTERVAL";"PROBE";1;63;0x00000b31;7;18;2;6292621;9374942;3019;6292852;0;CPUTHEFT
42027536930;85230;"NEAR_P1";"INTERVAL";"PROBE";1;63;0x00000b31;7;3;1;4241985;6085272;409;4242078;0;CPUTHEFT
42027622169;117403;"NEAR_P1";"INTERVAL";"PROBE";1;63;0x00000b31;7;3;6;6322762;9425578;363;6322961;0;CPUTHEFT
42027739580;117433;"NEAR_P1";"INTERVAL";"PROBE";1;63;0x00000b31;7;1;3;6317967;9422773;458;6318178;0;CPUTHEFT
42027857021;85202;"NEAR_P1";"INTERVAL";"PROBE";1;63;0x00000b31;7;2;2;4242941;6088213;85;4243043;0;CPUTHEFT
42027942231;117420;"NEAR_P1";"INTERVAL";"PROBE";1;63;0x00000b31;7;4;3;6321068;9423462;1951;6321254;0;CPUTHEFT
42028059666;193893;"TRAJ_R1";"INTERVAL";"PROBE";1;63;0x00000b31;7;0;0;10072091;15084779;800;10072376;0;CPUTHEFT
42028258701;2353286;"MAF";"INTERVAL";"PROBE";1;63;0x00000b31;8;48;61;124226566;183820837;15591;124230027;0;CPUTHEFT
42028258724;119;"SENS_C1";"INTERVAL";"PROBE";1;63;0x00000b31;8;0;1;1454;2028;460;1458;0;CPUTHEFT
42028258852;236;"LOC_C1";"INTERVAL";"PROBE";1;63;0x00000b31;8;0;2;4919;7319;522;4923;0;CPUTHEFT
42028259094;40;"LOC_C2";"INTERVAL";"PROBE";1;63;0x00000b31;8;0;0;650;918;140;654;0;CPUTHEFT
42028259143;310;"LOC_C3";"INTERVAL";"PROBE";1;63;0x00000b31;8;0;0;9805;13452;312;9809;0;CPUTHEFT
42028259463;46;"LOC_C4";"INTERVAL";"PROBE";1;63;0x00000b31;8;0;0;585;906;124;589;0;CPUTHEFT
42028259516;117688;"NEAR_P1";"INTERVAL";"PROBE";1;63;0x00000b31;8;11;4;6316589;9421612;4239;6316785;0;CPUTHEFT
42028377218;117462;"NEAR_P1";"INTERVAL";"PROBE";1;63;0x00000b31;8;2;2;6322360;9425720;1296;6322546;0;CPUTHEFT
42028494687;85125;"NEAR_P1";"INTERVAL";"PROBE";1;63;0x00000b31;8;2;1;4240703;6080895;314;4240796;0;CPUTHEFT
42028579833;117340;"NEAR_P1";"INTERVAL";"PROBE";1;63;0x00000b31;8;2;3;6322806;9427047;240;6322994;0;CPUTHEFT
42028697180;117330;"NEAR_P1";"INTERVAL";"PROBE";1;63;0x00000b31;8;3;4;6322814;9425983;172;6323003;0;CPUTHEFT
42028814517;85284;"NEAR_P1";"INTERVAL";"PROBE";1;63;0x00000b31;8;2;2;4243639;6090083;411;4243760;0;CPUTHEFT
42028899809;117322;"NEAR_P1";"INTERVAL";"PROBE";1;63;0x00000b31;8;3;5;6322260;9422795;544;6322441;0;CPUTHEFT
42029017141;117442;"NEAR_P1";"INTERVAL";"PROBE";1;63;0x00000b31;8;2;1;6324211;9430033;864;6324405;0;CPUTHEFT
42029134590;85114;"NEAR_P1";"INTERVAL";"PROBE";1;63;0x00000b31;8;2;1;4241407;6082457;84;4241503;0;CPUTHEFT
42029219712;117314;"NEAR_P1";"INTERVAL";"PROBE";1;63;0x00000b31;8;2;2;6322001;9425925;154;6322186;0;CPUTHEFT
42029337034;117296;"NEAR_P1";"INTERVAL";"PROBE";1;63;0x00000b31;8;2;2;6319539;9419541;190;6319728;0;CPUTHEFT
42029454338;85120;"NEAR_P1";"INTERVAL";"PROBE";1;63;0x00000b31;8;2;2;4241377;6086127;53;4241477;0;CPUTHEFT
42029539465;117396;"NEAR_P1";"INTERVAL";"PROBE";1;63;0x00000b31;8;2;2;6323079;9426520;1294;6323267;0;CPUTHEFT
42029656877;117387;"NEAR_P1";"INTERVAL";"PROBE";1;63;0x00000b31;8;2;2;6320627;9424605;1576;6320818;0;CPUTHEFT
42029774272;85166;"NEAR_P1";"INTERVAL";"PROBE";1;63;0x00000b31;8;0;2;4241680;6085568;364;4241774;0;CPUTHEFT
42029859445;117418;"NEAR_P1";"INTERVAL";"PROBE";1;63;0x00000b31;8;2;1;6323536;9428638;493;6323727;0;CPUTHEFT
42029976871;117329;"NEAR_P1";"INTERVAL";"PROBE";1;63;0x00000b31;8;0;1;6321169;9424483;261;6321354;0;CPUTHEFT
42030094207;85138;"NEAR_P1";"INTERVAL";"PROBE";1;63;0x00000b31;8;1;1;4241477;6083624;174;4241573;0;CPUTHEFT
42030179353;117304;"NEAR_P1";"INTERVAL";"PROBE";1;63;0x00000b31;8;2;0;6320503;9424838;293;6320687;0;CPUTHEFT
42030296665;117311;"NEAR_P1";"INTERVAL";"PROBE";1;63;0x00000b31;8;2;3;6322673;9427659;148;6322860;0;CPUTHEFT
42030413986;197991;"TRAJ_R1";"INTERVAL";"PROBE";1;63;0x00000b31;8;0;2;10238482;15304057;516;10238763;0;CPUTHEFT
42030617342;2360781;"MAF";"INTERVAL";"PROBE";1;63;0x00000b31;9;67;71;124399904;184586426;16324;124403425;0;CPUTHEFT
42030617365;124;"SENS_C1";"INTERVAL";"PROBE";1;63;0x00000b31;9;0;1;1451;2082;468;1455;0;CPUTHEFT
42030617498;233;"LOC_C1";"INTERVAL";"PROBE";1;63;0x00000b31;9;0;0;4920;7329;531;4924;0;CPUTHEFT
42030617737;41;"LOC_C2";"INTERVAL";"PROBE";1;63;0x00000b31;9;0;0;650;909;120;654;0;CPUTHEFT
42030617787;312;"LOC_C3";"INTERVAL";"PROBE";1;63;0x00000b31;9;0;0;9809;13493;312;9813;0;CPUTHEFT
42030618109;46;"LOC_C4";"INTERVAL";"PROBE";1;63;0x00000b31;9;0;0;584;900;132;588;0;CPUTHEFT
42030618161;117604;"NEAR_P1";"INTERVAL";"PROBE";1;63;0x00000b31;9;15;8;6317485;9441406;2566;6317671;0;CPUTHEFT
42030735773;85410;"NEAR_P1";"INTERVAL";"PROBE";1;63;0x00000b31;9;6;1;4243296;6114417;580;4243402;0;CPUTHEFT
42030821205;117416;"NEAR_P1";"INTERVAL";"PROBE";1;63;0x00000b31;9;3;2;6321353;9451702;134;6321541;0;CPUTHEFT
42030938629;117396;"NEAR_P1";"INTERVAL";"PROBE";1;63;0x00000b31;9;2;1;6321384;9449480;139;6321576;0;CPUTHEFT
42031056033;85236;"NEAR_P1";"INTERVAL";"PROBE";1;63;0x00000b31;9;1;2;4241578;6106089;44;4241678;0;CPUTHEFT
42031141277;117630;"NEAR_P1";"INTERVAL";"PROBE";1;63;0x00000b31;9;2;1;6321820;9451278;1484;6322025;0;CPUTHEFT
42031258919;117522;"NEAR_P1";"INTERVAL";"PROBE";1;63;0x00000b31;9;2;2;6320619;9450671;1568;6320809;0;CPUTHEFT
42031376448;85278;"NEAR_P1";"INTERVAL";"PROBE";1;63;0x00000b31;9;1;1;4241845;6109848;352;4241937;0;CPUTHEFT
42031461733;117435;"NEAR_P1";"INTERVAL";"PROBE";1;63;0x00000b31;9;1;1;6321869;9448153;469;6322058;0;CPUTHEFT
42031579175;117588;"NEAR_P1";"INTERVAL";"PROBE";1;63;0x00000b31;9;2;5;6325829;9459299;628;6326026;0;CPUTHEFT
42031696771;85582;"NEAR_P1";"INTERVAL";"PROBE";1;63;0x00000b31;9;12;4;4240703;6110864;1535;4240804;0;CPUTHEFT
42031782362;117433;"NEAR_P1";"INTERVAL";"PROBE";1;63;0x00000b31;9;4;1;6320381;9446639;222;6320570;0;CPUTHEFT
42031899802;117423;"NEAR_P1";"INTERVAL";"PROBE";1;63;0x00000b31;9;1;4;6323042;9451678;152;6323225;0;CPUTHEFT
42032017232;85381;"NEAR_P1";"INTERVAL";"PROBE";1;63;0x00000b31;9;0;3;4245572;6115374;164;4245693;0;CPUTHEFT
42032102620;117439;"NEAR_P1";"INTERVAL";"PROBE";1;63;0x00000b31;9;2;1;6322380;9451519;544;6322567;0;CPUTHEFT
42032220068;117472;"NEAR_P1";"INTERVAL";"PROBE";1;63;0x00000b31;9;1;2;6321935;9453122;888;6322127;0;CPUTHEFT
42032337550;85413;"NEAR_P1";"INTERVAL";"PROBE";1;63;0x00000b31;9;4;3;4240909;6108274;1020;4241002;0;CPUTHEFT
42032422971;117535;"NEAR_P1";"INTERVAL";"PROBE";1;63;0x00000b31;9;4;6;6323712;9447760;506;6323912;0;CPUTHEFT
42032540528;117439;"NEAR_P1";"INTERVAL";"PROBE";1;63;0x00000b31;9;2;0;6321177;9439917;173;6321366;0;CPUTHEFT
42032657975;85236;"NEAR_P1";"INTERVAL";"PROBE";1;63;0x00000b31;9;1;0;4239470;6104631;144;4239568;0;CPUTHEFT
42032743219;234894;"TRAJ_R1";"INTERVAL";"PROBE";1;63;0x00000b31;9;1;4;12489884;18921590;1132;12490261;0;CPUTHEFT
42032983288;2364987;"MAF";"INTERVAL";"PROBE";1;63;0x00000b31;10;60;83;124585107;184848155;14173;124588604;0;CPUTHEFT
42032983314;125;"SENS_C1";"INTERVAL";"PROBE";1;63;0x00000b31;10;0;2;1453;2060;488;1457;0;CPUTHEFT
42032983448;226;"LOC_C1";"INTERVAL";"PROBE";1;63;0x00000b31;10;0;1;4915;7225;532;4919;0;CPUTHEFT
42032983682;40;"LOC_C2";"INTERVAL";"PROBE";1;63;0x00000b31;10;0;0;650;912;120;654;0;CPUTHEFT
42032983731;314;"LOC_C3";"INTERVAL";"PROBE";1;63;0x00000b31;10;0;0;9804;13496;316;9808;0;CPUTHEFT
42032984054;46;"LOC_C4";"INTERVAL";"PROBE";1;63;0x00000b31;10;0;0;586;902;136;590;0;CPUTHEFT
42032984106;117683;"NEAR_P1";"INTERVAL";"PROBE";1;63;0x00000b31;10;13;6;6318199;9449335;3818;6318385;0;CPUTHEFT
42033101797;85385;"NEAR_P1";"INTERVAL";"PROBE";1;63;0x00000b31;10;6;2;4241816;6111520;584;4241909;0;CPUTHEFT
42033187189;117570;"NEAR_P1";"INTERVAL";"PROBE";1;63;0x00000b31;10;3;6;6323523;9450132;532;6323735;0;CPUTHEFT
42033304767;117420;"NEAR_P1";"INTERVAL";"PROBE";1;63;0x00000b31;10;3;2;6321550;9451450;176;6321736;0;CPUTHEFT
42033422194;85255;"NEAR_P1";"INTERVAL";"PROBE";1;63;0x00000b31;10;1;0;4241921;6109265;78;4242019;0;CPUTHEFT
42033507456;117427;"NEAR_P1";"INTERVAL";"PROBE";1;63;0x00000b31;10;2;2;6320906;9450362;192;6321088;0;CPUTHEFT
42033624901;117608;"NEAR_P1";"INTERVAL";"PROBE";1;63;0x00000b31;10;2;2;6328278;9464259;312;6328499;0;CPUTHEFT
42033742519;85294;"NEAR_P1";"INTERVAL";"PROBE";1;63;0x00000b31;10;3;4;4241015;6099997;576;4241111;0;CPUTHEFT
42033827824;117465;"NEAR_P1";"INTERVAL";"PROBE";1;63;0x00000b31;10;3;8;6322851;9451910;384;6323038;0;CPUTHEFT
42033945296;117432;"NEAR_P1";"INTERVAL";"PROBE";1;63;0x00000b31;10;2;4;6323499;9455816;56;6323683;0;CPUTHEFT
42034062736;85366;"NEAR_P1";"INTERVAL";"PROBE";1;63;0x00000b31;10;2;3;4243828;6113919;200;4243936;0;CPUTHEFT
42034148109;117421;"NEAR_P1";"INTERVAL";"PROBE";1;63;0x00000b31;10;2;3;6321714;9450122;269;6321904;0;CPUTHEFT
42034265537;117438;"NEAR_P1";"INTERVAL";"PROBE";1;63;0x00000b31;10;3;4;6322313;9453592;328;6322499;0;CPUTHEFT
42034382983;85418;"NEAR_P1";"INTERVAL";"PROBE";1;63;0x00000b31;10;2;2;4241327;6108713;1376;4241435;0;CPUTHEFT
42034468410;117554;"NEAR_P1";"INTERVAL";"PROBE";1;63;0x00000b31;10;1;2;6320703;9448442;1380;6320894;0;CPUTHEFT
42034585974;117483;"NEAR_P1";"INTERVAL";"PROBE";1;63;0x00000b31;10;1;1;6322309;9452075;577;6322492;0;CPUTHEFT
42034703464;85264;"NEAR_P1";"INTERVAL";"PROBE";1;63;0x00000b31;10;1;4;4241797;6109812;180;4241892;0;CPUTHEFT
42034788736;117442;"NEAR_P1";"INTERVAL";"PROBE";1;63;0x00000b31;10;1;3;6320465;9447301;205;6320645;0;CPUTHEFT
42034906185;117549;"NEAR_P1";"INTERVAL";"PROBE";1;63;0x00000b31;10;4;4;6324615;9456573;432;6324809;0;CPUTHEFT
42035023742;85247;"NEAR_P1";"INTERVAL";"PROBE";1;63;0x00000b31;10;2;2;4241782;6097297;123;4241880;0;CPUTHEFT
42035109015;239252;"TRAJ_R1";"INTERVAL";"PROBE";1;63;0x00000b31;10;0;0;12667050;19163531;495;12667423;0;CPUTHEFT
42035353621;2367428;"MAF";"INTERVAL";"PROBE";1;63;0x00000b31;11;55;57;124740602;184426504;19380;124744106;0;CPUTHEFT
42035353642;116;"SENS_C1";"INTERVAL";"PROBE";1;63;0x00000b31;11;0;2;1450;2068;448;1454;0;CPUTHEFT
42035353766;226;"LOC_C1";"INTERVAL";"PROBE";1;63;0x00000b31;11;1;0;4918;7349;505;4922;0;CPUTHEFT
42035354001;35;"LOC_C2";"INTERVAL";"PROBE";1;63;0x00000b31;11;0;0;650;890;108;654;0;CPUTHEFT
42035354045;312;"LOC_C3";"INTERVAL";"PROBE";1;63;0x00000b31;11;0;0;9808;13495;312;9812;0;CPUTHEFT
42035354366;46;"LOC_C4";"INTERVAL";"PROBE";1;63;0x00000b31;11;0;0;584;901;132;588;0;CPUTHEFT
42035354418;117539;"NEAR_P1";"INTERVAL";"PROBE";1;63;0x00000b31;11;15;3;6302354;9404105;3902;6302552;0;CPUTHEFT
42035471968;85156;"NEAR_P1";"INTERVAL";"PROBE";1;63;0x00000b31;11;3;1;4241261;6078430;568;4241359;0;CPUTHEFT
42035557132;117277;"NEAR_P1";"INTERVAL";"PROBE";1;63;0x00000b31;11;2;2;6322149;9424532;157;6322337;0;CPUTHEFT
42035674418;117424;"NEAR_P1";"INTERVAL";"PROBE";1;63;0x00000b31;11;1;2;6326138;9433163;306;6326341;0;CPUTHEFT
42035791850;85117;"NEAR_P1";"INTERVAL";"PROBE";1;63;0x00000b31;11;1;1;4240823;6079030;76;4240921;0;CPUTHEFT
42035876979;117314;"NEAR_P1";"INTERVAL";"PROBE";1;63;0x00000b31;11;1;1;6320703;9418642;472;6320890;0;CPUTHEFT
42035994304;117426;"NEAR_P1";"INTERVAL";"PROBE";1;63;0x00000b31;11;2;1;6317584;9414765;1935;6317768;0;CPUTHEFT
42036111743;85202;"NEAR_P1";"INTERVAL";"PROBE";1;63;0x00000b31;11;2;1;4238578;6075978;1243;4238674;0;CPUTHEFT
42036196956;117438;"NEAR_P1";"INTERVAL";"PROBE";1;63;0x00000b31;11;0;1;6321603;9424710;444;6321789;0;CPUTHEFT
42036314401;117439;"NEAR_P1";"INTERVAL";"PROBE";1;63;0x00000b31;11;2;2;6318303;9417433;2371;6318481;0;CPUTHEFT
42036431849;85189;"NEAR_P1";"INTERVAL";"PROBE";1;63;0x00000b31;11;1;2;4241324;6068466;824;4241422;0;CPUTHEFT
42036517045;117466;"NEAR_P1";"INTERVAL";"PROBE";1;63;0x00000b31;11;1;2;6324909;9428429;524;6325109;0;CPUTHEFT
42036634519;117305;"NEAR_P1";"INTERVAL";"PROBE";1;63;0x00000b31;11;2;2;6321912;9426385;161;6322098;0;CPUTHEFT
42036751831;85183;"NEAR_P1";"INTERVAL";"PROBE";1;63;0x00000b31;11;2;2;4241337;6077100;153;4241432;0;CPUTHEFT
42036837021;117491;"NEAR_P1";"INTERVAL";"PROBE";1;63;0x00000b31;11;3;3;6324126;9427055;468;6324344;0;CPUTHEFT
42036954520;117340;"NEAR_P1";"INTERVAL";"PROBE";1;63;0x00000b31;11;2;2;6321297;9425355;812;6321483;0;CPUTHEFT
42037071871;85126;"NEAR_P1";"INTERVAL";"PROBE";1;63;0x00000b31;11;2;1;4241613;6080693;208;4241705;0;CPUTHEFT
42037157005;117268;"NEAR_P1";"INTERVAL";"PROBE";1;63;0x00000b31;11;0;1;6323006;9423093;80;6323196;0;CPUTHEFT
42037274281;117275;"NEAR_P1";"INTERVAL";"PROBE";1;63;0x00000b31;11;1;2;6320601;9422700;44;6320791;0;CPUTHEFT
42037391563;85220;"NEAR_P1";"INTERVAL";"PROBE";1;63;0x00000b31;11;1;2;4243262;6076914;344;4243368;0;CPUTHEFT
42037476801;244237;"TRAJ_R1";"INTERVAL";"PROBE";1;63;0x00000b31;11;9;5;12854088;19346874;2411;12854469;0;CPUTHEFT
42037726235;2375041;"MAF";"INTERVAL";"PROBE";1;63;0x00000b31;12;48;49;124949468;185207878;22224;124953028;0;CPUTHEFT
42037726264;127;"SENS_C1";"INTERVAL";"PROBE";1;63;0x00000b31;12;0;0;1453;2093;488;1457;0;CPUTHEFT
42037726400;229;"LOC_C1";"INTERVAL";"PROBE";1;63;0x00000b31;12;0;0;4913;7331;526;4917;0;CPUTHEFT
42037726635;41;"LOC_C2";"INTERVAL";"PROBE";1;63;0x00000b31;12;0;0;650;899;160;654;0;CPUTHEFT
42037726685;310;"LOC_C3";"INTERVAL";"PROBE";1;63;0x00000b31;12;0;0;9809;13305;308;9813;0;CPUTHEFT
42037727005;44;"LOC_C4";"INTERVAL";"PROBE";1;63;0x00000b31;12;0;0;585;900;120;589;0;CPUTHEFT
42037727055;117550;"NEAR_P1";"INTERVAL";"PROBE";1;63;0x00000b31;12;14;4;6320363;9435795;3788;6320550;0;CPUTHEFT
42037844614;117446;"NEAR_P1";"INTERVAL";"PROBE";1;63;0x00000b31;12;2;1;6322048;9451911;524;6322237;0;CPUTHEFT
42037962068;85272;"NEAR_P1";"INTERVAL";"PROBE";1;63;0x00000b31;12;0;1;4241873;6113973;200;4241966;0;CPUTHEFT
42038047347;117434;"NEAR_P1";"INTERVAL";"PROBE";1;63;0x00000b31;12;1;0;6322376;9449939;192;6322558;0;CPUTHEFT
42038164788;117537;"NEAR_P1";"INTERVAL";"PROBE";1;63;0x00000b31;12;2;1;6323220;9455224;484;6323413;0;CPUTHEFT
42038282334;85322;"NEAR_P1";"INTERVAL";"PROBE";1;63;0x00000b31;12;1;2;4240310;6101570;232;4240404;0;CPUTHEFT
42038367665;117436;"NEAR_P1";"INTERVAL";"PROBE";1;63;0x00000b31;12;3;2;6322598;9453227;196;6322778;0;CPUTHEFT
42038485110;117790;"NEAR_P1";"INTERVAL";"PROBE";1;63;0x00000b31;12;5;5;6322668;9461673;1107;6322902;0;CPUTHEFT
42038602912;85275;"NEAR_P1";"INTERVAL";"PROBE";1;63;0x00000b31;12;0;1;4241681;6086696;1115;4241788;0;CPUTHEFT
42038688194;117381;"NEAR_P1";"INTERVAL";"PROBE";1;63;0x00000b31;12;1;1;6321505;9430805;206;6321710;0;CPUTHEFT
42038805583;117440;"NEAR_P1";"INTERVAL";"PROBE";1;63;0x00000b31;12;1;1;6315056;9418382;1025;6315251;0;CPUTHEFT
42038923032;85316;"NEAR_P1";"INTERVAL";"PROBE";1;63;0x00000b31;12;0;2;4241213;6085246;1542;4241315;0;CPUTHEFT
42039008356;117645;"NEAR_P1";"INTERVAL";"PROBE";1;63;0x00000b31;12;1;1;6318894;9426002;1287;6319107;0;CPUTHEFT
42039126008;117549;"NEAR_P1";"INTERVAL";"PROBE";1;63;0x00000b31;12;2;2;6319526;9425505;2011;6319741;0;CPUTHEFT
42039243575;85358;"NEAR_P1";"INTERVAL";"PROBE";1;63;0x00000b31;12;2;0;4237643;6100885;2657;4237735;0;CPUTHEFT
42039328945;117483;"NEAR_P1";"INTERVAL";"PROBE";1;63;0x00000b31;12;2;3;6319958;9449478;1284;6320144;0;CPUTHEFT
42039446435;117431;"NEAR_P1";"INTERVAL";"PROBE";1;63;0x00000b31;12;3;2;6323364;9454281;304;6323552;0;CPUTHEFT
42039563873;85269;"NEAR_P1";"INTERVAL";"PROBE";1;63;0x00000b31;12;1;1;4239292;6106181;627;4239388;0;CPUTHEFT
42039649150;117462;"NEAR_P1";"INTERVAL";"PROBE";1;63;0x00000b31;12;2;2;6322690;9449895;380;6322882;0;CPUTHEFT
42039766619;117473;"NEAR_P1";"INTERVAL";"PROBE";1;63;0x00000b31;12;1;2;6323980;9459267;254;6324163;0;CPUTHEFT
42039884114;217153;"TRAJ_R1";"INTERVAL";"PROBE";1;63;0x00000b31;12;0;0;10975576;16339411;774;10975864;0;CPUTHEFT
42040138698;2379247;"MAF";"INTERVAL";"PROBE";1;63;0x00000b31;13;56;60;125155087;185579089;16043;125158559;0;CPUTHEFT
42040138718;117;"SENS_C1";"INTERVAL";"PROBE";1;63;0x00000b31;13;0;2;1452;2045;456;1456;0;CPUTHEFT
42040138844;233;"LOC_C1";"INTERVAL";"PROBE";1;63;0x00000b31;13;0;1;4917;7162;508;4921;0;CPUTHEFT
42040139087;35;"LOC_C2";"INTERVAL";"PROBE";1;63;0x00000b31;13;0;0;650;896;112;654;0;CPUTHEFT
42040139131;309;"LOC_C3";"INTERVAL";"PROBE";1;63;0x00000b31;13;0;0;9811;13535;316;9815;0;CPUTHEFT
42040139450;45;"LOC_C4";"INTERVAL";"PROBE";1;63;0x00000b31;13;0;0;585;925;136;589;0;CPUTHEFT
42040139501;85366;"NEAR_P1";"INTERVAL";"PROBE";1;63;0x00000b31;13;12;5;4235809;6100445;2397;4235899;0;CPUTHEFT
42040224876;117470;"NEAR_P1";"INTERVAL";"PROBE";1;63;0x00000b31;13;7;1;6320852;9450556;1200;6321037;0;CPUTHEFT
42040342354;117467;"NEAR_P1";"INTERVAL";"PROBE";1;63;0x00000b31;13;5;4;6319337;9447301;1272;6319528;0;CPUTHEFT
42040459828;85256;"NEAR_P1";"INTERVAL";"PROBE";1;63;0x00000b31;13;2;1;4241618;6106212;264;4241713;0;CPUTHEFT
42040545093;117398;"NEAR_P1";"INTERVAL";"PROBE";1;63;0x00000b31;13;2;2;6322518;9449199;72;6322706;0;CPUTHEFT
42040662499;117566;"NEAR_P1";"INTERVAL";"PROBE";1;63;0x00000b31;13;1;0;6324491;9458629;579;6324695;0;CPUTHEFT
42040780081;85323;"NEAR_P1";"INTERVAL";"PROBE";1;63;0x00000b31;13;1;1;4239944;6104687;1480;4240041;0;CPUTHEFT
42040865413;117525;"NEAR_P1";"INTERVAL";"PROBE";1;63;0x00000b31;13;2;2;6319142;9444048;2037;6319322;0;CPUTHEFT
42040982948;117459;"NEAR_P1";"INTERVAL";"PROBE";1;63;0x00000b31;13;2;0;6320548;9446197;646;6320738;0;CPUTHEFT
42041100432;85272;"NEAR_P1";"INTERVAL";"PROBE";1;63;0x00000b31;13;0;1;4241556;6106226;244;4241650;0;CPUTHEFT
42041185711;117399;"NEAR_P1";"INTERVAL";"PROBE";1;63;0x00000b31;13;1;0;6322508;9450445;156;6322691;0;CPUTHEFT
42041303118;117414;"NEAR_P1";"INTERVAL";"PROBE";1;63;0x00000b31;13;0;2;6322709;9451119;212;6322896;0;CPUTHEFT
42041420540;85244;"NEAR_P1";"INTERVAL";"PROBE";1;63;0x00000b31;13;2;1;4241708;6106078;132;4241804;0;CPUTHEFT
42041505792;117526;"NEAR_P1";"INTERVAL";"PROBE";1;63;0x00000b31;13;1;3;6323749;9454865;380;6323949;0;CPUTHEFT
42041623325;117529;"NEAR_P1";"INTERVAL";"PROBE";1;63;0x00000b31;13;2;3;6326053;9455530;255;6326252;0;CPUTHEFT
42041740862;85277;"NEAR_P1";"INTERVAL";"PROBE";1;63;0x00000b31;13;2;1;4240926;6106894;646;4241019;0;CPUTHEFT
42041826150;117486;"NEAR_P1";"INTERVAL";"PROBE";1;63;0x00000b31;13;4;3;6321976;9447779;528;6322163;0;CPUTHEFT
42041943645;117374;"NEAR_P1";"INTERVAL";"PROBE";1;63;0x00000b31;13;3;6;6321891;9447208;108;6322081;0;CPUTHEFT
42042061028;85219;"NEAR_P1";"INTERVAL";"PROBE";1;63;0x00000b31;13;2;3;4241322;6106767;48;4241416;0;CPUTHEFT
42042146254;117395;"NEAR_P1";"INTERVAL";"PROBE";1;63;0x00000b31;13;1;0;6321850;9447801;112;6322043;0;CPUTHEFT
42042263660;254275;"TRAJ_R1";"INTERVAL";"PROBE";1;63;0x00000b31;13;1;4;13250941;19938883;1391;13251331;0;CPUTHEFT
42042523321;2415412;"MAF";"INTERVAL";"PROBE";1;63;0x00000b31;14;82;70;127397366;188769502;21944;127400972;0;CPUTHEFT
42042523348;125;"SENS_C1";"INTERVAL";"PROBE";1;63;0x00000b31;14;0;0;1454;2047;492;1458;0;CPUTHEFT
42042523484;236;"LOC_C1";"INTERVAL";"PROBE";1;63;0x00000b31;14;0;2;4921;7309;536;4925;0;CPUTHEFT
42042523726;40;"LOC_C2";"INTERVAL";"PROBE";1;63;0x00000b31;14;0;0;650;910;124;654;0;CPUTHEFT
42042523776;310;"LOC_C3";"INTERVAL";"PROBE";1;63;0x00000b31;14;0;0;9808;13497;332;9812;0;CPUTHEFT
42042524096;46;"LOC_C4";"INTERVAL";"PROBE";1;63;0x00000b31;14;0;0;585;911;128;589;0;CPUTHEFT
42042524148;117833;"NEAR_P1";"INTERVAL";"PROBE";1;63;0x00000b31;14;13;2;6314107;9417678;4343;6314289;0;CPUTHEFT
42042641990;85225;"NEAR_P1";"INTERVAL";"PROBE";1;63;0x00000b31;14;2;0;4239002;6080108;586;4239090;0;CPUTHEFT
42042727223;117336;"NEAR_P1";"INTERVAL";"PROBE";1;63;0x00000b31;14;2;2;6320256;9425980;452;6320442;0;CPUTHEFT
42042844583;117595;"NEAR_P1";"INTERVAL";"PROBE";1;63;0x00000b31;14;14;3;6323555;9430838;1373;6323750;0;CPUTHEFT
42042962186;85141;"NEAR_P1";"INTERVAL";"PROBE";1;63;0x00000b31;14;6;1;4241295;6083689;152;4241394;0;CPUTHEFT
42043047335;117290;"NEAR_P1";"INTERVAL";"PROBE";1;63;0x00000b31;14;4;8;6322466;9426086;136;6322654;0;CPUTHEFT
42043164633;117429;"NEAR_P1";"INTERVAL";"PROBE";1;63;0x00000b31;14;3;5;6324478;9431619;384;6324675;0;CPUTHEFT
42043282070;85353;"NEAR_P1";"INTERVAL";"PROBE";1;63;0x00000b31;14;13;6;4219433;6071317;1656;4219594;0;CPUTHEFT
42043367432;117471;"NEAR_P1";"INTERVAL";"PROBE";1;63;0x00000b31;14;5;6;6321214;9453077;977;6321400;0;CPUTHEFT
42043484910;117428;"NEAR_P1";"INTERVAL";"PROBE";1;63;0x00000b31;14;2;2;6320478;9454207;230;6320660;0;CPUTHEFT
42043602345;85226;"NEAR_P1";"INTERVAL";"PROBE";1;63;0x00000b31;14;1;0;4240930;6108252;166;4241026;0;CPUTHEFT
42043687578;117380;"NEAR_P1";"INTERVAL";"PROBE";1;63;0x00000b31;14;2;1;6322988;9451947;69;6323176;0;CPUTHEFT
42043804965;117445;"NEAR_P1";"INTERVAL";"PROBE";1;63;0x00000b31;14;1;2;6322235;9454883;269;6322424;0;CPUTHEFT
42043922417;85289;"NEAR_P1";"INTERVAL";"PROBE";1;63;0x00000b31;14;1;2;4242525;6097774;578;4242625;0;CPUTHEFT
42044007716;117530;"NEAR_P1";"INTERVAL";"PROBE";1;63;0x00000b31;14;1;1;6322033;9424262;2372;6322230;0;CPUTHEFT
42044125255;117391;"NEAR_P1";"INTERVAL";"PROBE";1;63;0x00000b31;14;2;2;6319345;9421721;1239;6319534;0;CPUTHEFT
42044242653;117435;"NEAR_P1";"INTERVAL";"PROBE";1;63;0x00000b31;14;2;1;6319595;9421584;1238;6319775;0;CPUTHEFT
42044360103;85267;"NEAR_P1";"INTERVAL";"PROBE";1;63;0x00000b31;14;1;1;4240798;6080715;2012;4240896;0;CPUTHEFT
42044445381;117331;"NEAR_P1";"INTERVAL";"PROBE";1;63;0x00000b31;14;2;1;6321565;9422820;800;6321754;0;CPUTHEFT
42044562721;117289;"NEAR_P1";"INTERVAL";"PROBE";1;63;0x00000b31;14;2;3;6321216;9425073;320;6321406;0;CPUTHEFT
42044680021;258704;"TRAJ_R1";"INTERVAL";"PROBE";1;63;0x00000b31;14;1;2;13444199;20133720;632;13444579;0;CPUTHEFT
42044943965;2386548;"MAF";"INTERVAL";"PROBE";1;63;0x00000b31;15;63;72;125537878;185494728;13868;125541327;0;CPUTHEFT
42044943989;121;"SENS_C1";"INTERVAL";"PROBE";1;63;0x00000b31;15;0;0;1452;2083;472;1456;0;CPUTHEFT
42044944119;229;"LOC_C1";"INTERVAL";"PROBE";1;63;0x00000b31;15;0;0;4921;7380;517;4925;0;CPUTHEFT
42044944354;37;"LOC_C2";"INTERVAL";"PROBE";1;63;0x00000b31;15;0;0;650;893;120;654;0;CPUTHEFT
42044944400;315;"LOC_C3";"INTERVAL";"PROBE";1;63;0x00000b31;15;0;0;9813;13367;312;9817;0;CPUTHEFT
42044944726;40;"LOC_C4";"INTERVAL";"PROBE";1;63;0x00000b31;15;0;0;585;894;120;589;0;CPUTHEFT
42044944772;85314;"NEAR_P1";"INTERVAL";"PROBE";1;63;0x00000b31;15;16;4;4233320;6069893;2895;4233413;0;CPUTHEFT
42045030097;117410;"NEAR_P1";"INTERVAL";"PROBE";1;63;0x00000b31;15;5;3;6321934;9419611;1074;6322123;0;CPUTHEFT
42045147514;117304;"NEAR_P1";"INTERVAL";"PROBE";1;63;0x00000b31;15;3;4;6322471;9426605;138;6322658;0;CPUTHEFT
42045264825;85120;"NEAR_P1";"INTERVAL";"PROBE";1;63;0x00000b31;15;2;2;4241820;6080449;40;4241916;0;CPUTHEFT
42045349953;117288;"NEAR_P1";"INTERVAL";"PROBE";1;63;0x00000b31;15;3;5;6322489;9426394;92;6322677;0;CPUTHEFT
42045467248;117360;"NEAR_P1";"INTERVAL";"PROBE";1;63;0x00000b31;15;4;3;6322275;9426199;328;6322459;0;CPUTHEFT
42045584620;85272;"NEAR_P1";"INTERVAL";"PROBE";1;63;0x00000b31;15;1;1;4241108;6080869;1368;4241202;0;CPUTHEFT
42045669901;117590;"NEAR_P1";"INTERVAL";"PROBE";1;63;0x00000b31;15;2;1;6322181;9424146;1732;6322380;0;CPUTHEFT
42045787501;117326;"NEAR_P1";"INTERVAL";"PROBE";1;63;0x00000b31;15;1;2;6321596;9423353;522;6321780;0;CPUTHEFT
42045904835;85124;"NEAR_P1";"INTERVAL";"PROBE";1;63;0x00000b31;15;1;2;4240913;6079749;130;4241004;0;CPUTHEFT
42045989966;117408;"NEAR_P1";"INTERVAL";"PROBE";1;63;0x00000b31;15;2;5;6323001;9426573;396;6323189;0;CPUTHEFT
42046107384;117332;"NEAR_P1";"INTERVAL";"PROBE";1;63;0x00000b31;15;4;4;6322753;9425542;160;6322938;0;CPUTHEFT
42046224723;85151;"NEAR_P1";"INTERVAL";"PROBE";1;63;0x00000b31;15;4;3;4241605;6080260;200;4241700;0;CPUTHEFT
42046309881;117326;"NEAR_P1";"INTERVAL";"PROBE";1;63;0x00000b31;15;3;4;6321333;9423822;329;6321522;0;CPUTHEFT
42046427215;117449;"NEAR_P1";"INTERVAL";"PROBE";1;63;0x00000b31;15;1;6;6327616;9435294;208;6327813;0;CPUTHEFT
42046544671;85272;"NEAR_P1";"INTERVAL";"PROBE";1;63;0x00000b31;15;2;1;4243570;6086080;684;4243672;0;CPUTHEFT
42046629952;117345;"NEAR_P1";"INTERVAL";"PROBE";1;63;0x00000b31;15;1;1;6321445;9423156;508;6321634;0;CPUTHEFT
42046747305;117296;"NEAR_P1";"INTERVAL";"PROBE";1;63;0x00000b31;15;1;1;6321143;9423414;179;6321331;0;CPUTHEFT
42046864609;85118;"NEAR_P1";"INTERVAL";"PROBE";1;63;0x00000b31;15;1;2;4242225;6080907;60;4242321;0;CPUTHEFT
42046949734;117280;"NEAR_P1";"INTERVAL";"PROBE";1;63;0x00000b31;15;2;1;6322966;9422766;84;6323158;0;CPUTHEFT
42047067040;263463;"TRAJ_R1";"INTERVAL";"PROBE";1;63;0x00000b31;15;0;1;13626465;20357405;924;13626842;0;CPUTHEFT
42047368037;2392565;"MAF";"INTERVAL";"PROBE";1;63;0x00000b31;16;54;73;125727986;185993867;16669;125731450;0;CPUTHEFT
42047368066;128;"SENS_C1";"INTERVAL";"PROBE";1;63;0x00000b31;16;0;2;1455;2100;501;1459;0;CPUTHEFT
42047368203;243;"LOC_C1";"INTERVAL";"PROBE";1;63;0x00000b31;16;1;0;4907;7210;562;4911;0;CPUTHEFT
42047368453;38;"LOC_C2";"INTERVAL";"PROBE";1;63;0x00000b31;16;0;0;650;911;136;654;0;CPUTHEFT
42047368500;306;"LOC_C3";"INTERVAL";"PROBE";1;63;0x00000b31;16;0;0;9812;13436;324;9816;0;CPUTHEFT
42047368816;44;"LOC_C4";"INTERVAL";"PROBE";1;63;0x00000b31;16;0;0;586;885;120;590;0;CPUTHEFT
42047368866;85557;"NEAR_P1";"INTERVAL";"PROBE";1;63;0x00000b31;16;7;4;4242706;6089117;3773;4242810;0;CPUTHEFT
42047454430;117503;"NEAR_P1";"INTERVAL";"PROBE";1;63;0x00000b31;16;3;2;6321722;9425789;690;6321911;0;CPUTHEFT
42047571941;117323;"NEAR_P1";"INTERVAL";"PROBE";1;63;0x00000b31;16;1;1;6320277;9425541;348;6320459;0;CPUTHEFT
42047689271;85175;"NEAR_P1";"INTERVAL";"PROBE";1;63;0x00000b31;16;0;2;4241508;6084126;216;4241605;0;CPUTHEFT
42047774454;117338;"NEAR_P1";"INTERVAL";"PROBE";1;63;0x00000b31;16;2;4;6323329;9430923;164;6323514;0;CPUTHEFT
42047891800;117325;"NEAR_P1";"INTERVAL";"PROBE";1;63;0x00000b31;16;1;3;6323061;9428168;152;6323248;0;CPUTHEFT
42048009133;85214;"NEAR_P1";"INTERVAL";"PROBE";1;63;0x00000b31;16;3;2;4243297;6089133;204;4243393;0;CPUTHEFT
42048094355;117463;"NEAR_P1";"INTERVAL";"PROBE";1;63;0x00000b31;16;2;3;6327254;9437287;392;6327472;0;CPUTHEFT
42048211827;117429;"NEAR_P1";"INTERVAL";"PROBE";1;63;0x00000b31;16;2;2;6323450;9429626;856;6323643;0;CPUTHEFT
42048329263;85283;"NEAR_P1";"INTERVAL";"PROBE";1;63;0x00000b31;16;1;1;4238654;6077690;1300;4238748;0;CPUTHEFT
42048414554;117314;"NEAR_P1";"INTERVAL";"PROBE";1;63;0x00000b31;16;1;1;6321045;9425556;272;6321226;0;CPUTHEFT
42048531876;117295;"NEAR_P1";"INTERVAL";"PROBE";1;63;0x00000b31;16;2;2;6323636;9429004;80;6323825;0;CPUTHEFT
42048649179;85152;"NEAR_P1";"INTERVAL";"PROBE";1;63;0x00000b31;16;2;1;4242181;6083268;62;4242275;0;CPUTHEFT
42048734338;117723;"NEAR_P1";"INTERVAL";"PROBE";1;63;0x00000b31;16;10;8;6322325;9425882;2304;6322520;0;CPUTHEFT
42048852077;117405;"NEAR_P1";"INTERVAL";"PROBE";1;63;0x00000b31;16;3;8;6321784;9426748;1760;6321970;0;CPUTHEFT
42048969491;85227;"NEAR_P1";"INTERVAL";"PROBE";1;63;0x00000b31;16;1;2;4241467;6082844;551;4241561;0;CPUTHEFT
42049054725;117606;"NEAR_P1";"INTERVAL";"PROBE";1;63;0x00000b31;16;4;7;6325047;9455829;664;6325241;0;CPUTHEFT
42049172341;117444;"NEAR_P1";"INTERVAL";"PROBE";1;63;0x00000b31;16;3;0;6323340;9455767;193;6323525;0;CPUTHEFT
42049289794;85243;"NEAR_P1";"INTERVAL";"PROBE";1;63;0x00000b31;16;1;2;4241433;6107912;133;4241528;0;CPUTHEFT
42049375044;117471;"NEAR_P1";"INTERVAL";"PROBE";1;63;0x00000b31;16;1;0;6323479;9454187;152;6323667;0;CPUTHEFT
42049492525;268069;"TRAJ_R1";"INTERVAL";"PROBE";1;63;0x00000b31;16;0;0;13803341;20677167;400;13803713;0;CPUTHEFT
42049765748;2429365;"MAF";"INTERVAL";"PROBE";1;63;0x00000b31;17;51;62;127932132;189570475;21227;127935782;0;CPUTHEFT
42049765768;120;"SENS_C1";"INTERVAL";"PROBE";1;63;0x00000b31;17;0;2;1451;2056;460;1455;0;CPUTHEFT
42049765896;235;"LOC_C1";"INTERVAL";"PROBE";1;63;0x00000b31;17;1;2;4923;7291;529;4927;0;CPUTHEFT
42049766138;35;"LOC_C2";"INTERVAL";"PROBE";1;63;0x00000b31;17;0;0;650;893;116;654;0;CPUTHEFT
42049766182;311;"LOC_C3";"INTERVAL";"PROBE";1;63;0x00000b31;17;0;0;9804;13479;308;9808;0;CPUTHEFT
42049766502;44;"LOC_C4";"INTERVAL";"PROBE";1;63;0x00000b31;17;0;0;584;880;136;588;0;CPUTHEFT
42049766553;117603;"NEAR_P1";"INTERVAL";"PROBE";1;63;0x00000b31;17;8;6;6318000;9449750;2684;6318190;0;CPUTHEFT
42049884166;117563;"NEAR_P1";"INTERVAL";"PROBE";1;63;0x00000b31;17;0;2;6324554;9457533;540;6324747;0;CPUTHEFT
42050001737;85271;"NEAR_P1";"INTERVAL";"PROBE";1;63;0x00000b31;17;2;1;4241986;6110942;95;4242077;0;CPUTHEFT
42050087016;117485;"NEAR_P1";"INTERVAL";"PROBE";1;63;0x00000b31;17;2;2;6323090;9453937;229;6323276;0;CPUTHEFT
42050204525;117402;"NEAR_P1";"INTERVAL";"PROBE";1;63;0x00000b31;17;4;4;6322850;9452719;84;6323056;0;CPUTHEFT
42050321946;85318;"NEAR_P1";"INTERVAL";"PROBE";1;63;0x00000b31;17;1;2;4241023;6110988;742;4241117;0;CPUTHEFT
42050407281;117552;"NEAR_P1";"INTERVAL";"PROBE";1;63;0x00000b31;17;0;2;6321779;9449894;2128;6321969;0;CPUTHEFT
42050524845;117482;"NEAR_P1";"INTERVAL";"PROBE";1;63;0x00000b31;17;1;1;6322817;9454749;844;6323005;0;CPUTHEFT
42050642335;85265;"NEAR_P1";"INTERVAL";"PROBE";1;63;0x00000b31;17;2;0;4242046;6110290;212;4242144;0;CPUTHEFT
42050727607;117542;"NEAR_P1";"INTERVAL";"PROBE";1;63;0x00000b31;17;0;2;6323916;9455626;629;6324111;0;CPUTHEFT
42050845156;117559;"NEAR_P1";"INTERVAL";"PROBE";1;63;0x00000b31;17;4;1;6322552;9450069;573;6322742;0;CPUTHEFT
42050962723;117600;"NEAR_P1";"INTERVAL";"PROBE";1;63;0x00000b31;17;5;1;6312076;9412634;2853;6312287;0;CPUTHEFT
42051080338;85232;"NEAR_P1";"INTERVAL";"PROBE";1;63;0x00000b31;17;2;2;4237000;6076737;1862;4237103;0;CPUTHEFT
42051165577;117468;"NEAR_P1";"INTERVAL";"PROBE";1;63;0x00000b31;17;3;2;6320383;9424710;873;6320583;0;CPUTHEFT
42051283053;117529;"NEAR_P1";"INTERVAL";"PROBE";1;63;0x00000b31;17;3;3;6326443;9436954;744;6326663;0;CPUTHEFT
42051400590;85251;"NEAR_P1";"INTERVAL";"PROBE";1;63;0x00000b31;17;0;1;4241510;6080460;996;4241605;0;CPUTHEFT
42051485848;117443;"NEAR_P1";"INTERVAL";"PROBE";1;63;0x00000b31;17;6;0;6312036;9397368;1178;6312244;0;CPUTHEFT
42051603318;117294;"NEAR_P1";"INTERVAL";"PROBE";1;63;0x00000b31;17;0;2;6321872;9426026;279;6322062;0;CPUTHEFT
42051720620;85139;"NEAR_P1";"INTERVAL";"PROBE";1;63;0x00000b31;17;0;1;4241991;6083302;161;4242086;0;CPUTHEFT
42051805768;117314;"NEAR_P1";"INTERVAL";"PROBE";1;63;0x00000b31;17;2;2;6322669;9425133;203;6322857;0;CPUTHEFT
42051923092;272013;"TRAJ_R1";"INTERVAL";"PROBE";1;63;0x00000b31;17;2;3;13957895;20797797;1408;13958268;0;CPUTHEFT
42052232542;2432760;"MAF";"INTERVAL";"PROBE";1;63;0x00000b31;18;56;65;128102218;189935131;16859;128105771;0;CPUTHEFT
42052232567;135;"SENS_C1";"INTERVAL";"PROBE";1;63;0x00000b31;18;0;2;1455;2062;496;1459;0;CPUTHEFT
42052232712;237;"LOC_C1";"INTERVAL";"PROBE";1;63;0x00000b31;18;0;1;4909;7216;534;4913;0;CPUTHEFT
42052232959;39;"LOC_C2";"INTERVAL";"PROBE";1;63;0x00000b31;18;0;0;650;906;144;654;0;CPUTHEFT
42052233007;314;"LOC_C3";"INTERVAL";"PROBE";1;63;0x00000b31;18;0;0;9810;13397;308;9814;0;CPUTHEFT
42052233330;44;"LOC_C4";"INTERVAL";"PROBE";1;63;0x00000b31;18;0;0;585;912;136;589;0;CPUTHEFT
42052233380;85363;"NEAR_P1";"INTERVAL";"PROBE";1;63;0x00000b31;18;10;2;4239604;6084480;3490;4239698;0;CPUTHEFT
42052318752;117607;"NEAR_P1";"INTERVAL";"PROBE";1;63;0x00000b31;18;8;4;6323712;9429673;2517;6323912;0;CPUTHEFT
42052436369;117383;"NEAR_P1";"INTERVAL";"PROBE";1;63;0x00000b31;18;2;2;6322480;9430482;797;6322665;0;CPUTHEFT
42052553761;85178;"NEAR_P1";"INTERVAL";"PROBE";1;63;0x00000b31;18;1;1;4242358;6089125;216;4242452;0;CPUTHEFT
42052638946;117336;"NEAR_P1";"INTERVAL";"PROBE";1;63;0x00000b31;18;1;1;6321386;9428234;229;6321571;0;CPUTHEFT
42052756289;117319;"NEAR_P1";"INTERVAL";"PROBE";1;63;0x00000b31;18;2;2;6323509;9431660;132;6323702;0;CPUTHEFT
42052873615;85310;"NEAR_P1";"INTERVAL";"PROBE";1;63;0x00000b31;18;2;2;4247112;6097815;204;4247216;0;CPUTHEFT
42052958933;117360;"NEAR_P1";"INTERVAL";"PROBE";1;63;0x00000b31;18;2;2;6322044;9417057;1099;6322232;0;CPUTHEFT
42053076303;117408;"NEAR_P1";"INTERVAL";"PROBE";1;63;0x00000b31;18;3;4;6323897;9446899;220;6324084;0;CPUTHEFT
42053193719;85370;"NEAR_P1";"INTERVAL";"PROBE";1;63;0x00000b31;18;3;5;4243462;6114939;388;4243570;0;CPUTHEFT
42053279097;117470;"NEAR_P1";"INTERVAL";"PROBE";1;63;0x00000b31;18;3;2;6322028;9443539;103;6322217;0;CPUTHEFT
42053396574;117426;"NEAR_P1";"INTERVAL";"PROBE";1;63;0x00000b31;18;2;0;6322900;9458288;195;6323085;0;CPUTHEFT
42053514007;85296;"NEAR_P1";"INTERVAL";"PROBE";1;63;0x00000b31;18;1;1;4241957;6112849;480;4242050;0;CPUTHEFT
42053599313;117605;"NEAR_P1";"INTERVAL";"PROBE";1;63;0x00000b31;18;2;2;6321893;9444079;1828;6322085;0;CPUTHEFT
42053716928;117504;"NEAR_P1";"INTERVAL";"PROBE";1;63;0x00000b31;18;1;1;6323358;9456814;920;6323549;0;CPUTHEFT
42053834441;85323;"NEAR_P1";"INTERVAL";"PROBE";1;63;0x00000b31;18;1;1;4242651;6113156;296;4242747;0;CPUTHEFT
42053919771;117455;"NEAR_P1";"INTERVAL";"PROBE";1;63;0x00000b31;18;4;4;6323784;9457038;164;6323969;0;CPUTHEFT
42054037233;117565;"NEAR_P1";"INTERVAL";"PROBE";1;63;0x00000b31;18;5;5;6325315;9462167;432;6325510;0;CPUTHEFT
42054154805;85366;"NEAR_P1";"INTERVAL";"PROBE";1;63;0x00000b31;18;0;3;4243193;6114088;308;4243288;0;CPUTHEFT
42054240180;117466;"NEAR_P1";"INTERVAL";"PROBE";1;63;0x00000b31;18;1;5;6320582;9451183;183;6320766;0;CPUTHEFT
42054357656;307636;"TRAJ_R1";"INTERVAL";"PROBE";1;63;0x00000b31;18;0;0;16171347;24399133;632;16171811;0;CPUTHEFT
42054670654;2435103;"MAF";"INTERVAL";"PROBE";1;63;0x00000b31;19;69;87;128199157;189924073;17949;128202738;0;CPUTHEFT
42054670680;122;"SENS_C1";"INTERVAL";"PROBE";1;63;0x00000b31;19;0;2;1450;2111;452;1454;0;CPUTHEFT
42054670809;492;"LOC_C1";"INTERVAL";"PROBE";1;63;0x00000b31;19;9;1;5822;9423;1553;5833;0;CPUTHEFT
42054671309;38;"LOC_C2";"INTERVAL";"PROBE";1;63;0x00000b31;19;0;0;650;893;120;654;0;CPUTHEFT
42054671356;311;"LOC_C3";"INTERVAL";"PROBE";1;63;0x00000b31;19;0;1;9808;13590;332;9812;0;CPUTHEFT
42054671677;46;"LOC_C4";"INTERVAL";"PROBE";1;63;0x00000b31;19;0;0;584;900;132;588;0;CPUTHEFT
42054671729;85470;"NEAR_P1";"INTERVAL";"PROBE";1;63;0x00000b31;19;15;6;4237499;6105707;2996;4237593;0;CPUTHEFT
42054757208;117461;"NEAR_P1";"INTERVAL";"PROBE";1;63;0x00000b31;19;4;6;6322976;9455920;360;6323166;0;CPUTHEFT
42054874692;117557;"NEAR_P1";"INTERVAL";"PROBE";1;63;0x00000b31;19;5;4;6325144;9456436;364;6325335;0;CPUTHEFT
42054992256;85265;"NEAR_P1";"INTERVAL";"PROBE";1;63;0x00000b31;19;2;1;4241463;6108200;181;4241559;0;CPUTHEFT
42055077529;117445;"NEAR_P1";"INTERVAL";"PROBE";1;63;0x00000b31;19;3;6;6323379;9446036;351;6323571;0;CPUTHEFT
42055194985;117634;"NEAR_P1";"INTERVAL";"PROBE";1;63;0x00000b31;19;3;2;6321856;9453325;2172;6322046;0;CPUTHEFT
42055312628;85364;"NEAR_P1";"INTERVAL";"PROBE";1;63;0x00000b31;19;2;1;4241415;6109430;1301;4241506;0;CPUTHEFT
42055398009;117456;"NEAR_P1";"INTERVAL";"PROBE";1;63;0x00000b31;19;2;1;6323455;9456741;632;6323639;0;CPUTHEFT
42055515472;117437;"NEAR_P1";"INTERVAL";"PROBE";1;63;0x00000b31;19;2;5;6323327;9452824;288;6323513;0;CPUTHEFT
42055632916;85282;"NEAR_P1";"INTERVAL";"PROBE";1;63;0x00000b31;19;3;3;4242414;6111421;236;4242510;0;CPUTHEFT
42055718207;117506;"NEAR_P1";"INTERVAL";"PROBE";1;63;0x00000b31;19;3;6;6325478;9447329;616;6325676;0;CPUTHEFT
42055835721;117311;"NEAR_P1";"INTERVAL";"PROBE";1;63;0x00000b31;19;3;2;6323493;9427669;142;6323681;0;CPUTHEFT
42055953043;85176;"NEAR_P1";"INTERVAL";"PROBE";1;63;0x00000b31;19;1;2;4240908;6082499;176;4241001;0;CPUTHEFT
42056038227;117486;"NEAR_P1";"INTERVAL";"PROBE";1;63;0x00000b31;19;1;2;6327679;9437599;228;6327896;0;CPUTHEFT
42056155721;117412;"NEAR_P1";"INTERVAL";"PROBE";1;63;0x00000b31;19;1;2;6324159;9429850;786;6324341;0;CPUTHEFT
42056273141;85155;"NEAR_P1";"INTERVAL";"PROBE";1;63;0x00000b31;19;1;2;4242052;6083419;192;4242150;0;CPUTHEFT
42056358304;117512;"NEAR_P1";"INTERVAL";"PROBE";1;63;0x00000b31;19;1;1;6321494;9423793;1774;6321680;0;CPUTHEFT
42056475825;117515;"NEAR_P1";"INTERVAL";"PROBE";1;63;0x00000b31;19;2;5;6325472;9434206;604;6325667;0;CPUTHEFT
42056593348;85145;"NEAR_P1";"INTERVAL";"PROBE";1;63;0x00000b31;19;2;3;4241975;6084532;180;4242075;0;CPUTHEFT
42056678501;117377;"NEAR_P1";"INTERVAL";"PROBE";1;63;0x00000b31;19;1;3;6322318;9425189;469;6322511;0;CPUTHEFT
42056795890;309858;"TRAJ_R1";"INTERVAL";"PROBE";1;63;0x00000b31;19;0;2;16266672;24437323;988;16267140;0;CPUTHEFT
42057111000;2435479;"MAF";"INTERVAL";"PROBE";1;63;0x00000b31;20;78;76;128241813;189697573;17166;128245430;0;CPUTHEFT
42057111027;130;"SENS_C1";"INTERVAL";"PROBE";1;63;0x00000b31;20;0;1;1456;2057;488;1460;0;CPUTHEFT
42057111166;241;"LOC_C1";"INTERVAL";"PROBE";1;63;0x00000b31;20;0;0;4909;7257;514;4913;0;CPUTHEFT
42057111415;38;"LOC_C2";"INTERVAL";"PROBE";1;63;0x00000b31;20;0;0;650;910;144;654;0;CPUTHEFT
42057111462;313;"LOC_C3";"INTERVAL";"PROBE";1;63;0x00000b31;20;0;0;9805;13363;332;9809;0;CPUTHEFT
42057111784;46;"LOC_C4";"INTERVAL";"PROBE";1;63;0x00000b31;20;0;0;586;921;132;590;0;CPUTHEFT
42057111836;117523;"NEAR_P1";"INTERVAL";"PROBE";1;63;0x00000b31;20;13;7;6319079;9411083;3590;6319267;0;CPUTHEFT
42057229366;85187;"NEAR_P1";"INTERVAL";"PROBE";1;63;0x00000b31;20;2;2;4242582;6086577;552;4242680;0;CPUTHEFT
42057314561;117498;"NEAR_P1";"INTERVAL";"PROBE";1;63;0x00000b31;20;3;1;6325248;9433501;603;6325446;0;CPUTHEFT
42057432067;117365;"NEAR_P1";"INTERVAL";"PROBE";1;63;0x00000b31;20;1;1;6322850;9429856;235;6323040;0;CPUTHEFT
42057549439;85157;"NEAR_P1";"INTERVAL";"PROBE";1;63;0x00000b31;20;1;1;4242917;6088032;86;4243013;0;CPUTHEFT
42057634603;117483;"NEAR_P1";"INTERVAL";"PROBE";1;63;0x00000b31;20;1;1;6326986;9436468;276;6327184;0;CPUTHEFT
42057752094;117376;"NEAR_P1";"INTERVAL";"PROBE";1;63;0x00000b31;20;2;6;6321737;9425382;668;6321928;0;CPUTHEFT
42057869479;85213;"NEAR_P1";"INTERVAL";"PROBE";1;63;0x00000b31;20;4;3;4242726;6089036;272;4242824;0;CPUTHEFT
42057954700;117301;"NEAR_P1";"INTERVAL";"PROBE";1;63;0x00000b31;20;4;2;6323089;9427319;72;6323281;0;CPUTHEFT
42058072008;117316;"NEAR_P1";"INTERVAL";"PROBE";1;63;0x00000b31;20;1;4;6323998;9429458;32;6324188;0;CPUTHEFT
42058189331;85280;"NEAR_P1";"INTERVAL";"PROBE";1;63;0x00000b31;20;3;3;4244644;6089831;284;4244747;0;CPUTHEFT
42058274619;117445;"NEAR_P1";"INTERVAL";"PROBE";1;63;0x00000b31;20;2;3;6323955;9417378;685;6324144;0;CPUTHEFT
42058392078;117426;"NEAR_P1";"INTERVAL";"PROBE";1;63;0x00000b31;20;2;2;6317379;9419284;2493;6317565;0;CPUTHEFT
42058509518;85327;"NEAR_P1";"INTERVAL";"PROBE";1;63;0x00000b31;20;3;3;4241167;6081234;1236;4241261;0;CPUTHEFT
42058594852;117386;"NEAR_P1";"INTERVAL";"PROBE";1;63;0x00000b31;20;3;3;6323915;9431551;424;6324103;0;CPUTHEFT
42058712246;117329;"NEAR_P1";"INTERVAL";"PROBE";1;63;0x00000b31;20;1;1;6322661;9416272;281;6322851;0;CPUTHEFT
42058829585;85169;"NEAR_P1";"INTERVAL";"PROBE";1;63;0x00000b31;20;1;3;4242679;6088390;148;4242773;0;CPUTHEFT
42058914762;117348;"NEAR_P1";"INTERVAL";"PROBE";1;63;0x00000b31;20;3;2;6322978;9425041;159;6323163;0;CPUTHEFT
42059032117;117471;"NEAR_P1";"INTERVAL";"PROBE";1;63;0x00000b31;20;4;5;6325603;9429383;364;6325809;0;CPUTHEFT
42059149596;85170;"NEAR_P1";"INTERVAL";"PROBE";1;63;0x00000b31;20;2;1;4242292;6085192;215;4242388;0;CPUTHEFT
42059234792;311677;"TRAJ_R1";"INTERVAL";"PROBE";1;63;0x00000b31;20;20;3;16309700;24504865;2589;16310201;0;CPUTHEFT
42059551589;2437037;"MAF";"INTERVAL";"PROBE";1;63;0x00000b31;21;67;75;128303349;189826666;20019;128306908;0;CPUTHEFT
42059551611;117;"SENS_C1";"INTERVAL";"PROBE";1;63;0x00000b31;21;0;1;1451;2067;464;1455;0;CPUTHEFT
42059551736;223;"LOC_C1";"INTERVAL";"PROBE";1;63;0x00000b31;21;1;0;4914;7399;484;4918;0;CPUTHEFT
42059551965;40;"LOC_C2";"INTERVAL";"PROBE";1;63;0x00000b31;21;0;0;650;906;136;654;0;CPUTHEFT
42059552014;313;"LOC_C3";"INTERVAL";"PROBE";1;63;0x00000b31;21;0;0;9806;13548;312;9810;0;CPUTHEFT
42059552337;43;"LOC_C4";"INTERVAL";"PROBE";1;63;0x00000b31;21;0;0;585;902;124;589;0;CPUTHEFT
42059552386;117573;"NEAR_P1";"INTERVAL";"PROBE";1;63;0x00000b31;21;11;2;6320782;9425933;2556;6320960;0;CPUTHEFT
42059669969;117307;"NEAR_P1";"INTERVAL";"PROBE";1;63;0x00000b31;21;3;3;6323070;9430638;349;6323258;0;CPUTHEFT
42059787283;85152;"NEAR_P1";"INTERVAL";"PROBE";1;63;0x00000b31;21;1;2;4242935;6085838;172;4243030;0;CPUTHEFT
42059872448;117503;"NEAR_P1";"INTERVAL";"PROBE";1;63;0x00000b31;21;2;2;6325170;9435979;792;6325369;0;CPUTHEFT
42059989964;117468;"NEAR_P1";"INTERVAL";"PROBE";1;63;0x00000b31;21;2;5;6319441;9419367;2187;6319620;0;CPUTHEFT
42060107441;85264;"NEAR_P1";"INTERVAL";"PROBE";1;63;0x00000b31;21;4;0;4239559;6078674;1443;4239654;0;CPUTHEFT
42060192712;117711;"NEAR_P1";"INTERVAL";"PROBE";1;63;0x00000b31;21;8;6;6323019;9428471;1673;6323214;0;CPUTHEFT
42060310430;117531;"NEAR_P1";"INTERVAL";"PROBE";1;63;0x00000b31;21;3;2;6319422;9423984;1835;6319606;0;CPUTHEFT
42060427976;85248;"NEAR_P1";"INTERVAL";"PROBE";1;63;0x00000b31;21;2;4;4242363;6084594;1736;4242456;0;CPUTHEFT
42060513231;117382;"NEAR_P1";"INTERVAL";"PROBE";1;63;0x00000b31;21;4;2;6324021;9428673;400;6324213;0;CPUTHEFT
42060630620;117452;"NEAR_P1";"INTERVAL";"PROBE";1;63;0x00000b31;21;1;4;6325415;9434079;516;6325617;0;CPUTHEFT
42060748080;85183;"NEAR_P1";"INTERVAL";"PROBE";1;63;0x00000b31;21;1;2;4242638;6086357;124;4242733;0;CPUTHEFT
42060833271;117477;"NEAR_P1";"INTERVAL";"PROBE";1;63;0x00000b31;21;3;2;6327028;9438731;318;6327241;0;CPUTHEFT
42060950756;117354;"NEAR_P1";"INTERVAL";"PROBE";1;63;0x00000b31;21;2;1;6321283;9428241;667;6321462;0;CPUTHEFT
42061068119;85164;"NEAR_P1";"INTERVAL";"PROBE";1;63;0x00000b31;21;0;2;4241193;6087057;315;4241286;0;CPUTHEFT
42061153291;117357;"NEAR_P1";"INTERVAL";"PROBE";1;63;0x00000b31;21;3;4;6323548;9427601;92;6323738;0;CPUTHEFT
42061270670;117380;"NEAR_P1";"INTERVAL";"PROBE";1;63;0x00000b31;21;3;4;6324656;9431378;105;6324847;0;CPUTHEFT
42061388075;85156;"NEAR_P1";"INTERVAL";"PROBE";1;63;0x00000b31;21;2;3;4242186;6089053;84;4242284;0;CPUTHEFT
42061473238;117463;"NEAR_P1";"INTERVAL";"PROBE";1;63;0x00000b31;21;3;6;6325429;9433064;496;6325619;0;CPUTHEFT
42061590709;117508;"NEAR_P1";"INTERVAL";"PROBE";1;63;0x00000b31;21;4;1;6321874;9425741;1651;6322066;0;CPUTHEFT
42061708232;280385;"TRAJ_R1";"INTERVAL";"PROBE";1;63;0x00000b31;21;1;5;14294677;21250507;576;14295049;0;CPUTHEFT
42061993960;2469329;"MAF";"INTERVAL";"PROBE";1;63;0x00000b31;22;54;66;130378592;193150059;18473;130382250;0;CPUTHEFT
42061993979;116;"SENS_C1";"INTERVAL";"PROBE";1;63;0x00000b31;22;0;2;1456;2052;460;1460;0;CPUTHEFT
42061994104;226;"LOC_C1";"INTERVAL";"PROBE";1;63;0x00000b31;22;0;1;4931;7475;518;4935;0;CPUTHEFT
42061994338;39;"LOC_C2";"INTERVAL";"PROBE";1;63;0x00000b31;22;0;0;650;932;136;654;0;CPUTHEFT
42061994386;312;"LOC_C3";"INTERVAL";"PROBE";1;63;0x00000b31;22;0;0;9804;13461;308;9808;0;CPUTHEFT
42061994707;45;"LOC_C4";"INTERVAL";"PROBE";1;63;0x00000b31;22;0;0;586;906;124;590;0;CPUTHEFT
42061994758;117290;"NEAR_P1";"INTERVAL";"PROBE";1;63;0x00000b31;22;12;3;6313615;9408887;2057;6313751;0;CPUTHEFT
42062112057;117445;"NEAR_P1";"INTERVAL";"PROBE";1;63;0x00000b31;22;4;5;6322579;9429660;528;6322760;0;CPUTHEFT
42062229510;117321;"NEAR_P1";"INTERVAL";"PROBE";1;63;0x00000b31;22;2;0;6323833;9434187;180;6324016;0;CPUTHEFT
42062346838;85340;"NEAR_P1";"INTERVAL";"PROBE";1;63;0x00000b31;22;0;2;4246145;6094558;512;4246251;0;CPUTHEFT
42062432186;117469;"NEAR_P1";"INTERVAL";"PROBE";1;63;0x00000b31;22;1;0;6325121;9438291;448;6325334;0;CPUTHEFT
42062549663;117394;"NEAR_P1";"INTERVAL";"PROBE";1;63;0x00000b31;22;2;2;6322952;9431079;656;6323142;0;CPUTHEFT
42062667066;85185;"NEAR_P1";"INTERVAL";"PROBE";1;63;0x00000b31;22;3;3;4243029;6087823;260;4243120;0;CPUTHEFT
42062752258;117315;"NEAR_P1";"INTERVAL";"PROBE";1;63;0x00000b31;22;1;2;6324064;9430357;48;6324254;0;CPUTHEFT
42062869581;117314;"NEAR_P1";"INTERVAL";"PROBE";1;63;0x00000b31;22;1;1;6323903;9433712;36;6324093;0;CPUTHEFT
42062986903;85351;"NEAR_P1";"INTERVAL";"PROBE";1;63;0x00000b31;22;5;2;4242252;6091630;729;4242354;0;CPUTHEFT
42063072262;117627;"NEAR_P1";"INTERVAL";"PROBE";1;63;0x00000b31;22;1;2;6313122;9409470;2353;6313336;0;CPUTHEFT
42063189906;117702;"NEAR_P1";"INTERVAL";"PROBE";1;63;0x00000b31;22;1;1;6315072;9418903;3638;6315278;0;CPUTHEFT
42063307620;85369;"NEAR_P1";"INTERVAL";"PROBE";1;63;0x00000b31;22;2;4;4241929;6086278;1760;4242024;0;CPUTHEFT
42063392997;117411;"NEAR_P1";"INTERVAL";"PROBE";1;63;0x00000b31;22;3;7;6321951;9414420;448;6322137;0;CPUTHEFT
42063510419;117375;"NEAR_P1";"INTERVAL";"PROBE";1;63;0x00000b31;22;2;2;6323333;9431563;296;6323520;0;CPUTHEFT
42063627801;85194;"NEAR_P1";"INTERVAL";"PROBE";1;63;0x00000b31;22;2;5;4242915;6078952;108;4243011;0;CPUTHEFT
42063713002;117383;"NEAR_P1";"INTERVAL";"PROBE";1;63;0x00000b31;22;2;1;6322865;9420921;424;6323065;0;CPUTHEFT
42063830393;117330;"NEAR_P1";"INTERVAL";"PROBE";1;63;0x00000b31;22;2;1;6324360;9432164;176;6324550;0;CPUTHEFT
42063947731;85197;"NEAR_P1";"INTERVAL";"PROBE";1;63;0x00000b31;22;0;3;4242546;6081603;152;4242642;0;CPUTHEFT
42064032935;117463;"NEAR_P1";"INTERVAL";"PROBE";1;63;0x00000b31;22;3;2;6325459;9437031;416;6325659;0;CPUTHEFT
42064150408;312871;"TRAJ_R1";"INTERVAL";"PROBE";1;63;0x00000b31;22;0;0;16383896;24605783;1356;16384356;0;CPUTHEFT
42064468466;2436780;"MAF";"INTERVAL";"PROBE";1;63;0x00000b31;23;58;70;128287811;189823250;20746;128291415;0;CPUTHEFT
42064468490;131;"SENS_C1";"INTERVAL";"PROBE";1;63;0x00000b31;23;0;3;1451;2054;492;1455;0;CPUTHEFT
42064468629;237;"LOC_C1";"INTERVAL";"PROBE";1;63;0x00000b31;23;0;2;4921;7434;532;4925;0;CPUTHEFT
42064468873;38;"LOC_C2";"INTERVAL";"PROBE";1;63;0x00000b31;23;0;0;650;881;152;654;0;CPUTHEFT
42064468920;307;"LOC_C3";"INTERVAL";"PROBE";1;63;0x00000b31;23;0;0;9807;13566;316;9811;0;CPUTHEFT
42064469236;46;"LOC_C4";"INTERVAL";"PROBE";1;63;0x00000b31;23;0;0;584;903;144;588;0;CPUTHEFT
42064469288;117558;"NEAR_P1";"INTERVAL";"PROBE";1;63;0x00000b31;23;10;6;6319643;9427595;3566;6319833;0;CPUTHEFT
42064586854;85224;"NEAR_P1";"INTERVAL";"PROBE";1;63;0x00000b31;23;1;1;4242747;6087538;620;4242840;0;CPUTHEFT
42064672085;117366;"NEAR_P1";"INTERVAL";"PROBE";1;63;0x00000b31;23;1;2;6323349;9430414;553;6323537;0;CPUTHEFT
42064789463;117588;"NEAR_P1";"INTERVAL";"PROBE";1;63;0x00000b31;23;2;4;6323769;9432703;2453;6323966;0;CPUTHEFT
42064907063;85227;"NEAR_P1";"INTERVAL";"PROBE";1;63;0x00000b31;23;3;3;4241877;6084002;1112;4241970;0;CPUTHEFT
42064992298;117364;"NEAR_P1";"INTERVAL";"PROBE";1;63;0x00000b31;23;1;2;6323490;9430846;281;6323678;0;CPUTHEFT
42065109671;117348;"NEAR_P1";"INTERVAL";"PROBE";1;63;0x00000b31;23;2;1;6322151;9427472;484;6322338;0;CPUTHEFT
42065227027;85168;"NEAR_P1";"INTERVAL";"PROBE";1;63;0x00000b31;23;0;1;4243106;6088670;224;4243201;0;CPUTHEFT
42065312203;117338;"NEAR_P1";"INTERVAL";"PROBE";1;63;0x00000b31;23;1;0;6324228;9430532;160;6324415;0;CPUTHEFT
42065429549;117336;"NEAR_P1";"INTERVAL";"PROBE";1;63;0x00000b31;23;2;1;6324393;9434423;132;6324578;0;CPUTHEFT
42065546892;85196;"NEAR_P1";"INTERVAL";"PROBE";1;63;0x00000b31;23;1;2;4242958;6090885;199;4243053;0;CPUTHEFT
42065632097;117739;"NEAR_P1";"INTERVAL";"PROBE";1;63;0x00000b31;23;6;1;6318462;9432718;1379;6318718;0;CPUTHEFT
42065749843;117450;"NEAR_P1";"INTERVAL";"PROBE";1;63;0x00000b31;23;1;1;6320280;9417539;1068;6320482;0;CPUTHEFT
42065867304;85169;"NEAR_P1";"INTERVAL";"PROBE";1;63;0x00000b31;23;2;1;4242779;6086247;408;4242868;0;CPUTHEFT
42065952480;117329;"NEAR_P1";"INTERVAL";"PROBE";1;63;0x00000b31;23;2;2;6322243;9426684;163;6322429;0;CPUTHEFT
42066069816;117299;"NEAR_P1";"INTERVAL";"PROBE";1;63;0x00000b31;23;1;0;6324326;9431643;48;6324513;0;CPUTHEFT
42066187123;85432;"NEAR_P1";"INTERVAL";"PROBE";1;63;0x00000b31;23;7;4;4242487;6087775;1197;4242585;0;CPUTHEFT
42066272592;117355;"NEAR_P1";"INTERVAL";"PROBE";1;63;0x00000b31;23;5;4;6323676;9430183;288;6323867;0;CPUTHEFT
42066389958;117493;"NEAR_P1";"INTERVAL";"PROBE";1;63;0x00000b31;23;7;8;6320846;9428099;2194;6321039;0;CPUTHEFT
42066507460;85468;"NEAR_P1";"INTERVAL";"PROBE";1;63;0x00000b31;23;2;2;4242763;6086736;1628;4242867;0;CPUTHEFT
42066592941;312297;"TRAJ_R1";"INTERVAL";"PROBE";1;63;0x00000b31;23;1;2;16364607;24577585;604;16365061;0;CPUTHEFT
42066910402;2435237;"MAF";"INTERVAL";"PROBE";1;63;0x00000b31;24;59;82;128206288;189656017;18895;128209906;0;CPUTHEFT
42066910421;112;"SENS_C1";"INTERVAL";"PROBE";1;63;0x00000b31;24;0;2;1455;2047;420;1459;0;CPUTHEFT
42066910542;223;"LOC_C1";"INTERVAL";"PROBE";1;63;0x00000b31;24;1;0;4911;7369;510;4915;0;CPUTHEFT
42066910773;34;"LOC_C2";"INTERVAL";"PROBE";1;63;0x00000b31;24;0;0;650;913;104;654;0;CPUTHEFT
42066910816;317;"LOC_C3";"INTERVAL";"PROBE";1;63;0x00000b31;24;0;0;9799;13403;308;9803;0;CPUTHEFT
42066911142;43;"LOC_C4";"INTERVAL";"PROBE";1;63;0x00000b31;24;0;0;585;899;124;589;0;CPUTHEFT
42066911191;117471;"NEAR_P1";"INTERVAL";"PROBE";1;63;0x00000b31;24;8;5;6318800;9423098;1945;6318987;0;CPUTHEFT
42067028671;117326;"NEAR_P1";"INTERVAL";"PROBE";1;63;0x00000b31;24;8;6;6323294;9427107;424;6323482;0;CPUTHEFT
42067146023;85159;"NEAR_P1";"INTERVAL";"PROBE";1;63;0x00000b31;24;1;2;4242971;6085362;188;4243067;0;CPUTHEFT
42067231190;117463;"NEAR_P1";"INTERVAL";"PROBE";1;63;0x00000b31;24;3;0;6327662;9423940;188;6327874;0;CPUTHEFT
42067348661;117696;"NEAR_P1";"INTERVAL";"PROBE";1;63;0x00000b31;24;6;5;6304606;9404102;2789;6304820;0;CPUTHEFT
42067466365;85334;"NEAR_P1";"INTERVAL";"PROBE";1;63;0x00000b31;24;2;2;4243185;6100210;668;4243285;0;CPUTHEFT
42067551709;117493;"NEAR_P1";"INTERVAL";"PROBE";1;63;0x00000b31;24;1;1;6320299;9444552;373;6320501;0;CPUTHEFT
42067669211;117422;"NEAR_P1";"INTERVAL";"PROBE";1;63;0x00000b31;24;0;2;6319848;9423825;432;6320048;0;CPUTHEFT
42067786642;85204;"NEAR_P1";"INTERVAL";"PROBE";1;63;0x00000b31;24;1;2;4238421;6080531;574;4238527;0;CPUTHEFT
42067871853;117387;"NEAR_P1";"INTERVAL";"PROBE";1;63;0x00000b31;24;2;1;6320819;9426939;572;6321015;0;CPUTHEFT
42067989255;117515;"NEAR_P1";"INTERVAL";"PROBE";1;63;0x00000b31;24;2;3;6321579;9422680;2004;6321765;0;CPUTHEFT
42068106779;85210;"NEAR_P1";"INTERVAL";"PROBE";1;63;0x00000b31;24;1;0;4240668;6080235;1399;4240762;0;CPUTHEFT
42068191996;117507;"NEAR_P1";"INTERVAL";"PROBE";1;63;0x00000b31;24;1;2;6325160;9427489;1088;6325360;0;CPUTHEFT
42068309510;117398;"NEAR_P1";"INTERVAL";"PROBE";1;63;0x00000b31;24;2;6;6323154;9424722;650;6323338;0;CPUTHEFT
42068426917;85193;"NEAR_P1";"INTERVAL";"PROBE";1;63;0x00000b31;24;3;2;4241739;6075174;1145;4241837;0;CPUTHEFT
42068512119;117282;"NEAR_P1";"INTERVAL";"PROBE";1;63;0x00000b31;24;3;2;6317191;9416872;597;6317357;0;CPUTHEFT
42068629411;117347;"NEAR_P1";"INTERVAL";"PROBE";1;63;0x00000b31;24;3;4;6323598;9422784;267;6323790;0;CPUTHEFT
42068746765;85183;"NEAR_P1";"INTERVAL";"PROBE";1;63;0x00000b31;24;0;4;4242713;6085123;180;4242807;0;CPUTHEFT
42068831955;117332;"NEAR_P1";"INTERVAL";"PROBE";1;63;0x00000b31;24;4;6;6323776;9426217;148;6323966;0;CPUTHEFT
42068949295;117519;"NEAR_P1";"INTERVAL";"PROBE";1;63;0x00000b31;24;2;5;6324052;9419711;844;6324248;0;CPUTHEFT
42069066826;278804;"TRAJ_R1";"INTERVAL";"PROBE";1;63;0x00000b31;24;1;2;14229136;21162495;561;14229507;0;CPUTHEFT
42069350887;2466467;"MAF";"INTERVAL";"PROBE";1;63;0x00000b31;25;50;73;130255722;193251163;14492;130259401;0;CPUTHEFT
42069350905;118;"SENS_C1";"INTERVAL";"PROBE";1;63;0x00000b31;25;0;3;1451;2081;456;1455;0;CPUTHEFT
42069351031;234;"LOC_C1";"INTERVAL";"PROBE";1;63;0x00000b31;25;0;2;4922;7300;512;4926;0;CPUTHEFT
42069351271;41;"LOC_C2";"INTERVAL";"PROBE";1;63;0x00000b31;25;0;0;650;879;140;654;0;CPUTHEFT
42069351321;305;"LOC_C3";"INTERVAL";"PROBE";1;63;0x00000b31;25;0;0;9807;13376;308;9811;0;CPUTHEFT
42069351635;44;"LOC_C4";"INTERVAL";"PROBE";1;63;0x00000b31;25;0;0;585;909;124;589;0;CPUTHEFT
42069351685;117604;"NEAR_P1";"INTERVAL";"PROBE";1;63;0x00000b31;25;9;3;6320207;9430570;1500;6320395;0;CPUTHEFT
42069469297;117419;"NEAR_P1";"INTERVAL";"PROBE";1;63;0x00000b31;25;3;4;6322622;9431526;552;6322812;0;CPUTHEFT
42069586740;117491;"NEAR_P1";"INTERVAL";"PROBE";1;63;0x00000b31;25;1;1;6321587;9428011;1933;6321774;0;CPUTHEFT
42069704243;85238;"NEAR_P1";"INTERVAL";"PROBE";1;63;0x00000b31;25;1;2;4241270;6087148;1109;4241369;0;CPUTHEFT
42069789490;117492;"NEAR_P1";"INTERVAL";"PROBE";1;63;0x00000b31;25;2;1;6324412;9434378;748;6324611;0;CPUTHEFT
42069906990;117344;"NEAR_P1";"INTERVAL";"PROBE";1;63;0x00000b31;25;1;0;6323513;9432539;209;6323701;0;CPUTHEFT
42070024341;85167;"NEAR_P1";"INTERVAL";"PROBE";1;63;0x00000b31;25;0;2;4241507;6084612;147;4241603;0;CPUTHEFT
42070109532;117331;"NEAR_P1";"INTERVAL";"PROBE";1;63;0x00000b31;25;3;2;6323302;9429256;178;6323486;0;CPUTHEFT
42070226871;117351;"NEAR_P1";"INTERVAL";"PROBE";1;63;0x00000b31;25;1;3;6323834;9434106;160;6324022;0;CPUTHEFT
42070344229;85189;"NEAR_P1";"INTERVAL";"PROBE";1;63;0x00000b31;25;1;2;4242024;6087822;148;4242120;0;CPUTHEFT
42070429425;117469;"NEAR_P1";"INTERVAL";"PROBE";1;63;0x00000b31;25;4;5;6326479;9437700;347;6326675;0;CPUTHEFT
42070546902;117465;"NEAR_P1";"INTERVAL";"PROBE";1;63;0x00000b31;25;6;3;6323843;9431077;908;6324042;0;CPUTHEFT
42070664379;85293;"NEAR_P1";"INTERVAL";"PROBE";1;63;0x00000b31;25;1;0;4243194;6090797;512;4243302;0;CPUTHEFT
42070749682;117413;"NEAR_P1";"INTERVAL";"PROBE";1;63;0x00000b31;25;2;2;6323690;9449952;69;6323878;0;CPUTHEFT
42070867102;117413;"NEAR_P1";"INTERVAL";"PROBE";1;63;0x00000b31;25;0;2;6321583;9448209;139;6321775;0;CPUTHEFT
42070984522;85276;"NEAR_P1";"INTERVAL";"PROBE";1;63;0x00000b31;25;1;6;4242737;6112723;60;4242833;0;CPUTHEFT
42071069806;117454;"NEAR_P1";"INTERVAL";"PROBE";1;63;0x00000b31;25;3;2;6323626;9453121;184;6323816;0;CPUTHEFT
42071187272;117534;"NEAR_P1";"INTERVAL";"PROBE";1;63;0x00000b31;25;2;3;6321924;9448341;1557;6322117;0;CPUTHEFT
42071304816;85446;"NEAR_P1";"INTERVAL";"PROBE";1;63;0x00000b31;25;1;4;4240899;6109650;1016;4240992;0;CPUTHEFT
42071390271;117468;"NEAR_P1";"INTERVAL";"PROBE";1;63;0x00000b31;25;4;4;6323199;9451123;372;6323386;0;CPUTHEFT
42071507749;309595;"TRAJ_R1";"INTERVAL";"PROBE";1;63;0x00000b31;25;0;1;16246621;24485972;724;16247097;0;CPUTHEFT
42071822569;2433634;"MAF";"INTERVAL";"PROBE";1;63;0x00000b31;26;64;61;128087889;190102414;16022;128091444;0;CPUTHEFT
42071822591;122;"SENS_C1";"INTERVAL";"PROBE";1;63;0x00000b31;26;0;1;1453;2053;448;1457;0;CPUTHEFT
42071822723;231;"LOC_C1";"INTERVAL";"PROBE";1;63;0x00000b31;26;0;0;4915;7362;506;4919;0;CPUTHEFT
42071822960;35;"LOC_C2";"INTERVAL";"PROBE";1;63;0x00000b31;26;0;0;650;904;112;654;0;CPUTHEFT
42071823004;309;"LOC_C3";"INTERVAL";"PROBE";1;63;0x00000b31;26;0;0;9810;13375;320;9814;0;CPUTHEFT
42071823323;313;"LOC_C4";"INTERVAL";"PROBE";1;63;0x00000b31;26;11;0;1477;3020;1108;1488;0;CPUTHEFT
42071823642;85488;"NEAR_P1";"INTERVAL";"PROBE";1;63;0x00000b31;26;14;7;4237727;6097832;1802;4237818;0;CPUTHEFT
42071909138;117486;"NEAR_P1";"INTERVAL";"PROBE";1;63;0x00000b31;26;4;5;6322080;9454819;512;6322270;0;CPUTHEFT
42072026632;117562;"NEAR_P1";"INTERVAL";"PROBE";1;63;0x00000b31;26;4;3;6327118;9462518;296;6327333;0;CPUTHEFT
42072144201;85342;"NEAR_P1";"INTERVAL";"PROBE";1;63;0x00000b31;26;1;1;4242549;6110527;660;4242645;0;CPUTHEFT
42072229552;117447;"NEAR_P1";"INTERVAL";"PROBE";1;63;0x00000b31;26;2;1;6323595;9457557;284;6323783;0;CPUTHEFT
42072347007;117641;"NEAR_P1";"INTERVAL";"PROBE";1;63;0x00000b31;26;1;0;6319370;9447805;2007;6319566;0;CPUTHEFT
42072464659;85331;"NEAR_P1";"INTERVAL";"PROBE";1;63;0x00000b31;26;2;2;4242374;6108855;525;4242465;0;CPUTHEFT
42072550014;117507;"NEAR_P1";"INTERVAL";"PROBE";1;63;0x00000b31;26;3;2;6323364;9457058;408;6323553;0;CPUTHEFT
42072667529;117470;"NEAR_P1";"INTERVAL";"PROBE";1;63;0x00000b31;26;2;2;6322482;9454349;325;6322675;0;CPUTHEFT
42072785012;85362;"NEAR_P1";"INTERVAL";"PROBE";1;63;0x00000b31;26;1;2;4241984;6111048;1384;4242080;0;CPUTHEFT
42072870388;117534;"NEAR_P1";"INTERVAL";"PROBE";1;63;0x00000b31;26;3;0;6321229;9451375;1344;6321415;0;CPUTHEFT
42072987931;117451;"NEAR_P1";"INTERVAL";"PROBE";1;63;0x00000b31;26;1;2;6321758;9452049;412;6321941;0;CPUTHEFT
42073105389;85311;"NEAR_P1";"INTERVAL";"PROBE";1;63;0x00000b31;26;1;2;4243029;6113590;124;4243122;0;CPUTHEFT
42073190709;117598;"NEAR_P1";"INTERVAL";"PROBE";1;63;0x00000b31;26;3;6;6324302;9459492;634;6324495;0;CPUTHEFT
42073308314;117460;"NEAR_P1";"INTERVAL";"PROBE";1;63;0x00000b31;26;2;2;6323214;9453178;183;6323401;0;CPUTHEFT
42073425781;85296;"NEAR_P1";"INTERVAL";"PROBE";1;63;0x00000b31;26;1;1;4240864;6108515;139;4240957;0;CPUTHEFT
42073511084;117473;"NEAR_P1";"INTERVAL";"PROBE";1;63;0x00000b31;26;1;1;6323809;9454342;193;6323997;0;CPUTHEFT
42073628565;117490;"NEAR_P1";"INTERVAL";"PROBE";1;63;0x00000b31;26;1;2;6324353;9457695;290;6324539;0;CPUTHEFT
42073746064;85306;"NEAR_P1";"INTERVAL";"PROBE";1;63;0x00000b31;26;1;1;4242369;6112133;698;4242462;0;CPUTHEFT
42073831377;117434;"NEAR_P1";"INTERVAL";"PROBE";1;63;0x00000b31;26;2;1;6324031;9444873;364;6324216;0;CPUTHEFT
42073948821;307374;"TRAJ_R1";"INTERVAL";"PROBE";1;63;0x00000b31;26;0;0;16161755;24378343;648;16162225;0;CPUTHEFT
42074260709;2430190;"MAF";"INTERVAL";"PROBE";1;63;0x00000b31;27;53;75;127944544;189511676;25073;127948212;0;CPUTHEFT
42074260726;113;"SENS_C1";"INTERVAL";"PROBE";1;63;0x00000b31;27;0;3;1453;2046;444;1457;0;CPUTHEFT
42074260848;227;"LOC_C1";"INTERVAL";"PROBE";1;63;0x00000b31;27;0;1;4926;7350;500;4930;0;CPUTHEFT
42074261083;33;"LOC_C2";"INTERVAL";"PROBE";1;63;0x00000b31;27;0;0;650;896;100;654;0;CPUTHEFT
42074261125;315;"LOC_C3";"INTERVAL";"PROBE";1;63;0x00000b31;27;0;0;9811;13436;320;9815;0;CPUTHEFT
42074261449;43;"LOC_C4";"INTERVAL";"PROBE";1;63;0x00000b31;27;0;0;584;884;124;588;0;CPUTHEFT
42074261498;117510;"NEAR_P1";"INTERVAL";"PROBE";1;63;0x00000b31;27;11;7;6318543;9450234;1010;6318729;0;CPUTHEFT
42074379018;85383;"NEAR_P1";"INTERVAL";"PROBE";1;63;0x00000b31;27;1;2;4241828;6110629;1620;4241921;0;CPUTHEFT
42074464411;117557;"NEAR_P1";"INTERVAL";"PROBE";1;63;0x00000b31;27;2;2;6319559;9448698;1818;6319748;0;CPUTHEFT
42074581976;117547;"NEAR_P1";"INTERVAL";"PROBE";1;63;0x00000b31;27;2;2;6325522;9457402;604;6325713;0;CPUTHEFT
42074699530;85317;"NEAR_P1";"INTERVAL";"PROBE";1;63;0x00000b31;27;0;1;4241930;6111347;236;4242021;0;CPUTHEFT
42074784854;117583;"NEAR_P1";"INTERVAL";"PROBE";1;63;0x00000b31;27;2;2;6323195;9453028;437;6323386;0;CPUTHEFT
42074902445;117419;"NEAR_P1";"INTERVAL";"PROBE";1;63;0x00000b31;27;1;1;6324131;9455084;125;6324320;0;CPUTHEFT
42075019872;85297;"NEAR_P1";"INTERVAL";"PROBE";1;63;0x00000b31;27;2;2;4241432;6106906;237;4241530;0;CPUTHEFT
42075105176;117655;"NEAR_P1";"INTERVAL";"PROBE";1;63;0x00000b31;27;5;2;6305026;9410193;3309;6305256;0;CPUTHEFT
42075222845;117671;"NEAR_P1";"INTERVAL";"PROBE";1;63;0x00000b31;27;5;4;6307164;9408776;3296;6307415;0;CPUTHEFT
42075340530;85397;"NEAR_P1";"INTERVAL";"PROBE";1;63;0x00000b31;27;1;2;4242875;6085746;1888;4242978;0;CPUTHEFT
42075425937;117548;"NEAR_P1";"INTERVAL";"PROBE";1;63;0x00000b31;27;4;5;6321855;9427727;1136;6322051;0;CPUTHEFT
42075543494;117365;"NEAR_P1";"INTERVAL";"PROBE";1;63;0x00000b31;27;3;2;6323541;9426784;275;6323724;0;CPUTHEFT
42075660866;85305;"NEAR_P1";"INTERVAL";"PROBE";1;63;0x00000b31;27;1;2;4244919;6079669;304;4245025;0;CPUTHEFT
42075746179;117373;"NEAR_P1";"INTERVAL";"PROBE";1;63;0x00000b31;27;1;1;6323417;9416594;264;6323606;0;CPUTHEFT
42075863559;117394;"NEAR_P1";"INTERVAL";"PROBE";1;63;0x00000b31;27;1;2;6322201;9425167;469;6322390;0;CPUTHEFT
42075980964;85307;"NEAR_P1";"INTERVAL";"PROBE";1;63;0x00000b31;27;0;1;4241888;6081665;1693;4241987;0;CPUTHEFT
42076066280;117441;"NEAR_P1";"INTERVAL";"PROBE";1;63;0x00000b31;27;2;4;6320901;9424198;1708;6321091;0;CPUTHEFT
42076183730;117374;"NEAR_P1";"INTERVAL";"PROBE";1;63;0x00000b31;27;3;5;6323674;9425107;672;6323861;0;CPUTHEFT
42076301113;85163;"NEAR_P1";"INTERVAL";"PROBE";1;63;0x00000b31;27;1;2;4241625;6082014;383;4241718;0;CPUTHEFT
42076386302;304586;"TRAJ_R1";"INTERVAL";"PROBE";1;63;0x00000b31;27;1;8;16055666;24171964;1588;16056144;0;CPUTHEFT
42076696122;2428092;"MAF";"INTERVAL";"PROBE";1;63;0x00000b31;28;60;62;127874875;189842931;18450;127878423;0;CPUTHEFT
42076696150;126;"SENS_C1";"INTERVAL";"PROBE";1;63;0x00000b31;28;0;2;1454;2051;476;1458;0;CPUTHEFT
42076696284;239;"LOC_C1";"INTERVAL";"PROBE";1;63;0x00000b31;28;0;0;4916;7333;526;4920;0;CPUTHEFT
42076696529;39;"LOC_C2";"INTERVAL";"PROBE";1;63;0x00000b31;28;0;0;650;919;136;654;0;CPUTHEFT
42076696578;314;"LOC_C3";"INTERVAL";"PROBE";1;63;0x00000b31;28;0;0;9815;13535;324;9819;0;CPUTHEFT
42076696901;43;"LOC_C4";"INTERVAL";"PROBE";1;63;0x00000b31;28;0;0;586;913;120;590;0;CPUTHEFT
42076696950;117719;"NEAR_P1";"INTERVAL";"PROBE";1;63;0x00000b31;28;13;6;6315627;9447804;3993;6315812;0;CPUTHEFT
42076814680;85434;"NEAR_P1";"INTERVAL";"PROBE";1;63;0x00000b31;28;1;1;4247147;6123943;808;4247269;0;CPUTHEFT
42076900121;117472;"NEAR_P1";"INTERVAL";"PROBE";1;63;0x00000b31;28;0;2;6324162;9456736;688;6324345;0;CPUTHEFT
42077017602;117453;"NEAR_P1";"INTERVAL";"PROBE";1;63;0x00000b31;28;2;1;6322837;9454635;688;6323018;0;CPUTHEFT
42077135063;85281;"NEAR_P1";"INTERVAL";"PROBE";1;63;0x00000b31;28;1;2;4243064;6112422;160;4243158;0;CPUTHEFT
42077220352;117422;"NEAR_P1";"INTERVAL";"PROBE";1;63;0x00000b31;28;2;1;6323290;9454697;197;6323478;0;CPUTHEFT
42077337782;117569;"NEAR_P1";"INTERVAL";"PROBE";1;63;0x00000b31;28;2;2;6324744;9460959;352;6324943;0;CPUTHEFT
42077455358;85282;"NEAR_P1";"INTERVAL";"PROBE";1;63;0x00000b31;28;1;1;4243103;6112944;58;4243201;0;CPUTHEFT
42077540648;117547;"NEAR_P1";"INTERVAL";"PROBE";1;63;0x00000b31;28;1;1;6323069;9454647;1368;6323254;0;CPUTHEFT
42077658209;117889;"NEAR_P1";"INTERVAL";"PROBE";1;63;0x00000b31;28;16;6;6321816;9452618;2850;6322004;0;CPUTHEFT
42077776108;85307;"NEAR_P1";"INTERVAL";"PROBE";1;63;0x00000b31;28;4;3;4243017;6112732;444;4243111;0;CPUTHEFT
42077861423;117427;"NEAR_P1";"INTERVAL";"PROBE";1;63;0x00000b31;28;2;1;6324179;9455098;220;6324364;0;CPUTHEFT
42077978857;117459;"NEAR_P1";"INTERVAL";"PROBE";1;63;0x00000b31;28;1;2;6324270;9456358;160;6324457;0;CPUTHEFT
42078096324;85300;"NEAR_P1";"INTERVAL";"PROBE";1;63;0x00000b31;28;1;2;4243255;6102726;88;4243351;0;CPUTHEFT
42078181631;117576;"NEAR_P1";"INTERVAL";"PROBE";1;63;0x00000b31;28;2;1;6326025;9455535;424;6326218;0;CPUTHEFT
42078299215;117457;"NEAR_P1";"INTERVAL";"PROBE";1;63;0x00000b31;28;2;2;6321568;9453504;169;6321753;0;CPUTHEFT
42078416680;85301;"NEAR_P1";"INTERVAL";"PROBE";1;63;0x00000b31;28;2;0;4241320;6110332;126;4241413;0;CPUTHEFT
42078501989;117531;"NEAR_P1";"INTERVAL";"PROBE";1;63;0x00000b31;28;2;3;6319621;9447960;1827;6319804;0;CPUTHEFT
42078619533;117499;"NEAR_P1";"INTERVAL";"PROBE";1;63;0x00000b31;28;2;3;6323195;9455718;944;6323385;0;CPUTHEFT
42078737040;85352;"NEAR_P1";"INTERVAL";"PROBE";1;63;0x00000b31;28;1;3;4244257;6114359;188;4244352;0;CPUTHEFT
42078822406;301800;"TRAJ_R1";"INTERVAL";"PROBE";1;63;0x00000b31;28;0;0;15941656;24094585;696;15942134;0;CPUTHEFT
42079128684;2424691;"MAF";"INTERVAL";"PROBE";1;63;0x00000b31;29;44;65;127737566;189618832;18140;127741136;0;CPUTHEFT
42079128704;121;"SENS_C1";"INTERVAL";"PROBE";1;63;0x00000b31;29;0;2;1452;2077;444;1456;0;CPUTHEFT
42079128833;229;"LOC_C1";"INTERVAL";"PROBE";1;63;0x00000b31;29;1;1;4919;7333;508;4923;0;CPUTHEFT
42079129068;36;"LOC_C2";"INTERVAL";"PROBE";1;63;0x00000b31;29;0;0;650;891;116;654;0;CPUTHEFT
42079129113;310;"LOC_C3";"INTERVAL";"PROBE";1;63;0x00000b31;29;0;0;9809;13327;308;9813;0;CPUTHEFT
42079129434;42;"LOC_C4";"INTERVAL";"PROBE";1;63;0x00000b31;29;0;0;584;902;128;588;0;CPUTHEFT
42079129483;117788;"NEAR_P1";"INTERVAL";"PROBE";1;63;0x00000b31;29;11;3;6316766;9443624;2759;6316949;0;CPUTHEFT
42079247284;85416;"NEAR_P1";"INTERVAL";"PROBE";1;63;0x00000b31;29;4;3;4239398;6103964;2267;4239490;0;CPUTHEFT
42079332709;117542;"NEAR_P1";"INTERVAL";"PROBE";1;63;0x00000b31;29;1;2;6322515;9451903;1064;6322705;0;CPUTHEFT
42079450259;117433;"NEAR_P1";"INTERVAL";"PROBE";1;63;0x00000b31;29;1;2;6324018;9455404;200;6324205;0;CPUTHEFT
42079567699;85297;"NEAR_P1";"INTERVAL";"PROBE";1;63;0x00000b31;29;2;1;4242752;6109079;160;4242846;0;CPUTHEFT
42079653004;117423;"NEAR_P1";"INTERVAL";"PROBE";1;63;0x00000b31;29;1;5;6323767;9454137;180;6323953;0;CPUTHEFT
42079770437;117634;"NEAR_P1";"INTERVAL";"PROBE";1;63;0x00000b31;29;3;2;6326372;9461691;496;6326571;0;CPUTHEFT
42079888081;85269;"NEAR_P1";"INTERVAL";"PROBE";1;63;0x00000b31;29;4;4;4240674;6108370;439;4240767;0;CPUTHEFT
42079973360;117446;"NEAR_P1";"INTERVAL";"PROBE";1;63;0x00000b31;29;1;1;6323595;9454017;195;6323785;0;CPUTHEFT
42080090813;117600;"NEAR_P1";"INTERVAL";"PROBE";1;63;0x00000b31;29;1;2;6326527;9458949;567;6326746;0;CPUTHEFT
42080208422;85288;"NEAR_P1";"INTERVAL";"PROBE";1;63;0x00000b31;29;0;2;4242710;6100084;764;4242806;0;CPUTHEFT
42080293730;117410;"NEAR_P1";"INTERVAL";"PROBE";1;63;0x00000b31;29;1;1;6324191;9453167;68;6324376;0;CPUTHEFT
42080411162;117547;"NEAR_P1";"INTERVAL";"PROBE";1;63;0x00000b31;29;1;2;6321999;9450820;1322;6322183;0;CPUTHEFT
42080528716;85293;"NEAR_P1";"INTERVAL";"PROBE";1;63;0x00000b31;29;2;1;4242999;6114455;204;4243095;0;CPUTHEFT
42080614016;117568;"NEAR_P1";"INTERVAL";"PROBE";1;63;0x00000b31;29;1;2;6325143;9460500;409;6325342;0;CPUTHEFT
42080731592;117589;"NEAR_P1";"INTERVAL";"PROBE";1;63;0x00000b31;29;0;2;6323776;9456226;1202;6323962;0;CPUTHEFT
42080849198;85365;"NEAR_P1";"INTERVAL";"PROBE";1;63;0x00000b31;29;2;1;4238875;6102487;1658;4238969;0;CPUTHEFT
42080934571;117536;"NEAR_P1";"INTERVAL";"PROBE";1;63;0x00000b31;29;1;1;6320157;9449338;990;6320345;0;CPUTHEFT
42081052115;117438;"NEAR_P1";"INTERVAL";"PROBE";1;63;0x00000b31;29;2;3;6324206;9457997;360;6324393;0;CPUTHEFT
42081169560;85317;"NEAR_P1";"INTERVAL";"PROBE";1;63;0x00000b31;29;1;0;4243028;6100383;152;4243124;0;CPUTHEFT
42081254889;298476;"TRAJ_R1";"INTERVAL";"PROBE";1;63;0x00000b31;29;0;4;15810453;23919522;704;15810933;0;CPUTHEFT
42081558598;2419127;"MAF";"INTERVAL";"PROBE";1;63;0x00000b31;30;61;80;127601481;189059345;13815;127605033;0;CPUTHEFT
42081558621;118;"SENS_C1";"INTERVAL";"PROBE";1;63;0x00000b31;30;0;0;1455;2098;452;1459;0;CPUTHEFT
42081558748;236;"LOC_C1";"INTERVAL";"PROBE";1;63;0x00000b31;30;0;1;4911;7242;506;4915;0;CPUTHEFT
42081558992;33;"LOC_C2";"INTERVAL";"PROBE";1;63;0x00000b31;30;0;0;650;893;104;654;0;CPUTHEFT
42081559037;309;"LOC_C3";"INTERVAL";"PROBE";1;63;0x00000b31;30;0;0;9808;13576;308;9812;0;CPUTHEFT
42081559356;42;"LOC_C4";"INTERVAL";"PROBE";1;63;0x00000b31;30;0;0;586;903;116;590;0;CPUTHEFT
42081559404;117445;"NEAR_P1";"INTERVAL";"PROBE";1;63;0x00000b31;30;8;5;6319551;9422088;1485;6319737;0;CPUTHEFT
42081676857;85332;"NEAR_P1";"INTERVAL";"PROBE";1;63;0x00000b31;30;1;1;4246213;6093648;430;4246320;0;CPUTHEFT
42081762197;117388;"NEAR_P1";"INTERVAL";"PROBE";1;63;0x00000b31;30;2;2;6321046;9424605;851;6321232;0;CPUTHEFT
42081879594;117363;"NEAR_P1";"INTERVAL";"PROBE";1;63;0x00000b31;30;1;2;6323444;9430576;263;6323636;0;CPUTHEFT
42081996965;85139;"NEAR_P1";"INTERVAL";"PROBE";1;63;0x00000b31;30;0;1;4242815;6084402;48;4242911;0;CPUTHEFT
42082082112;117338;"NEAR_P1";"INTERVAL";"PROBE";1;63;0x00000b31;30;1;3;6323780;9427999;112;6323970;0;CPUTHEFT
42082199458;117302;"NEAR_P1";"INTERVAL";"PROBE";1;63;0x00000b31;30;4;2;6324244;9430003;92;6324436;0;CPUTHEFT
42082316768;85306;"NEAR_P1";"INTERVAL";"PROBE";1;63;0x00000b31;30;2;2;4244773;6088192;688;4244881;0;CPUTHEFT
42082402083;117464;"NEAR_P1";"INTERVAL";"PROBE";1;63;0x00000b31;30;3;2;6321403;9424849;1916;6321591;0;CPUTHEFT
42082519556;117414;"NEAR_P1";"INTERVAL";"PROBE";1;63;0x00000b31;30;3;3;6317165;9417796;1381;6317341;0;CPUTHEFT
42082636979;85187;"NEAR_P1";"INTERVAL";"PROBE";1;63;0x00000b31;30;2;2;4242679;6085351;397;4242777;0;CPUTHEFT
42082722173;117476;"NEAR_P1";"INTERVAL";"PROBE";1;63;0x00000b31;30;3;4;6322626;9446762;241;6322811;0;CPUTHEFT
42082839656;117481;"NEAR_P1";"INTERVAL";"PROBE";1;63;0x00000b31;30;3;7;6324456;9456734;344;6324643;0;CPUTHEFT
42082957147;85297;"NEAR_P1";"INTERVAL";"PROBE";1;63;0x00000b31;30;1;5;4242992;6114662;136;4243083;0;CPUTHEFT
42083042452;117429;"NEAR_P1";"INTERVAL";"PROBE";1;63;0x00000b31;30;3;3;6324182;9453412;156;6324368;0;CPUTHEFT
42083159889;117556;"NEAR_P1";"INTERVAL";"PROBE";1;63;0x00000b31;30;2;1;6325828;9456125;400;6326021;0;CPUTHEFT
42083277452;85265;"NEAR_P1";"INTERVAL";"PROBE";1;63;0x00000b31;30;1;2;4242822;6110893;140;4242917;0;CPUTHEFT
42083362725;117506;"NEAR_P1";"INTERVAL";"PROBE";1;63;0x00000b31;30;1;4;6321059;9437557;957;6321246;0;CPUTHEFT
42083480239;117445;"NEAR_P1";"INTERVAL";"PROBE";1;63;0x00000b31;30;2;4;6324144;9454378;188;6324334;0;CPUTHEFT
42083597692;85438;"NEAR_P1";"INTERVAL";"PROBE";1;63;0x00000b31;30;10;6;4243086;6086343;1176;4243186;0;CPUTHEFT
42083683140;294574;"TRAJ_R1";"INTERVAL";"PROBE";1;63;0x00000b31;30;2;4;15669528;23660376;640;15670001;0;CPUTHEFT
42083982709;2383334;"MAF";"INTERVAL";"PROBE";1;63;0x00000b31;31;45;57;125371308;185470149;21502;125374795;0;CPUTHEFT
42083982736;125;"SENS_C1";"INTERVAL";"PROBE";1;63;0x00000b31;31;0;1;1452;2065;488;1456;0;CPUTHEFT
42083982869;242;"LOC_C1";"INTERVAL";"PROBE";1;63;0x00000b31;31;0;1;4917;7168;532;4921;0;CPUTHEFT
42083983118;45;"LOC_C2";"INTERVAL";"PROBE";1;63;0x00000b31;31;0;0;650;905;144;654;0;CPUTHEFT
42083983173;310;"LOC_C3";"INTERVAL";"PROBE";1;63;0x00000b31;31;0;0;9810;13392;304;9814;0;CPUTHEFT
42083983493;46;"LOC_C4";"INTERVAL";"PROBE";1;63;0x00000b31;31;0;0;584;922;124;588;0;CPUTHEFT
42083983545;85521;"NEAR_P1";"INTERVAL";"PROBE";1;63;0x00000b31;31;13;2;4237516;6083433;4538;4237619;0;CPUTHEFT
42084069074;117594;"NEAR_P1";"INTERVAL";"PROBE";1;63;0x00000b31;31;3;3;6320030;9429885;2627;6320217;0;CPUTHEFT
42084186678;117370;"NEAR_P1";"INTERVAL";"PROBE";1;63;0x00000b31;31;3;2;6321860;9427594;582;6322049;0;CPUTHEFT
42084304055;85192;"NEAR_P1";"INTERVAL";"PROBE";1;63;0x00000b31;31;3;2;4242731;6085700;228;4242826;0;CPUTHEFT
42084389254;117450;"NEAR_P1";"INTERVAL";"PROBE";1;63;0x00000b31;31;3;1;6319394;9423194;2754;6319583;0;CPUTHEFT
42084506721;117444;"NEAR_P1";"INTERVAL";"PROBE";1;63;0x00000b31;31;2;0;6323691;9431026;1584;6323879;0;CPUTHEFT
42084624173;85179;"NEAR_P1";"INTERVAL";"PROBE";1;63;0x00000b31;31;1;1;4242896;6085015;532;4242994;0;CPUTHEFT
42084709362;117341;"NEAR_P1";"INTERVAL";"PROBE";1;63;0x00000b31;31;1;1;6323056;9428061;196;6323241;0;CPUTHEFT
42084826711;117673;"NEAR_P1";"INTERVAL";"PROBE";1;63;0x00000b31;31;1;1;6330134;9441294;689;6330363;0;CPUTHEFT
42084944394;85251;"NEAR_P1";"INTERVAL";"PROBE";1;63;0x00000b31;31;1;2;4242263;6087145;652;4242357;0;CPUTHEFT
42085029658;117331;"NEAR_P1";"INTERVAL";"PROBE";1;63;0x00000b31;31;2;1;6321222;9426301;456;6321406;0;CPUTHEFT
42085146997;117315;"NEAR_P1";"INTERVAL";"PROBE";1;63;0x00000b31;31;1;0;6323936;9431722;80;6324123;0;CPUTHEFT
42085264320;85154;"NEAR_P1";"INTERVAL";"PROBE";1;63;0x00000b31;31;0;2;4241663;6083647;130;4241758;0;CPUTHEFT
42085349482;117328;"NEAR_P1";"INTERVAL";"PROBE";1;63;0x00000b31;31;1;1;6324422;9427396;92;6324612;0;CPUTHEFT
42085466827;117350;"NEAR_P1";"INTERVAL";"PROBE";1;63;0x00000b31;31;3;5;6324224;9429588;237;6324412;0;CPUTHEFT
42085584187;85274;"NEAR_P1";"INTERVAL";"PROBE";1;63;0x00000b31;31;1;2;4242554;6089365;1184;4242650;0;CPUTHEFT
42085669472;117563;"NEAR_P1";"INTERVAL";"PROBE";1;63;0x00000b31;31;1;2;6324053;9433436;1672;6324254;0;CPUTHEFT
42085787042;117355;"NEAR_P1";"INTERVAL";"PROBE";1;63;0x00000b31;31;0;2;6323442;9430902;338;6323634;0;CPUTHEFT
42085904404;85293;"NEAR_P1";"INTERVAL";"PROBE";1;63;0x00000b31;31;1;1;4243726;6105246;183;4243820;0;CPUTHEFT
42085989705;117420;"NEAR_P1";"INTERVAL";"PROBE";1;63;0x00000b31;31;0;2;6323633;9454832;288;6323820;0;CPUTHEFT
42086107137;258898;"TRAJ_R1";"INTERVAL";"PROBE";1;63;0x00000b31;31;0;0;13441208;20183118;372;13441578;0;CPUTHEFT
42086371242;2412988;"MAF";"INTERVAL";"PROBE";1;63;0x00000b31;32;60;67;127284478;188743792;23139;127288112;0;CPUTHEFT
42086371263;114;"SENS_C1";"INTERVAL";"PROBE";1;63;0x00000b31;32;0;1;1454;2057;448;1458;0;CPUTHEFT
42086371386;233;"LOC_C1";"INTERVAL";"PROBE";1;63;0x00000b31;32;1;0;4918;7262;508;4922;0;CPUTHEFT
42086371626;32;"LOC_C2";"INTERVAL";"PROBE";1;63;0x00000b31;32;0;0;650;910;88;654;0;CPUTHEFT
42086371667;311;"LOC_C3";"INTERVAL";"PROBE";1;63;0x00000b31;32;0;0;9811;13479;316;9815;0;CPUTHEFT
42086371987;42;"LOC_C4";"INTERVAL";"PROBE";1;63;0x00000b31;32;0;0;586;897;116;590;0;CPUTHEFT
42086372035;117638;"NEAR_P1";"INTERVAL";"PROBE";1;63;0x00000b31;32;10;4;6318680;9451747;1452;6318865;0;CPUTHEFT
42086489681;117724;"NEAR_P1";"INTERVAL";"PROBE";1;63;0x00000b31;32;2;3;6330021;9472940;960;6330227;0;CPUTHEFT
42086607416;85385;"NEAR_P1";"INTERVAL";"PROBE";1;63;0x00000b31;32;5;2;4241632;6112709;1209;4241731;0;CPUTHEFT
42086692808;117426;"NEAR_P1";"INTERVAL";"PROBE";1;63;0x00000b31;32;2;2;6323890;9457583;163;6324080;0;CPUTHEFT
42086810241;117420;"NEAR_P1";"INTERVAL";"PROBE";1;63;0x00000b31;32;1;2;6324718;9458693;44;6324907;0;CPUTHEFT
42086927669;85319;"NEAR_P1";"INTERVAL";"PROBE";1;63;0x00000b31;32;1;2;4244439;6116644;108;4244536;0;CPUTHEFT
42087012996;117454;"NEAR_P1";"INTERVAL";"PROBE";1;63;0x00000b31;32;1;1;6323702;9460645;129;6323894;0;CPUTHEFT
42087130458;117642;"NEAR_P1";"INTERVAL";"PROBE";1;63;0x00000b31;32;3;2;6316451;9437926;1602;6316651;0;CPUTHEFT
42087248119;85496;"NEAR_P1";"INTERVAL";"PROBE";1;63;0x00000b31;32;3;2;4225736;6075296;4793;4225852;0;CPUTHEFT
42087333629;117917;"NEAR_P1";"INTERVAL";"PROBE";1;63;0x00000b31;32;2;5;6314611;9449748;3316;6314824;0;CPUTHEFT
42087451557;117583;"NEAR_P1";"INTERVAL";"PROBE";1;63;0x00000b31;32;2;3;6324234;9440520;748;6324421;0;CPUTHEFT
42087569148;85236;"NEAR_P1";"INTERVAL";"PROBE";1;63;0x00000b31;32;2;1;4242312;6085662;649;4242409;0;CPUTHEFT
42087654393;117374;"NEAR_P1";"INTERVAL";"PROBE";1;63;0x00000b31;32;2;4;6323962;9422628;432;6324151;0;CPUTHEFT
42087771775;117339;"NEAR_P1";"INTERVAL";"PROBE";1;63;0x00000b31;32;4;4;6323855;9431905;228;6324045;0;CPUTHEFT
42087889121;85206;"NEAR_P1";"INTERVAL";"PROBE";1;63;0x00000b31;32;3;1;4242967;6087272;244;4243063;0;CPUTHEFT
42087974335;117375;"NEAR_P1";"INTERVAL";"PROBE";1;63;0x00000b31;32;3;1;6322890;9426969;360;6323082;0;CPUTHEFT
42088091718;117510;"NEAR_P1";"INTERVAL";"PROBE";1;63;0x00000b31;32;3;3;6324183;9431665;740;6324379;0;CPUTHEFT
42088209238;85223;"NEAR_P1";"INTERVAL";"PROBE";1;63;0x00000b31;32;5;1;4242730;6084821;660;4242826;0;CPUTHEFT
42088294469;117334;"NEAR_P1";"INTERVAL";"PROBE";1;63;0x00000b31;32;0;2;6324158;9428765;108;6324343;0;CPUTHEFT
42088411811;117514;"NEAR_P1";"INTERVAL";"PROBE";1;63;0x00000b31;32;3;4;6322374;9427557;2740;6322565;0;CPUTHEFT
42088529341;254880;"TRAJ_R1";"INTERVAL";"PROBE";1;63;0x00000b31;32;0;0;13293281;19929630;550;13293663;0;CPUTHEFT
42088789134;2351154;"MAF";"INTERVAL";"PROBE";1;63;0x00000b31;33;67;70;123355891;182743063;18144;123359364;0;CPUTHEFT
42088789163;126;"SENS_C1";"INTERVAL";"PROBE";1;63;0x00000b31;33;0;1;1452;2085;480;1456;0;CPUTHEFT
42088789298;238;"LOC_C1";"INTERVAL";"PROBE";1;63;0x00000b31;33;1;1;4918;7215;541;4922;0;CPUTHEFT
42088789543;43;"LOC_C2";"INTERVAL";"PROBE";1;63;0x00000b31;33;0;0;650;906;148;654;0;CPUTHEFT
42088789595;308;"LOC_C3";"INTERVAL";"PROBE";1;63;0x00000b31;33;0;0;9808;13416;304;9812;0;CPUTHEFT
42088789912;46;"LOC_C4";"INTERVAL";"PROBE";1;63;0x00000b31;33;0;0;584;889;136;588;0;CPUTHEFT
42088789964;117546;"NEAR_P1";"INTERVAL";"PROBE";1;63;0x00000b31;33;11;2;6315089;9417848;4706;6315278;0;CPUTHEFT
42088907521;85329;"NEAR_P1";"INTERVAL";"PROBE";1;63;0x00000b31;33;2;1;4241409;6085135;1924;4241508;0;CPUTHEFT
42088992874;117918;"NEAR_P1";"INTERVAL";"PROBE";1;63;0x00000b31;33;11;6;6326315;9462533;2307;6326521;0;CPUTHEFT
42089110808;117475;"NEAR_P1";"INTERVAL";"PROBE";1;63;0x00000b31;33;3;3;6322664;9453440;212;6322854;0;CPUTHEFT
42089228290;85289;"NEAR_P1";"INTERVAL";"PROBE";1;63;0x00000b31;33;2;1;4241648;6108653;165;4241740;0;CPUTHEFT
42089313587;117497;"NEAR_P1";"INTERVAL";"PROBE";1;63;0x00000b31;33;2;2;6323517;9457600;239;6323709;0;CPUTHEFT
42089431091;117436;"NEAR_P1";"INTERVAL";"PROBE";1;63;0x00000b31;33;1;0;6324252;9455468;164;6324440;0;CPUTHEFT
42089548534;85268;"NEAR_P1";"INTERVAL";"PROBE";1;63;0x00000b31;33;0;1;4243536;6105660;136;4243628;0;CPUTHEFT
42089633813;91311;"NEAR_P1";"INTERVAL";"PROBE";1;63;0x00000b31;33;2;2;4625002;6731285;276;4625171;0;CPUTHEFT
42089725132;117518;"NEAR_P1";"INTERVAL";"PROBE";1;63;0x00000b31;33;1;1;6324135;9457329;552;6324327;0;CPUTHEFT
42089842662;117465;"NEAR_P1";"INTERVAL";"PROBE";1;63;0x00000b31;33;1;0;6317778;9449338;484;6317974;0;CPUTHEFT
42089960135;85292;"NEAR_P1";"INTERVAL";"PROBE";1;63;0x00000b31;33;1;2;4242431;6111560;131;4242522;0;CPUTHEFT
42090045434;117452;"NEAR_P1";"INTERVAL";"PROBE";1;63;0x00000b31;33;2;2;6323405;9455777;122;6323594;0;CPUTHEFT
42090162893;117454;"NEAR_P1";"INTERVAL";"PROBE";1;63;0x00000b31;33;4;6;6321380;9453540;330;6321571;0;CPUTHEFT
42090280354;85298;"NEAR_P1";"INTERVAL";"PROBE";1;63;0x00000b31;33;3;4;4242962;6112142;90;4243058;0;CPUTHEFT
42090365661;117527;"NEAR_P1";"INTERVAL";"PROBE";1;63;0x00000b31;33;2;2;6323080;9454627;1252;6323274;0;CPUTHEFT
42090483199;117522;"NEAR_P1";"INTERVAL";"PROBE";1;63;0x00000b31;33;3;4;6322684;9451869;1204;6322877;0;CPUTHEFT
42090600729;85335;"NEAR_P1";"INTERVAL";"PROBE";1;63;0x00000b31;33;3;2;4243278;6112678;473;4243377;0;CPUTHEFT
42090686071;117553;"NEAR_P1";"INTERVAL";"PROBE";1;63;0x00000b31;33;2;4;6318511;9451416;693;6318713;0;CPUTHEFT
42090803632;117463;"NEAR_P1";"INTERVAL";"PROBE";1;63;0x00000b31;33;5;5;6322934;9455418;267;6323122;0;CPUTHEFT
42090921128;219152;"TRAJ_R1";"INTERVAL";"PROBE";1;63;0x00000b31;33;0;3;11056232;16447379;468;11056511;0;CPUTHEFT
42091177607;2373554;"MAF";"INTERVAL";"PROBE";1;63;0x00000b31;34;53;52;124893042;185296746;19041;124896549;0;CPUTHEFT
42091177627;118;"SENS_C1";"INTERVAL";"PROBE";1;63;0x00000b31;34;0;2;1455;2080;456;1459;0;CPUTHEFT
42091177755;238;"LOC_C1";"INTERVAL";"PROBE";1;63;0x00000b31;34;1;0;4923;7287;542;4927;0;CPUTHEFT
42091177999;34;"LOC_C2";"INTERVAL";"PROBE";1;63;0x00000b31;34;0;0;650;903;112;654;0;CPUTHEFT
42091178042;314;"LOC_C3";"INTERVAL";"PROBE";1;63;0x00000b31;34;0;0;9813;13408;308;9817;0;CPUTHEFT
42091178366;43;"LOC_C4";"INTERVAL";"PROBE";1;63;0x00000b31;34;0;0;586;924;132;590;0;CPUTHEFT
42091178415;85349;"NEAR_P1";"INTERVAL";"PROBE";1;63;0x00000b31;34;7;3;4240452;6107699;1552;4240542;0;CPUTHEFT
42091263772;117508;"NEAR_P1";"INTERVAL";"PROBE";1;63;0x00000b31;34;5;2;6319653;9453870;788;6319871;0;CPUTHEFT
42091381290;117757;"NEAR_P1";"INTERVAL";"PROBE";1;63;0x00000b31;34;6;4;6325665;9460624;1652;6325884;0;CPUTHEFT
42091499054;85323;"NEAR_P1";"INTERVAL";"PROBE";1;63;0x00000b31;34;0;1;4237422;6105189;408;4237522;0;CPUTHEFT
42091584384;117435;"NEAR_P1";"INTERVAL";"PROBE";1;63;0x00000b31;34;2;2;6323121;9455535;103;6323307;0;CPUTHEFT
42091701826;117462;"NEAR_P1";"INTERVAL";"PROBE";1;63;0x00000b31;34;1;1;6321431;9450636;202;6321620;0;CPUTHEFT
42091819298;85289;"NEAR_P1";"INTERVAL";"PROBE";1;63;0x00000b31;34;2;2;4243074;6113748;64;4243170;0;CPUTHEFT
42091904594;117615;"NEAR_P1";"INTERVAL";"PROBE";1;63;0x00000b31;34;1;1;6322362;9454506;1104;6322549;0;CPUTHEFT
42092022224;117592;"NEAR_P1";"INTERVAL";"PROBE";1;63;0x00000b31;34;4;1;6318910;9448782;2679;6319096;0;CPUTHEFT
42092139828;85406;"NEAR_P1";"INTERVAL";"PROBE";1;63;0x00000b31;34;1;2;4239159;6107722;1505;4239252;0;CPUTHEFT
42092225241;117466;"NEAR_P1";"INTERVAL";"PROBE";1;63;0x00000b31;34;2;2;6324219;9456497;448;6324409;0;CPUTHEFT
42092342714;117499;"NEAR_P1";"INTERVAL";"PROBE";1;63;0x00000b31;34;3;2;6317212;9445561;1069;6317410;0;CPUTHEFT
42092460224;85328;"NEAR_P1";"INTERVAL";"PROBE";1;63;0x00000b31;34;2;2;4241960;6110726;1917;4242055;0;CPUTHEFT
42092545559;117574;"NEAR_P1";"INTERVAL";"PROBE";1;63;0x00000b31;34;2;0;6323366;9452824;1012;6323557;0;CPUTHEFT
42092663141;117462;"NEAR_P1";"INTERVAL";"PROBE";1;63;0x00000b31;34;2;3;6322434;9453681;380;6322615;0;CPUTHEFT
42092780611;85323;"NEAR_P1";"INTERVAL";"PROBE";1;63;0x00000b31;34;1;0;4243162;6113285;228;4243260;0;CPUTHEFT
42092865942;117432;"NEAR_P1";"INTERVAL";"PROBE";1;63;0x00000b31;34;2;1;6324850;9451841;280;6325042;0;CPUTHEFT
42092983384;117585;"NEAR_P1";"INTERVAL";"PROBE";1;63;0x00000b31;34;0;3;6324206;9454935;636;6324388;0;CPUTHEFT
42093100977;85310;"NEAR_P1";"INTERVAL";"PROBE";1;63;0x00000b31;34;1;2;4241071;6109045;268;4241168;0;CPUTHEFT
42093186295;117446;"NEAR_P1";"INTERVAL";"PROBE";1;63;0x00000b31;34;4;3;6317348;9447733;348;6317549;0;CPUTHEFT
42093303767;247385;"TRAJ_R1";"INTERVAL";"PROBE";1;63;0x00000b31;34;0;0;12988314;19590147;516;12988686;0;CPUTHEFT
42093555809;2369560;"MAF";"INTERVAL";"PROBE";1;63;0x00000b31;35;54;64;124747592;185138724;16579;124751091;0;CPUTHEFT
42093555835;114;"SENS_C1";"INTERVAL";"PROBE";1;63;0x00000b31;35;0;3;1451;2067;444;1455;0;CPUTHEFT
42093555958;230;"LOC_C1";"INTERVAL";"PROBE";1;63;0x00000b31;35;0;0;4924;7406;508;4928;0;CPUTHEFT
42093556196;31;"LOC_C2";"INTERVAL";"PROBE";1;63;0x00000b31;35;0;0;650;897;104;654;0;CPUTHEFT
42093556236;311;"LOC_C3";"INTERVAL";"PROBE";1;63;0x00000b31;35;0;0;9802;13260;308;9806;0;CPUTHEFT
42093556556;45;"LOC_C4";"INTERVAL";"PROBE";1;63;0x00000b31;35;0;0;585;924;132;589;0;CPUTHEFT
42093556607;117701;"NEAR_P1";"INTERVAL";"PROBE";1;63;0x00000b31;35;8;3;6315696;9447355;3373;6315888;0;CPUTHEFT
42093674321;85409;"NEAR_P1";"INTERVAL";"PROBE";1;63;0x00000b31;35;2;0;4241549;6114862;1900;4241642;0;CPUTHEFT
42093759739;117490;"NEAR_P1";"INTERVAL";"PROBE";1;63;0x00000b31;35;2;4;6324114;9455516;588;6324303;0;CPUTHEFT
42093877244;117557;"NEAR_P1";"INTERVAL";"PROBE";1;63;0x00000b31;35;5;5;6323895;9457458;245;6324081;0;CPUTHEFT
42093994809;85294;"NEAR_P1";"INTERVAL";"PROBE";1;63;0x00000b31;35;1;2;4237263;6106219;652;4237369;0;CPUTHEFT
42094080127;117452;"NEAR_P1";"INTERVAL";"PROBE";1;63;0x00000b31;35;2;2;6324350;9456300;211;6324536;0;CPUTHEFT
42094197586;117466;"NEAR_P1";"INTERVAL";"PROBE";1;63;0x00000b31;35;1;0;6323699;9458727;244;6323889;0;CPUTHEFT
42094315060;85282;"NEAR_P1";"INTERVAL";"PROBE";1;63;0x00000b31;35;1;1;4243255;6115872;148;4243349;0;CPUTHEFT
42094400352;117481;"NEAR_P1";"INTERVAL";"PROBE";1;63;0x00000b31;35;2;2;6320370;9454483;204;6320588;0;CPUTHEFT
42094517841;117476;"NEAR_P1";"INTERVAL";"PROBE";1;63;0x00000b31;35;1;0;6324323;9455463;492;6324514;0;CPUTHEFT
42094635326;85342;"NEAR_P1";"INTERVAL";"PROBE";1;63;0x00000b31;35;1;1;4243737;6113547;637;4243828;0;CPUTHEFT
42094720675;117444;"NEAR_P1";"INTERVAL";"PROBE";1;63;0x00000b31;35;2;1;6324417;9457907;213;6324608;0;CPUTHEFT
42094838127;117744;"NEAR_P1";"INTERVAL";"PROBE";1;63;0x00000b31;35;13;9;6320371;9451730;1444;6320578;0;CPUTHEFT
42094955879;85349;"NEAR_P1";"INTERVAL";"PROBE";1;63;0x00000b31;35;0;1;4243470;6114942;174;4243562;0;CPUTHEFT
42095041235;117465;"NEAR_P1";"INTERVAL";"PROBE";1;63;0x00000b31;35;2;2;6322895;9459344;76;6323082;0;CPUTHEFT
42095158709;117530;"NEAR_P1";"INTERVAL";"PROBE";1;63;0x00000b31;35;2;1;6320793;9454584;1355;6320985;0;CPUTHEFT
42095276252;85379;"NEAR_P1";"INTERVAL";"PROBE";1;63;0x00000b31;35;1;5;4241811;6109795;1356;4241909;0;CPUTHEFT
42095361639;117533;"NEAR_P1";"INTERVAL";"PROBE";1;63;0x00000b31;35;2;2;6324648;9458752;424;6324837;0;CPUTHEFT
42095479179;117456;"NEAR_P1";"INTERVAL";"PROBE";1;63;0x00000b31;35;4;3;6323089;9456632;164;6323277;0;CPUTHEFT
42095596642;85298;"NEAR_P1";"INTERVAL";"PROBE";1;63;0x00000b31;35;1;3;4243652;6114668;112;4243748;0;CPUTHEFT
42095681950;243411;"TRAJ_R1";"INTERVAL";"PROBE";1;63;0x00000b31;35;0;2;12826556;19372240;699;12826933;0;CPUTHEFT
42095930583;2365434;"MAF";"INTERVAL";"PROBE";1;63;0x00000b31;36;56;59;124603575;184892623;13202;124607050;0;CPUTHEFT
42095930608;122;"SENS_C1";"INTERVAL";"PROBE";1;63;0x00000b31;36;0;0;1454;2042;448;1458;0;CPUTHEFT
42095930738;232;"LOC_C1";"INTERVAL";"PROBE";1;63;0x00000b31;36;1;1;4915;7305;522;4919;0;CPUTHEFT
42095930976;34;"LOC_C2";"INTERVAL";"PROBE";1;63;0x00000b31;36;0;0;650;900;104;654;0;CPUTHEFT
42095931019;306;"LOC_C3";"INTERVAL";"PROBE";1;63;0x00000b31;36;0;0;9803;13478;312;9807;0;CPUTHEFT
42095931335;48;"LOC_C4";"INTERVAL";"PROBE";1;63;0x00000b31;36;0;0;586;914;132;590;0;CPUTHEFT
42095931389;117556;"NEAR_P1";"INTERVAL";"PROBE";1;63;0x00000b31;36;16;8;6318245;9449779;1592;6318429;0;CPUTHEFT
42096048957;85369;"NEAR_P1";"INTERVAL";"PROBE";1;63;0x00000b31;36;7;3;4239485;6108027;648;4239610;0;CPUTHEFT
42096134334;117603;"NEAR_P1";"INTERVAL";"PROBE";1;63;0x00000b31;36;3;3;6324234;9456547;848;6324418;0;CPUTHEFT
42096251946;117446;"NEAR_P1";"INTERVAL";"PROBE";1;63;0x00000b31;36;2;3;6323786;9455969;268;6323974;0;CPUTHEFT
42096369400;85271;"NEAR_P1";"INTERVAL";"PROBE";1;63;0x00000b31;36;3;2;4243340;6112471;73;4243436;0;CPUTHEFT
42096454678;117584;"NEAR_P1";"INTERVAL";"PROBE";1;63;0x00000b31;36;1;1;6318317;9451198;876;6318517;0;CPUTHEFT
42096572270;117534;"NEAR_P1";"INTERVAL";"PROBE";1;63;0x00000b31;36;0;2;6323211;9456634;407;6323403;0;CPUTHEFT
42096689812;85310;"NEAR_P1";"INTERVAL";"PROBE";1;63;0x00000b31;36;2;1;4243126;6114598;227;4243222;0;CPUTHEFT
42096775131;117552;"NEAR_P1";"INTERVAL";"PROBE";1;63;0x00000b31;36;1;1;6322845;9453003;1836;6323030;0;CPUTHEFT
42096892692;117561;"NEAR_P1";"INTERVAL";"PROBE";1;63;0x00000b31;36;2;3;6322894;9455567;1172;6323080;0;CPUTHEFT
42097010263;85295;"NEAR_P1";"INTERVAL";"PROBE";1;63;0x00000b31;36;1;0;4243527;6113848;280;4243623;0;CPUTHEFT
42097095566;117462;"NEAR_P1";"INTERVAL";"PROBE";1;63;0x00000b31;36;1;1;6324520;9455489;196;6324708;0;CPUTHEFT
42097213037;117472;"NEAR_P1";"INTERVAL";"PROBE";1;63;0x00000b31;36;1;2;6322127;9453638;334;6322314;0;CPUTHEFT
42097330520;117505;"NEAR_P1";"INTERVAL";"PROBE";1;63;0x00000b31;36;0;2;6318212;9444798;482;6318402;0;CPUTHEFT
42097448034;85320;"NEAR_P1";"INTERVAL";"PROBE";1;63;0x00000b31;36;2;1;4242702;6106390;255;4242798;0;CPUTHEFT
42097533361;117449;"NEAR_P1";"INTERVAL";"PROBE";1;63;0x00000b31;36;2;1;6324660;9441839;165;6324848;0;CPUTHEFT
42097650817;117458;"NEAR_P1";"INTERVAL";"PROBE";1;63;0x00000b31;36;2;1;6324856;9456165;188;6325043;0;CPUTHEFT
42097768284;85339;"NEAR_P1";"INTERVAL";"PROBE";1;63;0x00000b31;36;1;2;4243657;6114644;600;4243750;0;CPUTHEFT
42097853632;117460;"NEAR_P1";"INTERVAL";"PROBE";1;63;0x00000b31;36;2;1;6324858;9446973;225;6325047;0;CPUTHEFT
42097971099;117418;"NEAR_P1";"INTERVAL";"PROBE";1;63;0x00000b31;36;2;2;6324776;9456081;48;6324961;0;CPUTHEFT
42098088528;207481;"TRAJ_R1";"INTERVAL";"PROBE";1;63;0x00000b31;36;0;1;10596545;15836575;612;10596839;0;CPUTHEFT
42098300540;2361681;"MAF";"INTERVAL";"PROBE";1;63;0x00000b31;37;47;40;124432916;184377182;23140;124436436;0;CPUTHEFT
42098300559;118;"SENS_C1";"INTERVAL";"PROBE";1;63;0x00000b31;37;0;2;1451;2072;440;1455;0;CPUTHEFT
42098300685;227;"LOC_C1";"INTERVAL";"PROBE";1;63;0x00000b31;37;1;0;4920;7282;500;4924;0;CPUTHEFT
42098300921;35;"LOC_C2";"INTERVAL";"PROBE";1;63;0x00000b31;37;0;0;650;900;116;654;0;CPUTHEFT
42098300965;308;"LOC_C3";"INTERVAL";"PROBE";1;63;0x00000b31;37;0;0;9814;13615;316;9818;0;CPUTHEFT
42098301283;45;"LOC_C4";"INTERVAL";"PROBE";1;63;0x00000b31;37;0;0;584;909;124;588;0;CPUTHEFT
42098301334;117698;"NEAR_P1";"INTERVAL";"PROBE";1;63;0x00000b31;37;13;3;6318083;9450846;2138;6318264;0;CPUTHEFT
42098419047;117615;"NEAR_P1";"INTERVAL";"PROBE";1;63;0x00000b31;37;4;2;6321838;9450458;2204;6322029;0;CPUTHEFT
42098536673;85428;"NEAR_P1";"INTERVAL";"PROBE";1;63;0x00000b31;37;1;1;4244101;6114850;860;4244199;0;CPUTHEFT
42098622109;117495;"NEAR_P1";"INTERVAL";"PROBE";1;63;0x00000b31;37;2;2;6324896;9457770;411;6325081;0;CPUTHEFT
42098739611;117514;"NEAR_P1";"INTERVAL";"PROBE";1;63;0x00000b31;37;2;0;6324626;9458993;405;6324806;0;CPUTHEFT
42098857132;85302;"NEAR_P1";"INTERVAL";"PROBE";1;63;0x00000b31;37;0;1;4243991;6114856;168;4244082;0;CPUTHEFT
42098942441;117476;"NEAR_P1";"INTERVAL";"PROBE";1;63;0x00000b31;37;1;0;6317580;9445472;436;6317776;0;CPUTHEFT
42099059925;117467;"NEAR_P1";"INTERVAL";"PROBE";1;63;0x00000b31;37;0;2;6323962;9457572;166;6324148;0;CPUTHEFT
42099177399;85325;"NEAR_P1";"INTERVAL";"PROBE";1;63;0x00000b31;37;2;1;4243376;6112916;144;4243471;0;CPUTHEFT
42099262732;117812;"NEAR_P1";"INTERVAL";"PROBE";1;63;0x00000b31;37;5;0;6309770;9422020;2873;6310007;0;CPUTHEFT
42099380557;117724;"NEAR_P1";"INTERVAL";"PROBE";1;63;0x00000b31;37;2;2;6319404;9428199;3190;6319604;0;CPUTHEFT
42099498290;85351;"NEAR_P1";"INTERVAL";"PROBE";1;63;0x00000b31;37;1;0;4243293;6090679;806;4243395;0;CPUTHEFT
42099583652;117350;"NEAR_P1";"INTERVAL";"PROBE";1;63;0x00000b31;37;2;1;6319841;9424834;275;6320038;0;CPUTHEFT
42099701009;117385;"NEAR_P1";"INTERVAL";"PROBE";1;63;0x00000b31;37;1;2;6323102;9431390;136;6323297;0;CPUTHEFT
42099818401;85227;"NEAR_P1";"INTERVAL";"PROBE";1;63;0x00000b31;37;1;1;4238738;6083016;441;4238845;0;CPUTHEFT
42099903635;117437;"NEAR_P1";"INTERVAL";"PROBE";1;63;0x00000b31;37;2;2;6322553;9428553;954;6322742;0;CPUTHEFT
42100021086;117545;"NEAR_P1";"INTERVAL";"PROBE";1;63;0x00000b31;37;1;0;6320824;9424900;2230;6321012;0;CPUTHEFT
42100138647;85291;"NEAR_P1";"INTERVAL";"PROBE";1;63;0x00000b31;37;0;1;4240461;6084716;1505;4240557;0;CPUTHEFT
42100223945;117408;"NEAR_P1";"INTERVAL";"PROBE";1;63;0x00000b31;37;2;2;6324705;9434258;572;6324895;0;CPUTHEFT
42100341360;117342;"NEAR_P1";"INTERVAL";"PROBE";1;63;0x00000b31;37;1;1;6324194;9432672;388;6324384;0;CPUTHEFT
42100458713;203500;"TRAJ_R1";"INTERVAL";"PROBE";1;63;0x00000b31;37;0;0;10449928;15575549;906;10450208;0;CPUTHEFT
42100667436;2355967;"MAF";"INTERVAL";"PROBE";1;63;0x00000b31;38;54;72;124318654;183938229;15418;124322154;0;CPUTHEFT
42100667459;389;"SENS_C1";"INTERVAL";"PROBE";1;63;0x00000b31;38;8;2;2377;4341;1487;2388;0;CPUTHEFT
42100667856;234;"LOC_C1";"INTERVAL";"PROBE";1;63;0x00000b31;38;0;1;4913;7396;518;4917;0;CPUTHEFT
42100668098;40;"LOC_C2";"INTERVAL";"PROBE";1;63;0x00000b31;38;0;0;650;903;120;654;0;CPUTHEFT
42100668147;310;"LOC_C3";"INTERVAL";"PROBE";1;63;0x00000b31;38;0;0;9809;13346;312;9813;0;CPUTHEFT
42100668467;46;"LOC_C4";"INTERVAL";"PROBE";1;63;0x00000b31;38;0;0;586;917;132;590;0;CPUTHEFT
42100668519;117613;"NEAR_P1";"INTERVAL";"PROBE";1;63;0x00000b31;38;11;6;6312282;9410014;3136;6312480;0;CPUTHEFT
42100786140;85200;"NEAR_P1";"INTERVAL";"PROBE";1;63;0x00000b31;38;2;3;4243083;6077557;452;4243179;0;CPUTHEFT
42100871364;117386;"NEAR_P1";"INTERVAL";"PROBE";1;63;0x00000b31;38;4;4;6317422;9421456;777;6317640;0;CPUTHEFT
42100988760;117431;"NEAR_P1";"INTERVAL";"PROBE";1;63;0x00000b31;38;2;2;6324081;9431784;696;6324272;0;CPUTHEFT
42101106200;85168;"NEAR_P1";"INTERVAL";"PROBE";1;63;0x00000b31;38;1;2;4243990;6086462;116;4244088;0;CPUTHEFT
42101191375;117320;"NEAR_P1";"INTERVAL";"PROBE";1;63;0x00000b31;38;3;3;6325126;9430345;68;6325313;0;CPUTHEFT
42101308703;117392;"NEAR_P1";"INTERVAL";"PROBE";1;63;0x00000b31;38;2;2;6322170;9429520;321;6322364;0;CPUTHEFT
42101426103;85169;"NEAR_P1";"INTERVAL";"PROBE";1;63;0x00000b31;38;1;0;4243775;6087298;128;4243872;0;CPUTHEFT
42101511280;117412;"NEAR_P1";"INTERVAL";"PROBE";1;63;0x00000b31;38;1;1;6319198;9424360;1229;6319393;0;CPUTHEFT
42101628705;117503;"NEAR_P1";"INTERVAL";"PROBE";1;63;0x00000b31;38;1;1;6322596;9428750;1975;6322784;0;CPUTHEFT
42101746217;85214;"NEAR_P1";"INTERVAL";"PROBE";1;63;0x00000b31;38;0;2;4242342;6085327;730;4242437;0;CPUTHEFT
42101831439;117424;"NEAR_P1";"INTERVAL";"PROBE";1;63;0x00000b31;38;1;1;6324992;9430263;288;6325179;0;CPUTHEFT
42101948870;117357;"NEAR_P1";"INTERVAL";"PROBE";1;63;0x00000b31;38;1;2;6324945;9426055;212;6325135;0;CPUTHEFT
42102066235;85166;"NEAR_P1";"INTERVAL";"PROBE";1;63;0x00000b31;38;2;1;4243860;6088843;128;4243958;0;CPUTHEFT
42102151409;117363;"NEAR_P1";"INTERVAL";"PROBE";1;63;0x00000b31;38;1;2;6325156;9430173;144;6325344;0;CPUTHEFT
42102268780;117350;"NEAR_P1";"INTERVAL";"PROBE";1;63;0x00000b31;38;1;3;6318791;9418637;380;6318984;0;CPUTHEFT
42102386137;85181;"NEAR_P1";"INTERVAL";"PROBE";1;63;0x00000b31;38;2;2;4243700;6086063;128;4243793;0;CPUTHEFT
42102471326;117398;"NEAR_P1";"INTERVAL";"PROBE";1;63;0x00000b31;38;3;2;6325028;9431293;380;6325214;0;CPUTHEFT
42102588732;117439;"NEAR_P1";"INTERVAL";"PROBE";1;63;0x00000b31;38;2;6;6324455;9431279;681;6324640;0;CPUTHEFT
42102706179;85192;"NEAR_P1";"INTERVAL";"PROBE";1;63;0x00000b31;38;2;2;4243531;6087350;216;4243624;0;CPUTHEFT
42102791382;232013;"TRAJ_R1";"INTERVAL";"PROBE";1;63;0x00000b31;38;2;5;12393563;18740508;392;12393940;0;CPUTHEFT
42103027888;2322176;"MAF";"INTERVAL";"PROBE";1;63;0x00000b31;39;51;68;122088255;180902522;16748;122091634;0;CPUTHEFT
42103027907;117;"SENS_C1";"INTERVAL";"PROBE";1;63;0x00000b31;39;0;1;1451;2079;468;1455;0;CPUTHEFT
42103028031;229;"LOC_C1";"INTERVAL";"PROBE";1;63;0x00000b31;39;0;0;4911;7350;508;4915;0;CPUTHEFT
42103028267;31;"LOC_C2";"INTERVAL";"PROBE";1;63;0x00000b31;39;0;0;650;890;96;654;0;CPUTHEFT
42103028308;311;"LOC_C3";"INTERVAL";"PROBE";1;63;0x00000b31;39;0;0;9811;13446;300;9815;0;CPUTHEFT
42103028629;43;"LOC_C4";"INTERVAL";"PROBE";1;63;0x00000b31;39;0;0;586;920;132;590;0;CPUTHEFT
42103028678;117431;"NEAR_P1";"INTERVAL";"PROBE";1;63;0x00000b31;39;10;6;6320596;9433627;812;6320786;0;CPUTHEFT
42103146117;85288;"NEAR_P1";"INTERVAL";"PROBE";1;63;0x00000b31;39;2;3;4237405;6080587;1669;4237507;0;CPUTHEFT
42103231417;117611;"NEAR_P1";"INTERVAL";"PROBE";1;63;0x00000b31;39;3;2;6322242;9430074;1889;6322427;0;CPUTHEFT
42103349035;117474;"NEAR_P1";"INTERVAL";"PROBE";1;63;0x00000b31;39;2;1;6321301;9440827;838;6321488;0;CPUTHEFT
42103466518;85293;"NEAR_P1";"INTERVAL";"PROBE";1;63;0x00000b31;39;1;3;4243606;6116055;284;4243699;0;CPUTHEFT
42103551820;117431;"NEAR_P1";"INTERVAL";"PROBE";1;63;0x00000b31;39;2;3;6324494;9455463;154;6324680;0;CPUTHEFT
42103669259;117528;"NEAR_P1";"INTERVAL";"PROBE";1;63;0x00000b31;39;2;1;6322709;9454603;463;6322894;0;CPUTHEFT
42103786796;85294;"NEAR_P1";"INTERVAL";"PROBE";1;63;0x00000b31;39;0;5;4243292;6112701;244;4243388;0;CPUTHEFT
42103872098;117452;"NEAR_P1";"INTERVAL";"PROBE";1;63;0x00000b31;39;2;2;6324166;9456792;140;6324355;0;CPUTHEFT
42103989561;117459;"NEAR_P1";"INTERVAL";"PROBE";1;63;0x00000b31;39;5;6;6315508;9446327;517;6315722;0;CPUTHEFT
42104107029;85325;"NEAR_P1";"INTERVAL";"PROBE";1;63;0x00000b31;39;1;2;4243250;6111939;908;4243343;0;CPUTHEFT
42104192364;117522;"NEAR_P1";"INTERVAL";"PROBE";1;63;0x00000b31;39;2;1;6323608;9448680;780;6323795;0;CPUTHEFT
42104309909;117449;"NEAR_P1";"INTERVAL";"PROBE";1;63;0x00000b31;39;2;4;6323392;9448125;180;6323585;0;CPUTHEFT
42104427365;85374;"NEAR_P1";"INTERVAL";"PROBE";1;63;0x00000b31;39;4;2;4243750;6113275;814;4243846;0;CPUTHEFT
42104512746;117482;"NEAR_P1";"INTERVAL";"PROBE";1;63;0x00000b31;39;3;1;6324733;9460850;680;6324916;0;CPUTHEFT
42104630235;117437;"NEAR_P1";"INTERVAL";"PROBE";1;63;0x00000b31;39;1;3;6323429;9455898;222;6323621;0;CPUTHEFT
42104747679;85330;"NEAR_P1";"INTERVAL";"PROBE";1;63;0x00000b31;39;2;1;4242828;6110613;956;4242924;0;CPUTHEFT
42104833019;117594;"NEAR_P1";"INTERVAL";"PROBE";1;63;0x00000b31;39;4;4;6316676;9445562;1980;6316873;0;CPUTHEFT
42104950622;117554;"NEAR_P1";"INTERVAL";"PROBE";1;63;0x00000b31;39;1;1;6323278;9453671;699;6323470;0;CPUTHEFT
42105068183;85286;"NEAR_P1";"INTERVAL";"PROBE";1;63;0x00000b31;39;0;1;4241440;6107491;243;4241535;0;CPUTHEFT
42105153494;196562;"TRAJ_R1";"INTERVAL";"PROBE";1;63;0x00000b31;39;0;1;10172906;15266740;404;10173188;0;CPUTHEFT
42105419577;2317538;"MAF";"INTERVAL";"PROBE";1;63;0x00000b31;40;59;58;121978532;180367985;15065;121981927;0;CPUTHEFT
42105419599;120;"SENS_C1";"INTERVAL";"PROBE";1;63;0x00000b31;40;0;1;1454;2081;448;1458;0;CPUTHEFT
42105419728;239;"LOC_C1";"INTERVAL";"PROBE";1;63;0x00000b31;40;1;0;4915;7250;518;4919;0;CPUTHEFT
42105419975;33;"LOC_C2";"INTERVAL";"PROBE";1;63;0x00000b31;40;0;0;650;914;100;654;0;CPUTHEFT
42105420017;305;"LOC_C3";"INTERVAL";"PROBE";1;63;0x00000b31;40;0;0;9805;13502;304;9809;0;CPUTHEFT
42105420331;45;"LOC_C4";"INTERVAL";"PROBE";1;63;0x00000b31;40;0;0;585;903;120;589;0;CPUTHEFT
42105420382;53466;"NEAR_P1";"INTERVAL";"PROBE";1;63;0x00000b31;40;7;2;2169108;2786700;1783;2169151;0;CPUTHEFT
42105473858;117506;"NEAR_P1";"INTERVAL";"PROBE";1;63;0x00000b31;40;2;6;6320996;9453433;764;6321181;0;CPUTHEFT
42105591375;117666;"NEAR_P1";"INTERVAL";"PROBE";1;63;0x00000b31;40;4;2;6330669;9452895;512;6330887;0;CPUTHEFT
42105709049;85216;"NEAR_P1";"INTERVAL";"PROBE";1;63;0x00000b31;40;0;1;4243988;6089298;284;4244081;0;CPUTHEFT
42105794275;117469;"NEAR_P1";"INTERVAL";"PROBE";1;63;0x00000b31;40;2;2;6324091;9430007;770;6324277;0;CPUTHEFT
42105911753;117597;"NEAR_P1";"INTERVAL";"PROBE";1;63;0x00000b31;40;10;1;6325463;9432679;1129;6325655;0;CPUTHEFT
42106029357;85197;"NEAR_P1";"INTERVAL";"PROBE";1;63;0x00000b31;40;2;2;4244206;6085958;36;4244299;0;CPUTHEFT
42106114561;117349;"NEAR_P1";"INTERVAL";"PROBE";1;63;0x00000b31;40;2;2;6323822;9433571;84;6324014;0;CPUTHEFT
42106231919;117357;"NEAR_P1";"INTERVAL";"PROBE";1;63;0x00000b31;40;2;2;6324993;9435655;96;6325184;0;CPUTHEFT
42106349283;85251;"NEAR_P1";"INTERVAL";"PROBE";1;63;0x00000b31;40;2;1;4242474;6086354;828;4242569;0;CPUTHEFT
42106434545;149470;"NEAR_P1";"INTERVAL";"PROBE";1;63;0x00000b31;40;2;5;8391950;12752484;2238;8392192;0;CPUTHEFT
42106584026;85405;"NEAR_P1";"INTERVAL";"PROBE";1;63;0x00000b31;40;2;1;4249933;6101388;539;4250070;0;CPUTHEFT
42106669439;85209;"NEAR_P1";"INTERVAL";"PROBE";1;63;0x00000b31;40;0;1;4243981;6093731;210;4244072;0;CPUTHEFT
42106754655;117411;"NEAR_P1";"INTERVAL";"PROBE";1;63;0x00000b31;40;2;2;6324069;9429368;447;6324257;0;CPUTHEFT
42106872073;117364;"NEAR_P1";"INTERVAL";"PROBE";1;63;0x00000b31;40;2;1;6325170;9423040;152;6325359;0;CPUTHEFT
42106989445;85210;"NEAR_P1";"INTERVAL";"PROBE";1;63;0x00000b31;40;1;1;4244018;6088437;188;4244112;0;CPUTHEFT
42107074662;149348;"NEAR_P1";"INTERVAL";"PROBE";1;63;0x00000b31;40;2;4;8399655;12763703;220;8399883;0;CPUTHEFT
42107224029;117450;"NEAR_P1";"INTERVAL";"PROBE";1;63;0x00000b31;40;7;5;6311664;9416302;1288;6311888;0;CPUTHEFT
42107341488;85268;"NEAR_P1";"INTERVAL";"PROBE";1;63;0x00000b31;40;3;2;4243015;6085027;660;4243111;0;CPUTHEFT
42107426764;117433;"NEAR_P1";"INTERVAL";"PROBE";1;63;0x00000b31;40;2;2;6323992;9433046;617;6324181;0;CPUTHEFT
42107544207;192899;"TRAJ_R1";"INTERVAL";"PROBE";1;63;0x00000b31;40;0;0;10037630;15042309;422;10037913;0;CPUTHEFT
42107742299;2314444;"MAF";"INTERVAL";"PROBE";1;63;0x00000b31;41;44;60;121881345;180144653;18212;121884745;0;CPUTHEFT
42107742317;111;"SENS_C1";"INTERVAL";"PROBE";1;63;0x00000b31;41;0;2;1452;2042;440;1456;0;CPUTHEFT
42107742436;232;"LOC_C1";"INTERVAL";"PROBE";1;63;0x00000b31;41;0;0;4917;7301;500;4921;0;CPUTHEFT
42107742675;33;"LOC_C2";"INTERVAL";"PROBE";1;63;0x00000b31;41;0;0;650;900;116;654;0;CPUTHEFT
42107742717;312;"LOC_C3";"INTERVAL";"PROBE";1;63;0x00000b31;41;0;0;9813;13414;300;9817;0;CPUTHEFT
42107743038;45;"LOC_C4";"INTERVAL";"PROBE";1;63;0x00000b31;41;0;0;584;917;136;588;0;CPUTHEFT
42107743089;117456;"NEAR_P1";"INTERVAL";"PROBE";1;63;0x00000b31;41;13;4;6321512;9429728;1112;6321701;0;CPUTHEFT
42107860553;117386;"NEAR_P1";"INTERVAL";"PROBE";1;63;0x00000b31;41;5;7;6325168;9433764;368;6325357;0;CPUTHEFT
42107977949;85312;"NEAR_P1";"INTERVAL";"PROBE";1;63;0x00000b31;41;2;2;4243244;6078390;1472;4243342;0;CPUTHEFT
42108063273;117635;"NEAR_P1";"INTERVAL";"PROBE";1;63;0x00000b31;41;3;1;6323868;9422266;2389;6324069;0;CPUTHEFT
42108180917;117455;"NEAR_P1";"INTERVAL";"PROBE";1;63;0x00000b31;41;1;2;6324619;9431004;801;6324801;0;CPUTHEFT
42108298380;85233;"NEAR_P1";"INTERVAL";"PROBE";1;63;0x00000b31;41;2;1;4242373;6088168;415;4242469;0;CPUTHEFT
42108383620;117443;"NEAR_P1";"INTERVAL";"PROBE";1;63;0x00000b31;41;1;2;6324862;9429242;894;6325041;0;CPUTHEFT
42108501078;117443;"NEAR_P1";"INTERVAL";"PROBE";1;63;0x00000b31;41;1;2;6323260;9426989;1854;6323443;0;CPUTHEFT
42108618531;85204;"NEAR_P1";"INTERVAL";"PROBE";1;63;0x00000b31;41;1;1;4244227;6090407;488;4244325;0;CPUTHEFT
42108703744;117334;"NEAR_P1";"INTERVAL";"PROBE";1;63;0x00000b31;41;3;3;6324838;9429955;192;6325022;0;CPUTHEFT
42108821085;117489;"NEAR_P1";"INTERVAL";"PROBE";1;63;0x00000b31;41;2;3;6329690;9444830;288;6329887;0;CPUTHEFT
42108938581;85344;"NEAR_P1";"INTERVAL";"PROBE";1;63;0x00000b31;41;1;1;4245367;6092528;784;4245471;0;CPUTHEFT
42109023935;117381;"NEAR_P1";"INTERVAL";"PROBE";1;63;0x00000b31;41;1;0;6324177;9428715;417;6324365;0;CPUTHEFT
42109141323;117370;"NEAR_P1";"INTERVAL";"PROBE";1;63;0x00000b31;41;1;3;6325626;9424553;172;6325814;0;CPUTHEFT
42109258701;85172;"NEAR_P1";"INTERVAL";"PROBE";1;63;0x00000b31;41;2;2;4244384;6088855;72;4244477;0;CPUTHEFT
42109343880;117343;"NEAR_P1";"INTERVAL";"PROBE";1;63;0x00000b31;41;2;1;6325203;9431572;88;6325390;0;CPUTHEFT
42109461230;117429;"NEAR_P1";"INTERVAL";"PROBE";1;63;0x00000b31;41;0;2;6325105;9433129;422;6325297;0;CPUTHEFT
42109578671;85291;"NEAR_P1";"INTERVAL";"PROBE";1;63;0x00000b31;41;0;1;4243514;6088259;1388;4243608;0;CPUTHEFT
42109663971;117434;"NEAR_P1";"INTERVAL";"PROBE";1;63;0x00000b31;41;1;1;6323279;9430317;1444;6323468;0;CPUTHEFT
42109781413;117543;"NEAR_P1";"INTERVAL";"PROBE";1;63;0x00000b31;41;1;1;6326557;9432771;808;6326752;0;CPUTHEFT
42109898967;157768;"TRAJ_R1";"INTERVAL";"PROBE";1;63;0x00000b31;41;0;1;7836818;11536611;440;7837046;0;CPUTHEFT
42110061988;2343509;"MAF";"INTERVAL";"PROBE";1;63;0x00000b31;42;85;91;123800586;183280350;18733;123804063;0;CPUTHEFT
42110062013;113;"SENS_C1";"INTERVAL";"PROBE";1;63;0x00000b31;42;0;3;1454;2119;452;1458;0;CPUTHEFT
42110062134;229;"LOC_C1";"INTERVAL";"PROBE";1;63;0x00000b31;42;0;0;4921;7293;502;4925;0;CPUTHEFT
42110062370;33;"LOC_C2";"INTERVAL";"PROBE";1;63;0x00000b31;42;0;0;650;898;100;654;0;CPUTHEFT
42110062414;316;"LOC_C3";"INTERVAL";"PROBE";1;63;0x00000b31;42;0;0;9815;13443;308;9819;0;CPUTHEFT
42110062739;40;"LOC_C4";"INTERVAL";"PROBE";1;63;0x00000b31;42;0;0;585;886;116;589;0;CPUTHEFT
42110062785;117378;"NEAR_P1";"INTERVAL";"PROBE";1;63;0x00000b31;42;14;7;6312161;9409310;1562;6312296;0;CPUTHEFT
42110180170;117366;"NEAR_P1";"INTERVAL";"PROBE";1;63;0x00000b31;42;3;4;6324433;9430748;448;6324623;0;CPUTHEFT
42110297544;117328;"NEAR_P1";"INTERVAL";"PROBE";1;63;0x00000b31;42;4;3;6324912;9429980;184;6325095;0;CPUTHEFT
42110414888;85327;"NEAR_P1";"INTERVAL";"PROBE";1;63;0x00000b31;42;2;3;4248119;6096448;176;4248247;0;CPUTHEFT
42110500223;85380;"NEAR_P1";"INTERVAL";"PROBE";1;63;0x00000b31;42;3;0;4250156;6102751;340;4250293;0;CPUTHEFT
42110585620;149387;"NEAR_P1";"INTERVAL";"PROBE";1;63;0x00000b31;42;2;3;8395284;12756939;836;8395522;0;CPUTHEFT
42110735014;85171;"NEAR_P1";"INTERVAL";"PROBE";1;63;0x00000b31;42;5;5;4244120;6089903;72;4244216;0;CPUTHEFT
42110820192;117363;"NEAR_P1";"INTERVAL";"PROBE";1;63;0x00000b31;42;0;1;6322820;9426998;209;6323004;0;CPUTHEFT
42110937566;117377;"NEAR_P1";"INTERVAL";"PROBE";1;63;0x00000b31;42;1;2;6325380;9432065;64;6325574;0;CPUTHEFT
42111054950;85177;"NEAR_P1";"INTERVAL";"PROBE";1;63;0x00000b31;42;2;2;4244009;6089586;38;4244102;0;CPUTHEFT
42111140134;117427;"NEAR_P1";"INTERVAL";"PROBE";1;63;0x00000b31;42;3;3;6324798;9430901;1228;6324986;0;CPUTHEFT
42111257573;117432;"NEAR_P1";"INTERVAL";"PROBE";1;63;0x00000b31;42;1;1;6323085;9426984;1570;6323278;0;CPUTHEFT
42111375016;85444;"NEAR_P1";"INTERVAL";"PROBE";1;63;0x00000b31;42;3;1;4236797;6080159;2328;4236903;0;CPUTHEFT
42111460472;117854;"NEAR_P1";"INTERVAL";"PROBE";1;63;0x00000b31;42;4;3;6321224;9431925;2911;6321449;0;CPUTHEFT
42111578338;85551;"NEAR_P1";"INTERVAL";"PROBE";1;63;0x00000b31;42;4;5;4248827;6090545;1004;4248970;0;CPUTHEFT
42111663898;117476;"NEAR_P1";"INTERVAL";"PROBE";1;63;0x00000b31;42;16;7;6314051;9411834;1799;6314200;0;CPUTHEFT
42111781383;85437;"NEAR_P1";"INTERVAL";"PROBE";1;63;0x00000b31;42;5;6;4250864;6104040;478;4251011;0;CPUTHEFT
42111866828;117358;"NEAR_P1";"INTERVAL";"PROBE";1;63;0x00000b31;42;4;8;6324964;9430551;220;6325151;0;CPUTHEFT
42111984193;85190;"NEAR_P1";"INTERVAL";"PROBE";1;63;0x00000b31;42;3;0;4243656;6086091;196;4243750;0;CPUTHEFT
42112069390;117371;"NEAR_P1";"INTERVAL";"PROBE";1;63;0x00000b31;42;3;4;6325047;9430046;348;6325232;0;CPUTHEFT
42112186771;218717;"TRAJ_R1";"INTERVAL";"PROBE";1;63;0x00000b31;42;1;2;11862221;18040179;812;11862557;0;CPUTHEFT
42112410657;2308277;"MAF";"INTERVAL";"PROBE";1;63;0x00000b31;43;53;57;121631293;179770650;17248;121634671;0;CPUTHEFT
42112410676;114;"SENS_C1";"INTERVAL";"PROBE";1;63;0x00000b31;43;0;4;1452;2078;452;1456;0;CPUTHEFT
42112410799;234;"LOC_C1";"INTERVAL";"PROBE";1;63;0x00000b31;43;1;0;4906;7209;496;4910;0;CPUTHEFT
42112411040;35;"LOC_C2";"INTERVAL";"PROBE";1;63;0x00000b31;43;0;0;650;885;120;654;0;CPUTHEFT
42112411084;312;"LOC_C3";"INTERVAL";"PROBE";1;63;0x00000b31;43;0;0;9810;13436;308;9814;0;CPUTHEFT
42112411405;44;"LOC_C4";"INTERVAL";"PROBE";1;63;0x00000b31;43;0;0;584;901;128;588;0;CPUTHEFT
42112411455;117664;"NEAR_P1";"INTERVAL";"PROBE";1;63;0x00000b31;43;15;9;6319687;9426004;2870;6319872;0;CPUTHEFT
42112529129;85498;"NEAR_P1";"INTERVAL";"PROBE";1;63;0x00000b31;43;4;1;4242822;6085335;1878;4242914;0;CPUTHEFT
42112614634;85414;"NEAR_P1";"INTERVAL";"PROBE";1;63;0x00000b31;43;1;2;4248845;6099674;600;4248985;0;CPUTHEFT
42112700056;117431;"NEAR_P1";"INTERVAL";"PROBE";1;63;0x00000b31;43;2;2;6323831;9431391;965;6324022;0;CPUTHEFT
42112817502;85319;"NEAR_P1";"INTERVAL";"PROBE";1;63;0x00000b31;43;2;1;4243282;6085843;1528;4243379;0;CPUTHEFT
42112902832;149406;"NEAR_P1";"INTERVAL";"PROBE";1;63;0x00000b31;43;2;0;8399184;12760318;988;8399421;0;CPUTHEFT
42113052246;117491;"NEAR_P1";"INTERVAL";"PROBE";1;63;0x00000b31;43;2;2;6326555;9424285;668;6326748;0;CPUTHEFT
42113169746;53200;"NEAR_P1";"INTERVAL";"PROBE";1;63;0x00000b31;43;2;1;2168804;2756678;144;2168850;0;CPUTHEFT
42113222973;117381;"NEAR_P1";"INTERVAL";"PROBE";1;63;0x00000b31;43;2;2;6323536;9421562;236;6323726;0;CPUTHEFT
42113340362;149368;"NEAR_P1";"INTERVAL";"PROBE";1;63;0x00000b31;43;1;1;8398909;12761135;254;8399136;0;CPUTHEFT
42113489737;85192;"NEAR_P1";"INTERVAL";"PROBE";1;63;0x00000b31;43;3;2;4242879;6086353;340;4242975;0;CPUTHEFT
42113574937;117432;"NEAR_P1";"INTERVAL";"PROBE";1;63;0x00000b31;43;1;1;6326234;9422950;353;6326423;0;CPUTHEFT
42113692379;85507;"NEAR_P1";"INTERVAL";"PROBE";1;63;0x00000b31;43;0;2;4253902;6109305;280;4254070;0;CPUTHEFT
42113777894;85202;"NEAR_P1";"INTERVAL";"PROBE";1;63;0x00000b31;43;2;1;4243594;6087079;684;4243690;0;CPUTHEFT
42113863104;117326;"NEAR_P1";"INTERVAL";"PROBE";1;63;0x00000b31;43;2;3;6325165;9430513;164;6325357;0;CPUTHEFT
42113980437;149371;"NEAR_P1";"INTERVAL";"PROBE";1;63;0x00000b31;43;4;4;8396034;12757064;364;8396274;0;CPUTHEFT
42114129815;85206;"NEAR_P1";"INTERVAL";"PROBE";1;63;0x00000b31;43;2;2;4242961;6084690;75;4243054;0;CPUTHEFT
42114215029;117350;"NEAR_P1";"INTERVAL";"PROBE";1;63;0x00000b31;43;1;1;6324885;9412800;81;6325074;0;CPUTHEFT
42114332387;117422;"NEAR_P1";"INTERVAL";"PROBE";1;63;0x00000b31;43;0;1;6324566;9428186;900;6324758;0;CPUTHEFT
42114449822;85295;"NEAR_P1";"INTERVAL";"PROBE";1;63;0x00000b31;43;1;2;4243340;6085614;1492;4243434;0;CPUTHEFT
42114535129;183797;"TRAJ_R1";"INTERVAL";"PROBE";1;63;0x00000b31;43;0;0;9678645;14561398;464;9678930;0;CPUTHEFT
42114724089;2307925;"MAF";"INTERVAL";"PROBE";1;63;0x00000b31;44;54;56;121531780;180215995;15630;121535195;0;CPUTHEFT
42114724115;119;"SENS_C1";"INTERVAL";"PROBE";1;63;0x00000b31;44;0;3;1457;2124;452;1461;0;CPUTHEFT
42114724243;232;"LOC_C1";"INTERVAL";"PROBE";1;63;0x00000b31;44;1;0;4921;7305;514;4925;0;CPUTHEFT
42114724483;34;"LOC_C2";"INTERVAL";"PROBE";1;63;0x00000b31;44;0;0;650;900;120;654;0;CPUTHEFT
42114724526;310;"LOC_C3";"INTERVAL";"PROBE";1;63;0x00000b31;44;0;0;9813;13535;316;9817;0;CPUTHEFT
42114724845;42;"LOC_C4";"INTERVAL";"PROBE";1;63;0x00000b31;44;0;0;585;898;116;589;0;CPUTHEFT
42114724893;117761;"NEAR_P1";"INTERVAL";"PROBE";1;63;0x00000b31;44;11;3;6321892;9456424;2691;6322081;0;CPUTHEFT
42114842661;85581;"NEAR_P1";"INTERVAL";"PROBE";1;63;0x00000b31;44;5;1;4249427;6124966;720;4249569;0;CPUTHEFT
42114928251;85299;"NEAR_P1";"INTERVAL";"PROBE";1;63;0x00000b31;44;3;5;4243944;6112575;141;4244042;0;CPUTHEFT
42115013557;149476;"NEAR_P1";"INTERVAL";"PROBE";1;63;0x00000b31;44;3;4;8397807;12774828;377;8398034;0;CPUTHEFT
42115163040;117486;"NEAR_P1";"INTERVAL";"PROBE";1;63;0x00000b31;44;3;5;6325319;9456423;160;6325511;0;CPUTHEFT
42115280534;53450;"NEAR_P1";"INTERVAL";"PROBE";1;63;0x00000b31;44;3;0;2172736;2788220;176;2172797;0;CPUTHEFT
42115333991;149493;"NEAR_P1";"INTERVAL";"PROBE";1;63;0x00000b31;44;1;2;8400565;12786934;800;8400795;0;CPUTHEFT
42115483493;117452;"NEAR_P1";"INTERVAL";"PROBE";1;63;0x00000b31;44;2;3;6325346;9457501;224;6325536;0;CPUTHEFT
42115600953;85480;"NEAR_P1";"INTERVAL";"PROBE";1;63;0x00000b31;44;2;1;4247217;6123368;368;4247324;0;CPUTHEFT
42115686456;85480;"NEAR_P1";"INTERVAL";"PROBE";1;63;0x00000b31;44;2;1;4249773;6123796;97;4249915;0;CPUTHEFT
42115771943;117455;"NEAR_P1";"INTERVAL";"PROBE";1;63;0x00000b31;44;2;2;6322594;9452150;261;6322784;0;CPUTHEFT
42115889406;85278;"NEAR_P1";"INTERVAL";"PROBE";1;63;0x00000b31;44;2;1;4243406;6111407;93;4243501;0;CPUTHEFT
42115974693;149557;"NEAR_P1";"INTERVAL";"PROBE";1;63;0x00000b31;44;0;1;8399944;12789320;2184;8400179;0;CPUTHEFT
42116124262;117633;"NEAR_P1";"INTERVAL";"PROBE";1;63;0x00000b31;44;0;2;6322797;9453242;1456;6322985;0;CPUTHEFT
42116241902;85344;"NEAR_P1";"INTERVAL";"PROBE";1;63;0x00000b31;44;1;1;4243941;6111142;300;4244039;0;CPUTHEFT
42116327254;117515;"NEAR_P1";"INTERVAL";"PROBE";1;63;0x00000b31;44;2;1;6325086;9456968;184;6325272;0;CPUTHEFT
42116444776;117644;"NEAR_P1";"INTERVAL";"PROBE";1;63;0x00000b31;44;2;2;6323907;9457372;1245;6324105;0;CPUTHEFT
42116562429;85407;"NEAR_P1";"INTERVAL";"PROBE";1;63;0x00000b31;44;1;0;4243473;6110372;918;4243571;0;CPUTHEFT
42116647844;117591;"NEAR_P1";"INTERVAL";"PROBE";1;63;0x00000b31;44;2;1;6324061;9453396;653;6324245;0;CPUTHEFT
42116765444;85505;"NEAR_P1";"INTERVAL";"PROBE";1;63;0x00000b31;44;3;3;4249897;6125780;156;4250035;0;CPUTHEFT
42116850958;148886;"TRAJ_R1";"INTERVAL";"PROBE";1;63;0x00000b31;44;0;0;7484548;11095414;432;7484736;0;CPUTHEFT
42117037226;2302798;"MAF";"INTERVAL";"PROBE";1;63;0x00000b31;45;58;50;121419220;179523326;14419;121422588;0;CPUTHEFT
42117037249;123;"SENS_C1";"INTERVAL";"PROBE";1;63;0x00000b31;45;0;0;1451;2083;472;1455;0;CPUTHEFT
42117037380;235;"LOC_C1";"INTERVAL";"PROBE";1;63;0x00000b31;45;1;0;4912;7284;532;4916;0;CPUTHEFT
42117037621;36;"LOC_C2";"INTERVAL";"PROBE";1;63;0x00000b31;45;0;0;650;905;112;654;0;CPUTHEFT
42117037666;589;"LOC_C3";"INTERVAL";"PROBE";1;63;0x00000b31;45;10;0;10722;15865;1408;10733;0;CPUTHEFT
42117038265;43;"LOC_C4";"INTERVAL";"PROBE";1;63;0x00000b31;45;0;0;584;898;128;588;0;CPUTHEFT
42117038314;117359;"NEAR_P1";"INTERVAL";"PROBE";1;63;0x00000b31;45;12;7;6314236;9413894;2508;6314373;0;CPUTHEFT
42117155681;117387;"NEAR_P1";"INTERVAL";"PROBE";1;63;0x00000b31;45;6;4;6324652;9423954;360;6324840;0;CPUTHEFT
42117273076;117476;"NEAR_P1";"INTERVAL";"PROBE";1;63;0x00000b31;45;1;1;6325258;9435774;364;6325456;0;CPUTHEFT
42117390560;85205;"NEAR_P1";"INTERVAL";"PROBE";1;63;0x00000b31;45;0;2;4243663;6088814;108;4243759;0;CPUTHEFT
42117475772;117402;"NEAR_P1";"INTERVAL";"PROBE";1;63;0x00000b31;45;1;1;6323393;9430632;451;6323579;0;CPUTHEFT
42117593184;117565;"NEAR_P1";"INTERVAL";"PROBE";1;63;0x00000b31;45;2;2;6324335;9431086;2234;6324520;0;CPUTHEFT
42117710760;85230;"NEAR_P1";"INTERVAL";"PROBE";1;63;0x00000b31;45;2;1;4243252;6086908;1076;4243348;0;CPUTHEFT
42117795998;117396;"NEAR_P1";"INTERVAL";"PROBE";1;63;0x00000b31;45;0;1;6324733;9428518;336;6324918;0;CPUTHEFT
42117913402;117371;"NEAR_P1";"INTERVAL";"PROBE";1;63;0x00000b31;45;0;1;6324217;9428553;172;6324405;0;CPUTHEFT
42118030781;85199;"NEAR_P1";"INTERVAL";"PROBE";1;63;0x00000b31;45;2;1;4243874;6085952;128;4243967;0;CPUTHEFT
42118115987;117482;"NEAR_P1";"INTERVAL";"PROBE";1;63;0x00000b31;45;2;2;6326854;9434833;416;6327052;0;CPUTHEFT
42118233478;117356;"NEAR_P1";"INTERVAL";"PROBE";1;63;0x00000b31;45;2;1;6325177;9432701;172;6325360;0;CPUTHEFT
42118350843;85247;"NEAR_P1";"INTERVAL";"PROBE";1;63;0x00000b31;45;2;1;4243049;6086587;201;4243145;0;CPUTHEFT
42118436097;85570;"NEAR_P1";"INTERVAL";"PROBE";1;63;0x00000b31;45;2;2;4253667;6109994;332;4253828;0;CPUTHEFT
42118521675;117405;"NEAR_P1";"INTERVAL";"PROBE";1;63;0x00000b31;45;2;2;6324177;9428452;428;6324365;0;CPUTHEFT
42118639094;85205;"NEAR_P1";"INTERVAL";"PROBE";1;63;0x00000b31;45;1;0;4243771;6086080;288;4243867;0;CPUTHEFT
42118724307;117358;"NEAR_P1";"INTERVAL";"PROBE";1;63;0x00000b31;45;1;2;6325212;9428259;68;6325395;0;CPUTHEFT
42118841673;117348;"NEAR_P1";"INTERVAL";"PROBE";1;63;0x00000b31;45;1;2;6324961;9429472;102;6325151;0;CPUTHEFT
42118959029;117187;"NEAR_P1";"INTERVAL";"PROBE";1;63;0x00000b31;45;2;1;6314856;9405475;316;6315007;0;CPUTHEFT
42119076223;117394;"NEAR_P1";"INTERVAL";"PROBE";1;63;0x00000b31;45;0;1;6325168;9431196;459;6325359;0;CPUTHEFT
42119193635;146379;"TRAJ_R1";"INTERVAL";"PROBE";1;63;0x00000b31;45;0;1;7386157;10941496;904;7386383;0;CPUTHEFT
42119345201;2300232;"MAF";"INTERVAL";"PROBE";1;63;0x00000b31;46;58;81;121316851;179364910;16316;121320180;0;CPUTHEFT
42119345227;119;"SENS_C1";"INTERVAL";"PROBE";1;63;0x00000b31;46;0;1;1454;2090;452;1458;0;CPUTHEFT
42119345355;228;"LOC_C1";"INTERVAL";"PROBE";1;63;0x00000b31;46;1;1;4925;7420;522;4929;0;CPUTHEFT
42119345591;40;"LOC_C2";"INTERVAL";"PROBE";1;63;0x00000b31;46;0;0;650;925;136;654;0;CPUTHEFT
42119345640;310;"LOC_C3";"INTERVAL";"PROBE";1;63;0x00000b31;46;0;0;9803;13550;324;9807;0;CPUTHEFT
42119345961;44;"LOC_C4";"INTERVAL";"PROBE";1;63;0x00000b31;46;0;0;585;898;124;589;0;CPUTHEFT
42119346011;117398;"NEAR_P1";"INTERVAL";"PROBE";1;63;0x00000b31;46;13;4;6312485;9410152;3278;6312618;0;CPUTHEFT
42119463420;117364;"NEAR_P1";"INTERVAL";"PROBE";1;63;0x00000b31;46;3;4;6324892;9430847;704;6325079;0;CPUTHEFT
42119580791;117352;"NEAR_P1";"INTERVAL";"PROBE";1;63;0x00000b31;46;2;2;6325120;9429584;160;6325309;0;CPUTHEFT
42119698151;85273;"NEAR_P1";"INTERVAL";"PROBE";1;63;0x00000b31;46;2;4;4245375;6089625;250;4245472;0;CPUTHEFT
42119783432;117485;"NEAR_P1";"INTERVAL";"PROBE";1;63;0x00000b31;46;4;5;6326213;9436335;635;6326412;0;CPUTHEFT
42119900924;117384;"NEAR_P1";"INTERVAL";"PROBE";1;63;0x00000b31;46;2;1;6324090;9430134;496;6324278;0;CPUTHEFT
42120018315;85384;"NEAR_P1";"INTERVAL";"PROBE";1;63;0x00000b31;46;2;0;4247143;6095574;385;4247266;0;CPUTHEFT
42120103707;85369;"NEAR_P1";"INTERVAL";"PROBE";1;63;0x00000b31;46;1;2;4249372;6098853;284;4249495;0;CPUTHEFT
42120189083;117427;"NEAR_P1";"INTERVAL";"PROBE";1;63;0x00000b31;46;2;3;6324647;9431085;665;6324832;0;CPUTHEFT
42120306517;85236;"NEAR_P1";"INTERVAL";"PROBE";1;63;0x00000b31;46;3;6;4244165;6085959;84;4244258;0;CPUTHEFT
42120391760;117333;"NEAR_P1";"INTERVAL";"PROBE";1;63;0x00000b31;46;2;4;6325396;9428984;40;6325583;0;CPUTHEFT
42120509108;117574;"NEAR_P1";"INTERVAL";"PROBE";1;63;0x00000b31;46;2;7;6323272;9427021;1477;6323461;0;CPUTHEFT
42120626692;149431;"NEAR_P1";"INTERVAL";"PROBE";1;63;0x00000b31;46;4;5;8394537;12742186;894;8394783;0;CPUTHEFT
42120776135;85317;"NEAR_P1";"INTERVAL";"PROBE";1;63;0x00000b31;46;2;1;4242530;6076443;1559;4242623;0;CPUTHEFT
42120861464;85467;"NEAR_P1";"INTERVAL";"PROBE";1;63;0x00000b31;46;2;1;4248186;6087192;1551;4248313;0;CPUTHEFT
42120946940;117406;"NEAR_P1";"INTERVAL";"PROBE";1;63;0x00000b31;46;1;2;6324555;9432800;492;6324741;0;CPUTHEFT
42121064353;85211;"NEAR_P1";"INTERVAL";"PROBE";1;63;0x00000b31;46;0;1;4243967;6075407;212;4244060;0;CPUTHEFT
42121149571;149356;"NEAR_P1";"INTERVAL";"PROBE";1;63;0x00000b31;46;1;5;8400450;12762905;204;8400675;0;CPUTHEFT
42121298935;117343;"NEAR_P1";"INTERVAL";"PROBE";1;63;0x00000b31;46;3;3;6325358;9431359;165;6325548;0;CPUTHEFT
42121416286;85352;"NEAR_P1";"INTERVAL";"PROBE";1;63;0x00000b31;46;1;3;4245743;6093310;368;4245846;0;CPUTHEFT
42121501648;143775;"TRAJ_R1";"INTERVAL";"PROBE";1;63;0x00000b31;46;0;1;7285703;10816752;507;7285930;0;CPUTHEFT
42121650637;2290511;"MAF";"INTERVAL";"PROBE";1;63;0x00000b31;47;82;74;120891398;178814541;19346;120894833;0;CPUTHEFT
42121650660;119;"SENS_C1";"INTERVAL";"PROBE";1;63;0x00000b31;47;0;2;1452;2083;456;1456;0;CPUTHEFT
42121650788;230;"LOC_C1";"INTERVAL";"PROBE";1;63;0x00000b31;47;0;0;4923;7430;492;4927;0;CPUTHEFT
42121651026;32;"LOC_C2";"INTERVAL";"PROBE";1;63;0x00000b31;47;0;0;650;900;104;654;0;CPUTHEFT
42121651068;313;"LOC_C3";"INTERVAL";"PROBE";1;63;0x00000b31;47;0;0;9795;13363;308;9799;0;CPUTHEFT
42121651390;42;"LOC_C4";"INTERVAL";"PROBE";1;63;0x00000b31;47;0;0;584;916;124;588;0;CPUTHEFT
42121651438;149585;"NEAR_P1";"INTERVAL";"PROBE";1;63;0x00000b31;47;12;4;8391742;12757151;2188;8391998;0;CPUTHEFT
42121801036;53246;"NEAR_P1";"INTERVAL";"PROBE";1;63;0x00000b31;47;4;1;2169080;2754128;1196;2169128;0;CPUTHEFT
42121854289;117340;"NEAR_P1";"INTERVAL";"PROBE";1;63;0x00000b31;47;4;4;6325247;9419440;260;6325449;0;CPUTHEFT
42121971636;117333;"NEAR_P1";"INTERVAL";"PROBE";1;63;0x00000b31;47;3;3;6325137;9431192;76;6325329;0;CPUTHEFT
42122088977;117180;"NEAR_P1";"INTERVAL";"PROBE";1;63;0x00000b31;47;1;2;6320559;9419965;60;6320696;0;CPUTHEFT
42122206164;117438;"NEAR_P1";"INTERVAL";"PROBE";1;63;0x00000b31;47;2;1;6327067;9438321;264;6327267;0;CPUTHEFT
42122323610;85397;"NEAR_P1";"INTERVAL";"PROBE";1;63;0x00000b31;47;2;2;4248758;6096566;385;4248895;0;CPUTHEFT
42122409021;85261;"NEAR_P1";"INTERVAL";"PROBE";1;63;0x00000b31;47;1;1;4243680;6087183;1497;4243774;0;CPUTHEFT
42122494295;149737;"NEAR_P1";"INTERVAL";"PROBE";1;63;0x00000b31;47;12;7;8399914;12759598;2442;8400146;0;CPUTHEFT
42122644043;117382;"NEAR_P1";"INTERVAL";"PROBE";1;63;0x00000b31;47;5;5;6325232;9429763;320;6325423;0;CPUTHEFT
42122761433;85256;"NEAR_P1";"INTERVAL";"PROBE";1;63;0x00000b31;47;2;2;4243968;6086476;301;4244065;0;CPUTHEFT
42122846697;117389;"NEAR_P1";"INTERVAL";"PROBE";1;63;0x00000b31;47;2;2;6323582;9422212;304;6323772;0;CPUTHEFT
42122964093;117377;"NEAR_P1";"INTERVAL";"PROBE";1;63;0x00000b31;47;2;0;6324447;9427437;152;6324634;0;CPUTHEFT
42123081478;85320;"NEAR_P1";"INTERVAL";"PROBE";1;63;0x00000b31;47;0;3;4245080;6090770;396;4245184;0;CPUTHEFT
42123166806;117367;"NEAR_P1";"INTERVAL";"PROBE";1;63;0x00000b31;47;2;2;6325168;9430213;188;6325358;0;CPUTHEFT
42123284181;117404;"NEAR_P1";"INTERVAL";"PROBE";1;63;0x00000b31;47;2;3;6324074;9426138;387;6324265;0;CPUTHEFT
42123401592;85236;"NEAR_P1";"INTERVAL";"PROBE";1;63;0x00000b31;47;6;3;4228399;6064059;1749;4228520;0;CPUTHEFT
42123486836;117612;"NEAR_P1";"INTERVAL";"PROBE";1;63;0x00000b31;47;7;7;6315152;9419674;2807;6315364;0;CPUTHEFT
42123604457;117539;"NEAR_P1";"INTERVAL";"PROBE";1;63;0x00000b31;47;4;3;6318130;9420527;1501;6318335;0;CPUTHEFT
42123722004;85262;"NEAR_P1";"INTERVAL";"PROBE";1;63;0x00000b31;47;1;3;4244017;6089995;416;4244115;0;CPUTHEFT
42123807275;133865;"TRAJ_R1";"INTERVAL";"PROBE";1;63;0x00000b31;47;2;0;6889339;10291555;621;6889544;0;CPUTHEFT
42123978229;2203703;"MAF";"INTERVAL";"PROBE";1;63;0x00000b31;48;36;54;115864532;171025099;21362;115867694;0;CPUTHEFT
42123978252;124;"SENS_C1";"INTERVAL";"PROBE";1;63;0x00000b31;48;0;1;1454;2070;488;1458;0;CPUTHEFT
42123978385;261;"LOC_C1";"INTERVAL";"PROBE";1;63;0x00000b31;48;0;1;4909;7267;616;4913;0;CPUTHEFT
42123978652;35;"LOC_C2";"INTERVAL";"PROBE";1;63;0x00000b31;48;0;0;650;911;116;654;0;CPUTHEFT
42123978697;310;"LOC_C3";"INTERVAL";"PROBE";1;63;0x00000b31;48;0;0;9803;13487;304;9807;0;CPUTHEFT
42123979016;43;"LOC_C4";"INTERVAL";"PROBE";1;63;0x00000b31;48;0;0;586;902;124;590;0;CPUTHEFT
42123979065;85411;"NEAR_P1";"INTERVAL";"PROBE";1;63;0x00000b31;48;6;2;4237348;6077720;3877;4237443;0;CPUTHEFT
42124064490;117568;"NEAR_P1";"INTERVAL";"PROBE";1;63;0x00000b31;48;2;4;6321153;9428254;2802;6321336;0;CPUTHEFT
42124182067;117431;"NEAR_P1";"INTERVAL";"PROBE";1;63;0x00000b31;48;1;1;6323544;9427672;1104;6323730;0;CPUTHEFT
42124299506;85265;"NEAR_P1";"INTERVAL";"PROBE";1;63;0x00000b31;48;1;2;4244266;6086390;472;4244364;0;CPUTHEFT
42124384778;117379;"NEAR_P1";"INTERVAL";"PROBE";1;63;0x00000b31;48;2;1;6325095;9433272;244;6325280;0;CPUTHEFT
42124502165;117461;"NEAR_P1";"INTERVAL";"PROBE";1;63;0x00000b31;48;1;2;6324982;9428852;1804;6325166;0;CPUTHEFT
42124619636;85314;"NEAR_P1";"INTERVAL";"PROBE";1;63;0x00000b31;48;1;2;4244137;6089183;1096;4244232;0;CPUTHEFT
42124704957;117532;"NEAR_P1";"INTERVAL";"PROBE";1;63;0x00000b31;48;1;2;6326915;9436029;770;6327107;0;CPUTHEFT
42124822497;117475;"NEAR_P1";"INTERVAL";"PROBE";1;63;0x00000b31;48;2;1;6328430;9441874;268;6328633;0;CPUTHEFT
42124939979;85253;"NEAR_P1";"INTERVAL";"PROBE";1;63;0x00000b31;48;2;2;4243203;6088030;740;4243295;0;CPUTHEFT
42125025245;117412;"NEAR_P1";"INTERVAL";"PROBE";1;63;0x00000b31;48;2;0;6325212;9431310;523;6325396;0;CPUTHEFT
42125142687;117335;"NEAR_P1";"INTERVAL";"PROBE";1;63;0x00000b31;48;2;2;6325581;9431132;144;6325768;0;CPUTHEFT
42125260030;85195;"NEAR_P1";"INTERVAL";"PROBE";1;63;0x00000b31;48;0;2;4244503;6088724;24;4244599;0;CPUTHEFT
42125345232;117356;"NEAR_P1";"INTERVAL";"PROBE";1;63;0x00000b31;48;2;0;6325641;9432333;88;6325831;0;CPUTHEFT
42125462597;117403;"NEAR_P1";"INTERVAL";"PROBE";1;63;0x00000b31;48;2;1;6325227;9433488;254;6325415;0;CPUTHEFT
42125580009;85459;"NEAR_P1";"INTERVAL";"PROBE";1;63;0x00000b31;48;1;2;4243344;6087641;1962;4243448;0;CPUTHEFT
42125665477;117522;"NEAR_P1";"INTERVAL";"PROBE";1;63;0x00000b31;48;1;3;6322565;9427421;1588;6322757;0;CPUTHEFT
42125783007;85542;"NEAR_P1";"INTERVAL";"PROBE";1;63;0x00000b31;48;2;1;4248210;6098213;496;4248343;0;CPUTHEFT
42125868557;117201;"NEAR_P1";"INTERVAL";"PROBE";1;63;0x00000b31;48;1;2;6314591;9414209;442;6314732;0;CPUTHEFT
42125985767;117386;"NEAR_P1";"INTERVAL";"PROBE";1;63;0x00000b31;48;2;1;6325317;9433260;188;6325509;0;CPUTHEFT
42126103163;78761;"TRAJ_R1";"INTERVAL";"PROBE";1;63;0x00000b31;48;0;1;3911636;5757874;428;3911732;0;CPUTHEFT
42126187303;2235804;"MAF";"INTERVAL";"PROBE";1;63;0x00000b31;49;55;54;117988628;174392573;12985;117991847;0;CPUTHEFT
42126187325;116;"SENS_C1";"INTERVAL";"PROBE";1;63;0x00000b31;49;0;1;1452;2059;440;1456;0;CPUTHEFT
42126187449;233;"LOC_C1";"INTERVAL";"PROBE";1;63;0x00000b31;49;1;0;4920;7322;513;4924;0;CPUTHEFT
42126187690;34;"LOC_C2";"INTERVAL";"PROBE";1;63;0x00000b31;49;0;0;650;912;120;654;0;CPUTHEFT
42126187734;311;"LOC_C3";"INTERVAL";"PROBE";1;63;0x00000b31;49;0;0;9803;13420;312;9807;0;CPUTHEFT
42126188055;43;"LOC_C4";"INTERVAL";"PROBE";1;63;0x00000b31;49;0;0;585;914;128;589;0;CPUTHEFT
42126188104;117244;"NEAR_P1";"INTERVAL";"PROBE";1;63;0x00000b31;49;9;1;6314065;9410950;1336;6314202;0;CPUTHEFT
42126305356;117403;"NEAR_P1";"INTERVAL";"PROBE";1;63;0x00000b31;49;4;2;6325136;9433128;344;6325319;0;CPUTHEFT
42126422766;117605;"NEAR_P1";"INTERVAL";"PROBE";1;63;0x00000b31;49;1;3;6331303;9443735;532;6331514;0;CPUTHEFT
42126540378;85196;"NEAR_P1";"INTERVAL";"PROBE";1;63;0x00000b31;49;2;2;4243517;6083128;492;4243611;0;CPUTHEFT
42126625583;117370;"NEAR_P1";"INTERVAL";"PROBE";1;63;0x00000b31;49;2;2;6323476;9428214;428;6323662;0;CPUTHEFT
42126742960;117316;"NEAR_P1";"INTERVAL";"PROBE";1;63;0x00000b31;49;2;2;6324924;9430654;80;6325108;0;CPUTHEFT
42126860301;85159;"NEAR_P1";"INTERVAL";"PROBE";1;63;0x00000b31;49;2;0;4244163;6089015;44;4244257;0;CPUTHEFT
42126945467;117348;"NEAR_P1";"INTERVAL";"PROBE";1;63;0x00000b31;49;1;2;6324146;9417870;215;6324338;0;CPUTHEFT
42127062823;117363;"NEAR_P1";"INTERVAL";"PROBE";1;63;0x00000b31;49;1;0;6324756;9430615;273;6324943;0;CPUTHEFT
42127180199;85259;"NEAR_P1";"INTERVAL";"PROBE";1;63;0x00000b31;49;0;1;4243940;6088733;1300;4244032;0;CPUTHEFT
42127265468;117649;"NEAR_P1";"INTERVAL";"PROBE";1;63;0x00000b31;49;2;0;6324656;9430515;1784;6324851;0;CPUTHEFT
42127383127;117395;"NEAR_P1";"INTERVAL";"PROBE";1;63;0x00000b31;49;1;2;6323879;9428296;386;6324072;0;CPUTHEFT
42127500531;85192;"NEAR_P1";"INTERVAL";"PROBE";1;63;0x00000b31;49;0;1;4244047;6087016;190;4244142;0;CPUTHEFT
42127585730;117396;"NEAR_P1";"INTERVAL";"PROBE";1;63;0x00000b31;49;2;2;6325271;9428985;164;6325456;0;CPUTHEFT
42127703133;117339;"NEAR_P1";"INTERVAL";"PROBE";1;63;0x00000b31;49;2;2;6325378;9428260;172;6325567;0;CPUTHEFT
42127820479;85169;"NEAR_P1";"INTERVAL";"PROBE";1;63;0x00000b31;49;0;1;4244016;6087780;208;4244112;0;CPUTHEFT
42127905656;117406;"NEAR_P1";"INTERVAL";"PROBE";1;63;0x00000b31;49;2;2;6326152;9435606;264;6326343;0;CPUTHEFT
42128023071;117425;"NEAR_P1";"INTERVAL";"PROBE";1;63;0x00000b31;49;2;2;6327162;9438344;216;6327353;0;CPUTHEFT
42128140503;85505;"NEAR_P1";"INTERVAL";"PROBE";1;63;0x00000b31;49;9;8;4242314;6086360;1865;4242415;0;CPUTHEFT
42128226019;117339;"NEAR_P1";"INTERVAL";"PROBE";1;63;0x00000b31;49;7;3;6323498;9424377;489;6323684;0;CPUTHEFT
42128343368;79730;"TRAJ_R1";"INTERVAL";"PROBE";1;63;0x00000b31;49;0;1;3949188;5808561;378;3949279;0;CPUTHEFT
42128460457;1598836;"MAF";"INTERVAL";"PROBE";1;63;0x00000b31;50;99;75;76487422;108228285;15920;76489565;0;CPUTHEFT
42128460475;112;"SENS_C1";"INTERVAL";"PROBE";1;63;0x00000b31;50;0;3;1455;2058;432;1459;0;CPUTHEFT
42128460595;229;"LOC_C1";"INTERVAL";"PROBE";1;63;0x00000b31;50;0;1;4919;7214;494;4923;0;CPUTHEFT
42128460832;31;"LOC_C2";"INTERVAL";"PROBE";1;63;0x00000b31;50;0;0;650;911;96;654;0;CPUTHEFT
42128460872;313;"LOC_C3";"INTERVAL";"PROBE";1;63;0x00000b31;50;0;0;9806;13484;304;9810;0;CPUTHEFT
42128461196;50;"LOC_C4";"INTERVAL";"PROBE";1;63;0x00000b31;50;0;0;586;905;128;590;0;CPUTHEFT
42128461252;85263;"NEAR_P1";"INTERVAL";"PROBE";1;63;0x00000b31;50;8;1;4240689;6087708;1176;4240781;0;CPUTHEFT
42128546523;117551;"NEAR_P1";"INTERVAL";"PROBE";1;63;0x00000b31;50;2;1;6321281;9427961;1301;6321473;0;CPUTHEFT
42128664082;117426;"NEAR_P1";"INTERVAL";"PROBE";1;63;0x00000b31;50;0;4;6324648;9432245;494;6324841;0;CPUTHEFT
42128781520;85274;"NEAR_P1";"INTERVAL";"PROBE";1;63;0x00000b31;50;2;2;4243547;6087603;1540;4243639;0;CPUTHEFT
42128866803;117673;"NEAR_P1";"INTERVAL";"PROBE";1;63;0x00000b31;50;4;4;6325050;9438538;2107;6325248;0;CPUTHEFT
42128984485;117527;"NEAR_P1";"INTERVAL";"PROBE";1;63;0x00000b31;50;3;3;6323401;9456018;528;6323592;0;CPUTHEFT
42129102021;85312;"NEAR_P1";"INTERVAL";"PROBE";1;63;0x00000b31;50;0;2;4243620;6113994;158;4243711;0;CPUTHEFT
42129187341;117505;"NEAR_P1";"INTERVAL";"PROBE";1;63;0x00000b31;50;0;2;6325055;9457533;234;6325240;0;CPUTHEFT
42129304854;117509;"NEAR_P1";"INTERVAL";"PROBE";1;63;0x00000b31;50;0;2;6324866;9455808;212;6325053;0;CPUTHEFT
42129422371;54051;"NEAR_P1";"INTERVAL";"PROBE";1;63;0x00000b31;50;45;22;2177611;2801709;2180;2177716;0;CPUTHEFT
42129476429;54109;"NEAR_P1";"INTERVAL";"PROBE";1;63;0x00000b31;50;22;12;2178966;2801448;2527;2178825;0;CPUTHEFT
42129530545;53456;"NEAR_P1";"INTERVAL";"PROBE";1;63;0x00000b31;50;4;5;2174289;2792564;64;2174376;0;NOSTRESS
42129584008;53309;"NEAR_P1";"INTERVAL";"PROBE";1;63;0x00000b31;50;4;1;2168876;2780802;76;2168924;0;NOSTRESS
42129637324;53448;"NEAR_P1";"INTERVAL";"PROBE";1;63;0x00000b31;50;1;0;2174223;2794605;61;2174314;0;NOSTRESS
42129690779;53587;"NEAR_P1";"INTERVAL";"PROBE";1;63;0x00000b31;50;0;0;2178331;2800682;112;2178450;0;NOSTRESS
42129744373;53289;"NEAR_P1";"INTERVAL";"PROBE";1;63;0x00000b31;50;0;0;2168821;2784422;92;2168870;0;NOSTRESS
42129797669;53569;"NEAR_P1";"INTERVAL";"PROBE";1;63;0x00000b31;50;0;0;2176090;2795363;436;2176194;0;NOSTRESS
42129851245;53459;"NEAR_P1";"INTERVAL";"PROBE";1;63;0x00000b31;50;0;0;2174219;2794495;72;2174310;0;NOSTRESS
42129904712;53298;"NEAR_P1";"INTERVAL";"PROBE";1;63;0x00000b31;50;0;0;2168824;2782892;8;2168867;0;NOSTRESS
42129958019;53547;"NEAR_P1";"INTERVAL";"PROBE";1;63;0x00000b31;50;0;0;2175430;2796240;157;2175519;0;NOSTRESS
42130011575;47710;"TRAJ_R1";"INTERVAL";"PROBE";1;63;0x00000b31;50;0;1;1865939;2493666;626;1866030;0;NOSTRESS
42130064534;1115870;"MAF";"INTERVAL";"PROBE";1;63;0x00000b31;51;13;12;45385945;57823345;6282;45387485;0;NOSTRESS
42130064553;109;"SENS_C1";"INTERVAL";"PROBE";1;63;0x00000b31;51;0;2;1452;2061;436;1456;0;NOSTRESS
42130064669;225;"LOC_C1";"INTERVAL";"PROBE";1;63;0x00000b31;51;0;3;4923;7222;484;4927;0;NOSTRESS
42130064901;32;"LOC_C2";"INTERVAL";"PROBE";1;63;0x00000b31;51;0;1;650;913;100;654;0;NOSTRESS
42130064943;311;"LOC_C3";"INTERVAL";"PROBE";1;63;0x00000b31;51;0;0;9803;13460;316;9807;0;NOSTRESS
42130065263;45;"LOC_C4";"INTERVAL";"PROBE";1;63;0x00000b31;51;0;0;585;914;136;589;0;NOSTRESS
42130065314;53360;"NEAR_P1";"INTERVAL";"PROBE";1;63;0x00000b31;51;9;3;2168796;2780854;429;2168837;0;NOSTRESS
42130118681;53359;"NEAR_P1";"INTERVAL";"PROBE";1;63;0x00000b31;51;2;2;2174202;2766831;116;2174293;0;NOSTRESS
42130172047;53333;"NEAR_P1";"INTERVAL";"PROBE";1;63;0x00000b31;51;1;0;2174194;2761994;40;2174285;0;NOSTRESS
42130225387;53161;"NEAR_P1";"INTERVAL";"PROBE";1;63;0x00000b31;51;1;0;2168783;2753488;28;2168829;0;NOSTRESS
42130278555;53305;"NEAR_P1";"INTERVAL";"PROBE";1;63;0x00000b31;51;0;0;2173754;2761243;8;2173846;0;NOSTRESS
42130331867;53367;"NEAR_P1";"INTERVAL";"PROBE";1;63;0x00000b31;51;0;0;2174293;2754212;312;2174386;0;NOSTRESS
42130385246;53244;"NEAR_P1";"INTERVAL";"PROBE";1;63;0x00000b31;51;0;0;2168839;2755994;496;2168885;0;NOSTRESS
42130438500;53428;"NEAR_P1";"INTERVAL";"PROBE";1;63;0x00000b31;51;0;0;2174527;2768394;912;2174620;0;NOSTRESS
42130491936;53417;"NEAR_P1";"INTERVAL";"PROBE";1;63;0x00000b31;51;0;0;2174231;2764509;620;2174322;0;NOSTRESS
42130545361;53237;"NEAR_P1";"INTERVAL";"PROBE";1;63;0x00000b31;51;0;0;2168858;2752285;136;2168901;0;NOSTRESS
42130598606;53497;"NEAR_P1";"INTERVAL";"PROBE";1;63;0x00000b31;51;0;0;2176184;2770590;444;2176285;0;NOSTRESS
42130652111;53371;"NEAR_P1";"INTERVAL";"PROBE";1;63;0x00000b31;51;0;0;2174215;2765645;128;2174303;0;NOSTRESS
42130705489;53196;"NEAR_P1";"INTERVAL";"PROBE";1;63;0x00000b31;51;0;0;2168853;2756427;72;2168896;0;NOSTRESS
42130758692;53393;"NEAR_P1";"INTERVAL";"PROBE";1;63;0x00000b31;51;0;0;2174301;2765584;142;2174395;0;NOSTRESS
42130812092;53343;"NEAR_P1";"INTERVAL";"PROBE";1;63;0x00000b31;51;0;0;2174159;2764385;63;2174250;0;NOSTRESS
42130865443;53191;"NEAR_P1";"INTERVAL";"PROBE";1;63;0x00000b31;51;0;0;2168885;2757218;29;2168931;0;NOSTRESS
42130918641;53355;"NEAR_P1";"INTERVAL";"PROBE";1;63;0x00000b31;51;0;0;2174276;2767453;84;2174361;0;NOSTRESS
42130972003;53346;"NEAR_P1";"INTERVAL";"PROBE";1;63;0x00000b31;51;0;0;2174271;2765147;85;2174362;0;NOSTRESS
42131025356;53193;"NEAR_P1";"INTERVAL";"PROBE";1;63;0x00000b31;51;0;0;2168797;2755589;44;2168843;0;NOSTRESS
42131078556;53346;"NEAR_P1";"INTERVAL";"PROBE";1;63;0x00000b31;51;0;0;2174286;2764172;58;2174377;0;NOSTRESS
42131131912;48485;"TRAJ_R1";"INTERVAL";"PROBE";1;63;0x00000b31;51;0;0;1903610;2519486;364;1903701;0;NOSTRESS
42131298286;1117724;"MAF";"INTERVAL";"PROBE";1;63;0x00000b31;52;67;49;45429443;57895608;9789;45430965;0;NOSTRESS
42131298312;116;"SENS_C1";"INTERVAL";"PROBE";1;63;0x00000b31;52;0;2;1453;2030;444;1457;0;NOSTRESS
42131298438;238;"LOC_C1";"INTERVAL";"PROBE";1;63;0x00000b31;52;1;0;4919;7319;540;4923;0;NOSTRESS
42131298685;30;"LOC_C2";"INTERVAL";"PROBE";1;63;0x00000b31;52;0;0;650;883;84;654;0;NOSTRESS
42131298726;312;"LOC_C3";"INTERVAL";"PROBE";1;63;0x00000b31;52;0;0;9808;13377;324;9812;0;NOSTRESS
42131299047;42;"LOC_C4";"INTERVAL";"PROBE";1;63;0x00000b31;52;0;0;586;912;128;590;0;NOSTRESS
42131299095;53556;"NEAR_P1";"INTERVAL";"PROBE";1;63;0x00000b31;52;4;3;2174172;2768671;1220;2174244;0;NOSTRESS
42131352659;53706;"NEAR_P1";"INTERVAL";"PROBE";1;63;0x00000b31;52;12;7;2174485;2771608;1628;2174580;0;NOSTRESS
42131406373;53224;"NEAR_P1";"INTERVAL";"PROBE";1;63;0x00000b31;52;2;3;2168454;2754474;296;2168499;0;NOSTRESS
42131459604;53510;"NEAR_P1";"INTERVAL";"PROBE";1;63;0x00000b31;52;2;5;2175357;2770147;440;2175449;0;NOSTRESS
42131513121;53313;"NEAR_P1";"INTERVAL";"PROBE";1;63;0x00000b31;52;3;1;2173552;2766614;20;2173641;0;NOSTRESS
42131566456;53166;"NEAR_P1";"INTERVAL";"PROBE";1;63;0x00000b31;52;2;2;2168447;2755579;12;2168492;0;NOSTRESS
42131619628;53247;"NEAR_P1";"INTERVAL";"PROBE";1;63;0x00000b31;52;3;1;2170548;2761917;14;2170625;0;NOSTRESS
42131672882;53331;"NEAR_P1";"INTERVAL";"PROBE";1;63;0x00000b31;52;3;3;2173675;2769773;35;2173760;0;NOSTRESS
42131726225;53163;"NEAR_P1";"INTERVAL";"PROBE";1;63;0x00000b31;52;2;2;2168466;2753928;8;2168508;0;NOSTRESS
42131779395;53327;"NEAR_P1";"INTERVAL";"PROBE";1;63;0x00000b31;52;2;2;2173911;2765796;100;2174004;0;NOSTRESS
42131832729;53340;"NEAR_P1";"INTERVAL";"PROBE";1;63;0x00000b31;52;3;1;2174267;2767271;28;2174361;0;NOSTRESS
42131886076;53171;"NEAR_P1";"INTERVAL";"PROBE";1;63;0x00000b31;52;2;2;2168836;2754481;16;2168885;0;NOSTRESS
42131939254;53540;"NEAR_P1";"INTERVAL";"PROBE";1;63;0x00000b31;52;12;2;2177542;2776434;636;2177635;0;NOSTRESS
42131992804;53518;"NEAR_P1";"INTERVAL";"PROBE";1;63;0x00000b31;52;2;2;2175768;2772647;789;2175858;0;NOSTRESS
42132046332;53223;"NEAR_P1";"INTERVAL";"PROBE";1;63;0x00000b31;52;1;1;2168762;2754610;860;2168811;0;NOSTRESS
42132099562;53470;"NEAR_P1";"INTERVAL";"PROBE";1;63;0x00000b31;52;3;1;2174379;2766745;624;2174475;0;NOSTRESS
42132153039;53440;"NEAR_P1";"INTERVAL";"PROBE";1;63;0x00000b31;52;2;2;2174185;2755481;353;2174279;0;NOSTRESS
42132206486;53189;"NEAR_P1";"INTERVAL";"PROBE";1;63;0x00000b31;52;1;1;2168760;2755845;112;2168803;0;NOSTRESS
42132259682;53500;"NEAR_P1";"INTERVAL";"PROBE";1;63;0x00000b31;52;2;2;2176028;2770162;368;2176129;0;NOSTRESS
42132313189;53358;"NEAR_P1";"INTERVAL";"PROBE";1;63;0x00000b31;52;1;1;2174262;2764976;158;2174348;0;NOSTRESS
42132366556;49444;"TRAJ_R1";"INTERVAL";"PROBE";1;63;0x00000b31;52;0;2;1941955;2566932;344;1942001;0;NOSTRESS
42132898249;1121013;"MAF";"INTERVAL";"PROBE";1;63;0x00000b31;53;51;37;45474996;58480923;10655;45476488;0;NOSTRESS
42132898281;138;"SENS_C1";"INTERVAL";"PROBE";1;63;0x00000b31;53;0;2;1451;2110;532;1455;0;NOSTRESS
42132898427;268;"LOC_C1";"INTERVAL";"PROBE";1;63;0x00000b31;53;1;2;4914;7353;673;4918;0;NOSTRESS
42132898702;35;"LOC_C2";"INTERVAL";"PROBE";1;63;0x00000b31;53;0;0;650;894;108;654;0;NOSTRESS
42132898747;314;"LOC_C3";"INTERVAL";"PROBE";1;63;0x00000b31;53;0;0;9813;13580;336;9817;0;NOSTRESS
42132899071;45;"LOC_C4";"INTERVAL";"PROBE";1;63;0x00000b31;53;0;0;584;930;132;588;0;NOSTRESS
42132899122;53930;"NEAR_P1";"INTERVAL";"PROBE";1;63;0x00000b31;53;5;2;2174925;2798702;2921;2175000;0;NOSTRESS
42132953061;53494;"NEAR_P1";"INTERVAL";"PROBE";1;63;0x00000b31;53;6;2;2173723;2791380;1092;2173803;0;NOSTRESS
42133006562;53325;"NEAR_P1";"INTERVAL";"PROBE";1;63;0x00000b31;53;3;2;2168663;2782941;524;2168703;0;NOSTRESS
42133059894;53496;"NEAR_P1";"INTERVAL";"PROBE";1;63;0x00000b31;53;3;2;2175139;2795841;200;2175216;0;NOSTRESS
42133113399;53587;"NEAR_P1";"INTERVAL";"PROBE";1;63;0x00000b31;53;2;2;2175465;2793324;308;2175550;0;NOSTRESS
42133166994;53310;"NEAR_P1";"INTERVAL";"PROBE";1;63;0x00000b31;53;1;1;2168626;2780057;36;2168668;0;NOSTRESS
42133220311;53422;"NEAR_P1";"INTERVAL";"PROBE";1;63;0x00000b31;53;3;1;2173748;2792527;20;2173832;0;NOSTRESS
42133273741;53424;"NEAR_P1";"INTERVAL";"PROBE";1;63;0x00000b31;53;2;2;2173686;2789752;6;2173778;0;NOSTRESS
42133327172;53283;"NEAR_P1";"INTERVAL";"PROBE";1;63;0x00000b31;53;3;2;2168620;2781292;5;2168668;0;NOSTRESS
42133380462;53472;"NEAR_P1";"INTERVAL";"PROBE";1;63;0x00000b31;53;3;1;2174119;2791266;79;2174206;0;NOSTRESS
42133433941;53430;"NEAR_P1";"INTERVAL";"PROBE";1;63;0x00000b31;53;2;2;2174366;2780807;12;2174454;0;NOSTRESS
42133487378;53286;"NEAR_P1";"INTERVAL";"PROBE";1;63;0x00000b31;53;1;2;2168940;2782028;20;2168989;0;NOSTRESS
42133540671;53484;"NEAR_P1";"INTERVAL";"PROBE";1;63;0x00000b31;53;1;1;2174133;2790694;256;2174222;0;NOSTRESS
42133594167;53497;"NEAR_P1";"INTERVAL";"PROBE";1;63;0x00000b31;53;1;1;2174340;2791816;456;2174431;0;NOSTRESS
42133647673;53391;"NEAR_P1";"INTERVAL";"PROBE";1;63;0x00000b31;53;1;1;2168922;2781286;926;2168968;0;NOSTRESS
42133701071;53649;"NEAR_P1";"INTERVAL";"PROBE";1;63;0x00000b31;53;3;2;2174480;2792880;817;2174575;0;NOSTRESS
42133754729;53479;"NEAR_P1";"INTERVAL";"PROBE";1;63;0x00000b31;53;3;2;2174359;2792675;140;2174450;0;NOSTRESS
42133808215;53317;"NEAR_P1";"INTERVAL";"PROBE";1;63;0x00000b31;53;1;1;2168902;2781075;72;2168951;0;NOSTRESS
42133861539;53454;"NEAR_P1";"INTERVAL";"PROBE";1;63;0x00000b31;53;3;1;2174346;2791172;100;2174434;0;NOSTRESS
42133915000;53582;"NEAR_P1";"INTERVAL";"PROBE";1;63;0x00000b31;53;2;2;2176230;2797841;356;2176334;0;NOSTRESS
42133968592;50662;"TRAJ_R1";"INTERVAL";"PROBE";1;63;0x00000b31;53;1;1;1985632;2649164;348;1985678;0;NOSTRESS
42134498279;1120500;"MAF";"INTERVAL";"PROBE";1;63;0x00000b31;54;76;31;45513185;58228716;8784;45514670;0;NOSTRESS
42134498306;121;"SENS_C1";"INTERVAL";"PROBE";1;63;0x00000b31;54;0;2;1453;2035;468;1457;0;NOSTRESS
42134498437;242;"LOC_C1";"INTERVAL";"PROBE";1;63;0x00000b31;54;1;1;4910;7293;538;4914;0;NOSTRESS
42134498687;36;"LOC_C2";"INTERVAL";"PROBE";1;63;0x00000b31;54;0;0;650;900;108;654;0;NOSTRESS
42134498732;312;"LOC_C3";"INTERVAL";"PROBE";1;63;0x00000b31;54;0;0;9803;13423;300;9807;0;NOSTRESS
42134499053;44;"LOC_C4";"INTERVAL";"PROBE";1;63;0x00000b31;54;0;0;585;902;124;589;0;NOSTRESS
42134499104;53663;"NEAR_P1";"INTERVAL";"PROBE";1;63;0x00000b31;54;7;1;2175436;2795164;1208;2175502;0;NOSTRESS
42134552775;53445;"NEAR_P1";"INTERVAL";"PROBE";1;63;0x00000b31;54;4;1;2173272;2788693;544;2173350;0;NOSTRESS
42134606227;53298;"NEAR_P1";"INTERVAL";"PROBE";1;63;0x00000b31;54;1;2;2168233;2781399;256;2168271;0;NOSTRESS
42134659533;53408;"NEAR_P1";"INTERVAL";"PROBE";1;63;0x00000b31;54;3;1;2173230;2789999;32;2173310;0;NOSTRESS
42134712948;53408;"NEAR_P1";"INTERVAL";"PROBE";1;63;0x00000b31;54;3;1;2173267;2787918;20;2173345;0;NOSTRESS
42134766363;53378;"NEAR_P1";"INTERVAL";"PROBE";1;63;0x00000b31;54;2;2;2170246;2773057;228;2170308;0;NOSTRESS
42134819748;53416;"NEAR_P1";"INTERVAL";"PROBE";1;63;0x00000b31;54;3;1;2173356;2788066;28;2173443;0;NOSTRESS
42134873171;53429;"NEAR_P1";"INTERVAL";"PROBE";1;63;0x00000b31;54;3;1;2173244;2788353;20;2173333;0;NOSTRESS
42134926608;53260;"NEAR_P1";"INTERVAL";"PROBE";1;63;0x00000b31;54;2;2;2168222;2769502;17;2168270;0;NOSTRESS
42134979885;53438;"NEAR_P1";"INTERVAL";"PROBE";1;63;0x00000b31;54;3;1;2173216;2789909;98;2173305;0;NOSTRESS
42135033330;53463;"NEAR_P1";"INTERVAL";"PROBE";1;63;0x00000b31;54;3;1;2173831;2791334;172;2173919;0;NOSTRESS
42135086801;53474;"NEAR_P1";"INTERVAL";"PROBE";1;63;0x00000b31;54;14;4;2170221;2756389;1150;2170272;0;NOSTRESS
42135140282;53363;"NEAR_P1";"INTERVAL";"PROBE";1;63;0x00000b31;54;5;1;2173986;2764684;312;2174078;0;NOSTRESS
42135193656;53373;"NEAR_P1";"INTERVAL";"PROBE";1;63;0x00000b31;54;2;0;2173877;2761690;540;2173962;0;NOSTRESS
42135247037;53208;"NEAR_P1";"INTERVAL";"PROBE";1;63;0x00000b31;54;2;1;2168544;2755722;700;2168590;0;NOSTRESS
42135300252;53405;"NEAR_P1";"INTERVAL";"PROBE";1;63;0x00000b31;54;2;0;2174049;2764165;592;2174139;0;NOSTRESS
42135353666;53363;"NEAR_P1";"INTERVAL";"PROBE";1;63;0x00000b31;54;2;1;2174142;2765420;160;2174235;0;NOSTRESS
42135407036;53211;"NEAR_P1";"INTERVAL";"PROBE";1;63;0x00000b31;54;2;0;2168693;2745705;56;2168740;0;NOSTRESS
42135460254;53309;"NEAR_P1";"INTERVAL";"PROBE";1;63;0x00000b31;54;2;1;2173955;2765723;52;2174043;0;NOSTRESS
42135513571;53344;"NEAR_P1";"INTERVAL";"PROBE";1;63;0x00000b31;54;2;0;2173926;2763911;121;2174017;0;NOSTRESS
42135566925;51847;"TRAJ_R1";"INTERVAL";"PROBE";1;63;0x00000b31;54;6;2;2032622;2689903;744;2032675;0;NOSTRESS
42136098363;1120877;"MAF";"INTERVAL";"PROBE";1;63;0x00000b31;55;77;42;45569550;58075321;13110;45571006;0;NOSTRESS
42136098394;133;"SENS_C1";"INTERVAL";"PROBE";1;63;0x00000b31;55;0;2;1451;2113;524;1455;0;NOSTRESS
42136098536;274;"LOC_C1";"INTERVAL";"PROBE";1;63;0x00000b31;55;2;1;4924;7339;697;4928;0;NOSTRESS
42136098818;42;"LOC_C2";"INTERVAL";"PROBE";1;63;0x00000b31;55;0;2;650;928;152;654;0;NOSTRESS
42136098869;318;"LOC_C3";"INTERVAL";"PROBE";1;63;0x00000b31;55;0;0;9808;13240;324;9812;0;NOSTRESS
42136099196;44;"LOC_C4";"INTERVAL";"PROBE";1;63;0x00000b31;55;0;0;585;930;136;589;0;NOSTRESS
42136099246;53666;"NEAR_P1";"INTERVAL";"PROBE";1;63;0x00000b31;55;19;4;2175963;2777295;3683;2176047;0;NOSTRESS
42136152921;53398;"NEAR_P1";"INTERVAL";"PROBE";1;63;0x00000b31;55;3;1;2173791;2769307;1552;2173867;0;NOSTRESS
42136206327;53214;"NEAR_P1";"INTERVAL";"PROBE";1;63;0x00000b31;55;2;0;2168719;2754410;692;2168757;0;NOSTRESS
42136259548;53329;"NEAR_P1";"INTERVAL";"PROBE";1;63;0x00000b31;55;1;1;2173823;2765452;56;2173899;0;NOSTRESS
42136312885;53256;"NEAR_P1";"INTERVAL";"PROBE";1;63;0x00000b31;55;2;0;2171103;2762646;32;2171169;0;NOSTRESS
42136366149;53204;"NEAR_P1";"INTERVAL";"PROBE";1;63;0x00000b31;55;1;1;2168982;2756188;24;2169020;0;NOSTRESS
42136419360;53459;"NEAR_P1";"INTERVAL";"PROBE";1;63;0x00000b31;55;5;0;2175834;2770193;276;2175928;0;NOSTRESS
42136472826;53324;"NEAR_P1";"INTERVAL";"PROBE";1;63;0x00000b31;55;4;2;2173809;2765805;36;2173901;0;NOSTRESS
42136526157;53193;"NEAR_P1";"INTERVAL";"PROBE";1;63;0x00000b31;55;1;2;2168731;2754264;552;2168779;0;NOSTRESS
42136579357;53363;"NEAR_P1";"INTERVAL";"PROBE";1;63;0x00000b31;55;2;0;2173816;2765889;326;2173899;0;NOSTRESS
42136632727;53384;"NEAR_P1";"INTERVAL";"PROBE";1;63;0x00000b31;55;1;1;2173993;2764660;289;2174083;0;NOSTRESS
42136686118;53221;"NEAR_P1";"INTERVAL";"PROBE";1;63;0x00000b31;55;2;0;2168891;2754975;163;2168937;0;NOSTRESS
42136739346;53368;"NEAR_P1";"INTERVAL";"PROBE";1;63;0x00000b31;55;1;1;2174166;2765613;376;2174256;0;NOSTRESS
42136792727;53458;"NEAR_P1";"INTERVAL";"PROBE";1;63;0x00000b31;55;2;0;2174593;2769279;664;2174688;0;NOSTRESS
42136846194;53210;"NEAR_P1";"INTERVAL";"PROBE";1;63;0x00000b31;55;1;1;2169072;2756895;692;2169118;0;NOSTRESS
42136899412;53482;"NEAR_P1";"INTERVAL";"PROBE";1;63;0x00000b31;55;2;0;2174720;2757139;808;2174810;0;NOSTRESS
42136952901;53332;"NEAR_P1";"INTERVAL";"PROBE";1;63;0x00000b31;55;1;1;2174467;2766406;244;2174555;0;NOSTRESS
42137006240;53204;"NEAR_P1";"INTERVAL";"PROBE";1;63;0x00000b31;55;2;0;2169028;2756258;80;2169077;0;NOSTRESS
42137059451;53377;"NEAR_P1";"INTERVAL";"PROBE";1;63;0x00000b31;55;1;1;2174579;2768983;92;2174668;0;NOSTRESS
42137112836;53346;"NEAR_P1";"INTERVAL";"PROBE";1;63;0x00000b31;55;2;0;2174547;2768253;60;2174633;0;NOSTRESS
42137166193;53036;"TRAJ_R1";"INTERVAL";"PROBE";1;63;0x00000b31;55;1;2;2083291;2753780;364;2083337;0;NOSTRESS
42137698239;1124011;"MAF";"INTERVAL";"PROBE";1;63;0x00000b31;56;49;31;45616882;58639104;7764;45618339;0;NOSTRESS
42137698263;127;"SENS_C1";"INTERVAL";"PROBE";1;63;0x00000b31;56;0;3;1454;2070;476;1458;0;NOSTRESS
42137698398;240;"LOC_C1";"INTERVAL";"PROBE";1;63;0x00000b31;56;1;2;4918;7315;560;4922;0;NOSTRESS
42137698646;33;"LOC_C2";"INTERVAL";"PROBE";1;63;0x00000b31;56;0;0;650;893;100;654;0;NOSTRESS
42137698689;311;"LOC_C3";"INTERVAL";"PROBE";1;63;0x00000b31;56;0;0;9812;13321;344;9816;0;NOSTRESS
42137699010;43;"LOC_C4";"INTERVAL";"PROBE";1;63;0x00000b31;56;0;0;585;897;124;589;0;NOSTRESS
42137699059;53659;"NEAR_P1";"INTERVAL";"PROBE";1;63;0x00000b31;56;8;2;2174562;2795921;1350;2174641;0;NOSTRESS
42137752726;53483;"NEAR_P1";"INTERVAL";"PROBE";1;63;0x00000b31;56;4;2;2173615;2791693;700;2173693;0;NOSTRESS
42137806218;53312;"NEAR_P1";"INTERVAL";"PROBE";1;63;0x00000b31;56;3;0;2168491;2778675;392;2168533;0;NOSTRESS
42137859547;53442;"NEAR_P1";"INTERVAL";"PROBE";1;63;0x00000b31;56;1;1;2173627;2793480;56;2173703;0;NOSTRESS
42137912996;53428;"NEAR_P1";"INTERVAL";"PROBE";1;63;0x00000b31;56;3;0;2173638;2788387;28;2173714;0;NOSTRESS
42137966431;53271;"NEAR_P1";"INTERVAL";"PROBE";1;63;0x00000b31;56;1;1;2168670;2779640;4;2168710;0;NOSTRESS
42138019709;53420;"NEAR_P1";"INTERVAL";"PROBE";1;63;0x00000b31;56;3;0;2173634;2790533;8;2173715;0;NOSTRESS
42138073137;53517;"NEAR_P1";"INTERVAL";"PROBE";1;63;0x00000b31;56;1;1;2175474;2794554;184;2175570;0;NOSTRESS
42138126662;53292;"NEAR_P1";"INTERVAL";"PROBE";1;63;0x00000b31;56;1;1;2168320;2776305;16;2168364;0;NOSTRESS
42138179962;53438;"NEAR_P1";"INTERVAL";"PROBE";1;63;0x00000b31;56;1;1;2173932;2791901;88;2174016;0;NOSTRESS
42138233408;53444;"NEAR_P1";"INTERVAL";"PROBE";1;63;0x00000b31;56;1;0;2174385;2793614;65;2174473;0;NOSTRESS
42138286860;53318;"NEAR_P1";"INTERVAL";"PROBE";1;63;0x00000b31;56;1;1;2168787;2780131;74;2168836;0;NOSTRESS
42138340186;53476;"NEAR_P1";"INTERVAL";"PROBE";1;63;0x00000b31;56;1;0;2173697;2788605;370;2173780;0;NOSTRESS
42138393672;53483;"NEAR_P1";"INTERVAL";"PROBE";1;63;0x00000b31;56;1;1;2174235;2789063;468;2174320;0;NOSTRESS
42138447166;53377;"NEAR_P1";"INTERVAL";"PROBE";1;63;0x00000b31;56;1;0;2168943;2781157;744;2168990;0;NOSTRESS
42138500551;53538;"NEAR_P1";"INTERVAL";"PROBE";1;63;0x00000b31;56;1;1;2174320;2790546;596;2174415;0;NOSTRESS
42138554097;53468;"NEAR_P1";"INTERVAL";"PROBE";1;63;0x00000b31;56;1;0;2174237;2790836;200;2174328;0;NOSTRESS
42138607573;53297;"NEAR_P1";"INTERVAL";"PROBE";1;63;0x00000b31;56;1;1;2168842;2777952;96;2168888;0;NOSTRESS
42138660877;53449;"NEAR_P1";"INTERVAL";"PROBE";1;63;0x00000b31;56;1;0;2174250;2791133;92;2174341;0;NOSTRESS
42138714333;53462;"NEAR_P1";"INTERVAL";"PROBE";1;63;0x00000b31;56;1;1;2174253;2777632;80;2174347;0;NOSTRESS
42138767805;54438;"TRAJ_R1";"INTERVAL";"PROBE";1;63;0x00000b31;56;0;1;2133331;2845215;405;2133377;0;NOSTRESS
42139298259;1126454;"MAF";"INTERVAL";"PROBE";1;63;0x00000b31;57;77;36;45685001;58766488;11060;45686537;0;NOSTRESS
42139298546;131;"SENS_C1";"INTERVAL";"PROBE";1;63;0x00000b31;57;0;1;1452;2077;496;1456;0;NOSTRESS
42139298685;241;"LOC_C1";"INTERVAL";"PROBE";1;63;0x00000b31;57;0;2;4920;7315;553;4924;0;NOSTRESS
42139298935;34;"LOC_C2";"INTERVAL";"PROBE";1;63;0x00000b31;57;0;0;650;892;120;654;0;NOSTRESS
42139298978;314;"LOC_C3";"INTERVAL";"PROBE";1;63;0x00000b31;57;0;0;9806;13340;316;9810;0;NOSTRESS
42139299302;41;"LOC_C4";"INTERVAL";"PROBE";1;63;0x00000b31;57;0;0;585;909;128;589;0;NOSTRESS
42139299349;54126;"NEAR_P1";"INTERVAL";"PROBE";1;63;0x00000b31;57;27;5;2179846;2798686;3282;2179965;0;NOSTRESS
42139353486;53482;"NEAR_P1";"INTERVAL";"PROBE";1;63;0x00000b31;57;2;2;2173843;2794135;872;2173919;0;NOSTRESS
42139406975;53273;"NEAR_P1";"INTERVAL";"PROBE";1;63;0x00000b31;57;1;0;2165733;2777085;356;2165761;0;NOSTRESS
42139460255;53456;"NEAR_P1";"INTERVAL";"PROBE";1;63;0x00000b31;57;2;2;2173983;2783713;40;2174073;0;NOSTRESS
42139513735;53433;"NEAR_P1";"INTERVAL";"PROBE";1;63;0x00000b31;57;3;2;2173768;2794418;32;2173842;0;NOSTRESS
42139567185;53306;"NEAR_P1";"INTERVAL";"PROBE";1;63;0x00000b31;57;1;0;2168726;2781963;8;2168768;0;NOSTRESS
42139620497;53434;"NEAR_P1";"INTERVAL";"PROBE";1;63;0x00000b31;57;2;2;2173796;2792682;32;2173880;0;NOSTRESS
42139673938;53426;"NEAR_P1";"INTERVAL";"PROBE";1;63;0x00000b31;57;3;2;2173792;2787988;8;2173878;0;NOSTRESS
42139727373;53303;"NEAR_P1";"INTERVAL";"PROBE";1;63;0x00000b31;57;1;0;2168771;2781782;8;2168816;0;NOSTRESS
42139780683;53572;"NEAR_P1";"INTERVAL";"PROBE";1;63;0x00000b31;57;2;2;2176047;2796825;236;2176147;0;NOSTRESS
42139834262;53461;"NEAR_P1";"INTERVAL";"PROBE";1;63;0x00000b31;57;3;1;2174806;2789547;36;2174891;0;NOSTRESS
42139887730;53285;"NEAR_P1";"INTERVAL";"PROBE";1;63;0x00000b31;57;1;0;2169058;2774561;16;2169104;0;NOSTRESS
42139941022;53561;"NEAR_P1";"INTERVAL";"PROBE";1;63;0x00000b31;57;3;1;2175528;2796161;425;2175618;0;NOSTRESS
42139994593;53536;"NEAR_P1";"INTERVAL";"PROBE";1;63;0x00000b31;57;3;2;2173910;2790768;685;2173994;0;NOSTRESS
42140048138;53358;"NEAR_P1";"INTERVAL";"PROBE";1;63;0x00000b31;57;1;0;2169067;2784285;720;2169110;0;NOSTRESS
42140101504;53523;"NEAR_P1";"INTERVAL";"PROBE";1;63;0x00000b31;57;2;2;2174675;2796769;640;2174765;0;NOSTRESS
42140155035;53480;"NEAR_P1";"INTERVAL";"PROBE";1;63;0x00000b31;57;3;2;2174435;2792287;287;2174529;0;NOSTRESS
42140208522;53306;"NEAR_P1";"INTERVAL";"PROBE";1;63;0x00000b31;57;1;0;2169052;2783972;72;2169098;0;NOSTRESS
42140261835;53446;"NEAR_P1";"INTERVAL";"PROBE";1;63;0x00000b31;57;2;2;2174420;2791877;97;2174505;0;NOSTRESS
42140315288;53444;"NEAR_P1";"INTERVAL";"PROBE";1;63;0x00000b31;57;3;2;2174394;2792786;32;2174482;0;NOSTRESS
42140368759;55946;"TRAJ_R1";"INTERVAL";"PROBE";1;63;0x00000b31;57;0;0;2192835;2930248;375;2192923;0;NOSTRESS
42140898275;1126935;"MAF";"INTERVAL";"PROBE";1;63;0x00000b31;58;56;43;45721947;58754147;10955;45723439;0;NOSTRESS
42140898307;136;"SENS_C1";"INTERVAL";"PROBE";1;63;0x00000b31;58;0;2;1456;2083;548;1460;0;NOSTRESS
42140898450;275;"LOC_C1";"INTERVAL";"PROBE";1;63;0x00000b31;58;1;0;4922;7391;671;4926;0;NOSTRESS
42140898733;36;"LOC_C2";"INTERVAL";"PROBE";1;63;0x00000b31;58;0;0;650;919;116;654;0;NOSTRESS
42140898778;309;"LOC_C3";"INTERVAL";"PROBE";1;63;0x00000b31;58;0;0;9804;13154;316;9808;0;NOSTRESS
42140899097;43;"LOC_C4";"INTERVAL";"PROBE";1;63;0x00000b31;58;0;0;585;921;120;589;0;NOSTRESS
42140899148;53718;"NEAR_P1";"INTERVAL";"PROBE";1;63;0x00000b31;58;15;3;2174166;2795350;3116;2174243;0;NOSTRESS
42140952874;53476;"NEAR_P1";"INTERVAL";"PROBE";1;63;0x00000b31;58;8;6;2173305;2792632;1272;2173381;0;NOSTRESS
42141006359;53287;"NEAR_P1";"INTERVAL";"PROBE";1;63;0x00000b31;58;3;2;2168144;2778327;496;2168182;0;NOSTRESS
42141059655;53424;"NEAR_P1";"INTERVAL";"PROBE";1;63;0x00000b31;58;2;0;2173233;2779043;81;2173309;0;NOSTRESS
42141113086;53339;"NEAR_P1";"INTERVAL";"PROBE";1;63;0x00000b31;58;2;2;2170302;2785776;61;2170370;0;NOSTRESS
42141166432;53263;"NEAR_P1";"INTERVAL";"PROBE";1;63;0x00000b31;58;0;2;2168148;2782728;12;2168188;0;NOSTRESS
42141219702;53409;"NEAR_P1";"INTERVAL";"PROBE";1;63;0x00000b31;58;2;2;2173268;2789629;12;2173349;0;NOSTRESS
42141273119;53408;"NEAR_P1";"INTERVAL";"PROBE";1;63;0x00000b31;58;1;1;2173273;2793536;44;2173365;0;NOSTRESS
42141326535;53268;"NEAR_P1";"INTERVAL";"PROBE";1;63;0x00000b31;58;3;1;2168195;2771005;32;2168237;0;NOSTRESS
42141379810;53432;"NEAR_P1";"INTERVAL";"PROBE";1;63;0x00000b31;58;1;1;2173602;2791901;76;2173692;0;NOSTRESS
42141433249;53580;"NEAR_P1";"INTERVAL";"PROBE";1;63;0x00000b31;58;1;2;2175865;2798235;280;2175966;0;NOSTRESS
42141486836;53288;"NEAR_P1";"INTERVAL";"PROBE";1;63;0x00000b31;58;2;0;2168447;2770305;16;2168496;0;NOSTRESS
42141540131;53462;"NEAR_P1";"INTERVAL";"PROBE";1;63;0x00000b31;58;2;2;2173753;2792175;280;2173842;0;NOSTRESS
42141593605;53610;"NEAR_P1";"INTERVAL";"PROBE";1;63;0x00000b31;58;0;2;2174769;2793304;849;2174863;0;NOSTRESS
42141647224;53320;"NEAR_P1";"INTERVAL";"PROBE";1;63;0x00000b31;58;2;2;2168350;2778323;716;2168395;0;NOSTRESS
42141700551;53618;"NEAR_P1";"INTERVAL";"PROBE";1;63;0x00000b31;58;1;1;2173727;2792134;807;2173809;0;NOSTRESS
42141754176;53469;"NEAR_P1";"INTERVAL";"PROBE";1;63;0x00000b31;58;3;1;2173876;2783261;180;2173967;0;NOSTRESS
42141807653;53323;"NEAR_P1";"INTERVAL";"PROBE";1;63;0x00000b31;58;1;1;2168456;2781912;84;2168502;0;NOSTRESS
42141860984;53517;"NEAR_P1";"INTERVAL";"PROBE";1;63;0x00000b31;58;2;2;2173684;2789973;118;2173775;0;NOSTRESS
42141914510;53468;"NEAR_P1";"INTERVAL";"PROBE";1;63;0x00000b31;58;0;2;2173920;2787067;92;2174008;0;NOSTRESS
42141967990;57211;"TRAJ_R1";"INTERVAL";"PROBE";1;63;0x00000b31;58;2;1;2247832;2975631;356;2247922;0;NOSTRESS
42142498236;1127132;"MAF";"INTERVAL";"PROBE";1;63;0x00000b31;59;29;20;45797926;58485890;8871;45799435;0;NOSTRESS
42142498263;124;"SENS_C1";"INTERVAL";"PROBE";1;63;0x00000b31;59;0;1;1452;2061;456;1456;0;NOSTRESS
42142498395;247;"LOC_C1";"INTERVAL";"PROBE";1;63;0x00000b31;59;1;1;4921;7392;541;4925;0;NOSTRESS
42142498649;31;"LOC_C2";"INTERVAL";"PROBE";1;63;0x00000b31;59;0;0;650;889;100;654;0;NOSTRESS
42142498689;311;"LOC_C3";"INTERVAL";"PROBE";1;63;0x00000b31;59;0;0;9799;13186;324;9803;0;NOSTRESS
42142499009;40;"LOC_C4";"INTERVAL";"PROBE";1;63;0x00000b31;59;0;0;584;893;128;588;0;NOSTRESS
42142499055;53639;"NEAR_P1";"INTERVAL";"PROBE";1;63;0x00000b31;59;5;5;2174440;2795025;1158;2174507;0;NOSTRESS
42142552703;53493;"NEAR_P1";"INTERVAL";"PROBE";1;63;0x00000b31;59;4;5;2173725;2790654;636;2173803;0;NOSTRESS
42142606204;53316;"NEAR_P1";"INTERVAL";"PROBE";1;63;0x00000b31;59;1;0;2168639;2780265;352;2168681;0;NOSTRESS
42142659527;53432;"NEAR_P1";"INTERVAL";"PROBE";1;63;0x00000b31;59;2;0;2173731;2786746;56;2173809;0;NOSTRESS
42142712967;53648;"NEAR_P1";"INTERVAL";"PROBE";1;63;0x00000b31;59;11;3;2174774;2769213;1136;2174856;0;NOSTRESS
42142766622;53172;"NEAR_P1";"INTERVAL";"PROBE";1;63;0x00000b31;59;1;2;2168678;2756034;24;2168718;0;NOSTRESS
42142819818;53331;"NEAR_P1";"INTERVAL";"PROBE";1;63;0x00000b31;59;0;0;2173944;2766918;36;2174033;0;NOSTRESS
42142873156;53313;"NEAR_P1";"INTERVAL";"PROBE";1;63;0x00000b31;59;0;0;2173728;2766662;24;2173817;0;NOSTRESS
42142926476;53173;"NEAR_P1";"INTERVAL";"PROBE";1;63;0x00000b31;59;0;0;2168695;2754822;16;2168737;0;NOSTRESS
42142979656;53366;"NEAR_P1";"INTERVAL";"PROBE";1;63;0x00000b31;59;0;0;2174173;2764865;52;2174263;0;NOSTRESS
42143033030;53356;"NEAR_P1";"INTERVAL";"PROBE";1;63;0x00000b31;59;0;0;2174524;2767912;47;2174612;0;NOSTRESS
42143086393;53272;"NEAR_P1";"INTERVAL";"PROBE";1;63;0x00000b31;59;2;0;2170939;2762914;204;2170995;0;NOSTRESS
42143139671;53352;"NEAR_P1";"INTERVAL";"PROBE";1;63;0x00000b31;59;0;1;2174539;2767153;244;2174628;0;NOSTRESS
42143193036;53415;"NEAR_P1";"INTERVAL";"PROBE";1;63;0x00000b31;59;0;0;2174543;2768336;612;2174635;0;NOSTRESS
42143246461;53223;"NEAR_P1";"INTERVAL";"PROBE";1;63;0x00000b31;59;0;0;2168966;2754938;742;2169008;0;NOSTRESS
42143299692;53557;"NEAR_P1";"INTERVAL";"PROBE";1;63;0x00000b31;59;0;0;2175669;2770076;1024;2175758;0;NOSTRESS
42143353257;53380;"NEAR_P1";"INTERVAL";"PROBE";1;63;0x00000b31;59;0;0;2174411;2769274;187;2174502;0;NOSTRESS
42143406645;53227;"NEAR_P1";"INTERVAL";"PROBE";1;63;0x00000b31;59;0;0;2168972;2753718;76;2169018;0;NOSTRESS
42143459880;53347;"NEAR_P1";"INTERVAL";"PROBE";1;63;0x00000b31;59;0;0;2174403;2768511;76;2174494;0;NOSTRESS
42143513235;53359;"NEAR_P1";"INTERVAL";"PROBE";1;63;0x00000b31;59;0;0;2174434;2766916;88;2174525;0;NOSTRESS
42143566602;58757;"TRAJ_R1";"INTERVAL";"PROBE";1;63;0x00000b31;59;0;0;2308368;3053057;336;2308459;0;NOSTRESS
42144098230;1128281;"MAF";"INTERVAL";"PROBE";1;63;0x00000b31;60;22;14;45858890;58464091;9559;45860401;0;NOSTRESS
42144098253;114;"SENS_C1";"INTERVAL";"PROBE";1;63;0x00000b31;60;0;2;1455;2033;456;1459;0;NOSTRESS
42144098375;236;"LOC_C1";"INTERVAL";"PROBE";1;63;0x00000b31;60;1;1;4919;7439;528;4923;0;NOSTRESS
42144098619;32;"LOC_C2";"INTERVAL";"PROBE";1;63;0x00000b31;60;0;0;650;899;96;654;0;NOSTRESS
42144098660;315;"LOC_C3";"INTERVAL";"PROBE";1;63;0x00000b31;60;0;0;9803;13496;312;9807;0;NOSTRESS
42144098984;43;"LOC_C4";"INTERVAL";"PROBE";1;63;0x00000b31;60;0;0;586;915;120;590;0;NOSTRESS
42144099033;53572;"NEAR_P1";"INTERVAL";"PROBE";1;63;0x00000b31;60;10;6;2174850;2770523;1153;2174929;0;NOSTRESS
42144152613;53389;"NEAR_P1";"INTERVAL";"PROBE";1;63;0x00000b31;60;2;2;2173896;2768972;638;2173970;0;NOSTRESS
42144206010;53189;"NEAR_P1";"INTERVAL";"PROBE";1;63;0x00000b31;60;2;1;2168596;2757397;320;2168638;0;NOSTRESS
42144259206;53323;"NEAR_P1";"INTERVAL";"PROBE";1;63;0x00000b31;60;0;0;2173711;2767921;24;2173787;0;NOSTRESS
42144312537;53311;"NEAR_P1";"INTERVAL";"PROBE";1;63;0x00000b31;60;0;0;2173786;2769113;20;2173864;0;NOSTRESS
42144365855;53162;"NEAR_P1";"INTERVAL";"PROBE";1;63;0x00000b31;60;0;0;2168455;2754178;26;2168496;0;NOSTRESS
42144419024;53322;"NEAR_P1";"INTERVAL";"PROBE";1;63;0x00000b31;60;0;0;2173842;2767037;25;2173925;0;NOSTRESS
42144472354;53336;"NEAR_P1";"INTERVAL";"PROBE";1;63;0x00000b31;60;0;0;2173648;2765030;40;2173734;0;NOSTRESS
42144525698;53191;"NEAR_P1";"INTERVAL";"PROBE";1;63;0x00000b31;60;0;0;2168580;2754978;454;2168628;0;NOSTRESS
42144578896;53516;"NEAR_P1";"INTERVAL";"PROBE";1;63;0x00000b31;60;0;0;2173897;2765198;1327;2173987;0;NOSTRESS
42144632421;53364;"NEAR_P1";"INTERVAL";"PROBE";1;63;0x00000b31;60;0;0;2174390;2755972;116;2174481;0;NOSTRESS
42144685793;53172;"NEAR_P1";"INTERVAL";"PROBE";1;63;0x00000b31;60;0;0;2168983;2755312;24;2169029;0;NOSTRESS
42144738972;53490;"NEAR_P1";"INTERVAL";"PROBE";1;63;0x00000b31;60;2;1;2176307;2771836;768;2176403;0;NOSTRESS
42144792476;53414;"NEAR_P1";"INTERVAL";"PROBE";1;63;0x00000b31;60;3;1;2174347;2767077;584;2174435;0;NOSTRESS
42144845899;53274;"NEAR_P1";"INTERVAL";"PROBE";1;63;0x00000b31;60;2;0;2168829;2755727;652;2168875;0;NOSTRESS
42144899180;53443;"NEAR_P1";"INTERVAL";"PROBE";1;63;0x00000b31;60;0;0;2174476;2766326;626;2174568;0;NOSTRESS
42144952630;53496;"NEAR_P1";"INTERVAL";"PROBE";1;63;0x00000b31;60;0;0;2175749;2770247;456;2175836;0;NOSTRESS
42145006134;53233;"NEAR_P1";"INTERVAL";"PROBE";1;63;0x00000b31;60;0;0;2168904;2755710;110;2168953;0;NOSTRESS
42145059374;53366;"NEAR_P1";"INTERVAL";"PROBE";1;63;0x00000b31;60;0;0;2174311;2769693;96;2174405;0;NOSTRESS
42145112747;53396;"NEAR_P1";"INTERVAL";"PROBE";1;63;0x00000b31;60;0;0;2174299;2767651;40;2174390;0;NOSTRESS
42145166152;60349;"TRAJ_R1";"INTERVAL";"PROBE";1;63;0x00000b31;60;0;0;2371405;3135940;368;2371493;0;NOSTRESS
42145698251;1129858;"MAF";"INTERVAL";"PROBE";1;63;0x00000b31;61;29;13;45924102;58531524;9127;45925621;0;NOSTRESS
42145698276;120;"SENS_C1";"INTERVAL";"PROBE";1;63;0x00000b31;61;0;3;1451;2069;472;1455;0;NOSTRESS
42145698403;243;"LOC_C1";"INTERVAL";"PROBE";1;63;0x00000b31;61;1;1;4920;7281;552;4924;0;NOSTRESS
42145698654;32;"LOC_C2";"INTERVAL";"PROBE";1;63;0x00000b31;61;0;0;650;891;104;654;0;NOSTRESS
42145698695;308;"LOC_C3";"INTERVAL";"PROBE";1;63;0x00000b31;61;0;0;9808;13228;316;9812;0;NOSTRESS
42145699014;42;"LOC_C4";"INTERVAL";"PROBE";1;63;0x00000b31;61;0;0;584;929;128;588;0;NOSTRESS
42145699062;53539;"NEAR_P1";"INTERVAL";"PROBE";1;63;0x00000b31;61;7;3;2174481;2768453;1292;2174558;0;NOSTRESS
42145752608;53406;"NEAR_P1";"INTERVAL";"PROBE";1;63;0x00000b31;61;5;3;2173626;2767114;804;2173704;0;NOSTRESS
42145806024;53230;"NEAR_P1";"INTERVAL";"PROBE";1;63;0x00000b31;61;0;0;2168618;2756866;384;2168655;0;NOSTRESS
42145859263;53249;"NEAR_P1";"INTERVAL";"PROBE";1;63;0x00000b31;61;0;0;2170615;2745756;75;2170679;0;NOSTRESS
42145912519;53308;"NEAR_P1";"INTERVAL";"PROBE";1;63;0x00000b31;61;0;0;2173700;2767630;32;2173776;0;NOSTRESS
42145965834;53166;"NEAR_P1";"INTERVAL";"PROBE";1;63;0x00000b31;61;0;0;2168491;2755796;24;2168531;0;NOSTRESS
42146019007;53308;"NEAR_P1";"INTERVAL";"PROBE";1;63;0x00000b31;61;0;0;2173549;2765055;36;2173641;0;NOSTRESS
42146072322;53320;"NEAR_P1";"INTERVAL";"PROBE";1;63;0x00000b31;61;0;0;2173600;2767996;24;2173686;0;NOSTRESS
42146125650;53161;"NEAR_P1";"INTERVAL";"PROBE";1;63;0x00000b31;61;0;0;2168496;2753520;8;2168541;0;NOSTRESS
42146178818;53322;"NEAR_P1";"INTERVAL";"PROBE";1;63;0x00000b31;61;0;0;2173889;2766119;56;2173979;0;NOSTRESS
42146232157;53342;"NEAR_P1";"INTERVAL";"PROBE";1;63;0x00000b31;61;0;0;2174334;2769294;24;2174425;0;NOSTRESS
42146285507;53168;"NEAR_P1";"INTERVAL";"PROBE";1;63;0x00000b31;61;0;0;2168859;2757738;16;2168905;0;NOSTRESS
42146338682;53358;"NEAR_P1";"INTERVAL";"PROBE";1;63;0x00000b31;61;0;0;2174439;2768047;216;2174535;0;NOSTRESS
42146392049;53504;"NEAR_P1";"INTERVAL";"PROBE";1;63;0x00000b31;61;2;0;2176212;2771495;744;2176317;0;NOSTRESS
42146445561;53531;"NEAR_P1";"INTERVAL";"PROBE";1;63;0x00000b31;61;13;1;2169736;2760737;2000;2169792;0;NOSTRESS
42146499101;53404;"NEAR_P1";"INTERVAL";"PROBE";1;63;0x00000b31;61;1;0;2174230;2757765;604;2174318;0;NOSTRESS
42146552513;53402;"NEAR_P1";"INTERVAL";"PROBE";1;63;0x00000b31;61;0;0;2174323;2768176;190;2174415;0;NOSTRESS
42146605925;53271;"NEAR_P1";"INTERVAL";"PROBE";1;63;0x00000b31;61;0;0;2170064;2757543;236;2170111;0;NOSTRESS
42146659205;53374;"NEAR_P1";"INTERVAL";"PROBE";1;63;0x00000b31;61;0;0;2174038;2756085;105;2174126;0;NOSTRESS
42146712593;53347;"NEAR_P1";"INTERVAL";"PROBE";1;63;0x00000b31;61;0;0;2174230;2767034;76;2174321;0;NOSTRESS
42146765952;62148;"TRAJ_R1";"INTERVAL";"PROBE";1;63;0x00000b31;61;0;0;2440947;3231435;397;2441035;0;NOSTRESS
42147298229;1131952;"MAF";"INTERVAL";"PROBE";1;63;0x00000b31;62;23;9;45989706;58613665;11076;45991189;0;NOSTRESS
42147298255;120;"SENS_C1";"INTERVAL";"PROBE";1;63;0x00000b31;62;0;1;1455;2050;468;1459;0;NOSTRESS
42147298381;246;"LOC_C1";"INTERVAL";"PROBE";1;63;0x00000b31;62;0;1;4925;7417;550;4929;0;NOSTRESS
42147298634;32;"LOC_C2";"INTERVAL";"PROBE";1;63;0x00000b31;62;0;0;650;915;96;654;0;NOSTRESS
42147298675;311;"LOC_C3";"INTERVAL";"PROBE";1;63;0x00000b31;62;0;0;9807;13283;328;9811;0;NOSTRESS
42147298996;44;"LOC_C4";"INTERVAL";"PROBE";1;63;0x00000b31;62;0;0;585;898;128;589;0;NOSTRESS
42147299046;53516;"NEAR_P1";"INTERVAL";"PROBE";1;63;0x00000b31;62;8;2;2174561;2770828;1584;2174636;0;NOSTRESS
42147352569;53362;"NEAR_P1";"INTERVAL";"PROBE";1;63;0x00000b31;62;3;3;2173866;2770061;753;2173944;0;NOSTRESS
42147405939;53200;"NEAR_P1";"INTERVAL";"PROBE";1;63;0x00000b31;62;0;0;2168811;2757365;385;2168851;0;NOSTRESS
42147459146;53265;"NEAR_P1";"INTERVAL";"PROBE";1;63;0x00000b31;62;0;0;2171059;2750058;64;2171125;0;NOSTRESS
42147512418;53261;"NEAR_P1";"INTERVAL";"PROBE";1;63;0x00000b31;62;0;0;2171181;2757853;53;2171245;0;NOSTRESS
42147565686;53169;"NEAR_P1";"INTERVAL";"PROBE";1;63;0x00000b31;62;0;0;2168719;2755690;8;2168759;0;NOSTRESS
42147618863;53485;"NEAR_P1";"INTERVAL";"PROBE";1;63;0x00000b31;62;3;1;2175165;2771818;364;2175253;0;NOSTRESS
42147672356;53517;"NEAR_P1";"INTERVAL";"PROBE";1;63;0x00000b31;62;3;0;2175322;2774797;565;2175422;0;NOSTRESS
42147725881;53305;"NEAR_P1";"INTERVAL";"PROBE";1;63;0x00000b31;62;0;0;2170215;2759910;449;2170265;0;NOSTRESS
42147779194;53340;"NEAR_P1";"INTERVAL";"PROBE";1;63;0x00000b31;62;1;0;2172130;2760411;299;2172214;0;NOSTRESS
42147832543;53425;"NEAR_P1";"INTERVAL";"PROBE";1;63;0x00000b31;62;2;0;2175203;2770843;127;2175297;0;NOSTRESS
42147885976;53259;"NEAR_P1";"INTERVAL";"PROBE";1;63;0x00000b31;62;0;0;2170161;2761069;157;2170214;0;NOSTRESS
42147939242;53496;"NEAR_P1";"INTERVAL";"PROBE";1;63;0x00000b31;62;0;0;2176474;2769725;537;2176572;0;NOSTRESS
42147992751;53461;"NEAR_P1";"INTERVAL";"PROBE";1;63;0x00000b31;62;0;0;2173916;2766137;836;2174002;0;NOSTRESS
42148046221;53293;"NEAR_P1";"INTERVAL";"PROBE";1;63;0x00000b31;62;0;0;2170082;2758055;1012;2170135;0;NOSTRESS
42148099521;53551;"NEAR_P1";"INTERVAL";"PROBE";1;63;0x00000b31;62;1;0;2175760;2771724;1132;2175862;0;NOSTRESS
42148153080;53346;"NEAR_P1";"INTERVAL";"PROBE";1;63;0x00000b31;62;2;0;2170945;2751942;241;2171016;0;NOSTRESS
42148206433;53208;"NEAR_P1";"INTERVAL";"PROBE";1;63;0x00000b31;62;0;0;2168738;2747261;44;2168786;0;NOSTRESS
42148259647;53397;"NEAR_P1";"INTERVAL";"PROBE";1;63;0x00000b31;62;0;0;2175048;2758478;243;2175132;0;NOSTRESS
42148313051;53283;"NEAR_P1";"INTERVAL";"PROBE";1;63;0x00000b31;62;0;0;2170893;2760336;80;2170967;0;NOSTRESS
42148366344;63830;"TRAJ_R1";"INTERVAL";"PROBE";1;63;0x00000b31;62;0;0;2507823;3317003;373;2507912;0;NOSTRESS
42148898258;1133363;"MAF";"INTERVAL";"PROBE";1;63;0x00000b31;63;18;15;46063010;58709962;10636;46064511;0;NOSTRESS
42148898290;136;"SENS_C1";"INTERVAL";"PROBE";1;63;0x00000b31;63;1;4;1451;2071;532;1455;0;NOSTRESS
42148898434;269;"LOC_C1";"INTERVAL";"PROBE";1;63;0x00000b31;63;2;3;4920;7251;669;4924;0;NOSTRESS
42148898711;39;"LOC_C2";"INTERVAL";"PROBE";1;63;0x00000b31;63;0;0;650;923;152;654;0;NOSTRESS
42148898760;314;"LOC_C3";"INTERVAL";"PROBE";1;63;0x00000b31;63;0;0;9807;13173;340;9811;0;NOSTRESS
42148899083;42;"LOC_C4";"INTERVAL";"PROBE";1;63;0x00000b31;63;0;0;584;925;128;588;0;NOSTRESS
42148899131;53678;"NEAR_P1";"INTERVAL";"PROBE";1;63;0x00000b31;63;9;2;2176404;2774482;3164;2176493;0;NOSTRESS
42148952816;53403;"NEAR_P1";"INTERVAL";"PROBE";1;63;0x00000b31;63;5;5;2173716;2770022;1192;2173794;0;NOSTRESS
42149006226;53261;"NEAR_P1";"INTERVAL";"PROBE";1;63;0x00000b31;63;0;0;2168552;2755048;580;2168590;0;NOSTRESS
42149059495;53329;"NEAR_P1";"INTERVAL";"PROBE";1;63;0x00000b31;63;0;0;2173663;2768724;60;2173741;0;NOSTRESS
42149112831;53251;"NEAR_P1";"INTERVAL";"PROBE";1;63;0x00000b31;63;0;0;2170731;2749973;27;2170797;0;NOSTRESS
42149166089;53087;"NEAR_P1";"INTERVAL";"PROBE";1;63;0x00000b31;63;0;0;2165594;2752642;25;2165624;0;NOSTRESS
42149219183;53326;"NEAR_P1";"INTERVAL";"PROBE";1;63;0x00000b31;63;0;0;2173709;2766468;39;2173794;0;NOSTRESS
42149272517;53334;"NEAR_P1";"INTERVAL";"PROBE";1;63;0x00000b31;63;0;0;2173537;2764345;48;2173625;0;NOSTRESS
42149325858;53159;"NEAR_P1";"INTERVAL";"PROBE";1;63;0x00000b31;63;0;0;2168476;2754348;12;2168523;0;NOSTRESS
42149379025;53319;"NEAR_P1";"INTERVAL";"PROBE";1;63;0x00000b31;63;0;0;2174022;2766765;20;2174115;0;NOSTRESS
42149432362;53338;"NEAR_P1";"INTERVAL";"PROBE";1;63;0x00000b31;63;0;0;2174385;2769413;72;2174476;0;NOSTRESS
42149485707;53173;"NEAR_P1";"INTERVAL";"PROBE";1;63;0x00000b31;63;0;0;2168947;2759136;24;2168996;0;NOSTRESS
42149538887;53353;"NEAR_P1";"INTERVAL";"PROBE";1;63;0x00000b31;63;0;0;2174217;2766001;288;2174303;0;NOSTRESS
42149592249;53416;"NEAR_P1";"INTERVAL";"PROBE";1;63;0x00000b31;63;0;0;2174393;2764534;544;2174485;0;NOSTRESS
42149645674;53220;"NEAR_P1";"INTERVAL";"PROBE";1;63;0x00000b31;63;0;0;2168889;2744940;684;2168932;0;NOSTRESS
42149698902;53472;"NEAR_P1";"INTERVAL";"PROBE";1;63;0x00000b31;63;0;0;2174306;2764871;576;2174394;0;NOSTRESS
42149752381;53518;"NEAR_P1";"INTERVAL";"PROBE";1;63;0x00000b31;63;0;0;2176224;2770124;679;2176322;0;NOSTRESS
42149805906;53206;"NEAR_P1";"INTERVAL";"PROBE";1;63;0x00000b31;63;0;0;2168919;2754192;100;2168965;0;NOSTRESS
42149859119;53342;"NEAR_P1";"INTERVAL";"PROBE";1;63;0x00000b31;63;0;0;2174299;2760757;36;2174390;0;NOSTRESS
42149912468;53363;"NEAR_P1";"INTERVAL";"PROBE";1;63;0x00000b31;63;0;0;2174277;2765002;78;2174368;0;NOSTRESS
42149965856;65753;"TRAJ_R1";"INTERVAL";"PROBE";1;63;0x00000b31;63;0;1;2582125;3416353;394;2582213;0;NOSTRESS
42150498283;1135224;"MAF";"INTERVAL";"PROBE";1;63;0x00000b31;64;65;44;46138066;58771490;8678;46139553;0;NOSTRESS
42150498310;114;"SENS_C1";"INTERVAL";"PROBE";1;63;0x00000b31;64;0;3;1454;2065;448;1458;0;NOSTRESS
42150498433;243;"LOC_C1";"INTERVAL";"PROBE";1;63;0x00000b31;64;0;0;4919;7329;538;4923;0;NOSTRESS
42150498683;295;"LOC_C2";"INTERVAL";"PROBE";1;63;0x00000b31;64;10;2;1546;3091;1156;1557;0;NOSTRESS
42150498987;307;"LOC_C3";"INTERVAL";"PROBE";1;63;0x00000b31;64;0;0;9806;13255;304;9810;0;NOSTRESS
42150499304;43;"LOC_C4";"INTERVAL";"PROBE";1;63;0x00000b31;64;0;0;585;886;120;589;0;NOSTRESS
42150499353;53560;"NEAR_P1";"INTERVAL";"PROBE";1;63;0x00000b31;64;9;4;2174152;2769650;1208;2174218;0;NOSTRESS
42150552922;53505;"NEAR_P1";"INTERVAL";"PROBE";1;63;0x00000b31;64;3;5;2175438;2771376;868;2175524;0;NOSTRESS
42150606434;53237;"NEAR_P1";"INTERVAL";"PROBE";1;63;0x00000b31;64;3;3;2169768;2746955;396;2169809;0;NOSTRESS
42150659677;53350;"NEAR_P1";"INTERVAL";"PROBE";1;63;0x00000b31;64;3;0;2173568;2760967;72;2173644;0;NOSTRESS
42150713034;53301;"NEAR_P1";"INTERVAL";"PROBE";1;63;0x00000b31;64;3;2;2173497;2764619;17;2173573;0;NOSTRESS
42150766342;53118;"NEAR_P1";"INTERVAL";"PROBE";1;63;0x00000b31;64;2;1;2165445;2747101;28;2165473;0;NOSTRESS
42150819467;53256;"NEAR_P1";"INTERVAL";"PROBE";1;63;0x00000b31;64;2;1;2170589;2753319;41;2170666;0;NOSTRESS
42150872730;53299;"NEAR_P1";"INTERVAL";"PROBE";1;63;0x00000b31;64;2;1;2173428;2762998;19;2173514;0;NOSTRESS
42150926036;53158;"NEAR_P1";"INTERVAL";"PROBE";1;63;0x00000b31;64;1;0;2168473;2754958;8;2168518;0;NOSTRESS
42150979201;53325;"NEAR_P1";"INTERVAL";"PROBE";1;63;0x00000b31;64;3;1;2173913;2763861;68;2174000;0;NOSTRESS
42151032534;53302;"NEAR_P1";"INTERVAL";"PROBE";1;63;0x00000b31;64;3;1;2173751;2753753;16;2173837;0;NOSTRESS
42151085844;53173;"NEAR_P1";"INTERVAL";"PROBE";1;63;0x00000b31;64;1;1;2168781;2751612;30;2168827;0;NOSTRESS
42151139024;53355;"NEAR_P1";"INTERVAL";"PROBE";1;63;0x00000b31;64;2;1;2174349;2763941;260;2174442;0;NOSTRESS
42151192392;53391;"NEAR_P1";"INTERVAL";"PROBE";1;63;0x00000b31;64;2;1;2174313;2765701;504;2174403;0;NOSTRESS
42151245791;53221;"NEAR_P1";"INTERVAL";"PROBE";1;63;0x00000b31;64;1;0;2168683;2754721;628;2168732;0;NOSTRESS
42151299019;53400;"NEAR_P1";"INTERVAL";"PROBE";1;63;0x00000b31;64;3;1;2174138;2767014;632;2174226;0;NOSTRESS
42151352426;53326;"NEAR_P1";"INTERVAL";"PROBE";1;63;0x00000b31;64;3;1;2174095;2763355;184;2174186;0;NOSTRESS
42151405759;53347;"NEAR_P1";"INTERVAL";"PROBE";1;63;0x00000b31;64;1;1;2170629;2757569;408;2170682;0;NOSTRESS
42151459113;53362;"NEAR_P1";"INTERVAL";"PROBE";1;63;0x00000b31;64;2;1;2174137;2766006;84;2174228;0;NOSTRESS
42151512482;53335;"NEAR_P1";"INTERVAL";"PROBE";1;63;0x00000b31;64;2;1;2174033;2763257;60;2174121;0;NOSTRESS
42151565842;67657;"TRAJ_R1";"INTERVAL";"PROBE";1;63;0x00000b31;64;0;0;2658367;3514860;389;2658458;0;NOSTRESS
42152098277;1137145;"MAF";"INTERVAL";"PROBE";1;63;0x00000b31;65;51;34;46217502;58937595;9527;46218989;0;NOSTRESS
42152098304;115;"SENS_C1";"INTERVAL";"PROBE";1;63;0x00000b31;65;0;0;1451;2066;448;1455;0;NOSTRESS
42152098426;240;"LOC_C1";"INTERVAL";"PROBE";1;63;0x00000b31;65;1;2;4920;7378;532;4924;0;NOSTRESS
42152098673;33;"LOC_C2";"INTERVAL";"PROBE";1;63;0x00000b31;65;0;0;650;898;100;654;0;NOSTRESS
42152098716;310;"LOC_C3";"INTERVAL";"PROBE";1;63;0x00000b31;65;0;0;9810;13355;324;9814;0;NOSTRESS
42152099036;46;"LOC_C4";"INTERVAL";"PROBE";1;63;0x00000b31;65;0;0;584;896;136;588;0;NOSTRESS
42152099088;53552;"NEAR_P1";"INTERVAL";"PROBE";1;63;0x00000b31;65;5;2;2175455;2769924;1689;2175532;0;NOSTRESS
42152152648;53390;"NEAR_P1";"INTERVAL";"PROBE";1;63;0x00000b31;65;2;2;2173659;2768672;756;2173737;0;NOSTRESS
42152206046;53192;"NEAR_P1";"INTERVAL";"PROBE";1;63;0x00000b31;65;3;1;2168614;2757627;304;2168652;0;NOSTRESS
42152259245;53444;"NEAR_P1";"INTERVAL";"PROBE";1;63;0x00000b31;65;2;1;2175575;2770730;340;2175661;0;NOSTRESS
42152312697;53313;"NEAR_P1";"INTERVAL";"PROBE";1;63;0x00000b31;65;3;1;2173634;2764881;24;2173710;0;NOSTRESS
42152366017;53190;"NEAR_P1";"INTERVAL";"PROBE";1;63;0x00000b31;65;2;2;2168571;2755991;20;2168611;0;NOSTRESS
42152419214;53245;"NEAR_P1";"INTERVAL";"PROBE";1;63;0x00000b31;65;2;2;2170705;2760589;43;2170774;0;NOSTRESS
42152472466;53238;"NEAR_P1";"INTERVAL";"PROBE";1;63;0x00000b31;65;3;1;2170699;2761937;29;2170773;0;NOSTRESS
42152525711;53166;"NEAR_P1";"INTERVAL";"PROBE";1;63;0x00000b31;65;2;2;2168557;2757457;30;2168605;0;NOSTRESS
42152578884;53407;"NEAR_P1";"INTERVAL";"PROBE";1;63;0x00000b31;65;2;2;2173715;2764918;586;2173804;0;NOSTRESS
42152632300;53328;"NEAR_P1";"INTERVAL";"PROBE";1;63;0x00000b31;65;3;1;2174366;2766509;92;2174457;0;NOSTRESS
42152685636;53175;"NEAR_P1";"INTERVAL";"PROBE";1;63;0x00000b31;65;2;2;2168915;2756668;8;2168961;0;NOSTRESS
42152738818;53395;"NEAR_P1";"INTERVAL";"PROBE";1;63;0x00000b31;65;2;2;2174190;2767357;340;2174274;0;NOSTRESS
42152792229;53410;"NEAR_P1";"INTERVAL";"PROBE";1;63;0x00000b31;65;3;1;2174225;2764801;704;2174316;0;NOSTRESS
42152845647;53226;"NEAR_P1";"INTERVAL";"PROBE";1;63;0x00000b31;65;2;2;2168961;2756093;760;2169005;0;NOSTRESS
42152898880;53416;"NEAR_P1";"INTERVAL";"PROBE";1;63;0x00000b31;65;2;2;2174353;2759698;636;2174444;0;NOSTRESS
42152952303;53409;"NEAR_P1";"INTERVAL";"PROBE";1;63;0x00000b31;65;3;1;2174200;2766721;244;2174291;0;NOSTRESS
42153005719;53194;"NEAR_P1";"INTERVAL";"PROBE";1;63;0x00000b31;65;2;2;2168920;2758122;68;2168966;0;NOSTRESS
42153058920;53473;"NEAR_P1";"INTERVAL";"PROBE";1;63;0x00000b31;65;1;2;2176315;2771377;400;2176414;0;NOSTRESS
42153112400;53437;"NEAR_P1";"INTERVAL";"PROBE";1;63;0x00000b31;65;2;0;2175654;2770949;354;2175743;0;NOSTRESS
42153165848;69565;"TRAJ_R1";"INTERVAL";"PROBE";1;63;0x00000b31;65;2;1;2734586;3614585;356;2734680;0;NOSTRESS
42153698276;1139209;"MAF";"INTERVAL";"PROBE";1;63;0x00000b31;66;74;47;46304141;58983672;8531;46305649;0;NOSTRESS
42153698301;118;"SENS_C1";"INTERVAL";"PROBE";1;63;0x00000b31;66;0;3;1456;2044;456;1460;0;NOSTRESS
42153698427;235;"LOC_C1";"INTERVAL";"PROBE";1;63;0x00000b31;66;1;0;4921;7333;514;4925;0;NOSTRESS
42153698670;34;"LOC_C2";"INTERVAL";"PROBE";1;63;0x00000b31;66;0;0;650;889;104;654;0;NOSTRESS
42153698713;310;"LOC_C3";"INTERVAL";"PROBE";1;63;0x00000b31;66;0;0;9799;13442;304;9803;0;NOSTRESS
42153699032;42;"LOC_C4";"INTERVAL";"PROBE";1;63;0x00000b31;66;0;0;585;892;124;589;0;NOSTRESS
42153699081;53458;"NEAR_P1";"INTERVAL";"PROBE";1;63;0x00000b31;66;6;4;2174210;2765620;1136;2174276;0;NOSTRESS
42153752547;53342;"NEAR_P1";"INTERVAL";"PROBE";1;63;0x00000b31;66;3;3;2173896;2765006;540;2173972;0;NOSTRESS
42153805898;53137;"NEAR_P1";"INTERVAL";"PROBE";1;63;0x00000b31;66;3;1;2165655;2741832;316;2165685;0;NOSTRESS
42153859042;53323;"NEAR_P1";"INTERVAL";"PROBE";1;63;0x00000b31;66;3;1;2173762;2767875;60;2173838;0;NOSTRESS
42153912372;53451;"NEAR_P1";"INTERVAL";"PROBE";1;63;0x00000b31;66;3;1;2175590;2772140;296;2175678;0;NOSTRESS
42153965832;53161;"NEAR_P1";"INTERVAL";"PROBE";1;63;0x00000b31;66;2;2;2168614;2753447;8;2168654;0;NOSTRESS
42154019015;53310;"NEAR_P1";"INTERVAL";"PROBE";1;63;0x00000b31;66;3;1;2173594;2761942;12;2173683;0;NOSTRESS
42154072347;53626;"NEAR_P1";"INTERVAL";"PROBE";1;63;0x00000b31;66;17;4;2174424;2765179;1086;2174522;0;NOSTRESS
42154125980;53153;"NEAR_P1";"INTERVAL";"PROBE";1;63;0x00000b31;66;3;8;2168586;2755801;30;2168631;0;NOSTRESS
42154179140;53234;"NEAR_P1";"INTERVAL";"PROBE";1;63;0x00000b31;66;2;1;2171067;2746488;56;2171142;0;NOSTRESS
42154232395;53359;"NEAR_P1";"INTERVAL";"PROBE";1;63;0x00000b31;66;3;1;2174406;2765258;32;2174497;0;NOSTRESS
42154285762;53159;"NEAR_P1";"INTERVAL";"PROBE";1;63;0x00000b31;66;1;0;2168958;2753022;20;2169007;0;NOSTRESS
42154338928;53350;"NEAR_P1";"INTERVAL";"PROBE";1;63;0x00000b31;66;3;2;2174500;2765483;232;2174596;0;NOSTRESS
42154392288;53421;"NEAR_P1";"INTERVAL";"PROBE";1;63;0x00000b31;66;2;2;2174610;2768362;636;2174700;0;NOSTRESS
42154445718;53201;"NEAR_P1";"INTERVAL";"PROBE";1;63;0x00000b31;66;3;1;2168903;2748591;696;2168949;0;NOSTRESS
42154498927;53383;"NEAR_P1";"INTERVAL";"PROBE";1;63;0x00000b31;66;3;1;2174381;2766072;612;2174473;0;NOSTRESS
42154552318;53351;"NEAR_P1";"INTERVAL";"PROBE";1;63;0x00000b31;66;2;2;2174372;2766758;164;2174460;0;NOSTRESS
42154605676;53190;"NEAR_P1";"INTERVAL";"PROBE";1;63;0x00000b31;66;3;1;2168890;2744066;52;2168936;0;NOSTRESS
42154658873;53323;"NEAR_P1";"INTERVAL";"PROBE";1;63;0x00000b31;66;3;1;2174411;2758841;44;2174503;0;NOSTRESS
42154712203;53467;"NEAR_P1";"INTERVAL";"PROBE";1;63;0x00000b31;66;2;2;2176223;2768957;380;2176321;0;NOSTRESS
42154765680;71794;"TRAJ_R1";"INTERVAL";"PROBE";1;63;0x00000b31;66;1;2;2821460;3730848;429;2821551;0;NOSTRESS
42155298278;1142014;"MAF";"INTERVAL";"PROBE";1;63;0x00000b31;67;65;39;46406785;59201397;8922;46408321;0;NOSTRESS
42155298306;120;"SENS_C1";"INTERVAL";"PROBE";1;63;0x00000b31;67;0;3;1453;2075;472;1457;0;NOSTRESS
42155298434;240;"LOC_C1";"INTERVAL";"PROBE";1;63;0x00000b31;67;1;0;4915;7277;560;4919;0;NOSTRESS
42155298681;30;"LOC_C2";"INTERVAL";"PROBE";1;63;0x00000b31;67;0;0;650;892;100;654;0;NOSTRESS
42155298721;306;"LOC_C3";"INTERVAL";"PROBE";1;63;0x00000b31;67;0;0;9808;13438;300;9812;0;NOSTRESS
42155299037;43;"LOC_C4";"INTERVAL";"PROBE";1;63;0x00000b31;67;0;0;584;909;124;588;0;NOSTRESS
42155299086;53583;"NEAR_P1";"INTERVAL";"PROBE";1;63;0x00000b31;67;5;2;2176637;2776713;1442;2176717;0;NOSTRESS
42155352685;53386;"NEAR_P1";"INTERVAL";"PROBE";1;63;0x00000b31;67;3;4;2174286;2765191;716;2174366;0;NOSTRESS
42155406080;53117;"NEAR_P1";"INTERVAL";"PROBE";1;63;0x00000b31;67;3;1;2166188;2753812;396;2166216;0;NOSTRESS
42155459204;53645;"NEAR_P1";"INTERVAL";"PROBE";1;63;0x00000b31;67;13;2;2176958;2774813;1016;2177062;0;NOSTRESS
42155512856;53356;"NEAR_P1";"INTERVAL";"PROBE";1;63;0x00000b31;67;3;0;2174130;2766024;20;2174207;0;NOSTRESS
42155566219;53313;"NEAR_P1";"INTERVAL";"PROBE";1;63;0x00000b31;67;3;0;2171029;2760862;224;2171081;0;NOSTRESS
42155619539;53324;"NEAR_P1";"INTERVAL";"PROBE";1;63;0x00000b31;67;2;2;2174258;2768884;8;2174342;0;NOSTRESS
42155672879;53335;"NEAR_P1";"INTERVAL";"PROBE";1;63;0x00000b31;67;2;2;2174272;2766376;27;2174358;0;NOSTRESS
42155726221;53176;"NEAR_P1";"INTERVAL";"PROBE";1;63;0x00000b31;67;3;1;2169190;2758388;5;2169232;0;NOSTRESS
42155779404;53360;"NEAR_P1";"INTERVAL";"PROBE";1;63;0x00000b31;67;2;2;2174581;2768957;94;2174668;0;NOSTRESS
42155832771;53357;"NEAR_P1";"INTERVAL";"PROBE";1;63;0x00000b31;67;2;2;2174823;2767892;81;2174908;0;NOSTRESS
42155886135;53179;"NEAR_P1";"INTERVAL";"PROBE";1;63;0x00000b31;67;3;1;2169499;2758009;16;2169548;0;NOSTRESS
42155939321;53371;"NEAR_P1";"INTERVAL";"PROBE";1;63;0x00000b31;67;2;2;2174922;2770993;288;2175008;0;NOSTRESS
42155992703;53413;"NEAR_P1";"INTERVAL";"PROBE";1;63;0x00000b31;67;2;2;2174987;2767377;500;2175079;0;NOSTRESS
42156046126;53240;"NEAR_P1";"INTERVAL";"PROBE";1;63;0x00000b31;67;3;1;2169493;2756948;716;2169539;0;NOSTRESS
42156099373;53429;"NEAR_P1";"INTERVAL";"PROBE";1;63;0x00000b31;67;2;2;2175047;2768262;624;2175137;0;NOSTRESS
42156152810;53447;"NEAR_P1";"INTERVAL";"PROBE";1;63;0x00000b31;67;2;2;2174959;2766855;217;2175051;0;NOSTRESS
42156206264;53201;"NEAR_P1";"INTERVAL";"PROBE";1;63;0x00000b31;67;3;1;2169463;2755168;44;2169512;0;NOSTRESS
42156259472;53363;"NEAR_P1";"INTERVAL";"PROBE";1;63;0x00000b31;67;2;2;2174875;2765635;72;2174969;0;NOSTRESS
42156312843;53383;"NEAR_P1";"INTERVAL";"PROBE";1;63;0x00000b31;67;2;2;2175183;2765124;76;2175272;0;NOSTRESS
42156366236;74048;"TRAJ_R1";"INTERVAL";"PROBE";1;63;0x00000b31;67;2;1;2908381;3846925;608;2908479;0;NOSTRESS
42156898390;1145492;"MAF";"INTERVAL";"PROBE";1;63;0x00000b31;68;98;47;46497847;59511643;12938;46499365;0;NOSTRESS
42156898423;138;"SENS_C1";"INTERVAL";"PROBE";1;63;0x00000b31;68;0;4;1455;2062;552;1459;0;NOSTRESS
42156898568;273;"LOC_C1";"INTERVAL";"PROBE";1;63;0x00000b31;68;2;1;4922;7346;706;4926;0;NOSTRESS
42156898848;38;"LOC_C2";"INTERVAL";"PROBE";1;63;0x00000b31;68;0;0;650;906;140;654;0;NOSTRESS
42156898896;312;"LOC_C3";"INTERVAL";"PROBE";1;63;0x00000b31;68;0;0;9805;13162;336;9809;0;NOSTRESS
42156899218;45;"LOC_C4";"INTERVAL";"PROBE";1;63;0x00000b31;68;0;0;585;921;124;589;0;NOSTRESS
42156899270;53849;"NEAR_P1";"INTERVAL";"PROBE";1;63;0x00000b31;68;23;4;2176521;2802796;3646;2176598;0;NOSTRESS
42156953127;53455;"NEAR_P1";"INTERVAL";"PROBE";1;63;0x00000b31;68;8;2;2171655;2787124;1472;2171721;0;NOSTRESS
42157006591;53348;"NEAR_P1";"INTERVAL";"PROBE";1;63;0x00000b31;68;5;3;2169513;2783100;740;2169553;0;NOSTRESS
42157059946;53456;"NEAR_P1";"INTERVAL";"PROBE";1;63;0x00000b31;68;6;3;2174625;2796395;56;2174705;0;NOSTRESS
42157113409;53444;"NEAR_P1";"INTERVAL";"PROBE";1;63;0x00000b31;68;4;2;2174546;2792712;60;2174624;0;NOSTRESS
42157166860;53292;"NEAR_P1";"INTERVAL";"PROBE";1;63;0x00000b31;68;3;0;2169467;2785469;20;2169509;0;NOSTRESS
42157220160;53577;"NEAR_P1";"INTERVAL";"PROBE";1;63;0x00000b31;68;4;1;2176475;2798741;272;2176574;0;NOSTRESS
42157273744;53459;"NEAR_P1";"INTERVAL";"PROBE";1;63;0x00000b31;68;3;2;2174554;2789991;28;2174643;0;NOSTRESS
42157327211;53177;"NEAR_P1";"INTERVAL";"PROBE";1;63;0x00000b31;68;1;2;2169324;2753608;8;2169366;0;NOSTRESS
42157380396;53351;"NEAR_P1";"INTERVAL";"PROBE";1;63;0x00000b31;68;2;0;2174836;2767142;114;2174923;0;NOSTRESS
42157433754;53388;"NEAR_P1";"INTERVAL";"PROBE";1;63;0x00000b31;68;3;2;2175023;2758163;71;2175111;0;NOSTRESS
42157487151;53204;"NEAR_P1";"INTERVAL";"PROBE";1;63;0x00000b31;68;1;2;2169584;2756687;64;2169630;0;NOSTRESS
42157540362;53379;"NEAR_P1";"INTERVAL";"PROBE";1;63;0x00000b31;68;2;0;2174847;2766191;324;2174931;0;NOSTRESS
42157593752;53410;"NEAR_P1";"INTERVAL";"PROBE";1;63;0x00000b31;68;1;2;2175149;2767950;568;2175243;0;NOSTRESS
42157647173;53226;"NEAR_P1";"INTERVAL";"PROBE";1;63;0x00000b31;68;2;0;2169666;2756647;656;2169709;0;NOSTRESS
42157700406;53408;"NEAR_P1";"INTERVAL";"PROBE";1;63;0x00000b31;68;2;2;2175222;2766736;648;2175317;0;NOSTRESS
42157753822;53381;"NEAR_P1";"INTERVAL";"PROBE";1;63;0x00000b31;68;1;2;2175089;2769316;164;2175183;0;NOSTRESS
42157807211;53547;"NEAR_P1";"INTERVAL";"PROBE";1;63;0x00000b31;68;19;4;2170583;2759094;1334;2170636;0;NOSTRESS
42157860765;53407;"NEAR_P1";"INTERVAL";"PROBE";1;63;0x00000b31;68;2;2;2175085;2768528;92;2175173;0;NOSTRESS
42157914194;53441;"NEAR_P1";"INTERVAL";"PROBE";1;63;0x00000b31;68;0;0;2176503;2770906;179;2176598;0;NOSTRESS
42157967647;76226;"TRAJ_R1";"INTERVAL";"PROBE";1;63;0x00000b31;68;2;1;2995954;3962505;360;2996046;0;NOSTRESS
42158498272;1146839;"MAF";"INTERVAL";"PROBE";1;63;0x00000b31;69;14;6;46611898;59464310;8491;46613429;0;NOSTRESS
42158498301;121;"SENS_C1";"INTERVAL";"PROBE";1;63;0x00000b31;69;0;2;1452;2100;472;1456;0;NOSTRESS
42158498429;253;"LOC_C1";"INTERVAL";"PROBE";1;63;0x00000b31;69;1;2;4917;7336;561;4921;0;NOSTRESS
42158498692;34;"LOC_C2";"INTERVAL";"PROBE";1;63;0x00000b31;69;0;0;650;903;124;654;0;NOSTRESS
42158498735;308;"LOC_C3";"INTERVAL";"PROBE";1;63;0x00000b31;69;0;0;9801;13330;304;9805;0;NOSTRESS
42158499052;40;"LOC_C4";"INTERVAL";"PROBE";1;63;0x00000b31;69;0;0;584;880;120;588;0;NOSTRESS
42158499099;53683;"NEAR_P1";"INTERVAL";"PROBE";1;63;0x00000b31;69;13;2;2177697;2778606;1670;2177780;0;NOSTRESS
42158552794;53445;"NEAR_P1";"INTERVAL";"PROBE";1;63;0x00000b31;69;0;0;2175393;2770922;966;2175471;0;NOSTRESS
42158606247;53229;"NEAR_P1";"INTERVAL";"PROBE";1;63;0x00000b31;69;0;0;2170338;2760798;360;2170380;0;NOSTRESS
42158659483;53348;"NEAR_P1";"INTERVAL";"PROBE";1;63;0x00000b31;69;0;0;2175389;2756435;36;2175469;0;NOSTRESS
42158712839;53355;"NEAR_P1";"INTERVAL";"PROBE";1;63;0x00000b31;69;0;0;2175276;2769249;16;2175353;0;NOSTRESS
42158766201;53197;"NEAR_P1";"INTERVAL";"PROBE";1;63;0x00000b31;69;0;0;2170303;2757084;8;2170343;0;NOSTRESS
42158819405;53370;"NEAR_P1";"INTERVAL";"PROBE";1;63;0x00000b31;69;0;0;2175338;2768474;44;2175419;0;NOSTRESS
42158872783;53472;"NEAR_P1";"INTERVAL";"PROBE";1;63;0x00000b31;69;0;0;2177258;2774818;188;2177360;0;NOSTRESS
42158926263;53202;"NEAR_P1";"INTERVAL";"PROBE";1;63;0x00000b31;69;0;0;2170328;2758184;12;2170376;0;NOSTRESS
42158979472;53359;"NEAR_P1";"INTERVAL";"PROBE";1;63;0x00000b31;69;0;0;2175736;2770840;56;2175826;0;NOSTRESS
42159032838;53379;"NEAR_P1";"INTERVAL";"PROBE";1;63;0x00000b31;69;0;0;2176121;2768802;77;2176212;0;NOSTRESS
42159086224;53232;"NEAR_P1";"INTERVAL";"PROBE";1;63;0x00000b31;69;0;0;2170565;2762754;55;2170614;0;NOSTRESS
42159139464;53428;"NEAR_P1";"INTERVAL";"PROBE";1;63;0x00000b31;69;0;0;2175453;2770531;394;2175539;0;NOSTRESS
42159192902;53449;"NEAR_P1";"INTERVAL";"PROBE";1;63;0x00000b31;69;0;0;2176152;2768689;740;2176241;0;NOSTRESS
42159246361;53265;"NEAR_P1";"INTERVAL";"PROBE";1;63;0x00000b31;69;0;0;2170672;2761413;748;2170715;0;NOSTRESS
42159299634;53452;"NEAR_P1";"INTERVAL";"PROBE";1;63;0x00000b31;69;0;0;2176179;2763079;572;2176272;0;NOSTRESS
42159353093;53375;"NEAR_P1";"INTERVAL";"PROBE";1;63;0x00000b31;69;0;0;2176036;2767109;136;2176124;0;NOSTRESS
42159406475;53232;"NEAR_P1";"INTERVAL";"PROBE";1;63;0x00000b31;69;0;0;2170639;2758368;104;2170688;0;NOSTRESS
42159459715;53359;"NEAR_P1";"INTERVAL";"PROBE";1;63;0x00000b31;69;0;0;2176055;2769358;92;2176149;0;NOSTRESS
42159513081;53369;"NEAR_P1";"INTERVAL";"PROBE";1;63;0x00000b31;69;0;0;2176052;2771459;88;2176143;0;NOSTRESS
42159566472;78631;"TRAJ_R1";"INTERVAL";"PROBE";1;63;0x00000b31;69;0;0;3091295;4085055;368;3091386;0;NOSTRESS
42160098299;1149513;"MAF";"INTERVAL";"PROBE";1;63;0x00000b31;70;10;10;46702590;59568234;12092;46704097;0;NOSTRESS
42160098328;130;"SENS_C1";"INTERVAL";"PROBE";1;63;0x00000b31;70;0;1;1455;2099;504;1459;0;NOSTRESS
42160098466;268;"LOC_C1";"INTERVAL";"PROBE";1;63;0x00000b31;70;0;1;4917;7303;662;4921;0;NOSTRESS
42160098744;40;"LOC_C2";"INTERVAL";"PROBE";1;63;0x00000b31;70;0;0;650;909;144;654;0;NOSTRESS
42160098793;309;"LOC_C3";"INTERVAL";"PROBE";1;63;0x00000b31;70;0;0;9798;13267;336;9802;0;NOSTRESS
42160099112;43;"LOC_C4";"INTERVAL";"PROBE";1;63;0x00000b31;70;0;0;587;907;132;591;0;NOSTRESS
42160099162;53693;"NEAR_P1";"INTERVAL";"PROBE";1;63;0x00000b31;70;4;3;2178958;2782779;2782;2179047;0;NOSTRESS
42160152864;53418;"NEAR_P1";"INTERVAL";"PROBE";1;63;0x00000b31;70;5;3;2175421;2767485;1170;2175501;0;NOSTRESS
42160206290;53243;"NEAR_P1";"INTERVAL";"PROBE";1;63;0x00000b31;70;1;2;2170388;2756971;536;2170430;0;NOSTRESS
42160259540;53368;"NEAR_P1";"INTERVAL";"PROBE";1;63;0x00000b31;70;0;0;2175432;2768818;80;2175508;0;NOSTRESS
42160312915;53387;"NEAR_P1";"INTERVAL";"PROBE";1;63;0x00000b31;70;0;0;2175635;2767571;36;2175715;0;NOSTRESS
42160366309;53199;"NEAR_P1";"INTERVAL";"PROBE";1;63;0x00000b31;70;0;0;2170361;2760707;8;2170399;0;NOSTRESS
42160419515;53352;"NEAR_P1";"INTERVAL";"PROBE";1;63;0x00000b31;70;0;0;2175434;2768659;16;2175520;0;NOSTRESS
42160472874;53304;"NEAR_P1";"INTERVAL";"PROBE";1;63;0x00000b31;70;0;0;2172643;2761960;86;2172720;0;NOSTRESS
42160526186;53210;"NEAR_P1";"INTERVAL";"PROBE";1;63;0x00000b31;70;0;0;2170435;2760287;15;2170477;0;NOSTRESS
42160579403;53627;"NEAR_P1";"INTERVAL";"PROBE";1;63;0x00000b31;70;0;0;2177539;2772784;1510;2177636;0;NOSTRESS
42160633040;53415;"NEAR_P1";"INTERVAL";"PROBE";1;63;0x00000b31;70;0;0;2176215;2769713;212;2176303;0;NOSTRESS
42160686462;53208;"NEAR_P1";"INTERVAL";"PROBE";1;63;0x00000b31;70;0;0;2170759;2756986;24;2170805;0;NOSTRESS
42160739677;53438;"NEAR_P1";"INTERVAL";"PROBE";1;63;0x00000b31;70;0;0;2175548;2768722;778;2175640;0;NOSTRESS
42160793128;53458;"NEAR_P1";"INTERVAL";"PROBE";1;63;0x00000b31;70;0;0;2175860;2759013;711;2175948;0;NOSTRESS
42160846595;53305;"NEAR_P1";"INTERVAL";"PROBE";1;63;0x00000b31;70;0;0;2170365;2760352;758;2170413;0;NOSTRESS
42160899908;53470;"NEAR_P1";"INTERVAL";"PROBE";1;63;0x00000b31;70;0;0;2176168;2769008;588;2176260;0;NOSTRESS
42160953387;53438;"NEAR_P1";"INTERVAL";"PROBE";1;63;0x00000b31;70;0;0;2176007;2759308;192;2176092;0;NOSTRESS
42161006832;53260;"NEAR_P1";"INTERVAL";"PROBE";1;63;0x00000b31;70;0;0;2170840;2758963;76;2170884;0;NOSTRESS
42161060099;53373;"NEAR_P1";"INTERVAL";"PROBE";1;63;0x00000b31;70;0;0;2176139;2769850;76;2176227;0;NOSTRESS
42161113479;53369;"NEAR_P1";"INTERVAL";"PROBE";1;63;0x00000b31;70;0;0;2176251;2770815;44;2176346;0;NOSTRESS
42161166874;80930;"TRAJ_R1";"INTERVAL";"PROBE";1;63;0x00000b31;70;0;0;3182569;4205510;380;3182657;0;NOSTRESS
42161698275;1151949;"MAF";"INTERVAL";"PROBE";1;63;0x00000b31;71;24;11;46804246;59714779;9071;46805762;0;NOSTRESS
42161698298;123;"SENS_C1";"INTERVAL";"PROBE";1;63;0x00000b31;71;0;2;1452;2085;468;1456;0;NOSTRESS
42161698431;235;"LOC_C1";"INTERVAL";"PROBE";1;63;0x00000b31;71;1;0;4922;7404;537;4926;0;NOSTRESS
42161698673;34;"LOC_C2";"INTERVAL";"PROBE";1;63;0x00000b31;71;0;0;650;904;112;654;0;NOSTRESS
42161698718;315;"LOC_C3";"INTERVAL";"PROBE";1;63;0x00000b31;71;0;0;9810;13386;312;9814;0;NOSTRESS
42161699043;42;"LOC_C4";"INTERVAL";"PROBE";1;63;0x00000b31;71;0;0;584;884;120;588;0;NOSTRESS
42161699091;53858;"NEAR_P1";"INTERVAL";"PROBE";1;63;0x00000b31;71;21;4;2176971;2774352;2410;2177045;0;NOSTRESS
42161752957;53403;"NEAR_P1";"INTERVAL";"PROBE";1;63;0x00000b31;71;2;4;2175423;2768177;736;2175499;0;NOSTRESS
42161806369;53225;"NEAR_P1";"INTERVAL";"PROBE";1;63;0x00000b31;71;0;0;2170363;2758382;384;2170401;0;NOSTRESS
42161859601;53357;"NEAR_P1";"INTERVAL";"PROBE";1;63;0x00000b31;71;0;0;2175411;2767238;100;2175489;0;NOSTRESS
42161912965;53348;"NEAR_P1";"INTERVAL";"PROBE";1;63;0x00000b31;71;0;0;2175453;2766903;28;2175531;0;NOSTRESS
42161966320;53204;"NEAR_P1";"INTERVAL";"PROBE";1;63;0x00000b31;71;0;0;2170368;2760402;12;2170410;0;NOSTRESS
42162019531;53345;"NEAR_P1";"INTERVAL";"PROBE";1;63;0x00000b31;71;0;0;2175365;2762034;36;2175454;0;NOSTRESS
42162072883;53348;"NEAR_P1";"INTERVAL";"PROBE";1;63;0x00000b31;71;0;0;2175439;2768112;12;2175528;0;NOSTRESS
42162126238;53212;"NEAR_P1";"INTERVAL";"PROBE";1;63;0x00000b31;71;0;0;2170507;2759385;20;2170555;0;NOSTRESS
42162179457;53357;"NEAR_P1";"INTERVAL";"PROBE";1;63;0x00000b31;71;0;0;2175765;2765186;52;2175855;0;NOSTRESS
42162232821;53496;"NEAR_P1";"INTERVAL";"PROBE";1;63;0x00000b31;71;0;0;2178007;2775351;236;2178102;0;NOSTRESS
42162286325;53210;"NEAR_P1";"INTERVAL";"PROBE";1;63;0x00000b31;71;0;0;2170686;2757582;20;2170729;0;NOSTRESS
42162339542;53391;"NEAR_P1";"INTERVAL";"PROBE";1;63;0x00000b31;71;0;0;2176179;2769728;332;2176268;0;NOSTRESS
42162392943;53523;"NEAR_P1";"INTERVAL";"PROBE";1;63;0x00000b31;71;0;0;2176851;2771732;728;2176936;0;NOSTRESS
42162446473;53255;"NEAR_P1";"INTERVAL";"PROBE";1;63;0x00000b31;71;0;0;2170659;2757230;780;2170705;0;NOSTRESS
42162499735;53498;"NEAR_P1";"INTERVAL";"PROBE";1;63;0x00000b31;71;0;0;2175855;2768587;663;2175960;0;NOSTRESS
42162553242;53421;"NEAR_P1";"INTERVAL";"PROBE";1;63;0x00000b31;71;0;0;2176232;2768717;188;2176321;0;NOSTRESS
42162606671;53226;"NEAR_P1";"INTERVAL";"PROBE";1;63;0x00000b31;71;0;0;2170631;2758720;76;2170677;0;NOSTRESS
42162659904;53405;"NEAR_P1";"INTERVAL";"PROBE";1;63;0x00000b31;71;0;0;2176054;2770837;84;2176145;0;NOSTRESS
42162713316;53381;"NEAR_P1";"INTERVAL";"PROBE";1;63;0x00000b31;71;0;0;2176069;2772885;44;2176157;0;NOSTRESS
42162766707;83509;"TRAJ_R1";"INTERVAL";"PROBE";1;63;0x00000b31;71;0;0;3282319;4340900;409;3282410;0;NOSTRESS
42163298247;1154737;"MAF";"INTERVAL";"PROBE";1;63;0x00000b31;72;10;18;46905213;59891193;8489;46906746;0;NOSTRESS
42163298271;119;"SENS_C1";"INTERVAL";"PROBE";1;63;0x00000b31;72;0;3;1455;2071;464;1459;0;NOSTRESS
42163298398;243;"LOC_C1";"INTERVAL";"PROBE";1;63;0x00000b31;72;0;1;4929;7382;536;4933;0;NOSTRESS
42163298651;35;"LOC_C2";"INTERVAL";"PROBE";1;63;0x00000b31;72;0;0;650;881;100;654;0;NOSTRESS
42163298695;307;"LOC_C3";"INTERVAL";"PROBE";1;63;0x00000b31;72;0;0;9810;13290;308;9814;0;NOSTRESS
42163299012;43;"LOC_C4";"INTERVAL";"PROBE";1;63;0x00000b31;72;0;0;586;906;120;590;0;NOSTRESS
42163299061;53606;"NEAR_P1";"INTERVAL";"PROBE";1;63;0x00000b31;72;4;5;2176844;2778112;1469;2176925;0;NOSTRESS
42163352675;53333;"NEAR_P1";"INTERVAL";"PROBE";1;63;0x00000b31;72;2;5;2172858;2764436;651;2172924;0;NOSTRESS
42163406016;53297;"NEAR_P1";"INTERVAL";"PROBE";1;63;0x00000b31;72;0;0;2170741;2761478;304;2170781;0;NOSTRESS
42163459320;53361;"NEAR_P1";"INTERVAL";"PROBE";1;63;0x00000b31;72;0;0;2175776;2768742;64;2175854;0;NOSTRESS
42163512689;53360;"NEAR_P1";"INTERVAL";"PROBE";1;63;0x00000b31;72;0;0;2175760;2768061;36;2175836;0;NOSTRESS
42163566056;53226;"NEAR_P1";"INTERVAL";"PROBE";1;63;0x00000b31;72;0;0;2170865;2760949;8;2170903;0;NOSTRESS
42163619290;53388;"NEAR_P1";"INTERVAL";"PROBE";1;63;0x00000b31;72;0;0;2175674;2771490;28;2175759;0;NOSTRESS
42163672685;53358;"NEAR_P1";"INTERVAL";"PROBE";1;63;0x00000b31;72;0;0;2175805;2771471;4;2175888;0;NOSTRESS
42163726051;53214;"NEAR_P1";"INTERVAL";"PROBE";1;63;0x00000b31;72;0;0;2170716;2760641;4;2170764;0;NOSTRESS
42163779272;53383;"NEAR_P1";"INTERVAL";"PROBE";1;63;0x00000b31;72;0;0;2176154;2773295;32;2176244;0;NOSTRESS
42163832662;53407;"NEAR_P1";"INTERVAL";"PROBE";1;63;0x00000b31;72;0;0;2176480;2771527;58;2176568;0;NOSTRESS
42163886076;53359;"NEAR_P1";"INTERVAL";"PROBE";1;63;0x00000b31;72;0;0;2172934;2764656;224;2172987;0;NOSTRESS
42163939442;53423;"NEAR_P1";"INTERVAL";"PROBE";1;63;0x00000b31;72;0;0;2176411;2770078;336;2176499;0;NOSTRESS
42163992876;53433;"NEAR_P1";"INTERVAL";"PROBE";1;63;0x00000b31;72;0;0;2176544;2772113;464;2176633;0;NOSTRESS
42164046318;53260;"NEAR_P1";"INTERVAL";"PROBE";1;63;0x00000b31;72;0;0;2170982;2759526;673;2171027;0;NOSTRESS
42164099586;53809;"NEAR_P1";"INTERVAL";"PROBE";1;63;0x00000b31;72;3;1;2182910;2787015;1415;2183042;0;NOSTRESS
42164153405;53570;"NEAR_P1";"INTERVAL";"PROBE";1;63;0x00000b31;72;1;3;2176190;2772860;393;2176283;0;NOSTRESS
42164206982;53236;"NEAR_P1";"INTERVAL";"PROBE";1;63;0x00000b31;72;0;0;2170987;2761071;104;2171033;0;NOSTRESS
42164260225;53458;"NEAR_P1";"INTERVAL";"PROBE";1;63;0x00000b31;72;0;0;2176502;2774109;80;2176591;0;NOSTRESS
42164313690;53444;"NEAR_P1";"INTERVAL";"PROBE";1;63;0x00000b31;72;0;0;2176422;2771444;56;2176507;0;NOSTRESS
42164367144;85831;"TRAJ_R1";"INTERVAL";"PROBE";1;63;0x00000b31;72;0;0;3374008;4456279;382;3374102;0;NOSTRESS
42164898331;1157456;"MAF";"INTERVAL";"PROBE";1;63;0x00000b31;73;63;36;46995703;60016373;13326;46997236;0;NOSTRESS
42164898367;146;"SENS_C1";"INTERVAL";"PROBE";1;63;0x00000b31;73;1;7;1451;2111;588;1455;0;NOSTRESS
42164898523;288;"LOC_C1";"INTERVAL";"PROBE";1;63;0x00000b31;73;3;3;4918;7215;725;4922;0;NOSTRESS
42164898819;37;"LOC_C2";"INTERVAL";"PROBE";1;63;0x00000b31;73;0;3;650;907;144;654;0;NOSTRESS
42164898865;317;"LOC_C3";"INTERVAL";"PROBE";1;63;0x00000b31;73;0;0;9801;13235;332;9805;0;NOSTRESS
42164899191;43;"LOC_C4";"INTERVAL";"PROBE";1;63;0x00000b31;73;0;0;586;925;132;590;0;NOSTRESS
42164899240;53736;"NEAR_P1";"INTERVAL";"PROBE";1;63;0x00000b31;73;22;11;2176691;2793721;3777;2176771;0;NOSTRESS
42164952985;53413;"NEAR_P1";"INTERVAL";"PROBE";1;63;0x00000b31;73;7;5;2175464;2771331;1356;2175542;0;NOSTRESS
42165006407;53266;"NEAR_P1";"INTERVAL";"PROBE";1;63;0x00000b31;73;1;0;2170247;2748988;709;2170289;0;NOSTRESS
42165059681;53381;"NEAR_P1";"INTERVAL";"PROBE";1;63;0x00000b31;73;0;0;2175378;2769556;112;2175455;0;NOSTRESS
42165113069;53357;"NEAR_P1";"INTERVAL";"PROBE";1;63;0x00000b31;73;0;0;2175341;2768184;64;2175419;0;NOSTRESS
42165166434;53224;"NEAR_P1";"INTERVAL";"PROBE";1;63;0x00000b31;73;0;0;2170270;2759774;20;2170312;0;NOSTRESS
42165219666;53353;"NEAR_P1";"INTERVAL";"PROBE";1;63;0x00000b31;73;0;0;2175535;2771399;8;2175627;0;NOSTRESS
42165273027;53351;"NEAR_P1";"INTERVAL";"PROBE";1;63;0x00000b31;73;0;0;2175355;2771414;16;2175444;0;NOSTRESS
42165326385;53202;"NEAR_P1";"INTERVAL";"PROBE";1;63;0x00000b31;73;0;0;2170267;2759188;16;2170315;0;NOSTRESS
42165379594;53381;"NEAR_P1";"INTERVAL";"PROBE";1;63;0x00000b31;73;0;0;2175773;2769823;72;2175860;0;NOSTRESS
42165432983;53682;"NEAR_P1";"INTERVAL";"PROBE";1;63;0x00000b31;73;25;3;2177005;2776296;1144;2177100;0;NOSTRESS
42165486673;53223;"NEAR_P1";"INTERVAL";"PROBE";1;63;0x00000b31;73;2;1;2170573;2757553;20;2170622;0;NOSTRESS
42165539904;53551;"NEAR_P1";"INTERVAL";"PROBE";1;63;0x00000b31;73;0;0;2177783;2775949;576;2177882;0;NOSTRESS
42165593464;53441;"NEAR_P1";"INTERVAL";"PROBE";1;63;0x00000b31;73;0;0;2176078;2772346;552;2176170;0;NOSTRESS
42165646914;53295;"NEAR_P1";"INTERVAL";"PROBE";1;63;0x00000b31;73;0;0;2170538;2759045;707;2170586;0;NOSTRESS
42165700218;53533;"NEAR_P1";"INTERVAL";"PROBE";1;63;0x00000b31;73;0;0;2175469;2767401;799;2175553;0;NOSTRESS
42165753758;53514;"NEAR_P1";"INTERVAL";"PROBE";1;63;0x00000b31;73;1;0;2177293;2774134;586;2177382;0;NOSTRESS
42165807281;53265;"NEAR_P1";"INTERVAL";"PROBE";1;63;0x00000b31;73;0;0;2170645;2762152;74;2170688;0;NOSTRESS
42165860556;53410;"NEAR_P1";"INTERVAL";"PROBE";1;63;0x00000b31;73;0;0;2176022;2769333;125;2176114;0;NOSTRESS
42165913973;53419;"NEAR_P1";"INTERVAL";"PROBE";1;63;0x00000b31;73;0;0;2176035;2774288;56;2176126;0;NOSTRESS
42165967402;88374;"TRAJ_R1";"INTERVAL";"PROBE";1;63;0x00000b31;73;0;1;3474321;4592754;348;3474413;0;NOSTRESS
42166498222;1159147;"MAF";"INTERVAL";"PROBE";1;63;0x00000b31;74;10;10;47096337;60105764;7699;47097879;0;NOSTRESS
42166498250;124;"SENS_C1";"INTERVAL";"PROBE";1;63;0x00000b31;74;0;2;1455;2090;476;1459;0;NOSTRESS
42166498383;248;"LOC_C1";"INTERVAL";"PROBE";1;63;0x00000b31;74;0;2;4922;7368;552;4926;0;NOSTRESS
42166498638;33;"LOC_C2";"INTERVAL";"PROBE";1;63;0x00000b31;74;0;0;650;925;92;654;0;NOSTRESS
42166498680;311;"LOC_C3";"INTERVAL";"PROBE";1;63;0x00000b31;74;0;0;9796;13338;308;9800;0;NOSTRESS
42166499001;42;"LOC_C4";"INTERVAL";"PROBE";1;63;0x00000b31;74;0;0;585;906;120;589;0;NOSTRESS
42166499049;53619;"NEAR_P1";"INTERVAL";"PROBE";1;63;0x00000b31;74;9;4;2176344;2771525;1264;2176419;0;NOSTRESS
42166552677;53425;"NEAR_P1";"INTERVAL";"PROBE";1;63;0x00000b31;74;1;2;2175604;2772935;576;2175680;0;NOSTRESS
42166606111;53216;"NEAR_P1";"INTERVAL";"PROBE";1;63;0x00000b31;74;0;0;2170441;2757216;292;2170481;0;NOSTRESS
42166659334;53277;"NEAR_P1";"INTERVAL";"PROBE";1;63;0x00000b31;74;0;0;2172591;2755440;45;2172655;0;NOSTRESS
42166712618;53354;"NEAR_P1";"INTERVAL";"PROBE";1;63;0x00000b31;74;0;0;2175594;2770636;15;2175670;0;NOSTRESS
42166765995;53202;"NEAR_P1";"INTERVAL";"PROBE";1;63;0x00000b31;74;0;0;2170425;2757659;4;2170467;0;NOSTRESS
42166819204;53362;"NEAR_P1";"INTERVAL";"PROBE";1;63;0x00000b31;74;0;0;2175570;2770118;16;2175659;0;NOSTRESS
42166872574;53360;"NEAR_P1";"INTERVAL";"PROBE";1;63;0x00000b31;74;0;0;2175501;2768317;8;2175590;0;NOSTRESS
42166925942;53209;"NEAR_P1";"INTERVAL";"PROBE";1;63;0x00000b31;74;0;0;2170592;2757294;24;2170637;0;NOSTRESS
42166979158;53370;"NEAR_P1";"INTERVAL";"PROBE";1;63;0x00000b31;74;0;0;2175852;2768461;76;2175939;0;NOSTRESS
42167032535;53358;"NEAR_P1";"INTERVAL";"PROBE";1;63;0x00000b31;74;0;0;2176267;2768257;24;2176355;0;NOSTRESS
42167085901;53214;"NEAR_P1";"INTERVAL";"PROBE";1;63;0x00000b31;74;0;0;2170829;2758679;12;2170875;0;NOSTRESS
42167139122;53398;"NEAR_P1";"INTERVAL";"PROBE";1;63;0x00000b31;74;0;0;2176271;2768841;240;2176357;0;NOSTRESS
42167192529;53582;"NEAR_P1";"INTERVAL";"PROBE";1;63;0x00000b31;74;0;0;2178067;2775983;898;2178171;0;NOSTRESS
42167246120;53287;"NEAR_P1";"INTERVAL";"PROBE";1;63;0x00000b31;74;0;0;2170793;2761032;788;2170839;0;NOSTRESS
42167299414;53462;"NEAR_P1";"INTERVAL";"PROBE";1;63;0x00000b31;74;0;0;2176314;2771344;716;2176404;0;NOSTRESS
42167352883;53394;"NEAR_P1";"INTERVAL";"PROBE";1;63;0x00000b31;74;0;0;2176151;2771890;129;2176242;0;NOSTRESS
42167406285;53315;"NEAR_P1";"INTERVAL";"PROBE";1;63;0x00000b31;74;0;0;2172009;2762746;260;2172053;0;NOSTRESS
42167459613;53404;"NEAR_P1";"INTERVAL";"PROBE";1;63;0x00000b31;74;0;0;2176211;2768682;114;2176305;0;NOSTRESS
42167513025;53387;"NEAR_P1";"INTERVAL";"PROBE";1;63;0x00000b31;74;0;0;2176144;2770184;118;2176235;0;NOSTRESS
42167566438;90924;"TRAJ_R1";"INTERVAL";"PROBE";1;63;0x00000b31;74;0;0;3575140;4726619;352;3575273;0;NOSTRESS
42168098213;1162316;"MAF";"INTERVAL";"PROBE";1;63;0x00000b31;75;28;11;47189475;60262597;10488;47191047;0;NOSTRESS
42168098241;120;"SENS_C1";"INTERVAL";"PROBE";1;63;0x00000b31;75;0;2;1451;2079;464;1455;0;NOSTRESS
42168098369;241;"LOC_C1";"INTERVAL";"PROBE";1;63;0x00000b31;75;1;1;4924;7390;549;4928;0;NOSTRESS
42168098618;33;"LOC_C2";"INTERVAL";"PROBE";1;63;0x00000b31;75;0;0;650;902;116;654;0;NOSTRESS
42168098660;312;"LOC_C3";"INTERVAL";"PROBE";1;63;0x00000b31;75;0;0;9800;13312;313;9804;0;NOSTRESS
42168098982;41;"LOC_C4";"INTERVAL";"PROBE";1;63;0x00000b31;75;0;0;584;885;128;588;0;NOSTRESS
42168099029;53541;"NEAR_P1";"INTERVAL";"PROBE";1;63;0x00000b31;75;7;2;2175909;2770948;1176;2175986;0;NOSTRESS
42168152577;53390;"NEAR_P1";"INTERVAL";"PROBE";1;63;0x00000b31;75;3;2;2175128;2767003;600;2175206;0;NOSTRESS
42168205974;53231;"NEAR_P1";"INTERVAL";"PROBE";1;63;0x00000b31;75;1;1;2170005;2760958;373;2170047;0;NOSTRESS
42168259212;53369;"NEAR_P1";"INTERVAL";"PROBE";1;63;0x00000b31;75;0;0;2175177;2770050;92;2175254;0;NOSTRESS
42168312595;53389;"NEAR_P1";"INTERVAL";"PROBE";1;63;0x00000b31;75;0;0;2175305;2770373;52;2175383;0;NOSTRESS
42168365991;53193;"NEAR_P1";"INTERVAL";"PROBE";1;63;0x00000b31;75;0;0;2170016;2755955;12;2170056;0;NOSTRESS
42168419191;53336;"NEAR_P1";"INTERVAL";"PROBE";1;63;0x00000b31;75;0;0;2175067;2762207;16;2175156;0;NOSTRESS
42168472534;53344;"NEAR_P1";"INTERVAL";"PROBE";1;63;0x00000b31;75;0;0;2175078;2767225;32;2175164;0;NOSTRESS
42168525885;53199;"NEAR_P1";"INTERVAL";"PROBE";1;63;0x00000b31;75;0;0;2169999;2756492;12;2170047;0;NOSTRESS
42168579091;53493;"NEAR_P1";"INTERVAL";"PROBE";1;63;0x00000b31;75;1;0;2177098;2771871;379;2177200;0;NOSTRESS
42168632591;53450;"NEAR_P1";"INTERVAL";"PROBE";1;63;0x00000b31;75;1;0;2175946;2770456;426;2176034;0;NOSTRESS
42168686049;53200;"NEAR_P1";"INTERVAL";"PROBE";1;63;0x00000b31;75;0;0;2170395;2756939;12;2170438;0;NOSTRESS
42168739257;53423;"NEAR_P1";"INTERVAL";"PROBE";1;63;0x00000b31;75;0;0;2175949;2768236;644;2176035;0;NOSTRESS
42168792688;53455;"NEAR_P1";"INTERVAL";"PROBE";1;63;0x00000b31;75;0;0;2175902;2767083;660;2175994;0;NOSTRESS
42168846152;53255;"NEAR_P1";"INTERVAL";"PROBE";1;63;0x00000b31;75;0;0;2170325;2757529;744;2170371;0;NOSTRESS
42168899414;53707;"NEAR_P1";"INTERVAL";"PROBE";1;63;0x00000b31;75;0;0;2177625;2775711;1324;2177727;0;NOSTRESS
42168953129;53414;"NEAR_P1";"INTERVAL";"PROBE";1;63;0x00000b31;75;0;0;2175791;2771203;196;2175876;0;NOSTRESS
42169006550;53229;"NEAR_P1";"INTERVAL";"PROBE";1;63;0x00000b31;75;0;0;2170329;2757748;76;2170372;0;NOSTRESS
42169059787;53509;"NEAR_P1";"INTERVAL";"PROBE";1;63;0x00000b31;75;0;0;2177182;2780229;330;2177275;0;NOSTRESS
42169113303;53534;"NEAR_P1";"INTERVAL";"PROBE";1;63;0x00000b31;75;0;0;2175790;2794265;113;2175881;0;NOSTRESS
42169166847;93674;"TRAJ_R1";"INTERVAL";"PROBE";1;63;0x00000b31;75;13;3;3671842;4858055;1512;3671982;0;NOSTRESS
42169698284;1163852;"MAF";"INTERVAL";"PROBE";1;63;0x00000b31;76;10;10;47275603;60279313;8107;47277142;0;NOSTRESS
42169698308;117;"SENS_C1";"INTERVAL";"PROBE";1;63;0x00000b31;76;0;2;1454;2097;448;1458;0;NOSTRESS
42169698433;245;"LOC_C1";"INTERVAL";"PROBE";1;63;0x00000b31;76;2;3;4918;7324;534;4922;0;NOSTRESS
42169698686;34;"LOC_C2";"INTERVAL";"PROBE";1;63;0x00000b31;76;0;2;650;895;96;654;0;NOSTRESS
42169698729;307;"LOC_C3";"INTERVAL";"PROBE";1;63;0x00000b31;76;0;0;9806;13294;308;9810;0;NOSTRESS
42169699046;44;"LOC_C4";"INTERVAL";"PROBE";1;63;0x00000b31;76;0;0;585;898;120;589;0;NOSTRESS
42169699096;53623;"NEAR_P1";"INTERVAL";"PROBE";1;63;0x00000b31;76;7;1;2177748;2775193;1416;2177823;0;NOSTRESS
42169752727;53479;"NEAR_P1";"INTERVAL";"PROBE";1;63;0x00000b31;76;1;2;2175329;2768316;616;2175409;0;NOSTRESS
42169806225;53235;"NEAR_P1";"INTERVAL";"PROBE";1;63;0x00000b31;76;0;0;2170242;2753585;256;2170282;0;NOSTRESS
42169859470;53347;"NEAR_P1";"INTERVAL";"PROBE";1;63;0x00000b31;76;0;0;2175329;2765760;73;2175407;0;NOSTRESS
42169912825;53382;"NEAR_P1";"INTERVAL";"PROBE";1;63;0x00000b31;76;0;0;2175296;2765369;49;2175374;0;NOSTRESS
42169966215;53202;"NEAR_P1";"INTERVAL";"PROBE";1;63;0x00000b31;76;0;0;2170264;2756874;22;2170304;0;NOSTRESS
42170019424;53275;"NEAR_P1";"INTERVAL";"PROBE";1;63;0x00000b31;76;0;0;2172208;2747725;44;2172280;0;NOSTRESS
42170072706;53346;"NEAR_P1";"INTERVAL";"PROBE";1;63;0x00000b31;76;0;0;2175301;2766461;16;2175390;0;NOSTRESS
42170126059;53197;"NEAR_P1";"INTERVAL";"PROBE";1;63;0x00000b31;76;0;0;2170285;2758321;4;2170333;0;NOSTRESS
42170179275;53367;"NEAR_P1";"INTERVAL";"PROBE";1;63;0x00000b31;76;0;0;2175557;2765464;84;2175649;0;NOSTRESS
42170232649;53375;"NEAR_P1";"INTERVAL";"PROBE";1;63;0x00000b31;76;0;0;2175658;2767527;105;2175744;0;NOSTRESS
42170286031;53198;"NEAR_P1";"INTERVAL";"PROBE";1;63;0x00000b31;76;0;0;2170610;2755651;12;2170656;0;NOSTRESS
42170339237;53395;"NEAR_P1";"INTERVAL";"PROBE";1;63;0x00000b31;76;0;0;2176089;2768702;376;2176178;0;NOSTRESS
42170392644;53442;"NEAR_P1";"INTERVAL";"PROBE";1;63;0x00000b31;76;0;0;2175973;2766857;540;2176067;0;NOSTRESS
42170446094;53257;"NEAR_P1";"INTERVAL";"PROBE";1;63;0x00000b31;76;0;0;2170578;2754958;692;2170624;0;NOSTRESS
42170499359;53456;"NEAR_P1";"INTERVAL";"PROBE";1;63;0x00000b31;76;0;0;2175984;2766921;624;2176072;0;NOSTRESS
42170552822;53556;"NEAR_P1";"INTERVAL";"PROBE";1;63;0x00000b31;76;0;0;2177861;2772743;572;2177962;0;NOSTRESS
42170606386;53238;"NEAR_P1";"INTERVAL";"PROBE";1;63;0x00000b31;76;0;0;2170616;2758582;80;2170662;0;NOSTRESS
42170659631;53401;"NEAR_P1";"INTERVAL";"PROBE";1;63;0x00000b31;76;0;0;2175987;2755275;92;2176075;0;NOSTRESS
42170713039;53402;"NEAR_P1";"INTERVAL";"PROBE";1;63;0x00000b31;76;0;0;2175872;2766373;112;2175963;0;NOSTRESS
42170766451;95676;"TRAJ_R1";"INTERVAL";"PROBE";1;63;0x00000b31;76;0;0;3759183;4970624;656;3759309;0;NOSTRESS
42171298277;1168009;"MAF";"INTERVAL";"PROBE";1;63;0x00000b31;77;33;8;47385202;60542691;12561;47386847;0;NOSTRESS
42171298303;126;"SENS_C1";"INTERVAL";"PROBE";1;63;0x00000b31;77;0;2;1452;2040;488;1456;0;NOSTRESS
42171298436;245;"LOC_C1";"INTERVAL";"PROBE";1;63;0x00000b31;77;1;2;4918;7388;573;4922;0;NOSTRESS
42171298689;37;"LOC_C2";"INTERVAL";"PROBE";1;63;0x00000b31;77;0;0;650;906;120;654;0;NOSTRESS
42171298735;314;"LOC_C3";"INTERVAL";"PROBE";1;63;0x00000b31;77;0;0;9801;13176;320;9805;0;NOSTRESS
42171299058;41;"LOC_C4";"INTERVAL";"PROBE";1;63;0x00000b31;77;0;0;584;918;124;588;0;NOSTRESS
42171299105;54060;"NEAR_P1";"INTERVAL";"PROBE";1;63;0x00000b31;77;23;3;2180096;2786378;2349;2180201;0;NOSTRESS
42171353175;53541;"NEAR_P1";"INTERVAL";"PROBE";1;63;0x00000b31;77;1;0;2177600;2771914;828;2177690;0;NOSTRESS
42171406723;53247;"NEAR_P1";"INTERVAL";"PROBE";1;63;0x00000b31;77;0;0;2170624;2761862;332;2170664;0;NOSTRESS
42171459981;53375;"NEAR_P1";"INTERVAL";"PROBE";1;63;0x00000b31;77;0;0;2175680;2770597;60;2175756;0;NOSTRESS
42171513363;53361;"NEAR_P1";"INTERVAL";"PROBE";1;63;0x00000b31;77;0;0;2175843;2770058;33;2175919;0;NOSTRESS
42171566731;53160;"NEAR_P1";"INTERVAL";"PROBE";1;63;0x00000b31;77;0;0;2167613;2740902;25;2167643;0;NOSTRESS
42171619898;53383;"NEAR_P1";"INTERVAL";"PROBE";1;63;0x00000b31;77;0;0;2176039;2766532;20;2176125;0;NOSTRESS
42171673287;53377;"NEAR_P1";"INTERVAL";"PROBE";1;63;0x00000b31;77;0;0;2175616;2770980;33;2175705;0;NOSTRESS
42171726671;53225;"NEAR_P1";"INTERVAL";"PROBE";1;63;0x00000b31;77;0;0;2170614;2759498;20;2170662;0;NOSTRESS
42171779903;53401;"NEAR_P1";"INTERVAL";"PROBE";1;63;0x00000b31;77;0;0;2176062;2770191;145;2176149;0;NOSTRESS
42171833311;53632;"NEAR_P1";"INTERVAL";"PROBE";1;63;0x00000b31;77;5;0;2178970;2779168;560;2179077;0;NOSTRESS
42171886951;53262;"NEAR_P1";"INTERVAL";"PROBE";1;63;0x00000b31;77;0;0;2170985;2760652;97;2171031;0;NOSTRESS
42171940220;53560;"NEAR_P1";"INTERVAL";"PROBE";1;63;0x00000b31;77;0;0;2177854;2773984;866;2177949;0;NOSTRESS
42171993791;53624;"NEAR_P1";"INTERVAL";"PROBE";1;63;0x00000b31;77;0;0;2177693;2777002;1144;2177786;0;NOSTRESS
42172047425;53275;"NEAR_P1";"INTERVAL";"PROBE";1;63;0x00000b31;77;0;0;2170635;2760510;835;2170683;0;NOSTRESS
42172100709;53647;"NEAR_P1";"INTERVAL";"PROBE";1;63;0x00000b31;77;0;0;2178787;2777303;1223;2178889;0;NOSTRESS
42172154365;53470;"NEAR_P1";"INTERVAL";"PROBE";1;63;0x00000b31;77;0;0;2176251;2773020;582;2176339;0;NOSTRESS
42172207842;53449;"NEAR_P1";"INTERVAL";"PROBE";1;63;0x00000b31;77;1;0;2174057;2766376;500;2174120;0;NOSTRESS
42172261299;53483;"NEAR_P1";"INTERVAL";"PROBE";1;63;0x00000b31;77;1;0;2177596;2775110;219;2177691;0;NOSTRESS
42172314789;53622;"NEAR_P1";"INTERVAL";"PROBE";1;63;0x00000b31;77;0;0;2178776;2792531;344;2178872;0;NOSTRESS
42172368424;97854;"TRAJ_R1";"INTERVAL";"PROBE";1;63;0x00000b31;77;0;0;3844194;5086008;505;3844333;0;NOSTRESS
42172898366;1170959;"MAF";"INTERVAL";"PROBE";1;63;0x00000b31;78;78;45;47438635;61137089;13746;47440197;0;NOSTRESS
42172898403;147;"SENS_C1";"INTERVAL";"PROBE";1;63;0x00000b31;78;1;9;1455;2088;572;1459;0;NOSTRESS
42172898557;284;"LOC_C1";"INTERVAL";"PROBE";1;63;0x00000b31;78;3;6;4923;7351;734;4927;0;NOSTRESS
42172898849;39;"LOC_C2";"INTERVAL";"PROBE";1;63;0x00000b31;78;0;3;650;910;144;654;0;NOSTRESS
42172898897;315;"LOC_C3";"INTERVAL";"PROBE";1;63;0x00000b31;78;2;0;9800;13427;340;9804;0;NOSTRESS
42172899222;44;"LOC_C4";"INTERVAL";"PROBE";1;63;0x00000b31;78;0;0;585;935;128;589;0;NOSTRESS
42172899273;53905;"NEAR_P1";"INTERVAL";"PROBE";1;63;0x00000b31;78;33;13;2177675;2807304;4243;2177757;0;NOSTRESS
42172953187;53523;"NEAR_P1";"INTERVAL";"PROBE";1;63;0x00000b31;78;2;5;2175620;2795559;1412;2175696;0;NOSTRESS
42173006717;53346;"NEAR_P1";"INTERVAL";"PROBE";1;63;0x00000b31;78;1;0;2170412;2786372;688;2170452;0;NOSTRESS
42173060070;53967;"NEAR_P1";"INTERVAL";"PROBE";1;63;0x00000b31;78;31;4;2178269;2802698;1520;2178364;0;NOSTRESS
42173114044;53459;"NEAR_P1";"INTERVAL";"PROBE";1;63;0x00000b31;78;0;0;2175455;2797644;20;2175533;0;NOSTRESS
42173167510;53332;"NEAR_P1";"INTERVAL";"PROBE";1;63;0x00000b31;78;0;0;2170382;2784481;56;2170425;0;NOSTRESS
42173220849;53482;"NEAR_P1";"INTERVAL";"PROBE";1;63;0x00000b31;78;0;0;2175502;2797792;47;2175588;0;NOSTRESS
42173274338;53458;"NEAR_P1";"INTERVAL";"PROBE";1;63;0x00000b31;78;0;0;2175436;2793498;4;2175522;0;NOSTRESS
42173327803;53239;"NEAR_P1";"INTERVAL";"PROBE";1;63;0x00000b31;78;0;0;2167393;2779212;24;2167426;0;NOSTRESS
42173381049;53513;"NEAR_P1";"INTERVAL";"PROBE";1;63;0x00000b31;78;0;0;2175861;2793896;112;2175948;0;NOSTRESS
42173434569;53477;"NEAR_P1";"INTERVAL";"PROBE";1;63;0x00000b31;78;0;0;2176176;2797808;36;2176267;0;NOSTRESS
42173488053;53315;"NEAR_P1";"INTERVAL";"PROBE";1;63;0x00000b31;78;0;0;2170710;2784032;8;2170756;0;NOSTRESS
42173541375;53531;"NEAR_P1";"INTERVAL";"PROBE";1;63;0x00000b31;78;0;0;2176274;2795328;388;2176367;0;NOSTRESS
42173594915;53602;"NEAR_P1";"INTERVAL";"PROBE";1;63;0x00000b31;78;0;0;2175544;2793941;679;2175637;0;NOSTRESS
42173648526;53372;"NEAR_P1";"INTERVAL";"PROBE";1;63;0x00000b31;78;0;0;2170519;2783084;600;2170562;0;NOSTRESS
42173701905;53519;"NEAR_P1";"INTERVAL";"PROBE";1;63;0x00000b31;78;0;0;2176102;2793709;604;2176190;0;NOSTRESS
42173755431;53486;"NEAR_P1";"INTERVAL";"PROBE";1;63;0x00000b31;78;0;0;2176092;2786111;172;2176177;0;NOSTRESS
42173808925;53363;"NEAR_P1";"INTERVAL";"PROBE";1;63;0x00000b31;78;0;0;2170729;2785339;20;2170775;0;NOSTRESS
42173862295;53643;"NEAR_P1";"INTERVAL";"PROBE";1;63;0x00000b31;78;2;1;2177979;2799734;450;2178080;0;NOSTRESS
42173915946;53511;"NEAR_P1";"INTERVAL";"PROBE";1;63;0x00000b31;78;1;0;2176111;2794874;135;2176202;0;NOSTRESS
42173969482;99835;"TRAJ_R1";"INTERVAL";"PROBE";1;63;0x00000b31;78;0;1;3916765;5232792;414;3916898;0;NOSTRESS
42174498285;1172100;"MAF";"INTERVAL";"PROBE";1;63;0x00000b31;79;13;14;47507126;61206967;7838;47508666;0;NOSTRESS
42174498307;129;"SENS_C1";"INTERVAL";"PROBE";1;63;0x00000b31;79;1;4;1452;2073;484;1456;0;NOSTRESS
42174498444;237;"LOC_C1";"INTERVAL";"PROBE";1;63;0x00000b31;79;1;1;4901;7201;513;4905;0;NOSTRESS
42174498689;35;"LOC_C2";"INTERVAL";"PROBE";1;63;0x00000b31;79;0;1;650;902;120;654;0;NOSTRESS
42174498733;314;"LOC_C3";"INTERVAL";"PROBE";1;63;0x00000b31;79;0;0;9812;13485;308;9816;0;NOSTRESS
42174499056;44;"LOC_C4";"INTERVAL";"PROBE";1;63;0x00000b31;79;0;0;584;900;128;588;0;NOSTRESS
42174499106;53723;"NEAR_P1";"INTERVAL";"PROBE";1;63;0x00000b31;79;6;3;2176356;2800592;1264;2176437;0;NOSTRESS
42174552837;53498;"NEAR_P1";"INTERVAL";"PROBE";1;63;0x00000b31;79;3;2;2175542;2794299;648;2175622;0;NOSTRESS
42174606343;53354;"NEAR_P1";"INTERVAL";"PROBE";1;63;0x00000b31;79;0;0;2170693;2789527;324;2170735;0;NOSTRESS
42174659704;53478;"NEAR_P1";"INTERVAL";"PROBE";1;63;0x00000b31;79;0;0;2175418;2777085;99;2175497;0;NOSTRESS
42174713189;53654;"NEAR_P1";"INTERVAL";"PROBE";1;63;0x00000b31;79;1;0;2178579;2800985;320;2178665;0;NOSTRESS
42174766852;53327;"NEAR_P1";"INTERVAL";"PROBE";1;63;0x00000b31;79;0;0;2170477;2785605;44;2170519;0;NOSTRESS
42174820203;53477;"NEAR_P1";"INTERVAL";"PROBE";1;63;0x00000b31;79;0;0;2175479;2794654;16;2175562;0;NOSTRESS
42174873687;53385;"NEAR_P1";"INTERVAL";"PROBE";1;63;0x00000b31;79;0;0;2172556;2789919;21;2172627;0;NOSTRESS
42174927079;53323;"NEAR_P1";"INTERVAL";"PROBE";1;63;0x00000b31;79;0;0;2170499;2784269;6;2170541;0;NOSTRESS
42174980409;53504;"NEAR_P1";"INTERVAL";"PROBE";1;63;0x00000b31;79;0;0;2175874;2796998;65;2175967;0;NOSTRESS
42175033921;53501;"NEAR_P1";"INTERVAL";"PROBE";1;63;0x00000b31;79;0;0;2176260;2795522;51;2176348;0;NOSTRESS
42175087430;53332;"NEAR_P1";"INTERVAL";"PROBE";1;63;0x00000b31;79;0;0;2170776;2784203;4;2170819;0;NOSTRESS
42175140769;53555;"NEAR_P1";"INTERVAL";"PROBE";1;63;0x00000b31;79;0;0;2176351;2797723;336;2176438;0;NOSTRESS
42175194333;53560;"NEAR_P1";"INTERVAL";"PROBE";1;63;0x00000b31;79;0;0;2176332;2798256;564;2176421;0;NOSTRESS
42175247903;53426;"NEAR_P1";"INTERVAL";"PROBE";1;63;0x00000b31;79;0;0;2170665;2783367;724;2170711;0;NOSTRESS
42175301336;53562;"NEAR_P1";"INTERVAL";"PROBE";1;63;0x00000b31;79;0;0;2176304;2796794;610;2176390;0;NOSTRESS
42175354905;53505;"NEAR_P1";"INTERVAL";"PROBE";1;63;0x00000b31;79;0;0;2176190;2784183;164;2176281;0;NOSTRESS
42175408426;53322;"NEAR_P1";"INTERVAL";"PROBE";1;63;0x00000b31;79;0;0;2170729;2786622;68;2170775;0;NOSTRESS
42175461755;53468;"NEAR_P1";"INTERVAL";"PROBE";1;63;0x00000b31;79;0;0;2176192;2793796;60;2176283;0;NOSTRESS
42175515230;53608;"NEAR_P1";"INTERVAL";"PROBE";1;63;0x00000b31;79;0;0;2178013;2800437;336;2178111;0;NOSTRESS
42175568848;101528;"TRAJ_R1";"INTERVAL";"PROBE";1;63;0x00000b31;79;0;2;3984227;5320197;388;3984357;0;NOSTRESS
42176098281;1173253;"MAF";"INTERVAL";"PROBE";1;63;0x00000b31;80;35;10;47574375;61030349;11631;47576014;0;NOSTRESS
42176098307;115;"SENS_C1";"INTERVAL";"PROBE";1;63;0x00000b31;80;0;1;1453;2060;456;1457;0;NOSTRESS
42176098428;241;"LOC_C1";"INTERVAL";"PROBE";1;63;0x00000b31;80;0;1;4919;7334;542;4923;0;NOSTRESS
42176098677;33;"LOC_C2";"INTERVAL";"PROBE";1;63;0x00000b31;80;0;0;650;897;104;654;0;NOSTRESS
42176098719;306;"LOC_C3";"INTERVAL";"PROBE";1;63;0x00000b31;80;0;0;9803;13234;304;9807;0;NOSTRESS
42176099037;43;"LOC_C4";"INTERVAL";"PROBE";1;63;0x00000b31;80;0;0;585;895;120;589;0;NOSTRESS
42176099086;53708;"NEAR_P1";"INTERVAL";"PROBE";1;63;0x00000b31;80;7;1;2176664;2797551;1315;2176741;0;NOSTRESS
42176152802;53531;"NEAR_P1";"INTERVAL";"PROBE";1;63;0x00000b31;80;4;3;2175719;2793877;500;2175799;0;NOSTRESS
42176206340;53347;"NEAR_P1";"INTERVAL";"PROBE";1;63;0x00000b31;80;0;0;2170531;2784235;244;2170569;0;NOSTRESS
42176259694;53454;"NEAR_P1";"INTERVAL";"PROBE";1;63;0x00000b31;80;0;0;2175638;2791330;36;2175714;0;NOSTRESS
42176313159;53453;"NEAR_P1";"INTERVAL";"PROBE";1;63;0x00000b31;80;0;0;2175611;2792507;40;2175689;0;NOSTRESS
42176366619;53416;"NEAR_P1";"INTERVAL";"PROBE";1;63;0x00000b31;80;0;0;2172416;2787169;260;2172464;0;NOSTRESS
42176420042;53487;"NEAR_P1";"INTERVAL";"PROBE";1;63;0x00000b31;80;0;0;2175558;2793623;20;2175644;0;NOSTRESS
42176473536;53461;"NEAR_P1";"INTERVAL";"PROBE";1;63;0x00000b31;80;0;0;2175635;2791635;12;2175721;0;NOSTRESS
42176527004;53309;"NEAR_P1";"INTERVAL";"PROBE";1;63;0x00000b31;80;0;0;2170544;2781083;13;2170589;0;NOSTRESS
42176580321;53496;"NEAR_P1";"INTERVAL";"PROBE";1;63;0x00000b31;80;0;0;2176013;2792959;80;2176100;0;NOSTRESS
42176633824;53853;"NEAR_P1";"INTERVAL";"PROBE";1;63;0x00000b31;80;5;0;2181304;2803528;1524;2181458;0;NOSTRESS
42176687686;53322;"NEAR_P1";"INTERVAL";"PROBE";1;63;0x00000b31;80;0;0;2170891;2782189;68;2170940;0;NOSTRESS
42176741015;53602;"NEAR_P1";"INTERVAL";"PROBE";1;63;0x00000b31;80;0;0;2176373;2795307;1065;2176465;0;NOSTRESS
42176794633;53855;"NEAR_P1";"INTERVAL";"PROBE";1;63;0x00000b31;80;17;3;2178619;2762295;2260;2178719;0;NOSTRESS
42176848499;53272;"NEAR_P1";"INTERVAL";"PROBE";1;63;0x00000b31;80;1;0;2170790;2756648;728;2170836;0;NOSTRESS
42176901778;53412;"NEAR_P1";"INTERVAL";"PROBE";1;63;0x00000b31;80;0;0;2176272;2761063;620;2176363;0;NOSTRESS
42176955199;53370;"NEAR_P1";"INTERVAL";"PROBE";1;63;0x00000b31;80;0;0;2176245;2770362;196;2176336;0;NOSTRESS
42177008576;53246;"NEAR_P1";"INTERVAL";"PROBE";1;63;0x00000b31;80;0;0;2170797;2758626;84;2170846;0;NOSTRESS
42177061829;53388;"NEAR_P1";"INTERVAL";"PROBE";1;63;0x00000b31;80;0;0;2176211;2767038;100;2176305;0;NOSTRESS
42177115231;53406;"NEAR_P1";"INTERVAL";"PROBE";1;63;0x00000b31;80;0;0;2176223;2768129;68;2176308;0;NOSTRESS
42177168662;102864;"TRAJ_R1";"INTERVAL";"PROBE";1;63;0x00000b31;80;1;0;4042692;5347469;652;4042833;0;NOSTRESS
42177698282;1172297;"MAF";"INTERVAL";"PROBE";1;63;0x00000b31;81;8;6;47610653;60817408;7411;47612181;0;NOSTRESS
42177698310;118;"SENS_C1";"INTERVAL";"PROBE";1;63;0x00000b31;81;0;3;1450;2091;456;1454;0;NOSTRESS
42177698435;235;"LOC_C1";"INTERVAL";"PROBE";1;63;0x00000b31;81;1;0;4913;7375;536;4917;0;NOSTRESS
42177698678;32;"LOC_C2";"INTERVAL";"PROBE";1;63;0x00000b31;81;0;0;650;887;100;654;0;NOSTRESS
42177698719;312;"LOC_C3";"INTERVAL";"PROBE";1;63;0x00000b31;81;0;0;9806;13203;316;9810;0;NOSTRESS
42177699041;45;"LOC_C4";"INTERVAL";"PROBE";1;63;0x00000b31;81;0;0;584;924;136;588;0;NOSTRESS
42177699092;53635;"NEAR_P1";"INTERVAL";"PROBE";1;63;0x00000b31;81;6;2;2176605;2776043;1224;2176672;0;NOSTRESS
42177752734;53421;"NEAR_P1";"INTERVAL";"PROBE";1;63;0x00000b31;81;1;1;2175857;2771968;584;2175935;0;NOSTRESS
42177806162;53282;"NEAR_P1";"INTERVAL";"PROBE";1;63;0x00000b31;81;0;0;2170787;2762078;296;2170825;0;NOSTRESS
42177859451;53372;"NEAR_P1";"INTERVAL";"PROBE";1;63;0x00000b31;81;0;0;2175831;2772560;64;2175911;0;NOSTRESS
42177912830;53361;"NEAR_P1";"INTERVAL";"PROBE";1;63;0x00000b31;81;0;0;2175839;2772219;12;2175917;0;NOSTRESS
42177966198;53176;"NEAR_P1";"INTERVAL";"PROBE";1;63;0x00000b31;81;0;0;2167776;2746607;55;2167804;0;NOSTRESS
42178019381;53497;"NEAR_P1";"INTERVAL";"PROBE";1;63;0x00000b31;81;0;0;2177999;2772801;256;2178095;0;NOSTRESS
42178072885;53369;"NEAR_P1";"INTERVAL";"PROBE";1;63;0x00000b31;81;0;0;2175856;2771882;24;2175942;0;NOSTRESS
42178126261;53213;"NEAR_P1";"INTERVAL";"PROBE";1;63;0x00000b31;81;0;0;2170762;2758996;16;2170807;0;NOSTRESS
42178179481;53388;"NEAR_P1";"INTERVAL";"PROBE";1;63;0x00000b31;81;0;0;2176196;2773966;51;2176283;0;NOSTRESS
42178232876;53403;"NEAR_P1";"INTERVAL";"PROBE";1;63;0x00000b31;81;0;0;2176644;2775524;109;2176732;0;NOSTRESS
42178286287;53222;"NEAR_P1";"INTERVAL";"PROBE";1;63;0x00000b31;81;0;0;2170724;2758432;55;2170772;0;NOSTRESS
42178339516;53423;"NEAR_P1";"INTERVAL";"PROBE";1;63;0x00000b31;81;0;0;2176040;2769458;346;2176126;0;NOSTRESS
42178392949;53451;"NEAR_P1";"INTERVAL";"PROBE";1;63;0x00000b31;81;0;0;2176582;2770508;472;2176674;0;NOSTRESS
42178446408;53279;"NEAR_P1";"INTERVAL";"PROBE";1;63;0x00000b31;81;0;0;2171187;2762831;696;2171236;0;NOSTRESS
42178499694;53427;"NEAR_P1";"INTERVAL";"PROBE";1;63;0x00000b31;81;0;0;2176449;2770776;536;2176543;0;NOSTRESS
42178553128;53425;"NEAR_P1";"INTERVAL";"PROBE";1;63;0x00000b31;81;0;0;2176620;2773922;164;2176712;0;NOSTRESS
42178606560;53235;"NEAR_P1";"INTERVAL";"PROBE";1;63;0x00000b31;81;0;0;2171078;2760273;52;2171121;0;NOSTRESS
42178659803;53413;"NEAR_P1";"INTERVAL";"PROBE";1;63;0x00000b31;81;0;0;2176504;2772390;116;2176592;0;NOSTRESS
42178713223;53403;"NEAR_P1";"INTERVAL";"PROBE";1;63;0x00000b31;81;0;0;2176541;2771717;72;2176629;0;NOSTRESS
42178766636;103934;"TRAJ_R1";"INTERVAL";"PROBE";1;63;0x00000b31;81;0;0;4085156;5400649;495;4085287;0;NOSTRESS
42179298230;1173124;"MAF";"INTERVAL";"PROBE";1;63;0x00000b31;82;3;3;47651683;60785577;8070;47653283;0;NOSTRESS
42179298257;120;"SENS_C1";"INTERVAL";"PROBE";1;63;0x00000b31;82;0;3;1454;2082;468;1458;0;NOSTRESS
42179298384;241;"LOC_C1";"INTERVAL";"PROBE";1;63;0x00000b31;82;0;0;4926;7368;540;4930;0;NOSTRESS
42179298634;29;"LOC_C2";"INTERVAL";"PROBE";1;63;0x00000b31;82;0;0;650;906;88;654;0;NOSTRESS
42179298673;307;"LOC_C3";"INTERVAL";"PROBE";1;63;0x00000b31;82;0;0;9804;13307;308;9808;0;NOSTRESS
42179298990;43;"LOC_C4";"INTERVAL";"PROBE";1;63;0x00000b31;82;0;0;585;907;128;589;0;NOSTRESS
42179299039;53592;"NEAR_P1";"INTERVAL";"PROBE";1;63;0x00000b31;82;3;0;2177275;2767390;1341;2177350;0;NOSTRESS
42179352640;53399;"NEAR_P1";"INTERVAL";"PROBE";1;63;0x00000b31;82;0;0;2175994;2767661;812;2176074;0;NOSTRESS
42179406048;53277;"NEAR_P1";"INTERVAL";"PROBE";1;63;0x00000b31;82;0;0;2171110;2759061;416;2171150;0;NOSTRESS
42179459333;53363;"NEAR_P1";"INTERVAL";"PROBE";1;63;0x00000b31;82;0;0;2176055;2769715;40;2176133;0;NOSTRESS
42179512703;53351;"NEAR_P1";"INTERVAL";"PROBE";1;63;0x00000b31;82;0;0;2176006;2767972;16;2176084;0;NOSTRESS
42179566061;53211;"NEAR_P1";"INTERVAL";"PROBE";1;63;0x00000b31;82;0;0;2170941;2758429;16;2170981;0;NOSTRESS
42179619280;53365;"NEAR_P1";"INTERVAL";"PROBE";1;63;0x00000b31;82;0;0;2176061;2768904;28;2176153;0;NOSTRESS
42179672652;53499;"NEAR_P1";"INTERVAL";"PROBE";1;63;0x00000b31;82;0;0;2178027;2763727;188;2178147;0;NOSTRESS
42179726159;53225;"NEAR_P1";"INTERVAL";"PROBE";1;63;0x00000b31;82;0;0;2170952;2756537;12;2170997;0;NOSTRESS
42179779391;53383;"NEAR_P1";"INTERVAL";"PROBE";1;63;0x00000b31;82;0;0;2176413;2766653;56;2176500;0;NOSTRESS
42179832782;53439;"NEAR_P1";"INTERVAL";"PROBE";1;63;0x00000b31;82;0;0;2177877;2759641;76;2177972;0;NOSTRESS
42179886228;53245;"NEAR_P1";"INTERVAL";"PROBE";1;63;0x00000b31;82;0;0;2171294;2757441;79;2171343;0;NOSTRESS
42179939480;53424;"NEAR_P1";"INTERVAL";"PROBE";1;63;0x00000b31;82;0;0;2176749;2769219;305;2176840;0;NOSTRESS
42179992913;53461;"NEAR_P1";"INTERVAL";"PROBE";1;63;0x00000b31;82;0;0;2176811;2766590;631;2176900;0;NOSTRESS
42180046383;53264;"NEAR_P1";"INTERVAL";"PROBE";1;63;0x00000b31;82;0;0;2171324;2757685;724;2171370;0;NOSTRESS
42180099654;53512;"NEAR_P1";"INTERVAL";"PROBE";1;63;0x00000b31;82;0;0;2176940;2769188;544;2177033;0;NOSTRESS
42180153173;53414;"NEAR_P1";"INTERVAL";"PROBE";1;63;0x00000b31;82;0;0;2176676;2768213;317;2176764;0;NOSTRESS
42180206594;53235;"NEAR_P1";"INTERVAL";"PROBE";1;63;0x00000b31;82;0;0;2171140;2757092;166;2171189;0;NOSTRESS
42180259836;53431;"NEAR_P1";"INTERVAL";"PROBE";1;63;0x00000b31;82;0;0;2176852;2769768;106;2176941;0;NOSTRESS
42180313274;53386;"NEAR_P1";"INTERVAL";"PROBE";1;63;0x00000b31;82;0;0;2176645;2768427;76;2176739;0;NOSTRESS
42180366669;104677;"TRAJ_R1";"INTERVAL";"PROBE";1;63;0x00000b31;82;0;0;4116914;5444045;405;4117050;0;NOSTRESS
42180898387;1174441;"MAF";"INTERVAL";"PROBE";1;63;0x00000b31;83;62;29;47683089;60876066;12489;47684642;0;NOSTRESS
42180898424;144;"SENS_C1";"INTERVAL";"PROBE";1;63;0x00000b31;83;0;6;1451;2071;580;1455;0;NOSTRESS
42180898575;560;"LOC_C1";"INTERVAL";"PROBE";1;63;0x00000b31;83;18;1;5819;9323;1761;5830;0;NOSTRESS
42180899144;42;"LOC_C2";"INTERVAL";"PROBE";1;63;0x00000b31;83;0;2;650;907;160;654;0;NOSTRESS
42180899193;314;"LOC_C3";"INTERVAL";"PROBE";1;63;0x00000b31;83;0;0;9800;13273;328;9804;0;NOSTRESS
42180899517;47;"LOC_C4";"INTERVAL";"PROBE";1;63;0x00000b31;83;0;0;585;909;132;589;0;NOSTRESS
42180899570;53686;"NEAR_P1";"INTERVAL";"PROBE";1;63;0x00000b31;83;17;6;2177402;2774071;3647;2177469;0;NOSTRESS
42180953263;53474;"NEAR_P1";"INTERVAL";"PROBE";1;63;0x00000b31;83;7;4;2176620;2767052;1416;2176698;0;NOSTRESS
42181006744;53296;"NEAR_P1";"INTERVAL";"PROBE";1;63;0x00000b31;83;3;1;2171592;2748439;672;2171632;0;NOSTRESS
42181060047;53394;"NEAR_P1";"INTERVAL";"PROBE";1;63;0x00000b31;83;3;1;2176653;2768980;52;2176729;0;NOSTRESS
42181113448;53375;"NEAR_P1";"INTERVAL";"PROBE";1;63;0x00000b31;83;3;2;2176672;2770758;20;2176750;0;NOSTRESS
42181166831;53227;"NEAR_P1";"INTERVAL";"PROBE";1;63;0x00000b31;83;1;2;2171676;2763345;4;2171716;0;NOSTRESS
42181220065;53378;"NEAR_P1";"INTERVAL";"PROBE";1;63;0x00000b31;83;2;1;2176727;2774112;12;2176816;0;NOSTRESS
42181273465;53380;"NEAR_P1";"INTERVAL";"PROBE";1;63;0x00000b31;83;0;0;2176676;2770729;20;2176762;0;NOSTRESS
42181326852;53245;"NEAR_P1";"INTERVAL";"PROBE";1;63;0x00000b31;83;0;0;2171829;2762472;32;2171874;0;NOSTRESS
42181380104;53584;"NEAR_P1";"INTERVAL";"PROBE";1;63;0x00000b31;83;5;0;2178882;2777302;320;2178979;0;NOSTRESS
42181433695;53388;"NEAR_P1";"INTERVAL";"PROBE";1;63;0x00000b31;83;0;0;2177369;2770991;44;2177454;0;NOSTRESS
42181487090;53230;"NEAR_P1";"INTERVAL";"PROBE";1;63;0x00000b31;83;0;0;2171944;2762625;32;2171990;0;NOSTRESS
42181540327;53451;"NEAR_P1";"INTERVAL";"PROBE";1;63;0x00000b31;83;0;0;2177010;2770704;446;2177102;0;NOSTRESS
42181593786;53450;"NEAR_P1";"INTERVAL";"PROBE";1;63;0x00000b31;83;0;0;2176989;2773745;507;2177077;0;NOSTRESS
42181647245;53369;"NEAR_P1";"INTERVAL";"PROBE";1;63;0x00000b31;83;1;0;2173044;2762440;838;2173093;0;NOSTRESS
42181700621;53452;"NEAR_P1";"INTERVAL";"PROBE";1;63;0x00000b31;83;0;0;2177451;2769192;564;2177537;0;NOSTRESS
42181754081;53387;"NEAR_P1";"INTERVAL";"PROBE";1;63;0x00000b31;83;0;0;2177274;2770002;108;2177365;0;NOSTRESS
42181807476;53241;"NEAR_P1";"INTERVAL";"PROBE";1;63;0x00000b31;83;0;0;2171884;2759320;80;2171933;0;NOSTRESS
42181860727;53418;"NEAR_P1";"INTERVAL";"PROBE";1;63;0x00000b31;83;0;0;2177319;2773258;72;2177413;0;NOSTRESS
42181914152;53429;"NEAR_P1";"INTERVAL";"PROBE";1;63;0x00000b31;83;0;0;2177405;2771429;52;2177499;0;NOSTRESS
42181967606;105213;"TRAJ_R1";"INTERVAL";"PROBE";1;63;0x00000b31;83;1;1;4136149;5461554;406;4136279;0;NOSTRESS
42182498254;1175193;"MAF";"INTERVAL";"PROBE";1;63;0x00000b31;84;18;19;47686326;61196729;7894;47687858;0;NOSTRESS
42182498280;114;"SENS_C1";"INTERVAL";"PROBE";1;63;0x00000b31;84;0;2;1455;2034;468;1459;0;NOSTRESS
42182498402;245;"LOC_C1";"INTERVAL";"PROBE";1;63;0x00000b31;84;1;3;4922;7279;558;4926;0;NOSTRESS
42182498655;35;"LOC_C2";"INTERVAL";"PROBE";1;63;0x00000b31;84;0;0;650;913;100;654;0;NOSTRESS
42182498700;310;"LOC_C3";"INTERVAL";"PROBE";1;63;0x00000b31;84;0;0;9792;13311;308;9796;0;NOSTRESS
42182499019;45;"LOC_C4";"INTERVAL";"PROBE";1;63;0x00000b31;84;0;0;585;909;124;589;0;NOSTRESS
42182499071;53691;"NEAR_P1";"INTERVAL";"PROBE";1;63;0x00000b31;84;13;8;2177787;2802060;1366;2177862;0;NOSTRESS
42182552771;53523;"NEAR_P1";"INTERVAL";"PROBE";1;63;0x00000b31;84;3;6;2176863;2797213;656;2176941;0;NOSTRESS
42182606302;53357;"NEAR_P1";"INTERVAL";"PROBE";1;63;0x00000b31;84;0;0;2171689;2786270;320;2171729;0;NOSTRESS
42182659668;53491;"NEAR_P1";"INTERVAL";"PROBE";1;63;0x00000b31;84;0;0;2176673;2800369;20;2176753;0;NOSTRESS
42182713166;53490;"NEAR_P1";"INTERVAL";"PROBE";1;63;0x00000b31;84;0;0;2176676;2798406;32;2176754;0;NOSTRESS
42182766663;53345;"NEAR_P1";"INTERVAL";"PROBE";1;63;0x00000b31;84;0;0;2171612;2785625;8;2171652;0;NOSTRESS
42182820015;53416;"NEAR_P1";"INTERVAL";"PROBE";1;63;0x00000b31;84;0;0;2173736;2786687;37;2173813;0;NOSTRESS
42182873439;53483;"NEAR_P1";"INTERVAL";"PROBE";1;63;0x00000b31;84;0;0;2176711;2797600;21;2176794;0;NOSTRESS
42182926929;53340;"NEAR_P1";"INTERVAL";"PROBE";1;63;0x00000b31;84;0;0;2171617;2785940;4;2171662;0;NOSTRESS
42182980276;53497;"NEAR_P1";"INTERVAL";"PROBE";1;63;0x00000b31;84;0;0;2177067;2785707;64;2177154;0;NOSTRESS
42183033780;53604;"NEAR_P1";"INTERVAL";"PROBE";1;63;0x00000b31;84;0;0;2179303;2801792;256;2179398;0;NOSTRESS
42183087391;53342;"NEAR_P1";"INTERVAL";"PROBE";1;63;0x00000b31;84;0;0;2171872;2786575;8;2171918;0;NOSTRESS
42183140740;53427;"NEAR_P1";"INTERVAL";"PROBE";1;63;0x00000b31;84;0;0;2177379;2772923;256;2177465;0;NOSTRESS
42183194176;53543;"NEAR_P1";"INTERVAL";"PROBE";1;63;0x00000b31;84;0;0;2178153;2773759;721;2178238;0;NOSTRESS
42183247728;53356;"NEAR_P1";"INTERVAL";"PROBE";1;63;0x00000b31;84;0;0;2171852;2761366;824;2171901;0;NOSTRESS
42183301091;53497;"NEAR_P1";"INTERVAL";"PROBE";1;63;0x00000b31;84;0;0;2177085;2770821;774;2177175;0;NOSTRESS
42183354595;53437;"NEAR_P1";"INTERVAL";"PROBE";1;63;0x00000b31;84;0;0;2177314;2772378;193;2177402;0;NOSTRESS
42183408039;53261;"NEAR_P1";"INTERVAL";"PROBE";1;63;0x00000b31;84;0;0;2171915;2762449;104;2171961;0;NOSTRESS
42183461307;53388;"NEAR_P1";"INTERVAL";"PROBE";1;63;0x00000b31;84;0;0;2177343;2769742;68;2177437;0;NOSTRESS
42183514702;53404;"NEAR_P1";"INTERVAL";"PROBE";1;63;0x00000b31;84;0;0;2177229;2770136;72;2177320;0;NOSTRESS
42183568116;105323;"TRAJ_R1";"INTERVAL";"PROBE";1;63;0x00000b31;84;0;0;4142831;5477005;368;4142964;0;NOSTRESS
42184098289;1175280;"MAF";"INTERVAL";"PROBE";1;63;0x00000b31;85;31;21;47695581;60913505;13783;47697175;0;NOSTRESS
42184098319;131;"SENS_C1";"INTERVAL";"PROBE";1;63;0x00000b31;85;0;3;1452;2062;524;1456;0;NOSTRESS
42184098456;264;"LOC_C1";"INTERVAL";"PROBE";1;63;0x00000b31;85;0;3;4922;7405;637;4926;0;NOSTRESS
42184098727;38;"LOC_C2";"INTERVAL";"PROBE";1;63;0x00000b31;85;0;0;650;908;136;654;0;NOSTRESS
42184098773;309;"LOC_C3";"INTERVAL";"PROBE";1;63;0x00000b31;85;0;0;9797;13452;328;9801;0;NOSTRESS
42184099093;42;"LOC_C4";"INTERVAL";"PROBE";1;63;0x00000b31;85;0;0;584;900;132;588;0;NOSTRESS
42184099143;53932;"NEAR_P1";"INTERVAL";"PROBE";1;63;0x00000b31;85;17;4;2181132;2785425;3378;2181235;0;NOSTRESS
42184153083;53658;"NEAR_P1";"INTERVAL";"PROBE";1;63;0x00000b31;85;1;2;2179426;2778773;1576;2179517;0;NOSTRESS
42184206749;53233;"NEAR_P1";"INTERVAL";"PROBE";1;63;0x00000b31;85;0;0;2168810;2753836;632;2168840;0;NOSTRESS
42184259990;53447;"NEAR_P1";"INTERVAL";"PROBE";1;63;0x00000b31;85;0;0;2178217;2772927;120;2178301;0;NOSTRESS
42184313444;53405;"NEAR_P1";"INTERVAL";"PROBE";1;63;0x00000b31;85;0;0;2176850;2772815;56;2176928;0;NOSTRESS
42184366856;53307;"NEAR_P1";"INTERVAL";"PROBE";1;63;0x00000b31;85;0;0;2171813;2763037;121;2171855;0;NOSTRESS
42184420171;53712;"NEAR_P1";"INTERVAL";"PROBE";1;63;0x00000b31;85;12;4;2177798;2774510;1137;2177888;0;NOSTRESS
42184473890;53381;"NEAR_P1";"INTERVAL";"PROBE";1;63;0x00000b31;85;0;1;2176884;2773822;12;2176973;0;NOSTRESS
42184527295;53236;"NEAR_P1";"INTERVAL";"PROBE";1;63;0x00000b31;85;0;0;2171827;2762921;4;2171872;0;NOSTRESS
42184580537;53407;"NEAR_P1";"INTERVAL";"PROBE";1;63;0x00000b31;85;0;0;2177244;2770943;28;2177328;0;NOSTRESS
42184633951;53507;"NEAR_P1";"INTERVAL";"PROBE";1;63;0x00000b31;85;0;0;2177701;2774287;364;2177789;0;NOSTRESS
42184687466;53387;"NEAR_P1";"INTERVAL";"PROBE";1;63;0x00000b31;85;0;0;2173984;2761217;450;2174040;0;NOSTRESS
42184740860;53519;"NEAR_P1";"INTERVAL";"PROBE";1;63;0x00000b31;85;0;0;2177702;2771909;1036;2177794;0;NOSTRESS
42184794393;53513;"NEAR_P1";"INTERVAL";"PROBE";1;63;0x00000b31;85;0;0;2177612;2770466;684;2177704;0;NOSTRESS
42184847915;53289;"NEAR_P1";"INTERVAL";"PROBE";1;63;0x00000b31;85;0;0;2172122;2756824;720;2172171;0;NOSTRESS
42184901211;53490;"NEAR_P1";"INTERVAL";"PROBE";1;63;0x00000b31;85;0;0;2177516;2769462;720;2177605;0;NOSTRESS
42184954712;53412;"NEAR_P1";"INTERVAL";"PROBE";1;63;0x00000b31;85;0;0;2177522;2773175;193;2177610;0;NOSTRESS
42185008132;53284;"NEAR_P1";"INTERVAL";"PROBE";1;63;0x00000b31;85;0;0;2172088;2764214;102;2172137;0;NOSTRESS
42185061423;53427;"NEAR_P1";"INTERVAL";"PROBE";1;63;0x00000b31;85;0;0;2177536;2767264;52;2177627;0;NOSTRESS
42185114858;53396;"NEAR_P1";"INTERVAL";"PROBE";1;63;0x00000b31;85;0;0;2177531;2771285;57;2177619;0;NOSTRESS
42185168288;105273;"TRAJ_R1";"INTERVAL";"PROBE";1;63;0x00000b31;85;1;2;4140644;5472315;360;4140774;0;NOSTRESS
42185698223;1176542;"MAF";"INTERVAL";"PROBE";1;63;0x00000b31;86;12;13;47681140;61510381;7404;47682671;0;NOSTRESS
42185698251;118;"SENS_C1";"INTERVAL";"PROBE";1;63;0x00000b31;86;0;2;1454;2108;456;1458;0;NOSTRESS
42185698376;244;"LOC_C1";"INTERVAL";"PROBE";1;63;0x00000b31;86;0;2;4926;7465;550;4930;0;NOSTRESS
42185698627;36;"LOC_C2";"INTERVAL";"PROBE";1;63;0x00000b31;86;0;0;650;929;108;654;0;NOSTRESS
42185698672;310;"LOC_C3";"INTERVAL";"PROBE";1;63;0x00000b31;86;0;0;9801;13352;316;9805;0;NOSTRESS
42185698992;44;"LOC_C4";"INTERVAL";"PROBE";1;63;0x00000b31;86;0;0;586;906;124;590;0;NOSTRESS
42185699043;53706;"NEAR_P1";"INTERVAL";"PROBE";1;63;0x00000b31;86;8;4;2177483;2803712;1222;2177549;0;NOSTRESS
42185752756;53544;"NEAR_P1";"INTERVAL";"PROBE";1;63;0x00000b31;86;3;3;2177107;2801550;524;2177184;0;NOSTRESS
42185806307;53397;"NEAR_P1";"INTERVAL";"PROBE";1;63;0x00000b31;86;1;2;2171962;2789115;310;2172004;0;NOSTRESS
42185859711;53536;"NEAR_P1";"INTERVAL";"PROBE";1;63;0x00000b31;86;0;0;2177087;2801041;60;2177165;0;NOSTRESS
42185913254;53538;"NEAR_P1";"INTERVAL";"PROBE";1;63;0x00000b31;86;0;0;2176896;2802894;20;2176971;0;NOSTRESS
42185966799;53362;"NEAR_P1";"INTERVAL";"PROBE";1;63;0x00000b31;86;0;0;2171971;2788528;16;2172011;0;NOSTRESS
42186020168;53529;"NEAR_P1";"INTERVAL";"PROBE";1;63;0x00000b31;86;0;0;2177302;2800492;56;2177387;0;NOSTRESS
42186073704;53509;"NEAR_P1";"INTERVAL";"PROBE";1;63;0x00000b31;86;0;0;2177026;2799964;16;2177115;0;NOSTRESS
42186127220;53354;"NEAR_P1";"INTERVAL";"PROBE";1;63;0x00000b31;86;0;0;2171889;2788351;8;2171934;0;NOSTRESS
42186180581;53516;"NEAR_P1";"INTERVAL";"PROBE";1;63;0x00000b31;86;0;0;2177431;2803786;48;2177521;0;NOSTRESS
42186234104;53528;"NEAR_P1";"INTERVAL";"PROBE";1;63;0x00000b31;86;0;0;2177779;2790382;40;2177867;0;NOSTRESS
42186287639;53362;"NEAR_P1";"INTERVAL";"PROBE";1;63;0x00000b31;86;0;0;2172312;2789227;8;2172358;0;NOSTRESS
42186341008;53662;"NEAR_P1";"INTERVAL";"PROBE";1;63;0x00000b31;86;0;0;2179798;2806987;588;2179901;0;NOSTRESS
42186394679;53604;"NEAR_P1";"INTERVAL";"PROBE";1;63;0x00000b31;86;0;0;2177737;2799436;524;2177822;0;NOSTRESS
42186448291;53421;"NEAR_P1";"INTERVAL";"PROBE";1;63;0x00000b31;86;0;0;2172238;2790194;548;2172281;0;NOSTRESS
42186501719;53580;"NEAR_P1";"INTERVAL";"PROBE";1;63;0x00000b31;86;0;0;2177357;2798314;576;2177445;0;NOSTRESS
42186555323;53676;"NEAR_P1";"INTERVAL";"PROBE";1;63;0x00000b31;86;0;0;2178942;2803990;494;2179031;0;NOSTRESS
42186609007;53392;"NEAR_P1";"INTERVAL";"PROBE";1;63;0x00000b31;86;0;0;2172254;2789688;44;2172300;0;NOSTRESS
42186662406;53589;"NEAR_P1";"INTERVAL";"PROBE";1;63;0x00000b31;86;0;0;2177675;2800128;91;2177764;0;NOSTRESS
42186716002;53546;"NEAR_P1";"INTERVAL";"PROBE";1;63;0x00000b31;86;0;0;2177685;2800552;52;2177776;0;NOSTRESS
42186769558;105199;"TRAJ_R1";"INTERVAL";"PROBE";1;63;0x00000b31;86;0;0;4127584;5509836;457;4127714;0;NOSTRESS
42187298252;1176073;"MAF";"INTERVAL";"PROBE";1;63;0x00000b31;87;49;19;47664429;61304689;11605;47666081;0;NOSTRESS
42187298279;124;"SENS_C1";"INTERVAL";"PROBE";1;63;0x00000b31;87;0;3;1451;2064;488;1455;0;NOSTRESS
42187298411;251;"LOC_C1";"INTERVAL";"PROBE";1;63;0x00000b31;87;1;1;4924;7399;541;4928;0;NOSTRESS
42187298670;36;"LOC_C2";"INTERVAL";"PROBE";1;63;0x00000b31;87;0;0;651;916;124;655;0;NOSTRESS
42187298715;311;"LOC_C3";"INTERVAL";"PROBE";1;63;0x00000b31;87;0;0;9803;13328;324;9807;0;NOSTRESS
42187299035;42;"LOC_C4";"INTERVAL";"PROBE";1;63;0x00000b31;87;0;0;584;910;120;588;0;NOSTRESS
42187299083;53714;"NEAR_P1";"INTERVAL";"PROBE";1;63;0x00000b31;87;6;3;2177755;2802216;1432;2177832;0;NOSTRESS
42187352805;53565;"NEAR_P1";"INTERVAL";"PROBE";1;63;0x00000b31;87;4;4;2177107;2797936;918;2177183;0;NOSTRESS
42187406379;53688;"NEAR_P1";"INTERVAL";"PROBE";1;63;0x00000b31;87;20;2;2174680;2793064;1580;2174750;0;NOSTRESS
42187460074;53547;"NEAR_P1";"INTERVAL";"PROBE";1;63;0x00000b31;87;0;0;2177019;2797003;85;2177097;0;NOSTRESS
42187513628;53513;"NEAR_P1";"INTERVAL";"PROBE";1;63;0x00000b31;87;0;0;2177219;2798323;36;2177307;0;NOSTRESS
42187567148;53372;"NEAR_P1";"INTERVAL";"PROBE";1;63;0x00000b31;87;0;0;2171968;2786818;24;2172008;0;NOSTRESS
42187620527;53493;"NEAR_P1";"INTERVAL";"PROBE";1;63;0x00000b31;87;0;0;2176995;2796670;12;2177081;0;NOSTRESS
42187674027;53499;"NEAR_P1";"INTERVAL";"PROBE";1;63;0x00000b31;87;0;0;2177052;2796322;28;2177138;0;NOSTRESS
42187727533;53365;"NEAR_P1";"INTERVAL";"PROBE";1;63;0x00000b31;87;0;0;2171936;2787015;12;2171978;0;NOSTRESS
42187780905;53531;"NEAR_P1";"INTERVAL";"PROBE";1;63;0x00000b31;87;0;0;2177431;2798214;108;2177518;0;NOSTRESS
42187834443;53505;"NEAR_P1";"INTERVAL";"PROBE";1;63;0x00000b31;87;0;0;2177760;2801030;24;2177851;0;NOSTRESS
42187887955;53348;"NEAR_P1";"INTERVAL";"PROBE";1;63;0x00000b31;87;0;0;2172292;2784051;16;2172341;0;NOSTRESS
42187941310;53542;"NEAR_P1";"INTERVAL";"PROBE";1;63;0x00000b31;87;0;0;2177781;2802126;296;2177872;0;NOSTRESS
42187994862;53698;"NEAR_P1";"INTERVAL";"PROBE";1;63;0x00000b31;87;0;0;2179538;2804167;844;2179636;0;NOSTRESS
42188048568;53562;"NEAR_P1";"INTERVAL";"PROBE";1;63;0x00000b31;87;0;0;2172326;2788316;736;2172375;0;NOSTRESS
42188102138;53839;"NEAR_P1";"INTERVAL";"PROBE";1;63;0x00000b31;87;3;1;2183233;2810760;1116;2183366;0;NOSTRESS
42188155988;53765;"NEAR_P1";"INTERVAL";"PROBE";1;63;0x00000b31;87;14;3;2178539;2776705;1687;2178636;0;NOSTRESS
42188209760;53371;"NEAR_P1";"INTERVAL";"PROBE";1;63;0x00000b31;87;1;2;2173480;2762907;347;2173530;0;NOSTRESS
42188263148;53431;"NEAR_P1";"INTERVAL";"PROBE";1;63;0x00000b31;87;0;0;2177638;2771843;101;2177732;0;NOSTRESS
42188316587;53430;"NEAR_P1";"INTERVAL";"PROBE";1;63;0x00000b31;87;0;0;2177487;2773666;80;2177578;0;NOSTRESS
42188370027;104289;"TRAJ_R1";"INTERVAL";"PROBE";1;63;0x00000b31;87;0;0;4101564;5423346;330;4101697;0;NOSTRESS
42188898312;1174751;"MAF";"INTERVAL";"PROBE";1;63;0x00000b31;88;32;27;47613778;61354069;11772;47615292;0;NOSTRESS
42188898345;141;"SENS_C1";"INTERVAL";"PROBE";1;63;0x00000b31;88;1;8;1454;2096;564;1458;0;NOSTRESS
42188898494;275;"LOC_C1";"INTERVAL";"PROBE";1;63;0x00000b31;88;3;2;4920;7308;702;4924;0;NOSTRESS
42188898777;38;"LOC_C2";"INTERVAL";"PROBE";1;63;0x00000b31;88;0;3;651;931;136;655;0;NOSTRESS
42188898826;312;"LOC_C3";"INTERVAL";"PROBE";1;63;0x00000b31;88;0;0;9804;13477;328;9808;0;NOSTRESS
42188899148;43;"LOC_C4";"INTERVAL";"PROBE";1;63;0x00000b31;88;0;0;585;893;124;589;0;NOSTRESS
42188899197;53767;"NEAR_P1";"INTERVAL";"PROBE";1;63;0x00000b31;88;18;5;2177380;2801114;3570;2177448;0;NOSTRESS
42188952971;53564;"NEAR_P1";"INTERVAL";"PROBE";1;63;0x00000b31;88;6;4;2176794;2795668;1492;2176872;0;NOSTRESS
42189006544;53370;"NEAR_P1";"INTERVAL";"PROBE";1;63;0x00000b31;88;1;2;2171690;2785601;656;2171732;0;NOSTRESS
42189059921;53507;"NEAR_P1";"INTERVAL";"PROBE";1;63;0x00000b31;88;0;0;2176769;2796633;92;2176847;0;NOSTRESS
42189113436;53431;"NEAR_P1";"INTERVAL";"PROBE";1;63;0x00000b31;88;0;0;2174031;2791020;38;2174095;0;NOSTRESS
42189166874;53344;"NEAR_P1";"INTERVAL";"PROBE";1;63;0x00000b31;88;0;0;2171679;2775028;29;2171719;0;NOSTRESS
42189220224;53485;"NEAR_P1";"INTERVAL";"PROBE";1;63;0x00000b31;88;0;0;2176784;2796430;4;2176867;0;NOSTRESS
42189273716;53497;"NEAR_P1";"INTERVAL";"PROBE";1;63;0x00000b31;88;0;0;2177045;2798953;20;2177134;0;NOSTRESS
42189327220;53353;"NEAR_P1";"INTERVAL";"PROBE";1;63;0x00000b31;88;0;0;2171647;2784920;8;2171692;0;NOSTRESS
42189380580;53407;"NEAR_P1";"INTERVAL";"PROBE";1;63;0x00000b31;88;0;0;2173787;2792251;16;2173861;0;NOSTRESS
42189433995;53524;"NEAR_P1";"INTERVAL";"PROBE";1;63;0x00000b31;88;0;0;2177515;2796806;44;2177603;0;NOSTRESS
42189487526;53363;"NEAR_P1";"INTERVAL";"PROBE";1;63;0x00000b31;88;0;0;2172082;2787023;40;2172131;0;NOSTRESS
42189540897;53529;"NEAR_P1";"INTERVAL";"PROBE";1;63;0x00000b31;88;0;0;2177513;2795812;292;2177602;0;NOSTRESS
42189594434;53570;"NEAR_P1";"INTERVAL";"PROBE";1;63;0x00000b31;88;0;0;2177557;2796113;572;2177643;0;NOSTRESS
42189648014;53403;"NEAR_P1";"INTERVAL";"PROBE";1;63;0x00000b31;88;0;0;2172164;2785971;656;2172214;0;NOSTRESS
42189701424;53722;"NEAR_P1";"INTERVAL";"PROBE";1;63;0x00000b31;88;1;0;2179350;2800364;1040;2179452;0;NOSTRESS
42189755153;53542;"NEAR_P1";"INTERVAL";"PROBE";1;63;0x00000b31;88;0;0;2177418;2798922;168;2177506;0;NOSTRESS
42189808703;53383;"NEAR_P1";"INTERVAL";"PROBE";1;63;0x00000b31;88;0;0;2172059;2787671;72;2172102;0;NOSTRESS
42189862093;53620;"NEAR_P1";"INTERVAL";"PROBE";1;63;0x00000b31;88;0;0;2178774;2800963;271;2178869;0;NOSTRESS
42189915722;53519;"NEAR_P1";"INTERVAL";"PROBE";1;63;0x00000b31;88;0;0;2177441;2797811;100;2177529;0;NOSTRESS
42189969251;103804;"TRAJ_R1";"INTERVAL";"PROBE";1;63;0x00000b31;88;0;0;4070686;5436998;542;4070815;0;NOSTRESS
42190498294;1173917;"MAF";"INTERVAL";"PROBE";1;63;0x00000b31;89;17;11;47582550;61314685;8359;47584102;0;NOSTRESS
42190498322;128;"SENS_C1";"INTERVAL";"PROBE";1;63;0x00000b31;89;0;6;1451;2085;496;1455;0;NOSTRESS
42190498460;245;"LOC_C1";"INTERVAL";"PROBE";1;63;0x00000b31;89;1;0;4920;7282;573;4924;0;NOSTRESS
42190498711;38;"LOC_C2";"INTERVAL";"PROBE";1;63;0x00000b31;89;0;0;650;887;124;654;0;NOSTRESS
42190498758;312;"LOC_C3";"INTERVAL";"PROBE";1;63;0x00000b31;89;0;0;9802;13261;312;9806;0;NOSTRESS
42190499080;41;"LOC_C4";"INTERVAL";"PROBE";1;63;0x00000b31;89;0;0;584;867;124;588;0;NOSTRESS
42190499127;53902;"NEAR_P1";"INTERVAL";"PROBE";1;63;0x00000b31;89;14;3;2179962;2809145;1857;2180048;0;NOSTRESS
42190553037;53600;"NEAR_P1";"INTERVAL";"PROBE";1;63;0x00000b31;89;2;0;2177019;2799909;776;2177097;0;NOSTRESS
42190606644;53378;"NEAR_P1";"INTERVAL";"PROBE";1;63;0x00000b31;89;0;0;2171950;2775238;388;2171990;0;NOSTRESS
42190660029;53505;"NEAR_P1";"INTERVAL";"PROBE";1;63;0x00000b31;89;0;0;2177259;2796410;21;2177335;0;NOSTRESS
42190713541;53499;"NEAR_P1";"INTERVAL";"PROBE";1;63;0x00000b31;89;0;0;2177036;2798847;26;2177110;0;NOSTRESS
42190767048;53367;"NEAR_P1";"INTERVAL";"PROBE";1;63;0x00000b31;89;0;0;2171882;2787129;28;2171921;0;NOSTRESS
42190820422;53425;"NEAR_P1";"INTERVAL";"PROBE";1;63;0x00000b31;89;0;0;2174133;2792037;34;2174210;0;NOSTRESS
42190873855;53501;"NEAR_P1";"INTERVAL";"PROBE";1;63;0x00000b31;89;0;0;2177083;2801135;14;2177169;0;NOSTRESS
42190927363;53351;"NEAR_P1";"INTERVAL";"PROBE";1;63;0x00000b31;89;0;0;2172020;2779356;8;2172062;0;NOSTRESS
42190980721;53516;"NEAR_P1";"INTERVAL";"PROBE";1;63;0x00000b31;89;0;0;2177467;2787189;94;2177554;0;NOSTRESS
42191034261;53552;"NEAR_P1";"INTERVAL";"PROBE";1;63;0x00000b31;89;0;0;2177810;2798256;60;2177901;0;NOSTRESS
42191087821;53373;"NEAR_P1";"INTERVAL";"PROBE";1;63;0x00000b31;89;0;0;2172341;2790093;40;2172387;0;NOSTRESS
42191141202;53547;"NEAR_P1";"INTERVAL";"PROBE";1;63;0x00000b31;89;0;0;2177885;2799452;236;2177978;0;NOSTRESS
42191194757;53592;"NEAR_P1";"INTERVAL";"PROBE";1;63;0x00000b31;89;0;0;2177819;2799561;516;2177908;0;NOSTRESS
42191248357;53394;"NEAR_P1";"INTERVAL";"PROBE";1;63;0x00000b31;89;0;0;2172289;2788045;676;2172335;0;NOSTRESS
42191301760;53580;"NEAR_P1";"INTERVAL";"PROBE";1;63;0x00000b31;89;0;0;2177940;2799414;544;2178030;0;NOSTRESS
42191355348;53677;"NEAR_P1";"INTERVAL";"PROBE";1;63;0x00000b31;89;0;0;2179563;2802846;582;2179667;0;NOSTRESS
42191409032;53386;"NEAR_P1";"INTERVAL";"PROBE";1;63;0x00000b31;89;0;0;2172287;2777814;156;2172333;0;NOSTRESS
42191462425;53524;"NEAR_P1";"INTERVAL";"PROBE";1;63;0x00000b31;89;0;0;2177690;2798691;88;2177778;0;NOSTRESS
42191515956;53560;"NEAR_P1";"INTERVAL";"PROBE";1;63;0x00000b31;89;0;0;2177592;2802873;72;2177683;0;NOSTRESS
42191569526;102677;"TRAJ_R1";"INTERVAL";"PROBE";1;63;0x00000b31;89;0;0;4029896;5379489;350;4030033;0;NOSTRESS
42192098273;1173050;"MAF";"INTERVAL";"PROBE";1;63;0x00000b31;90;31;20;47546169;61159714;10938;47547815;0;NOSTRESS
42192098300;120;"SENS_C1";"INTERVAL";"PROBE";1;63;0x00000b31;90;0;3;1455;2120;460;1459;0;NOSTRESS
42192098429;238;"LOC_C1";"INTERVAL";"PROBE";1;63;0x00000b31;90;1;0;4914;7310;534;4918;0;NOSTRESS
42192098676;34;"LOC_C2";"INTERVAL";"PROBE";1;63;0x00000b31;90;0;0;650;887;96;654;0;NOSTRESS
42192098720;311;"LOC_C3";"INTERVAL";"PROBE";1;63;0x00000b31;90;0;0;9799;13341;312;9803;0;NOSTRESS
42192099041;320;"LOC_C4";"INTERVAL";"PROBE";1;63;0x00000b31;90;16;2;1484;3099;1188;1495;0;NOSTRESS
42192099368;53760;"NEAR_P1";"INTERVAL";"PROBE";1;63;0x00000b31;90;6;8;2178780;2806304;1304;2178857;0;NOSTRESS
42192153136;53683;"NEAR_P1";"INTERVAL";"PROBE";1;63;0x00000b31;90;3;4;2178845;2803876;792;2178933;0;NOSTRESS
42192206828;53392;"NEAR_P1";"INTERVAL";"PROBE";1;63;0x00000b31;90;1;1;2171871;2788060;332;2171911;0;NOSTRESS
42192260244;53500;"NEAR_P1";"INTERVAL";"PROBE";1;63;0x00000b31;90;0;0;2177006;2800556;28;2177082;0;NOSTRESS
42192313751;53497;"NEAR_P1";"INTERVAL";"PROBE";1;63;0x00000b31;90;0;0;2177008;2796308;41;2177082;0;NOSTRESS
42192367255;53368;"NEAR_P1";"INTERVAL";"PROBE";1;63;0x00000b31;90;0;0;2171902;2790710;25;2171942;0;NOSTRESS
42192420631;53500;"NEAR_P1";"INTERVAL";"PROBE";1;63;0x00000b31;90;0;0;2176967;2795884;8;2177053;0;NOSTRESS
42192474139;53484;"NEAR_P1";"INTERVAL";"PROBE";1;63;0x00000b31;90;0;0;2176951;2798459;15;2177040;0;NOSTRESS
42192527645;53344;"NEAR_P1";"INTERVAL";"PROBE";1;63;0x00000b31;90;0;0;2171852;2786704;20;2171897;0;NOSTRESS
42192580996;53566;"NEAR_P1";"INTERVAL";"PROBE";1;63;0x00000b31;90;0;0;2177324;2798630;64;2177411;0;NOSTRESS
42192634570;53800;"NEAR_P1";"INTERVAL";"PROBE";1;63;0x00000b31;90;2;0;2183048;2809051;763;2183204;0;NOSTRESS
42192688379;53398;"NEAR_P1";"INTERVAL";"PROBE";1;63;0x00000b31;90;0;0;2172197;2789476;223;2172243;0;NOSTRESS
42192741784;53612;"NEAR_P1";"INTERVAL";"PROBE";1;63;0x00000b31;90;0;0;2177720;2796480;984;2177809;0;NOSTRESS
42192795405;53629;"NEAR_P1";"INTERVAL";"PROBE";1;63;0x00000b31;90;0;0;2177618;2786012;824;2177709;0;NOSTRESS
42192849043;53418;"NEAR_P1";"INTERVAL";"PROBE";1;63;0x00000b31;90;0;0;2172194;2787060;776;2172243;0;NOSTRESS
42192902468;53579;"NEAR_P1";"INTERVAL";"PROBE";1;63;0x00000b31;90;0;0;2177822;2797682;640;2177915;0;NOSTRESS
42192956055;53551;"NEAR_P1";"INTERVAL";"PROBE";1;63;0x00000b31;90;0;0;2177534;2792604;156;2177628;0;NOSTRESS
42193009613;53411;"NEAR_P1";"INTERVAL";"PROBE";1;63;0x00000b31;90;2;0;2174141;2766768;476;2174200;0;NOSTRESS
42193063031;53412;"NEAR_P1";"INTERVAL";"PROBE";1;63;0x00000b31;90;0;0;2177627;2772441;84;2177718;0;NOSTRESS
42193116465;53507;"NEAR_P1";"INTERVAL";"PROBE";1;63;0x00000b31;90;0;0;2179116;2778814;211;2179206;0;NOSTRESS
42193169982;101334;"TRAJ_R1";"INTERVAL";"PROBE";1;63;0x00000b31;90;0;0;3984129;5263448;386;3984262;0;NOSTRESS
42193698285;1168768;"MAF";"INTERVAL";"PROBE";1;63;0x00000b31;91;5;6;47470977;60627146;7672;47472551;0;NOSTRESS
42193698312;120;"SENS_C1";"INTERVAL";"PROBE";1;63;0x00000b31;91;0;1;1451;2057;464;1455;0;NOSTRESS
42193698441;244;"LOC_C1";"INTERVAL";"PROBE";1;63;0x00000b31;91;0;1;4921;7380;532;4925;0;NOSTRESS
42193698693;36;"LOC_C2";"INTERVAL";"PROBE";1;63;0x00000b31;91;0;0;650;901;108;654;0;NOSTRESS
42193698738;310;"LOC_C3";"INTERVAL";"PROBE";1;63;0x00000b31;91;0;0;9807;13340;320;9811;0;NOSTRESS
42193699057;43;"LOC_C4";"INTERVAL";"PROBE";1;63;0x00000b31;91;0;0;584;883;124;588;0;NOSTRESS
42193699106;53589;"NEAR_P1";"INTERVAL";"PROBE";1;63;0x00000b31;91;4;2;2177260;2764041;1230;2177341;0;NOSTRESS
42193752702;53469;"NEAR_P1";"INTERVAL";"PROBE";1;63;0x00000b31;91;1;2;2176699;2769255;632;2176777;0;NOSTRESS
42193806178;53239;"NEAR_P1";"INTERVAL";"PROBE";1;63;0x00000b31;91;0;0;2171331;2760896;332;2171371;0;NOSTRESS
42193859426;53510;"NEAR_P1";"INTERVAL";"PROBE";1;63;0x00000b31;91;0;0;2178478;2777366;296;2178566;0;NOSTRESS
42193912960;53386;"NEAR_P1";"INTERVAL";"PROBE";1;63;0x00000b31;91;0;0;2176350;2771716;40;2176426;0;NOSTRESS
42193966353;53226;"NEAR_P1";"INTERVAL";"PROBE";1;63;0x00000b31;91;0;0;2171312;2761768;24;2171354;0;NOSTRESS
42194019586;53386;"NEAR_P1";"INTERVAL";"PROBE";1;63;0x00000b31;91;0;0;2176397;2772404;25;2176486;0;NOSTRESS
42194072979;53400;"NEAR_P1";"INTERVAL";"PROBE";1;63;0x00000b31;91;0;0;2176324;2770979;32;2176409;0;NOSTRESS
42194126403;53226;"NEAR_P1";"INTERVAL";"PROBE";1;63;0x00000b31;91;0;0;2171346;2759340;25;2171394;0;NOSTRESS
42194179636;53320;"NEAR_P1";"INTERVAL";"PROBE";1;63;0x00000b31;91;0;0;2173809;2766132;62;2173884;0;NOSTRESS
42194232963;53402;"NEAR_P1";"INTERVAL";"PROBE";1;63;0x00000b31;91;0;0;2177069;2774072;52;2177163;0;NOSTRESS
42194286372;53253;"NEAR_P1";"INTERVAL";"PROBE";1;63;0x00000b31;91;0;0;2171716;2765498;8;2171762;0;NOSTRESS
42194339632;53441;"NEAR_P1";"INTERVAL";"PROBE";1;63;0x00000b31;91;0;0;2176903;2774067;340;2176990;0;NOSTRESS
42194393082;53474;"NEAR_P1";"INTERVAL";"PROBE";1;63;0x00000b31;91;0;0;2177056;2772622;508;2177147;0;NOSTRESS
42194446565;53274;"NEAR_P1";"INTERVAL";"PROBE";1;63;0x00000b31;91;0;0;2171632;2762775;616;2171678;0;NOSTRESS
42194499847;53476;"NEAR_P1";"INTERVAL";"PROBE";1;63;0x00000b31;91;0;0;2176979;2772537;588;2177064;0;NOSTRESS
42194553331;53438;"NEAR_P1";"INTERVAL";"PROBE";1;63;0x00000b31;91;0;0;2177033;2773234;184;2177124;0;NOSTRESS
42194606777;53260;"NEAR_P1";"INTERVAL";"PROBE";1;63;0x00000b31;91;0;0;2171616;2761943;52;2171665;0;NOSTRESS
42194660044;53566;"NEAR_P1";"INTERVAL";"PROBE";1;63;0x00000b31;91;0;0;2179085;2771007;380;2179198;0;NOSTRESS
42194713617;53415;"NEAR_P1";"INTERVAL";"PROBE";1;63;0x00000b31;91;0;0;2177057;2773857;100;2177148;0;NOSTRESS
42194767042;100003;"TRAJ_R1";"INTERVAL";"PROBE";1;63;0x00000b31;91;0;0;3931896;5199882;414;3932029;0;NOSTRESS
42195298269;1168656;"MAF";"INTERVAL";"PROBE";1;63;0x00000b31;92;38;15;47432268;60556583;12742;47433898;0;NOSTRESS
42195298295;120;"SENS_C1";"INTERVAL";"PROBE";1;63;0x00000b31;92;0;1;1454;2051;452;1458;0;NOSTRESS
42195298424;247;"LOC_C1";"INTERVAL";"PROBE";1;63;0x00000b31;92;1;0;4920;7286;558;4924;0;NOSTRESS
42195298678;33;"LOC_C2";"INTERVAL";"PROBE";1;63;0x00000b31;92;0;0;650;910;96;654;0;NOSTRESS
42195298722;312;"LOC_C3";"INTERVAL";"PROBE";1;63;0x00000b31;92;0;0;9806;13207;304;9810;0;NOSTRESS
42195299044;40;"LOC_C4";"INTERVAL";"PROBE";1;63;0x00000b31;92;0;0;587;922;116;591;0;NOSTRESS
42195299090;53621;"NEAR_P1";"INTERVAL";"PROBE";1;63;0x00000b31;92;7;5;2178334;2776447;1425;2178413;0;NOSTRESS
42195352719;53440;"NEAR_P1";"INTERVAL";"PROBE";1;63;0x00000b31;92;4;3;2176721;2771665;584;2176797;0;NOSTRESS
42195406168;53252;"NEAR_P1";"INTERVAL";"PROBE";1;63;0x00000b31;92;1;0;2171767;2751803;392;2171805;0;NOSTRESS
42195459427;53337;"NEAR_P1";"INTERVAL";"PROBE";1;63;0x00000b31;92;1;0;2173912;2765213;87;2173976;0;NOSTRESS
42195512771;53501;"NEAR_P1";"INTERVAL";"PROBE";1;63;0x00000b31;92;0;0;2178550;2773556;324;2178634;0;NOSTRESS
42195566279;53221;"NEAR_P1";"INTERVAL";"PROBE";1;63;0x00000b31;92;0;0;2171535;2757284;20;2171577;0;NOSTRESS
42195619524;53377;"NEAR_P1";"INTERVAL";"PROBE";1;63;0x00000b31;92;0;0;2176620;2767297;12;2176709;0;NOSTRESS
42195672909;53312;"NEAR_P1";"INTERVAL";"PROBE";1;63;0x00000b31;92;0;0;2173662;2762905;33;2173736;0;NOSTRESS
42195726228;53228;"NEAR_P1";"INTERVAL";"PROBE";1;63;0x00000b31;92;0;0;2171684;2759055;18;2171726;0;NOSTRESS
42195779463;53715;"NEAR_P1";"INTERVAL";"PROBE";1;63;0x00000b31;92;14;3;2177905;2773635;1179;2177999;0;NOSTRESS
42195833185;53406;"NEAR_P1";"INTERVAL";"PROBE";1;63;0x00000b31;92;2;2;2177377;2772036;66;2177468;0;NOSTRESS
42195886598;53225;"NEAR_P1";"INTERVAL";"PROBE";1;63;0x00000b31;92;0;0;2171951;2760413;12;2171997;0;NOSTRESS
42195939830;53426;"NEAR_P1";"INTERVAL";"PROBE";1;63;0x00000b31;92;0;0;2177637;2771007;261;2177733;0;NOSTRESS
42195993265;53638;"NEAR_P1";"INTERVAL";"PROBE";1;63;0x00000b31;92;6;1;2178767;2777880;937;2178863;0;NOSTRESS
42196046912;53514;"NEAR_P1";"INTERVAL";"PROBE";1;63;0x00000b31;92;1;0;2173006;2775341;1847;2173058;0;NOSTRESS
42196100435;53761;"NEAR_P1";"INTERVAL";"PROBE";1;63;0x00000b31;92;1;0;2180193;2779359;1654;2180304;0;NOSTRESS
42196154204;53644;"NEAR_P1";"INTERVAL";"PROBE";1;63;0x00000b31;92;0;0;2179943;2775361;708;2180046;0;NOSTRESS
42196207856;53300;"NEAR_P1";"INTERVAL";"PROBE";1;63;0x00000b31;92;0;0;2173312;2764166;243;2173364;0;NOSTRESS
42196261163;53504;"NEAR_P1";"INTERVAL";"PROBE";1;63;0x00000b31;92;0;0;2178649;2773157;185;2178744;0;NOSTRESS
42196314675;53668;"NEAR_P1";"INTERVAL";"PROBE";1;63;0x00000b31;92;0;0;2181936;2776060;545;2182060;0;NOSTRESS
42196368355;98562;"TRAJ_R1";"INTERVAL";"PROBE";1;63;0x00000b31;92;0;0;3875169;5121067;408;3875305;0;NOSTRESS
42196898289;1166451;"MAF";"INTERVAL";"PROBE";1;63;0x00000b31;93;25;6;47372206;60486718;10306;47373764;0;NOSTRESS
42196898320;129;"SENS_C1";"INTERVAL";"PROBE";1;63;0x00000b31;93;0;1;1452;2058;508;1456;0;NOSTRESS
42196898456;270;"LOC_C1";"INTERVAL";"PROBE";1;63;0x00000b31;93;1;2;4921;7256;645;4925;0;NOSTRESS
42196898734;32;"LOC_C2";"INTERVAL";"PROBE";1;63;0x00000b31;93;0;0;650;906;120;654;0;NOSTRESS
42196898775;314;"LOC_C3";"INTERVAL";"PROBE";1;63;0x00000b31;93;0;0;9811;13201;324;9815;0;NOSTRESS
42196899099;44;"LOC_C4";"INTERVAL";"PROBE";1;63;0x00000b31;93;0;0;585;910;140;589;0;NOSTRESS
42196899149;53739;"NEAR_P1";"INTERVAL";"PROBE";1;63;0x00000b31;93;12;3;2177949;2774595;2859;2178016;0;NOSTRESS
42196952895;53514;"NEAR_P1";"INTERVAL";"PROBE";1;63;0x00000b31;93;7;0;2177249;2775168;1052;2177327;0;NOSTRESS
42197006416;53258;"NEAR_P1";"INTERVAL";"PROBE";1;63;0x00000b31;93;3;0;2172167;2759297;464;2172207;0;NOSTRESS
42197059681;53402;"NEAR_P1";"INTERVAL";"PROBE";1;63;0x00000b31;93;0;0;2177329;2771076;64;2177407;0;NOSTRESS
42197113090;53395;"NEAR_P1";"INTERVAL";"PROBE";1;63;0x00000b31;93;0;0;2177251;2771136;32;2177329;0;NOSTRESS
42197166492;53402;"NEAR_P1";"INTERVAL";"PROBE";1;63;0x00000b31;93;1;0;2174038;2766113;272;2174090;0;NOSTRESS
42197219901;53393;"NEAR_P1";"INTERVAL";"PROBE";1;63;0x00000b31;93;0;0;2177252;2772884;12;2177338;0;NOSTRESS
42197273301;53419;"NEAR_P1";"INTERVAL";"PROBE";1;63;0x00000b31;93;0;0;2177213;2769615;16;2177302;0;NOSTRESS
42197326727;53236;"NEAR_P1";"INTERVAL";"PROBE";1;63;0x00000b31;93;0;0;2172170;2761078;26;2172218;0;NOSTRESS
42197379970;53422;"NEAR_P1";"INTERVAL";"PROBE";1;63;0x00000b31;93;0;0;2177622;2769972;95;2177709;0;NOSTRESS
42197433399;53404;"NEAR_P1";"INTERVAL";"PROBE";1;63;0x00000b31;93;0;0;2178013;2773243;24;2178104;0;NOSTRESS
42197486810;53263;"NEAR_P1";"INTERVAL";"PROBE";1;63;0x00000b31;93;0;0;2172517;2762443;78;2172566;0;NOSTRESS
42197540081;53427;"NEAR_P1";"INTERVAL";"PROBE";1;63;0x00000b31;93;0;0;2177882;2771538;240;2177968;0;NOSTRESS
42197593518;53467;"NEAR_P1";"INTERVAL";"PROBE";1;63;0x00000b31;93;0;0;2177998;2773136;488;2178087;0;NOSTRESS
42197646994;53369;"NEAR_P1";"INTERVAL";"PROBE";1;63;0x00000b31;93;1;0;2173826;2766922;882;2173876;0;NOSTRESS
42197700371;53581;"NEAR_P1";"INTERVAL";"PROBE";1;63;0x00000b31;93;0;0;2177942;2773172;613;2178030;0;NOSTRESS
42197753959;53499;"NEAR_P1";"INTERVAL";"PROBE";1;63;0x00000b31;93;0;0;2177933;2773480;276;2178021;0;NOSTRESS
42197807465;53271;"NEAR_P1";"INTERVAL";"PROBE";1;63;0x00000b31;93;0;0;2172539;2759773;124;2172588;0;NOSTRESS
42197860759;53438;"NEAR_P1";"INTERVAL";"PROBE";1;63;0x00000b31;93;0;0;2177945;2774723;56;2178030;0;NOSTRESS
42197914204;53417;"NEAR_P1";"INTERVAL";"PROBE";1;63;0x00000b31;93;0;0;2177882;2770342;48;2177973;0;NOSTRESS
42197967631;97100;"TRAJ_R1";"INTERVAL";"PROBE";1;63;0x00000b31;93;0;0;3813852;5045340;632;3813995;0;NOSTRESS
42198498289;1164418;"MAF";"INTERVAL";"PROBE";1;63;0x00000b31;94;19;7;47300570;60389270;8965;47302126;0;NOSTRESS
42198498313;117;"SENS_C1";"INTERVAL";"PROBE";1;63;0x00000b31;94;0;1;1454;2034;468;1458;0;NOSTRESS
42198498437;239;"LOC_C1";"INTERVAL";"PROBE";1;63;0x00000b31;94;0;2;4921;7390;534;4925;0;NOSTRESS
42198498683;33;"LOC_C2";"INTERVAL";"PROBE";1;63;0x00000b31;94;0;0;651;929;92;655;0;NOSTRESS
42198498725;307;"LOC_C3";"INTERVAL";"PROBE";1;63;0x00000b31;94;0;0;9797;13185;316;9801;0;NOSTRESS
42198499042;46;"LOC_C4";"INTERVAL";"PROBE";1;63;0x00000b31;94;0;0;586;919;132;590;0;NOSTRESS
42198499094;53565;"NEAR_P1";"INTERVAL";"PROBE";1;63;0x00000b31;94;5;2;2177879;2776409;1251;2177958;0;NOSTRESS
42198552668;53455;"NEAR_P1";"INTERVAL";"PROBE";1;63;0x00000b31;94;2;0;2177040;2771705;724;2177118;0;NOSTRESS
42198606130;53261;"NEAR_P1";"INTERVAL";"PROBE";1;63;0x00000b31;94;0;0;2172238;2759647;344;2172276;0;NOSTRESS
42198659399;53382;"NEAR_P1";"INTERVAL";"PROBE";1;63;0x00000b31;94;0;0;2177047;2771591;48;2177125;0;NOSTRESS
42198712788;53381;"NEAR_P1";"INTERVAL";"PROBE";1;63;0x00000b31;94;0;0;2177059;2770252;12;2177139;0;NOSTRESS
42198766176;53235;"NEAR_P1";"INTERVAL";"PROBE";1;63;0x00000b31;94;0;0;2171974;2762479;24;2172016;0;NOSTRESS
42198819435;53530;"NEAR_P1";"INTERVAL";"PROBE";1;63;0x00000b31;94;0;0;2178887;2775202;236;2178983;0;NOSTRESS
42198872973;53401;"NEAR_P1";"INTERVAL";"PROBE";1;63;0x00000b31;94;0;0;2177055;2773076;40;2177147;0;NOSTRESS
42198926381;53232;"NEAR_P1";"INTERVAL";"PROBE";1;63;0x00000b31;94;0;0;2171978;2760813;4;2172023;0;NOSTRESS
42198979630;53405;"NEAR_P1";"INTERVAL";"PROBE";1;63;0x00000b31;94;0;0;2177402;2774022;77;2177486;0;NOSTRESS
42199033042;53451;"NEAR_P1";"INTERVAL";"PROBE";1;63;0x00000b31;94;0;0;2177681;2772329;68;2177766;0;NOSTRESS
42199086500;53253;"NEAR_P1";"INTERVAL";"PROBE";1;63;0x00000b31;94;0;0;2172326;2760984;12;2172372;0;NOSTRESS
42199139761;53461;"NEAR_P1";"INTERVAL";"PROBE";1;63;0x00000b31;94;0;0;2177044;2772261;278;2177130;0;NOSTRESS
42199193232;53468;"NEAR_P1";"INTERVAL";"PROBE";1;63;0x00000b31;94;0;0;2177766;2771670;503;2177851;0;NOSTRESS
42199246709;53292;"NEAR_P1";"INTERVAL";"PROBE";1;63;0x00000b31;94;0;0;2172369;2761297;816;2172413;0;NOSTRESS
42199300008;53518;"NEAR_P1";"INTERVAL";"PROBE";1;63;0x00000b31;94;0;0;2177984;2772607;724;2178080;0;NOSTRESS
42199353534;53452;"NEAR_P1";"INTERVAL";"PROBE";1;63;0x00000b31;94;0;0;2177751;2773061;228;2177839;0;NOSTRESS
42199406993;53261;"NEAR_P1";"INTERVAL";"PROBE";1;63;0x00000b31;94;0;0;2172335;2760915;104;2172384;0;NOSTRESS
42199460261;53436;"NEAR_P1";"INTERVAL";"PROBE";1;63;0x00000b31;94;0;0;2177670;2773392;74;2177761;0;NOSTRESS
42199513704;53720;"NEAR_P1";"INTERVAL";"PROBE";1;63;0x00000b31;94;12;0;2178575;2773616;1228;2178670;0;NOSTRESS
42199567434;95265;"TRAJ_R1";"INTERVAL";"PROBE";1;63;0x00000b31;94;0;0;3746882;4949973;404;3747015;0;NOSTRESS
42200098248;1163247;"MAF";"INTERVAL";"PROBE";1;63;0x00000b31;95;7;5;47232640;60436927;8568;47234218;0;NOSTRESS
42200098273;121;"SENS_C1";"INTERVAL";"PROBE";1;63;0x00000b31;95;0;1;1451;2058;472;1455;0;NOSTRESS
42200098402;245;"LOC_C1";"INTERVAL";"PROBE";1;63;0x00000b31;95;1;1;4926;7472;541;4930;0;NOSTRESS
42200098654;31;"LOC_C2";"INTERVAL";"PROBE";1;63;0x00000b31;95;0;0;650;893;100;654;0;NOSTRESS
42200098694;313;"LOC_C3";"INTERVAL";"PROBE";1;63;0x00000b31;95;0;0;9798;13317;320;9802;0;NOSTRESS
42200099017;45;"LOC_C4";"INTERVAL";"PROBE";1;63;0x00000b31;95;0;0;584;883;128;588;0;NOSTRESS
42200099068;53710;"NEAR_P1";"INTERVAL";"PROBE";1;63;0x00000b31;95;4;3;2177885;2802761;1167;2177962;0;NOSTRESS
42200152789;53566;"NEAR_P1";"INTERVAL";"PROBE";1;63;0x00000b31;95;2;0;2177229;2788332;688;2177307;0;NOSTRESS
42200206362;53433;"NEAR_P1";"INTERVAL";"PROBE";1;63;0x00000b31;95;0;0;2171993;2789995;400;2172033;0;NOSTRESS
42200259804;53540;"NEAR_P1";"INTERVAL";"PROBE";1;63;0x00000b31;95;0;0;2177105;2797702;90;2177185;0;NOSTRESS
42200313351;53498;"NEAR_P1";"INTERVAL";"PROBE";1;63;0x00000b31;95;0;0;2177055;2798684;56;2177131;0;NOSTRESS
42200366856;53307;"NEAR_P1";"INTERVAL";"PROBE";1;63;0x00000b31;95;0;0;2171878;2771573;20;2171918;0;NOSTRESS
42200420173;53380;"NEAR_P1";"INTERVAL";"PROBE";1;63;0x00000b31;95;0;0;2176925;2771040;16;2177011;0;NOSTRESS
42200473561;53498;"NEAR_P1";"INTERVAL";"PROBE";1;63;0x00000b31;95;0;0;2179072;2763304;253;2179172;0;NOSTRESS
42200527067;53258;"NEAR_P1";"INTERVAL";"PROBE";1;63;0x00000b31;95;0;0;2171870;2762264;28;2171918;0;NOSTRESS
42200580332;53416;"NEAR_P1";"INTERVAL";"PROBE";1;63;0x00000b31;95;0;0;2177257;2770627;60;2177347;0;NOSTRESS
42200633763;53402;"NEAR_P1";"INTERVAL";"PROBE";1;63;0x00000b31;95;0;0;2177635;2772722;33;2177729;0;NOSTRESS
42200687172;53396;"NEAR_P1";"INTERVAL";"PROBE";1;63;0x00000b31;95;0;0;2173678;2766622;513;2173726;0;NOSTRESS
42200740575;53490;"NEAR_P1";"INTERVAL";"PROBE";1;63;0x00000b31;95;0;0;2177654;2772986;796;2177742;0;NOSTRESS
42200794077;53512;"NEAR_P1";"INTERVAL";"PROBE";1;63;0x00000b31;95;0;0;2177553;2772961;727;2177646;0;NOSTRESS
42200847599;53308;"NEAR_P1";"INTERVAL";"PROBE";1;63;0x00000b31;95;0;0;2172230;2762136;672;2172278;0;NOSTRESS
42200900915;53466;"NEAR_P1";"INTERVAL";"PROBE";1;63;0x00000b31;95;0;0;2177558;2774127;600;2177649;0;NOSTRESS
42200954388;53422;"NEAR_P1";"INTERVAL";"PROBE";1;63;0x00000b31;95;0;0;2177603;2773376;140;2177697;0;NOSTRESS
42201007817;53264;"NEAR_P1";"INTERVAL";"PROBE";1;63;0x00000b31;95;0;0;2172140;2764058;100;2172189;0;NOSTRESS
42201061088;53395;"NEAR_P1";"INTERVAL";"PROBE";1;63;0x00000b31;95;0;0;2177535;2770801;72;2177623;0;NOSTRESS
42201114491;53396;"NEAR_P1";"INTERVAL";"PROBE";1;63;0x00000b31;95;0;0;2177558;2773923;32;2177649;0;NOSTRESS
42201167922;93565;"TRAJ_R1";"INTERVAL";"PROBE";1;63;0x00000b31;95;0;0;3679597;4865066;348;3679730;0;NOSTRESS
42201698240;1162961;"MAF";"INTERVAL";"PROBE";1;63;0x00000b31;96;6;10;47155677;60792328;7605;47157240;0;NOSTRESS
42201698267;123;"SENS_C1";"INTERVAL";"PROBE";1;63;0x00000b31;96;0;2;1455;2095;472;1459;0;NOSTRESS
42201698399;241;"LOC_C1";"INTERVAL";"PROBE";1;63;0x00000b31;96;1;2;4921;7348;538;4925;0;NOSTRESS
42201698647;31;"LOC_C2";"INTERVAL";"PROBE";1;63;0x00000b31;96;0;0;650;916;96;654;0;NOSTRESS
42201698687;314;"LOC_C3";"INTERVAL";"PROBE";1;63;0x00000b31;96;0;0;9802;13480;316;9806;0;NOSTRESS
42201699010;43;"LOC_C4";"INTERVAL";"PROBE";1;63;0x00000b31;96;0;0;586;926;124;590;0;NOSTRESS
42201699060;53727;"NEAR_P1";"INTERVAL";"PROBE";1;63;0x00000b31;96;3;2;2177518;2801285;1255;2177595;0;NOSTRESS
42201752794;53544;"NEAR_P1";"INTERVAL";"PROBE";1;63;0x00000b31;96;2;3;2176783;2798568;580;2176859;0;NOSTRESS
42201806347;53372;"NEAR_P1";"INTERVAL";"PROBE";1;63;0x00000b31;96;0;0;2171688;2787780;352;2171726;0;NOSTRESS
42201859728;53484;"NEAR_P1";"INTERVAL";"PROBE";1;63;0x00000b31;96;0;0;2176753;2798023;24;2176827;0;NOSTRESS
42201913219;53499;"NEAR_P1";"INTERVAL";"PROBE";1;63;0x00000b31;96;0;0;2176716;2797892;20;2176796;0;NOSTRESS
42201966725;53359;"NEAR_P1";"INTERVAL";"PROBE";1;63;0x00000b31;96;0;0;2171694;2788700;12;2171736;0;NOSTRESS
42202020091;53512;"NEAR_P1";"INTERVAL";"PROBE";1;63;0x00000b31;96;0;0;2176793;2800863;20;2176882;0;NOSTRESS
42202073611;53498;"NEAR_P1";"INTERVAL";"PROBE";1;63;0x00000b31;96;0;0;2176809;2801527;16;2176901;0;NOSTRESS
42202127116;53345;"NEAR_P1";"INTERVAL";"PROBE";1;63;0x00000b31;96;0;0;2171656;2788470;4;2171704;0;NOSTRESS
42202180468;53623;"NEAR_P1";"INTERVAL";"PROBE";1;63;0x00000b31;96;0;0;2179012;2802423;269;2179112;0;NOSTRESS
42202234098;53503;"NEAR_P1";"INTERVAL";"PROBE";1;63;0x00000b31;96;0;0;2177511;2803352;36;2177602;0;NOSTRESS
42202287609;53366;"NEAR_P1";"INTERVAL";"PROBE";1;63;0x00000b31;96;0;0;2172027;2789538;12;2172073;0;NOSTRESS
42202340981;53624;"NEAR_P1";"INTERVAL";"PROBE";1;63;0x00000b31;96;0;0;2178457;2794888;448;2178544;0;NOSTRESS
42202394615;53595;"NEAR_P1";"INTERVAL";"PROBE";1;63;0x00000b31;96;0;0;2177432;2796370;616;2177523;0;NOSTRESS
42202448219;53405;"NEAR_P1";"INTERVAL";"PROBE";1;63;0x00000b31;96;0;0;2171720;2789334;699;2171763;0;NOSTRESS
42202501631;53622;"NEAR_P1";"INTERVAL";"PROBE";1;63;0x00000b31;96;0;0;2177384;2794794;706;2177484;0;NOSTRESS
42202555262;53516;"NEAR_P1";"INTERVAL";"PROBE";1;63;0x00000b31;96;0;0;2177430;2802303;152;2177521;0;NOSTRESS
42202608787;53361;"NEAR_P1";"INTERVAL";"PROBE";1;63;0x00000b31;96;0;0;2172017;2788737;44;2172063;0;NOSTRESS
42202662155;53532;"NEAR_P1";"INTERVAL";"PROBE";1;63;0x00000b31;96;0;0;2177370;2799453;89;2177458;0;NOSTRESS
42202715696;53530;"NEAR_P1";"INTERVAL";"PROBE";1;63;0x00000b31;96;0;0;2177388;2800280;88;2177473;0;NOSTRESS
42202769236;91957;"TRAJ_R1";"INTERVAL";"PROBE";1;63;0x00000b31;96;0;0;3607889;4815504;433;3608022;0;NOSTRESS
42203298237;1159658;"MAF";"INTERVAL";"PROBE";1;63;0x00000b31;97;40;15;47083989;60168518;10022;47085562;0;NOSTRESS
42203298263;121;"SENS_C1";"INTERVAL";"PROBE";1;63;0x00000b31;97;0;3;1452;2046;476;1456;0;NOSTRESS
42203298393;239;"LOC_C1";"INTERVAL";"PROBE";1;63;0x00000b31;97;1;3;4917;7314;544;4921;0;NOSTRESS
42203298640;34;"LOC_C2";"INTERVAL";"PROBE";1;63;0x00000b31;97;0;0;650;892;108;654;0;NOSTRESS
42203298684;311;"LOC_C3";"INTERVAL";"PROBE";1;63;0x00000b31;97;0;0;9802;13333;308;9806;0;NOSTRESS
42203299005;41;"LOC_C4";"INTERVAL";"PROBE";1;63;0x00000b31;97;0;0;585;923;128;589;0;NOSTRESS
42203299052;54038;"NEAR_P1";"INTERVAL";"PROBE";1;63;0x00000b31;97;22;0;2180258;2808077;2311;2180363;0;NOSTRESS
42203353099;53521;"NEAR_P1";"INTERVAL";"PROBE";1;63;0x00000b31;97;3;3;2173822;2792175;736;2173888;0;NOSTRESS
42203406628;53596;"NEAR_P1";"INTERVAL";"PROBE";1;63;0x00000b31;97;12;4;2172724;2763788;1488;2172771;0;NOSTRESS
42203460248;53411;"NEAR_P1";"INTERVAL";"PROBE";1;63;0x00000b31;97;0;2;2176834;2773117;84;2176912;0;NOSTRESS
42203513667;53347;"NEAR_P1";"INTERVAL";"PROBE";1;63;0x00000b31;97;0;0;2173970;2755224;52;2174034;0;NOSTRESS
42203567022;53244;"NEAR_P1";"INTERVAL";"PROBE";1;63;0x00000b31;97;0;0;2171892;2764637;12;2171932;0;NOSTRESS
42203620273;53384;"NEAR_P1";"INTERVAL";"PROBE";1;63;0x00000b31;97;0;0;2176855;2773937;26;2176941;0;NOSTRESS
42203673665;53378;"NEAR_P1";"INTERVAL";"PROBE";1;63;0x00000b31;97;0;0;2176894;2775140;8;2176983;0;NOSTRESS
42203727050;53235;"NEAR_P1";"INTERVAL";"PROBE";1;63;0x00000b31;97;0;0;2171773;2761440;12;2171815;0;NOSTRESS
42203780292;53395;"NEAR_P1";"INTERVAL";"PROBE";1;63;0x00000b31;97;0;0;2177199;2762162;64;2177289;0;NOSTRESS
42203833694;53499;"NEAR_P1";"INTERVAL";"PROBE";1;63;0x00000b31;97;0;0;2179500;2767459;200;2179598;0;NOSTRESS
42203887201;53240;"NEAR_P1";"INTERVAL";"PROBE";1;63;0x00000b31;97;0;0;2172159;2765161;16;2172208;0;NOSTRESS
42203940448;53451;"NEAR_P1";"INTERVAL";"PROBE";1;63;0x00000b31;97;0;0;2177634;2773147;248;2177720;0;NOSTRESS
42203993908;53559;"NEAR_P1";"INTERVAL";"PROBE";1;63;0x00000b31;97;1;0;2178371;2779238;689;2178465;0;NOSTRESS
42204047476;53344;"NEAR_P1";"INTERVAL";"PROBE";1;63;0x00000b31;97;0;0;2172139;2762901;736;2172185;0;NOSTRESS
42204100829;53479;"NEAR_P1";"INTERVAL";"PROBE";1;63;0x00000b31;97;0;0;2177672;2773863;622;2177764;0;NOSTRESS
42204154315;53498;"NEAR_P1";"INTERVAL";"PROBE";1;63;0x00000b31;97;0;0;2177382;2774335;355;2177476;0;NOSTRESS
42204207820;53277;"NEAR_P1";"INTERVAL";"PROBE";1;63;0x00000b31;97;0;0;2172130;2764836;128;2172176;0;NOSTRESS
42204261104;53410;"NEAR_P1";"INTERVAL";"PROBE";1;63;0x00000b31;97;0;0;2177518;2776790;76;2177609;0;NOSTRESS
42204314521;53402;"NEAR_P1";"INTERVAL";"PROBE";1;63;0x00000b31;97;0;0;2177615;2773305;71;2177703;0;NOSTRESS
42204367948;89939;"TRAJ_R1";"INTERVAL";"PROBE";1;63;0x00000b31;97;0;0;3536028;4676153;356;3536164;0;NOSTRESS
42204898377;1159534;"MAF";"INTERVAL";"PROBE";1;63;0x00000b31;98;37;28;47014030;60595356;10744;47015593;0;NOSTRESS
42204898411;136;"SENS_C1";"INTERVAL";"PROBE";1;63;0x00000b31;98;1;6;1455;2052;540;1459;0;NOSTRESS
42204898554;266;"LOC_C1";"INTERVAL";"PROBE";1;63;0x00000b31;98;1;2;4921;7207;654;4925;0;NOSTRESS
42204898826;36;"LOC_C2";"INTERVAL";"PROBE";1;63;0x00000b31;98;0;1;650;890;112;654;0;NOSTRESS
42204898871;311;"LOC_C3";"INTERVAL";"PROBE";1;63;0x00000b31;98;0;0;9809;13505;312;9813;0;NOSTRESS
42204899191;43;"LOC_C4";"INTERVAL";"PROBE";1;63;0x00000b31;98;0;0;585;906;132;589;0;NOSTRESS
42204899242;53859;"NEAR_P1";"INTERVAL";"PROBE";1;63;0x00000b31;98;21;6;2177712;2802326;3210;2177783;0;NOSTRESS
42204953110;53531;"NEAR_P1";"INTERVAL";"PROBE";1;63;0x00000b31;98;2;3;2176930;2802209;1225;2177008;0;NOSTRESS
42205006648;53359;"NEAR_P1";"INTERVAL";"PROBE";1;63;0x00000b31;98;2;1;2171791;2787662;580;2171831;0;NOSTRESS
42205060014;53497;"NEAR_P1";"INTERVAL";"PROBE";1;63;0x00000b31;98;0;0;2176923;2798621;56;2177001;0;NOSTRESS
42205113523;53505;"NEAR_P1";"INTERVAL";"PROBE";1;63;0x00000b31;98;0;0;2176854;2799933;24;2176934;0;NOSTRESS
42205167035;53357;"NEAR_P1";"INTERVAL";"PROBE";1;63;0x00000b31;98;0;0;2171718;2788079;12;2171759;0;NOSTRESS
42205220399;53505;"NEAR_P1";"INTERVAL";"PROBE";1;63;0x00000b31;98;0;0;2177123;2799863;4;2177209;0;NOSTRESS
42205273911;53521;"NEAR_P1";"INTERVAL";"PROBE";1;63;0x00000b31;98;0;0;2176830;2798626;24;2176916;0;NOSTRESS
42205327439;53361;"NEAR_P1";"INTERVAL";"PROBE";1;63;0x00000b31;98;0;0;2171794;2787656;32;2171839;0;NOSTRESS
42205380807;53527;"NEAR_P1";"INTERVAL";"PROBE";1;63;0x00000b31;98;0;0;2177359;2795097;108;2177452;0;NOSTRESS
42205434341;53531;"NEAR_P1";"INTERVAL";"PROBE";1;63;0x00000b31;98;0;0;2177626;2799202;60;2177720;0;NOSTRESS
42205487879;53478;"NEAR_P1";"INTERVAL";"PROBE";1;63;0x00000b31;98;6;0;2174106;2794989;228;2174156;0;NOSTRESS
42205541364;53560;"NEAR_P1";"INTERVAL";"PROBE";1;63;0x00000b31;98;0;1;2177632;2801388;308;2177740;0;NOSTRESS
42205594942;53585;"NEAR_P1";"INTERVAL";"PROBE";1;63;0x00000b31;98;0;0;2177654;2799932;528;2177743;0;NOSTRESS
42205648535;53405;"NEAR_P1";"INTERVAL";"PROBE";1;63;0x00000b31;98;0;0;2172196;2787835;702;2172239;0;NOSTRESS
42205701947;53691;"NEAR_P1";"INTERVAL";"PROBE";1;63;0x00000b31;98;1;0;2178995;2800210;926;2179084;0;NOSTRESS
42205755647;53578;"NEAR_P1";"INTERVAL";"PROBE";1;63;0x00000b31;98;0;0;2177573;2800344;202;2177661;0;NOSTRESS
42205809232;53426;"NEAR_P1";"INTERVAL";"PROBE";1;63;0x00000b31;98;0;0;2172176;2788217;113;2172222;0;NOSTRESS
42205862665;53528;"NEAR_P1";"INTERVAL";"PROBE";1;63;0x00000b31;98;0;0;2177602;2799118;64;2177693;0;NOSTRESS
42205916201;53508;"NEAR_P1";"INTERVAL";"PROBE";1;63;0x00000b31;98;0;0;2177544;2800595;24;2177632;0;NOSTRESS
42205969740;88163;"TRAJ_R1";"INTERVAL";"PROBE";1;63;0x00000b31;98;0;1;3462256;4611629;364;3462389;0;NOSTRESS
42206498228;1155147;"MAF";"INTERVAL";"PROBE";1;63;0x00000b31;99;35;15;46929119;59857322;9003;46930609;0;NOSTRESS
42206498254;122;"SENS_C1";"INTERVAL";"PROBE";1;63;0x00000b31;99;0;3;1452;2037;476;1456;0;NOSTRESS
42206498383;229;"LOC_C1";"INTERVAL";"PROBE";1;63;0x00000b31;99;1;1;4918;7282;508;4922;0;NOSTRESS
42206498619;32;"LOC_C2";"INTERVAL";"PROBE";1;63;0x00000b31;99;0;0;650;903;108;654;0;NOSTRESS
42206498661;313;"LOC_C3";"INTERVAL";"PROBE";1;63;0x00000b31;99;0;0;9806;13305;316;9810;0;NOSTRESS
42206498983;44;"LOC_C4";"INTERVAL";"PROBE";1;63;0x00000b31;99;0;0;585;928;136;589;0;NOSTRESS
42206499033;53677;"NEAR_P1";"INTERVAL";"PROBE";1;63;0x00000b31;99;8;2;2177550;2774182;1233;2177628;0;NOSTRESS
42206552718;53472;"NEAR_P1";"INTERVAL";"PROBE";1;63;0x00000b31;99;3;2;2176760;2772471;573;2176836;0;NOSTRESS
42206606197;53164;"NEAR_P1";"INTERVAL";"PROBE";1;63;0x00000b31;99;0;0;2168773;2746178;264;2168803;0;NOSTRESS
42206659368;53392;"NEAR_P1";"INTERVAL";"PROBE";1;63;0x00000b31;99;0;0;2176876;2759611;99;2176956;0;NOSTRESS
42206712767;53375;"NEAR_P1";"INTERVAL";"PROBE";1;63;0x00000b31;99;0;0;2176772;2773323;52;2176846;0;NOSTRESS
42206766148;53246;"NEAR_P1";"INTERVAL";"PROBE";1;63;0x00000b31;99;0;0;2171663;2760877;52;2171701;0;NOSTRESS
42206819401;53376;"NEAR_P1";"INTERVAL";"PROBE";1;63;0x00000b31;99;0;0;2176777;2771954;16;2176863;0;NOSTRESS
42206872784;53396;"NEAR_P1";"INTERVAL";"PROBE";1;63;0x00000b31;99;0;0;2176829;2770434;8;2176915;0;NOSTRESS
42206926187;53234;"NEAR_P1";"INTERVAL";"PROBE";1;63;0x00000b31;99;0;0;2171752;2762315;8;2171794;0;NOSTRESS
42206979428;53398;"NEAR_P1";"INTERVAL";"PROBE";1;63;0x00000b31;99;0;0;2177142;2773225;72;2177226;0;NOSTRESS
42207032834;53425;"NEAR_P1";"INTERVAL";"PROBE";1;63;0x00000b31;99;0;0;2177508;2770487;28;2177596;0;NOSTRESS
42207086266;53233;"NEAR_P1";"INTERVAL";"PROBE";1;63;0x00000b31;99;0;0;2172054;2758182;12;2172097;0;NOSTRESS
42207139506;53837;"NEAR_P1";"INTERVAL";"PROBE";1;63;0x00000b31;99;21;5;2180417;2779655;1688;2180524;0;NOSTRESS
42207193359;53473;"NEAR_P1";"INTERVAL";"PROBE";1;63;0x00000b31;99;1;1;2177439;2769457;632;2177527;0;NOSTRESS
42207246840;53280;"NEAR_P1";"INTERVAL";"PROBE";1;63;0x00000b31;99;0;0;2171994;2758865;700;2172043;0;NOSTRESS
42207300127;53450;"NEAR_P1";"INTERVAL";"PROBE";1;63;0x00000b31;99;0;0;2177011;2768760;554;2177098;0;NOSTRESS
42207353584;53541;"NEAR_P1";"INTERVAL";"PROBE";1;63;0x00000b31;99;0;0;2178669;2775276;573;2178761;0;NOSTRESS
42207407135;53274;"NEAR_P1";"INTERVAL";"PROBE";1;63;0x00000b31;99;0;0;2172007;2760800;154;2172056;0;NOSTRESS
42207460415;53487;"NEAR_P1";"INTERVAL";"PROBE";1;63;0x00000b31;99;0;0;2177415;2771711;102;2177503;0;NOSTRESS
42207513909;53404;"NEAR_P1";"INTERVAL";"PROBE";1;63;0x00000b31;99;0;0;2177394;2757942;111;2177485;0;NOSTRESS
42207567334;86032;"TRAJ_R1";"INTERVAL";"PROBE";1;63;0x00000b31;99;0;0;3382683;4469697;344;3382771;0;NOSTRESS
42208098245;1249387;"MAF";"INTERVAL";"PROBE";1;63;0x00000b31;100;18;7;50619289;64834033;12003;50620946;0;NOSTRESS
42208098268;127;"SENS_C1";"INTERVAL";"PROBE";1;63;0x00000b31;100;0;3;1454;2078;472;1458;0;NOSTRESS
42208098402;238;"LOC_C1";"INTERVAL";"PROBE";1;63;0x00000b31;100;1;0;4922;7337;522;4926;0;NOSTRESS
42208098647;31;"LOC_C2";"INTERVAL";"PROBE";1;63;0x00000b31;100;0;0;650;902;96;654;0;NOSTRESS
42208098688;310;"LOC_C3";"INTERVAL";"PROBE";1;63;0x00000b31;100;0;0;9804;13378;308;9808;0;NOSTRESS
42208099007;44;"LOC_C4";"INTERVAL";"PROBE";1;63;0x00000b31;100;0;0;585;896;116;589;0;NOSTRESS
42208099057;53648;"NEAR_P1";"INTERVAL";"PROBE";1;63;0x00000b31;100;13;2;2178820;2779614;1556;2178893;0;NOSTRESS
42208152713;53737;"NEAR_P1";"INTERVAL";"PROBE";1;63;0x00000b31;100;2;1;2179746;2779926;2292;2179839;0;NOSTRESS
42208206460;53396;"NEAR_P1";"INTERVAL";"PROBE";1;63;0x00000b31;100;2;0;2173460;2758701;977;2173512;0;NOSTRESS
42208259863;53483;"NEAR_P1";"INTERVAL";"PROBE";1;63;0x00000b31;100;0;0;2177679;2776079;311;2177757;0;NOSTRESS
42208313355;53462;"NEAR_P1";"INTERVAL";"PROBE";1;63;0x00000b31;100;0;0;2177185;2775802;137;2177258;0;NOSTRESS
42208366824;53318;"NEAR_P1";"INTERVAL";"PROBE";1;63;0x00000b31;100;0;0;2173185;2766146;48;2173232;0;NOSTRESS
42208420149;53466;"NEAR_P1";"INTERVAL";"PROBE";1;63;0x00000b31;100;0;0;2178224;2775247;79;2178314;0;NOSTRESS
42208473622;53451;"NEAR_P1";"INTERVAL";"PROBE";1;63;0x00000b31;100;0;0;2178425;2776615;52;2178522;0;NOSTRESS
42208527080;53251;"NEAR_P1";"INTERVAL";"PROBE";1;63;0x00000b31;100;0;0;2171978;2763924;36;2172023;0;NOSTRESS
42208580339;53426;"NEAR_P1";"INTERVAL";"PROBE";1;63;0x00000b31;100;0;0;2177345;2772932;76;2177432;0;NOSTRESS
42208633775;53405;"NEAR_P1";"INTERVAL";"PROBE";1;63;0x00000b31;100;0;0;2177725;2773726;24;2177813;0;NOSTRESS
42208687188;53278;"NEAR_P1";"INTERVAL";"PROBE";1;63;0x00000b31;100;0;0;2172286;2765951;136;2172332;0;NOSTRESS
42208740474;53536;"NEAR_P1";"INTERVAL";"PROBE";1;63;0x00000b31;100;0;0;2177728;2776258;771;2177818;0;NOSTRESS
42208794019;53645;"NEAR_P1";"INTERVAL";"PROBE";1;63;0x00000b31;100;0;0;2179654;2778439;993;2179753;0;NOSTRESS
42208847674;53310;"NEAR_P1";"INTERVAL";"PROBE";1;63;0x00000b31;100;0;0;2172294;2765049;780;2172340;0;NOSTRESS
42208900991;53479;"NEAR_P1";"INTERVAL";"PROBE";1;63;0x00000b31;100;0;0;2177594;2772355;601;2177679;0;NOSTRESS
42208954477;53460;"NEAR_P1";"INTERVAL";"PROBE";1;63;0x00000b31;100;0;0;2177665;2777822;149;2177753;0;NOSTRESS
42209007960;53358;"NEAR_P1";"INTERVAL";"PROBE";1;63;0x00000b31;100;0;0;2173681;2771289;266;2173726;0;NOSTRESS
42209061328;53425;"NEAR_P1";"INTERVAL";"PROBE";1;63;0x00000b31;100;0;0;2177632;2774760;120;2177723;0;NOSTRESS
42209114761;53467;"NEAR_P1";"INTERVAL";"PROBE";1;63;0x00000b31;100;0;0;2177287;2773349;174;2177371;0;NOSTRESS
42209168237;179388;"TRAJ_R1";"INTERVAL";"PROBE";1;63;0x00000b31;100;0;1;7056068;9327778;711;7056282;0;NOSTRESS
42209698223;1260116;"MAF";"INTERVAL";"PROBE";1;63;0x00000b31;101;8;4;51072837;65380943;8161;51074512;0;NOSTRESS
42209698249;120;"SENS_C1";"INTERVAL";"PROBE";1;63;0x00000b31;101;0;2;1452;2062;460;1456;0;NOSTRESS
42209698376;242;"LOC_C1";"INTERVAL";"PROBE";1;63;0x00000b31;101;0;1;4917;7227;565;4921;0;NOSTRESS
42209698625;32;"LOC_C2";"INTERVAL";"PROBE";1;63;0x00000b31;101;0;0;650;894;104;654;0;NOSTRESS
42209698667;306;"LOC_C3";"INTERVAL";"PROBE";1;63;0x00000b31;101;0;0;9805;13360;308;9809;0;NOSTRESS
42209698982;45;"LOC_C4";"INTERVAL";"PROBE";1;63;0x00000b31;101;0;0;585;909;128;589;0;NOSTRESS
42209699033;53573;"NEAR_P1";"INTERVAL";"PROBE";1;63;0x00000b31;101;7;1;2177938;2779673;1400;2178016;0;NOSTRESS
42209752614;53459;"NEAR_P1";"INTERVAL";"PROBE";1;63;0x00000b31;101;1;0;2177120;2774867;824;2177197;0;NOSTRESS
42209806081;53255;"NEAR_P1";"INTERVAL";"PROBE";1;63;0x00000b31;101;0;0;2171992;2762827;425;2172034;0;NOSTRESS
42209859342;53329;"NEAR_P1";"INTERVAL";"PROBE";1;63;0x00000b31;101;0;0;2174258;2758693;54;2174324;0;NOSTRESS
42209912678;53393;"NEAR_P1";"INTERVAL";"PROBE";1;63;0x00000b31;101;0;0;2177032;2773569;28;2177113;0;NOSTRESS
42209966079;53238;"NEAR_P1";"INTERVAL";"PROBE";1;63;0x00000b31;101;0;0;2171967;2762808;30;2172015;0;NOSTRESS
42210019325;53368;"NEAR_P1";"INTERVAL";"PROBE";1;63;0x00000b31;101;0;0;2174097;2755432;42;2174171;0;NOSTRESS
42210072701;53394;"NEAR_P1";"INTERVAL";"PROBE";1;63;0x00000b31;101;0;0;2177053;2774544;24;2177145;0;NOSTRESS
42210126102;53238;"NEAR_P1";"INTERVAL";"PROBE";1;63;0x00000b31;101;0;0;2171949;2762626;8;2171997;0;NOSTRESS
42210179347;53300;"NEAR_P1";"INTERVAL";"PROBE";1;63;0x00000b31;101;0;0;2173902;2761005;28;2173975;0;NOSTRESS
42210232654;53429;"NEAR_P1";"INTERVAL";"PROBE";1;63;0x00000b31;101;0;0;2177876;2776427;67;2177964;0;NOSTRESS
42210286100;53264;"NEAR_P1";"INTERVAL";"PROBE";1;63;0x00000b31;101;0;0;2172323;2765277;24;2172366;0;NOSTRESS
42210339372;53434;"NEAR_P1";"INTERVAL";"PROBE";1;63;0x00000b31;101;0;0;2177692;2775310;292;2177781;0;NOSTRESS
42210392818;53497;"NEAR_P1";"INTERVAL";"PROBE";1;63;0x00000b31;101;0;0;2177746;2772925;532;2177838;0;NOSTRESS
42210446323;53300;"NEAR_P1";"INTERVAL";"PROBE";1;63;0x00000b31;101;0;0;2172374;2760095;624;2172421;0;NOSTRESS
42210499630;53635;"NEAR_P1";"INTERVAL";"PROBE";1;63;0x00000b31;101;0;0;2179835;2777800;1068;2179941;0;NOSTRESS
42210553272;53460;"NEAR_P1";"INTERVAL";"PROBE";1;63;0x00000b31;101;0;0;2177688;2774950;200;2177782;0;NOSTRESS
42210606739;53272;"NEAR_P1";"INTERVAL";"PROBE";1;63;0x00000b31;101;0;0;2172291;2752898;80;2172337;0;NOSTRESS
42210660018;53495;"NEAR_P1";"INTERVAL";"PROBE";1;63;0x00000b31;101;0;0;2178924;2775646;182;2179016;0;NOSTRESS
42210713524;53472;"NEAR_P1";"INTERVAL";"PROBE";1;63;0x00000b31;101;0;0;2177682;2772704;108;2177773;0;NOSTRESS
42210767007;191324;"TRAJ_R1";"INTERVAL";"PROBE";1;63;0x00000b31;101;0;0;7527471;9958992;368;7527733;0;NOSTRESS
42211298276;1273860;"MAF";"INTERVAL";"PROBE";1;63;0x00000b31;102;17;8;51609132;66085290;9313;51610809;0;NOSTRESS
42211298302;391;"SENS_C1";"INTERVAL";"PROBE";1;63;0x00000b31;102;9;1;2348;4174;1504;2359;0;NOSTRESS
42211298700;247;"LOC_C1";"INTERVAL";"PROBE";1;63;0x00000b31;102;0;0;4925;7393;544;4929;0;NOSTRESS
42211298954;30;"LOC_C2";"INTERVAL";"PROBE";1;63;0x00000b31;102;0;0;650;907;84;654;0;NOSTRESS
42211298993;309;"LOC_C3";"INTERVAL";"PROBE";1;63;0x00000b31;102;0;0;9805;13324;332;9809;0;NOSTRESS
42211299311;46;"LOC_C4";"INTERVAL";"PROBE";1;63;0x00000b31;102;0;0;586;916;128;590;0;NOSTRESS
42211299363;53678;"NEAR_P1";"INTERVAL";"PROBE";1;63;0x00000b31;102;6;5;2179598;2780649;1584;2179685;0;NOSTRESS
42211353048;53421;"NEAR_P1";"INTERVAL";"PROBE";1;63;0x00000b31;102;2;2;2176906;2773275;640;2176984;0;NOSTRESS
42211406478;53254;"NEAR_P1";"INTERVAL";"PROBE";1;63;0x00000b31;102;0;0;2171845;2761141;352;2171883;0;NOSTRESS
42211459739;53376;"NEAR_P1";"INTERVAL";"PROBE";1;63;0x00000b31;102;0;0;2176908;2772367;41;2176986;0;NOSTRESS
42211513122;53325;"NEAR_P1";"INTERVAL";"PROBE";1;63;0x00000b31;102;0;0;2173977;2753350;49;2174049;0;NOSTRESS
42211566454;53236;"NEAR_P1";"INTERVAL";"PROBE";1;63;0x00000b31;102;0;0;2171808;2761108;38;2171850;0;NOSTRESS
42211619697;53388;"NEAR_P1";"INTERVAL";"PROBE";1;63;0x00000b31;102;0;0;2176883;2771591;17;2176972;0;NOSTRESS
42211673092;53339;"NEAR_P1";"INTERVAL";"PROBE";1;63;0x00000b31;102;0;0;2174125;2764682;39;2174199;0;NOSTRESS
42211726438;53239;"NEAR_P1";"INTERVAL";"PROBE";1;63;0x00000b31;102;0;0;2171882;2761350;8;2171927;0;NOSTRESS
42211779701;53410;"NEAR_P1";"INTERVAL";"PROBE";1;63;0x00000b31;102;0;0;2177273;2774544;104;2177363;0;NOSTRESS
42211833118;53424;"NEAR_P1";"INTERVAL";"PROBE";1;63;0x00000b31;102;0;0;2177314;2771283;64;2177403;0;NOSTRESS
42211886549;53235;"NEAR_P1";"INTERVAL";"PROBE";1;63;0x00000b31;102;0;0;2172143;2764332;20;2172192;0;NOSTRESS
42211939791;53437;"NEAR_P1";"INTERVAL";"PROBE";1;63;0x00000b31;102;0;0;2177672;2772323;348;2177761;0;NOSTRESS
42211993237;53459;"NEAR_P1";"INTERVAL";"PROBE";1;63;0x00000b31;102;0;0;2177710;2772329;568;2177796;0;NOSTRESS
42212046704;53302;"NEAR_P1";"INTERVAL";"PROBE";1;63;0x00000b31;102;0;0;2172164;2761572;644;2172210;0;NOSTRESS
42212100013;53512;"NEAR_P1";"INTERVAL";"PROBE";1;63;0x00000b31;102;0;0;2177561;2773705;684;2177652;0;NOSTRESS
42212153531;53586;"NEAR_P1";"INTERVAL";"PROBE";1;63;0x00000b31;102;0;0;2179450;2779307;677;2179548;0;NOSTRESS
42212207124;53260;"NEAR_P1";"INTERVAL";"PROBE";1;63;0x00000b31;102;0;0;2172155;2761475;100;2172204;0;NOSTRESS
42212260391;53399;"NEAR_P1";"INTERVAL";"PROBE";1;63;0x00000b31;102;0;0;2177546;2774475;92;2177634;0;NOSTRESS
42212313798;53428;"NEAR_P1";"INTERVAL";"PROBE";1;63;0x00000b31;102;0;0;2177369;2771960;120;2177463;0;NOSTRESS
42212367237;204889;"TRAJ_R1";"INTERVAL";"PROBE";1;63;0x00000b31;102;0;0;8062312;10654496;392;8062564;0;NOSTRESS
42212898412;1292372;"MAF";"INTERVAL";"PROBE";1;63;0x00000b31;103;38;23;52213931;67539213;11910;52215667;0;NOSTRESS
42212898445;137;"SENS_C1";"INTERVAL";"PROBE";1;63;0x00000b31;103;1;5;1452;2066;552;1456;0;NOSTRESS
42212898589;285;"LOC_C1";"INTERVAL";"PROBE";1;63;0x00000b31;103;3;2;4913;7195;709;4917;0;NOSTRESS
42212898881;36;"LOC_C2";"INTERVAL";"PROBE";1;63;0x00000b31;103;0;1;650;899;144;654;0;NOSTRESS
42212898926;313;"LOC_C3";"INTERVAL";"PROBE";1;63;0x00000b31;103;0;0;9800;13340;320;9804;0;NOSTRESS
42212899249;43;"LOC_C4";"INTERVAL";"PROBE";1;63;0x00000b31;103;0;0;586;886;128;590;0;NOSTRESS
42212899298;53858;"NEAR_P1";"INTERVAL";"PROBE";1;63;0x00000b31;103;20;9;2178572;2806802;3778;2178641;0;NOSTRESS
42212953164;53787;"NEAR_P1";"INTERVAL";"PROBE";1;63;0x00000b31;103;9;2;2178829;2803076;1724;2178915;0;NOSTRESS
42213006959;53400;"NEAR_P1";"INTERVAL";"PROBE";1;63;0x00000b31;103;1;0;2171803;2778319;534;2171845;0;NOSTRESS
42213060365;53513;"NEAR_P1";"INTERVAL";"PROBE";1;63;0x00000b31;103;1;0;2176898;2799304;86;2176974;0;NOSTRESS
42213113886;53499;"NEAR_P1";"INTERVAL";"PROBE";1;63;0x00000b31;103;0;0;2176873;2798347;49;2176956;0;NOSTRESS
42213167392;53351;"NEAR_P1";"INTERVAL";"PROBE";1;63;0x00000b31;103;0;0;2171801;2784478;30;2171846;0;NOSTRESS
42213220750;53505;"NEAR_P1";"INTERVAL";"PROBE";1;63;0x00000b31;103;0;0;2176916;2798196;12;2177002;0;NOSTRESS
42213274262;53501;"NEAR_P1";"INTERVAL";"PROBE";1;63;0x00000b31;103;0;0;2177155;2803098;13;2177238;0;NOSTRESS
42213327770;53349;"NEAR_P1";"INTERVAL";"PROBE";1;63;0x00000b31;103;0;0;2171792;2787982;22;2171837;0;NOSTRESS
42213381126;53535;"NEAR_P1";"INTERVAL";"PROBE";1;63;0x00000b31;103;0;0;2177176;2799601;76;2177266;0;NOSTRESS
42213434668;53515;"NEAR_P1";"INTERVAL";"PROBE";1;63;0x00000b31;103;0;0;2177311;2799399;32;2177400;0;NOSTRESS
42213488191;53352;"NEAR_P1";"INTERVAL";"PROBE";1;63;0x00000b31;103;0;0;2172134;2788266;16;2172183;0;NOSTRESS
42213541551;53554;"NEAR_P1";"INTERVAL";"PROBE";1;63;0x00000b31;103;0;0;2177639;2801416;368;2177725;0;NOSTRESS
42213595115;53613;"NEAR_P1";"INTERVAL";"PROBE";1;63;0x00000b31;103;0;0;2177650;2797005;516;2177739;0;NOSTRESS
42213648739;53479;"NEAR_P1";"INTERVAL";"PROBE";1;63;0x00000b31;103;0;0;2172208;2791791;596;2172255;0;NOSTRESS
42213702235;53659;"NEAR_P1";"INTERVAL";"PROBE";1;63;0x00000b31;103;0;0;2177555;2789129;592;2177643;0;NOSTRESS
42213755901;53563;"NEAR_P1";"INTERVAL";"PROBE";1;63;0x00000b31;103;0;0;2177536;2802163;152;2177624;0;NOSTRESS
42213809472;53503;"NEAR_P1";"INTERVAL";"PROBE";1;63;0x00000b31;103;0;0;2174017;2793614;440;2174073;0;NOSTRESS
42213862982;53564;"NEAR_P1";"INTERVAL";"PROBE";1;63;0x00000b31;103;0;0;2177588;2798479;64;2177682;0;NOSTRESS
42213916555;53652;"NEAR_P1";"INTERVAL";"PROBE";1;63;0x00000b31;103;0;0;2178919;2804115;320;2179008;0;NOSTRESS
42213970219;220556;"TRAJ_R1";"INTERVAL";"PROBE";1;63;0x00000b31;103;0;1;8659948;11562877;413;8660258;0;NOSTRESS
42214498288;1306974;"MAF";"INTERVAL";"PROBE";1;63;0x00000b31;104;36;12;52864628;67879585;13107;52866353;0;NOSTRESS
42214498315;118;"SENS_C1";"INTERVAL";"PROBE";1;63;0x00000b31;104;0;1;1453;2088;452;1457;0;NOSTRESS
42214498439;245;"LOC_C1";"INTERVAL";"PROBE";1;63;0x00000b31;104;1;2;4912;7223;546;4916;0;NOSTRESS
42214498691;35;"LOC_C2";"INTERVAL";"PROBE";1;63;0x00000b31;104;0;0;650;912;108;654;0;NOSTRESS
42214498735;311;"LOC_C3";"INTERVAL";"PROBE";1;63;0x00000b31;104;0;0;9810;13399;304;9814;0;NOSTRESS
42214499059;42;"LOC_C4";"INTERVAL";"PROBE";1;63;0x00000b31;104;0;0;585;873;124;589;0;NOSTRESS
42214499107;53776;"NEAR_P1";"INTERVAL";"PROBE";1;63;0x00000b31;104;6;3;2177836;2804915;1221;2177909;0;NOSTRESS
42214552892;53702;"NEAR_P1";"INTERVAL";"PROBE";1;63;0x00000b31;104;2;2;2176974;2799763;2083;2177050;0;NOSTRESS
42214606609;53444;"NEAR_P1";"INTERVAL";"PROBE";1;63;0x00000b31;104;0;0;2171815;2787243;1324;2171853;0;NOSTRESS
42214660061;53696;"NEAR_P1";"INTERVAL";"PROBE";1;63;0x00000b31;104;0;0;2178962;2805408;836;2179048;0;NOSTRESS
42214713766;53513;"NEAR_P1";"INTERVAL";"PROBE";1;63;0x00000b31;104;0;0;2176926;2798464;120;2177012;0;NOSTRESS
42214767286;53507;"NEAR_P1";"INTERVAL";"PROBE";1;63;0x00000b31;104;24;4;2172492;2762342;1016;2172543;0;NOSTRESS
42214820800;53303;"NEAR_P1";"INTERVAL";"PROBE";1;63;0x00000b31;104;1;0;2173705;2762972;26;2173778;0;NOSTRESS
42214874111;53391;"NEAR_P1";"INTERVAL";"PROBE";1;63;0x00000b31;104;0;0;2176857;2774367;19;2176943;0;NOSTRESS
42214927510;53229;"NEAR_P1";"INTERVAL";"PROBE";1;63;0x00000b31;104;0;0;2171676;2759362;24;2171724;0;NOSTRESS
42214980758;53428;"NEAR_P1";"INTERVAL";"PROBE";1;63;0x00000b31;104;0;0;2176963;2770766;91;2177050;0;NOSTRESS
42215034194;53426;"NEAR_P1";"INTERVAL";"PROBE";1;63;0x00000b31;104;0;0;2177546;2772584;44;2177631;0;NOSTRESS
42215087628;53243;"NEAR_P1";"INTERVAL";"PROBE";1;63;0x00000b31;104;0;0;2172127;2763508;20;2172170;0;NOSTRESS
42215140879;53445;"NEAR_P1";"INTERVAL";"PROBE";1;63;0x00000b31;104;0;0;2177400;2772099;536;2177488;0;NOSTRESS
42215194337;53525;"NEAR_P1";"INTERVAL";"PROBE";1;63;0x00000b31;104;0;0;2177587;2773083;1112;2177682;0;NOSTRESS
42215247869;53382;"NEAR_P1";"INTERVAL";"PROBE";1;63;0x00000b31;104;0;0;2172084;2750379;864;2172130;0;NOSTRESS
42215301258;53495;"NEAR_P1";"INTERVAL";"PROBE";1;63;0x00000b31;104;0;0;2177612;2774100;624;2177701;0;NOSTRESS
42215354760;53435;"NEAR_P1";"INTERVAL";"PROBE";1;63;0x00000b31;104;0;0;2177436;2769358;168;2177524;0;NOSTRESS
42215408203;53277;"NEAR_P1";"INTERVAL";"PROBE";1;63;0x00000b31;104;0;0;2172028;2762543;68;2172074;0;NOSTRESS
42215461487;53536;"NEAR_P1";"INTERVAL";"PROBE";1;63;0x00000b31;104;0;0;2179387;2778375;428;2179491;0;NOSTRESS
42215515030;53436;"NEAR_P1";"INTERVAL";"PROBE";1;63;0x00000b31;104;0;0;2177469;2774439;108;2177560;0;NOSTRESS
42215568483;236771;"TRAJ_R1";"INTERVAL";"PROBE";1;63;0x00000b31;104;0;0;9316117;12311869;581;9316417;0;NOSTRESS
42216098273;1324778;"MAF";"INTERVAL";"PROBE";1;63;0x00000b31;105;8;13;53590866;68828426;11176;53592649;0;NOSTRESS
42216098298;120;"SENS_C1";"INTERVAL";"PROBE";1;63;0x00000b31;105;0;3;1451;2083;464;1455;0;NOSTRESS
42216098427;236;"LOC_C1";"INTERVAL";"PROBE";1;63;0x00000b31;105;0;2;4907;7270;537;4911;0;NOSTRESS
42216098670;39;"LOC_C2";"INTERVAL";"PROBE";1;63;0x00000b31;105;0;1;650;907;128;654;0;NOSTRESS
42216098718;317;"LOC_C3";"INTERVAL";"PROBE";1;63;0x00000b31;105;0;0;9805;13394;316;9809;0;NOSTRESS
42216099045;40;"LOC_C4";"INTERVAL";"PROBE";1;63;0x00000b31;105;0;0;584;884;120;588;0;NOSTRESS
42216099091;53637;"NEAR_P1";"INTERVAL";"PROBE";1;63;0x00000b31;105;4;3;2178082;2778095;1266;2178159;0;NOSTRESS
42216152737;53392;"NEAR_P1";"INTERVAL";"PROBE";1;63;0x00000b31;105;2;2;2176351;2772116;524;2176431;0;NOSTRESS
42216206138;53145;"NEAR_P1";"INTERVAL";"PROBE";1;63;0x00000b31;105;1;1;2168302;2744690;296;2168328;0;NOSTRESS
42216259290;53359;"NEAR_P1";"INTERVAL";"PROBE";1;63;0x00000b31;105;1;1;2176322;2770496;36;2176398;0;NOSTRESS
42216312656;53477;"NEAR_P1";"INTERVAL";"PROBE";1;63;0x00000b31;105;0;0;2178255;2778036;276;2178351;0;NOSTRESS
42216366145;53227;"NEAR_P1";"INTERVAL";"PROBE";1;63;0x00000b31;105;0;0;2171291;2758066;24;2171336;0;NOSTRESS
42216419379;53386;"NEAR_P1";"INTERVAL";"PROBE";1;63;0x00000b31;105;0;0;2176374;2769372;20;2176460;0;NOSTRESS
42216472773;53372;"NEAR_P1";"INTERVAL";"PROBE";1;63;0x00000b31;105;0;0;2176351;2760917;31;2176437;0;NOSTRESS
42216526153;53215;"NEAR_P1";"INTERVAL";"PROBE";1;63;0x00000b31;105;0;0;2171260;2759511;8;2171308;0;NOSTRESS
42216579375;53386;"NEAR_P1";"INTERVAL";"PROBE";1;63;0x00000b31;105;0;0;2176720;2769019;90;2176807;0;NOSTRESS
42216632771;53467;"NEAR_P1";"INTERVAL";"PROBE";1;63;0x00000b31;105;0;0;2177073;2772248;166;2177158;0;NOSTRESS
42216686245;53242;"NEAR_P1";"INTERVAL";"PROBE";1;63;0x00000b31;105;0;0;2171616;2758232;156;2171662;0;NOSTRESS
42216739494;53543;"NEAR_P1";"INTERVAL";"PROBE";1;63;0x00000b31;105;0;0;2176984;2768322;2193;2177075;0;NOSTRESS
42216793050;53518;"NEAR_P1";"INTERVAL";"PROBE";1;63;0x00000b31;105;0;0;2177046;2773134;1216;2177135;0;NOSTRESS
42216846577;53262;"NEAR_P1";"INTERVAL";"PROBE";1;63;0x00000b31;105;0;0;2171573;2758730;960;2171616;0;NOSTRESS
42216899846;53446;"NEAR_P1";"INTERVAL";"PROBE";1;63;0x00000b31;105;0;0;2177124;2770857;644;2177213;0;NOSTRESS
42216953299;53441;"NEAR_P1";"INTERVAL";"PROBE";1;63;0x00000b31;105;0;0;2177112;2773464;240;2177207;0;NOSTRESS
42217006748;53243;"NEAR_P1";"INTERVAL";"PROBE";1;63;0x00000b31;105;0;0;2171586;2759558;48;2171635;0;NOSTRESS
42217059999;53402;"NEAR_P1";"INTERVAL";"PROBE";1;63;0x00000b31;105;0;0;2176993;2771101;68;2177084;0;NOSTRESS
42217113408;53720;"NEAR_P1";"INTERVAL";"PROBE";1;63;0x00000b31;105;0;0;2180457;2797861;740;2180560;0;NOSTRESS
42217167138;255905;"TRAJ_R1";"INTERVAL";"PROBE";1;63;0x00000b31;105;0;0;10050377;13413008;413;10050726;0;NOSTRESS
42217698292;1344778;"MAF";"INTERVAL";"PROBE";1;63;0x00000b31;106;14;3;54351772;69949876;9438;54353553;0;NOSTRESS
42217698318;114;"SENS_C1";"INTERVAL";"PROBE";1;63;0x00000b31;106;0;1;1455;2059;460;1459;0;NOSTRESS
42217698441;248;"LOC_C1";"INTERVAL";"PROBE";1;63;0x00000b31;106;0;0;4916;7234;546;4920;0;NOSTRESS
42217698697;36;"LOC_C2";"INTERVAL";"PROBE";1;63;0x00000b31;106;0;0;650;918;112;654;0;NOSTRESS
42217698742;308;"LOC_C3";"INTERVAL";"PROBE";1;63;0x00000b31;106;0;0;9807;13251;332;9811;0;NOSTRESS
42217699060;45;"LOC_C4";"INTERVAL";"PROBE";1;63;0x00000b31;106;0;0;586;926;132;590;0;NOSTRESS
42217699111;53771;"NEAR_P1";"INTERVAL";"PROBE";1;63;0x00000b31;106;2;2;2177818;2803994;1321;2177883;0;NOSTRESS
42217752891;53540;"NEAR_P1";"INTERVAL";"PROBE";1;63;0x00000b31;106;1;0;2177138;2803098;636;2177216;0;NOSTRESS
42217806439;53415;"NEAR_P1";"INTERVAL";"PROBE";1;63;0x00000b31;106;0;0;2172029;2791018;388;2172069;0;NOSTRESS
42217859861;53517;"NEAR_P1";"INTERVAL";"PROBE";1;63;0x00000b31;106;0;0;2177095;2804180;44;2177176;0;NOSTRESS
42217913385;53429;"NEAR_P1";"INTERVAL";"PROBE";1;63;0x00000b31;106;0;0;2174352;2784721;16;2174432;0;NOSTRESS
42217966821;53491;"NEAR_P1";"INTERVAL";"PROBE";1;63;0x00000b31;106;0;0;2173876;2794795;304;2173931;0;NOSTRESS
42218020318;53525;"NEAR_P1";"INTERVAL";"PROBE";1;63;0x00000b31;106;0;0;2177069;2800860;24;2177158;0;NOSTRESS
42218073850;53519;"NEAR_P1";"INTERVAL";"PROBE";1;63;0x00000b31;106;0;0;2177071;2800010;32;2177160;0;NOSTRESS
42218127376;53299;"NEAR_P1";"INTERVAL";"PROBE";1;63;0x00000b31;106;0;0;2171913;2773855;5;2171958;0;NOSTRESS
42218180682;53356;"NEAR_P1";"INTERVAL";"PROBE";1;63;0x00000b31;106;0;0;2174358;2767086;82;2174433;0;NOSTRESS
42218234045;53409;"NEAR_P1";"INTERVAL";"PROBE";1;63;0x00000b31;106;0;0;2177649;2773559;28;2177737;0;NOSTRESS
42218287461;53255;"NEAR_P1";"INTERVAL";"PROBE";1;63;0x00000b31;106;0;0;2172243;2765623;51;2172292;0;NOSTRESS
42218340725;53450;"NEAR_P1";"INTERVAL";"PROBE";1;63;0x00000b31;106;0;0;2177244;2773101;391;2177333;0;NOSTRESS
42218394185;53481;"NEAR_P1";"INTERVAL";"PROBE";1;63;0x00000b31;106;0;0;2177604;2774147;556;2177689;0;NOSTRESS
42218447677;53301;"NEAR_P1";"INTERVAL";"PROBE";1;63;0x00000b31;106;0;0;2172228;2760321;736;2172277;0;NOSTRESS
42218500985;53809;"NEAR_P1";"INTERVAL";"PROBE";1;63;0x00000b31;106;11;0;2178651;2774318;1936;2178750;0;NOSTRESS
42218554804;53459;"NEAR_P1";"INTERVAL";"PROBE";1;63;0x00000b31;106;0;0;2177594;2773849;220;2177682;0;NOSTRESS
42218608270;53265;"NEAR_P1";"INTERVAL";"PROBE";1;63;0x00000b31;106;0;0;2172193;2762456;48;2172242;0;NOSTRESS
42218661542;53427;"NEAR_P1";"INTERVAL";"PROBE";1;63;0x00000b31;106;0;0;2177580;2770306;36;2177671;0;NOSTRESS
42218714976;53411;"NEAR_P1";"INTERVAL";"PROBE";1;63;0x00000b31;106;0;0;2177575;2771946;44;2177663;0;NOSTRESS
42218768397;274663;"TRAJ_R1";"INTERVAL";"PROBE";1;63;0x00000b31;106;0;0;10804859;14275140;750;10805222;0;NOSTRESS
42219298255;1364022;"MAF";"INTERVAL";"PROBE";1;63;0x00000b31;107;36;9;55128651;70765692;10686;55130602;0;NOSTRESS
42219298278;117;"SENS_C1";"INTERVAL";"PROBE";1;63;0x00000b31;107;0;2;1451;2059;464;1455;0;NOSTRESS
42219298403;243;"LOC_C1";"INTERVAL";"PROBE";1;63;0x00000b31;107;1;2;4917;7336;552;4921;0;NOSTRESS
42219298653;32;"LOC_C2";"INTERVAL";"PROBE";1;63;0x00000b31;107;0;0;650;890;100;654;0;NOSTRESS
42219298694;311;"LOC_C3";"INTERVAL";"PROBE";1;63;0x00000b31;107;0;0;9802;13165;308;9806;0;NOSTRESS
42219299016;43;"LOC_C4";"INTERVAL";"PROBE";1;63;0x00000b31;107;0;0;585;900;128;589;0;NOSTRESS
42219299065;53678;"NEAR_P1";"INTERVAL";"PROBE";1;63;0x00000b31;107;4;1;2178913;2778681;1467;2178986;0;NOSTRESS
42219352751;53515;"NEAR_P1";"INTERVAL";"PROBE";1;63;0x00000b31;107;3;1;2177188;2773818;704;2177266;0;NOSTRESS
42219406273;53549;"NEAR_P1";"INTERVAL";"PROBE";1;63;0x00000b31;107;16;1;2174765;2763546;1060;2174837;0;NOSTRESS
42219459829;53394;"NEAR_P1";"INTERVAL";"PROBE";1;63;0x00000b31;107;0;0;2177126;2773787;96;2177209;0;NOSTRESS
42219513230;53403;"NEAR_P1";"INTERVAL";"PROBE";1;63;0x00000b31;107;0;0;2177167;2775325;28;2177259;0;NOSTRESS
42219566640;53239;"NEAR_P1";"INTERVAL";"PROBE";1;63;0x00000b31;107;0;0;2172058;2761099;32;2172106;0;NOSTRESS
42219619901;53541;"NEAR_P1";"INTERVAL";"PROBE";1;63;0x00000b31;107;1;0;2179033;2774457;312;2179132;0;NOSTRESS
42219673449;53398;"NEAR_P1";"INTERVAL";"PROBE";1;63;0x00000b31;107;0;0;2177202;2775048;60;2177291;0;NOSTRESS
42219726855;53270;"NEAR_P1";"INTERVAL";"PROBE";1;63;0x00000b31;107;0;0;2172060;2761918;24;2172105;0;NOSTRESS
42219780132;53401;"NEAR_P1";"INTERVAL";"PROBE";1;63;0x00000b31;107;0;0;2177543;2772000;54;2177633;0;NOSTRESS
42219833540;53422;"NEAR_P1";"INTERVAL";"PROBE";1;63;0x00000b31;107;0;0;2177912;2774140;59;2177997;0;NOSTRESS
42219886970;53240;"NEAR_P1";"INTERVAL";"PROBE";1;63;0x00000b31;107;0;0;2172402;2760124;8;2172448;0;NOSTRESS
42219940217;53411;"NEAR_P1";"INTERVAL";"PROBE";1;63;0x00000b31;107;0;0;2177507;2772001;344;2177597;0;NOSTRESS
42219993649;53488;"NEAR_P1";"INTERVAL";"PROBE";1;63;0x00000b31;107;0;0;2177780;2775464;655;2177871;0;NOSTRESS
42220047148;53294;"NEAR_P1";"INTERVAL";"PROBE";1;63;0x00000b31;107;0;0;2172400;2762871;732;2172449;0;NOSTRESS
42220100451;53537;"NEAR_P1";"INTERVAL";"PROBE";1;63;0x00000b31;107;0;0;2177909;2772517;568;2177998;0;NOSTRESS
42220153996;53489;"NEAR_P1";"INTERVAL";"PROBE";1;63;0x00000b31;107;0;0;2177941;2774333;285;2178033;0;NOSTRESS
42220207492;53436;"NEAR_P1";"INTERVAL";"PROBE";1;63;0x00000b31;107;8;0;2173703;2765162;418;2173759;0;NOSTRESS
42220260935;53632;"NEAR_P1";"INTERVAL";"PROBE";1;63;0x00000b31;107;0;2;2180340;2778364;766;2180445;0;NOSTRESS
42220314574;53610;"NEAR_P1";"INTERVAL";"PROBE";1;63;0x00000b31;107;2;0;2180509;2778266;299;2180615;0;NOSTRESS
42220368194;294075;"TRAJ_R1";"INTERVAL";"PROBE";1;63;0x00000b31;107;1;0;11563579;15291139;963;11564006;0;NOSTRESS
42220898337;1379278;"MAF";"INTERVAL";"PROBE";1;63;0x00000b31;108;19;14;55762053;71534057;11522;55763846;0;NOSTRESS
42220898368;133;"SENS_C1";"INTERVAL";"PROBE";1;63;0x00000b31;108;0;4;1452;2043;520;1456;0;NOSTRESS
42220898509;275;"LOC_C1";"INTERVAL";"PROBE";1;63;0x00000b31;108;1;0;4914;7243;678;4918;0;NOSTRESS
42220898792;35;"LOC_C2";"INTERVAL";"PROBE";1;63;0x00000b31;108;0;0;650;918;124;654;0;NOSTRESS
42220898837;310;"LOC_C3";"INTERVAL";"PROBE";1;63;0x00000b31;108;0;0;9808;13418;324;9812;0;NOSTRESS
42220899156;46;"LOC_C4";"INTERVAL";"PROBE";1;63;0x00000b31;108;0;0;585;890;136;589;0;NOSTRESS
42220899208;53611;"NEAR_P1";"INTERVAL";"PROBE";1;63;0x00000b31;108;6;4;2177905;2775444;3398;2177972;0;NOSTRESS
42220952828;53369;"NEAR_P1";"INTERVAL";"PROBE";1;63;0x00000b31;108;1;1;2174069;2766157;1485;2174135;0;NOSTRESS
42221006205;53333;"NEAR_P1";"INTERVAL";"PROBE";1;63;0x00000b31;108;1;1;2172016;2760567;872;2172054;0;NOSTRESS
42221059546;53394;"NEAR_P1";"INTERVAL";"PROBE";1;63;0x00000b31;108;1;0;2177020;2771938;68;2177106;0;NOSTRESS
42221112948;53388;"NEAR_P1";"INTERVAL";"PROBE";1;63;0x00000b31;108;0;0;2176972;2771216;12;2177058;0;NOSTRESS
42221166343;53253;"NEAR_P1";"INTERVAL";"PROBE";1;63;0x00000b31;108;0;0;2172090;2762264;24;2172138;0;NOSTRESS
42221219603;53318;"NEAR_P1";"INTERVAL";"PROBE";1;63;0x00000b31;108;0;0;2174126;2765500;31;2174200;0;NOSTRESS
42221272928;53513;"NEAR_P1";"INTERVAL";"PROBE";1;63;0x00000b31;108;4;0;2178885;2761551;232;2178981;0;NOSTRESS
42221326448;53238;"NEAR_P1";"INTERVAL";"PROBE";1;63;0x00000b31;108;0;0;2171943;2760660;12;2171985;0;NOSTRESS
42221379693;53424;"NEAR_P1";"INTERVAL";"PROBE";1;63;0x00000b31;108;0;0;2177368;2770477;105;2177458;0;NOSTRESS
42221433124;53429;"NEAR_P1";"INTERVAL";"PROBE";1;63;0x00000b31;108;0;0;2177742;2775247;37;2177830;0;NOSTRESS
42221486560;53261;"NEAR_P1";"INTERVAL";"PROBE";1;63;0x00000b31;108;0;0;2172205;2759885;56;2172248;0;NOSTRESS
42221539828;53457;"NEAR_P1";"INTERVAL";"PROBE";1;63;0x00000b31;108;0;0;2177560;2769874;264;2177646;0;NOSTRESS
42221593295;53522;"NEAR_P1";"INTERVAL";"PROBE";1;63;0x00000b31;108;0;0;2177798;2767695;500;2177890;0;NOSTRESS
42221646826;53283;"NEAR_P1";"INTERVAL";"PROBE";1;63;0x00000b31;108;0;0;2171928;2762194;556;2171970;0;NOSTRESS
42221700118;53491;"NEAR_P1";"INTERVAL";"PROBE";1;63;0x00000b31;108;0;0;2177535;2769561;706;2177623;0;NOSTRESS
42221753616;53491;"NEAR_P1";"INTERVAL";"PROBE";1;63;0x00000b31;108;0;0;2178947;2771225;314;2179036;0;NOSTRESS
42221807117;53255;"NEAR_P1";"INTERVAL";"PROBE";1;63;0x00000b31;108;0;0;2172223;2759210;60;2172269;0;NOSTRESS
42221860380;53414;"NEAR_P1";"INTERVAL";"PROBE";1;63;0x00000b31;108;0;0;2177629;2768576;80;2177717;0;NOSTRESS
42221913801;53389;"NEAR_P1";"INTERVAL";"PROBE";1;63;0x00000b31;108;0;0;2177636;2770151;68;2177727;0;NOSTRESS
42221967214;310393;"TRAJ_R1";"INTERVAL";"PROBE";1;63;0x00000b31;108;2;0;12214833;16142726;660;12215234;0;NOSTRESS
42222498260;1391768;"MAF";"INTERVAL";"PROBE";1;63;0x00000b31;109;20;9;56243623;72261593;9029;56245506;0;NOSTRESS
42222498285;113;"SENS_C1";"INTERVAL";"PROBE";1;63;0x00000b31;109;0;2;1450;2074;452;1454;0;NOSTRESS
42222498406;233;"LOC_C1";"INTERVAL";"PROBE";1;63;0x00000b31;109;0;0;4919;7329;536;4923;0;NOSTRESS
42222498647;31;"LOC_C2";"INTERVAL";"PROBE";1;63;0x00000b31;109;0;0;650;892;100;654;0;NOSTRESS
42222498687;576;"LOC_C3";"INTERVAL";"PROBE";1;63;0x00000b31;109;8;1;10708;15551;1340;10719;0;NOSTRESS
42222499273;43;"LOC_C4";"INTERVAL";"PROBE";1;63;0x00000b31;109;0;0;584;898;132;588;0;NOSTRESS
42222499322;53679;"NEAR_P1";"INTERVAL";"PROBE";1;63;0x00000b31;109;9;3;2178485;2779411;1344;2178562;0;NOSTRESS
42222553008;53484;"NEAR_P1";"INTERVAL";"PROBE";1;63;0x00000b31;109;1;2;2177695;2775790;656;2177775;0;NOSTRESS
42222606499;53304;"NEAR_P1";"INTERVAL";"PROBE";1;63;0x00000b31;109;1;0;2172599;2763985;329;2172639;0;NOSTRESS
42222659811;53413;"NEAR_P1";"INTERVAL";"PROBE";1;63;0x00000b31;109;0;0;2177798;2777221;52;2177887;0;NOSTRESS
42222713231;53401;"NEAR_P1";"INTERVAL";"PROBE";1;63;0x00000b31;109;0;0;2177626;2776434;12;2177718;0;NOSTRESS
42222766639;53254;"NEAR_P1";"INTERVAL";"PROBE";1;63;0x00000b31;109;0;0;2172593;2765290;12;2172635;0;NOSTRESS
42222819900;53413;"NEAR_P1";"INTERVAL";"PROBE";1;63;0x00000b31;109;0;0;2177662;2775070;24;2177745;0;NOSTRESS
42222873320;53411;"NEAR_P1";"INTERVAL";"PROBE";1;63;0x00000b31;109;0;0;2177796;2773189;16;2177885;0;NOSTRESS
42222926738;53252;"NEAR_P1";"INTERVAL";"PROBE";1;63;0x00000b31;109;0;0;2172538;2765819;4;2172580;0;NOSTRESS
42222979997;53545;"NEAR_P1";"INTERVAL";"PROBE";1;63;0x00000b31;109;0;0;2179891;2781794;274;2179988;0;NOSTRESS
42223033549;53460;"NEAR_P1";"INTERVAL";"PROBE";1;63;0x00000b31;109;0;0;2178250;2779790;70;2178335;0;NOSTRESS
42223087017;53281;"NEAR_P1";"INTERVAL";"PROBE";1;63;0x00000b31;109;0;0;2172919;2764496;16;2172965;0;NOSTRESS
42223140305;53505;"NEAR_P1";"INTERVAL";"PROBE";1;63;0x00000b31;109;0;0;2177993;2776640;425;2178079;0;NOSTRESS
42223193821;53481;"NEAR_P1";"INTERVAL";"PROBE";1;63;0x00000b31;109;0;0;2178402;2775508;528;2178488;0;NOSTRESS
42223247312;53330;"NEAR_P1";"INTERVAL";"PROBE";1;63;0x00000b31;109;0;0;2172531;2766356;692;2172576;0;NOSTRESS
42223300649;53513;"NEAR_P1";"INTERVAL";"PROBE";1;63;0x00000b31;109;0;0;2178268;2776311;568;2178359;0;NOSTRESS
42223354171;53482;"NEAR_P1";"INTERVAL";"PROBE";1;63;0x00000b31;109;0;0;2178172;2776131;163;2178260;0;NOSTRESS
42223407662;53267;"NEAR_P1";"INTERVAL";"PROBE";1;63;0x00000b31;109;0;0;2172837;2767284;100;2172880;0;NOSTRESS
42223460937;53411;"NEAR_P1";"INTERVAL";"PROBE";1;63;0x00000b31;109;0;0;2178252;2769792;64;2178340;0;NOSTRESS
42223514357;53437;"NEAR_P1";"INTERVAL";"PROBE";1;63;0x00000b31;109;0;0;2178256;2772184;76;2178347;0;NOSTRESS
42223567805;322212;"TRAJ_R1";"INTERVAL";"PROBE";1;63;0x00000b31;109;1;0;12678538;16748899;852;12678988;0;NOSTRESS
42224098284;1395644;"MAF";"INTERVAL";"PROBE";1;63;0x00000b31;110;5;5;56402483;72414395;11220;56404393;0;NOSTRESS
42224098309;121;"SENS_C1";"INTERVAL";"PROBE";1;63;0x00000b31;110;0;3;1454;2050;460;1458;0;NOSTRESS
42224098437;238;"LOC_C1";"INTERVAL";"PROBE";1;63;0x00000b31;110;0;1;4913;7186;510;4917;0;NOSTRESS
42224098683;33;"LOC_C2";"INTERVAL";"PROBE";1;63;0x00000b31;110;0;0;650;902;92;654;0;NOSTRESS
42224098725;311;"LOC_C3";"INTERVAL";"PROBE";1;63;0x00000b31;110;0;0;9804;13309;316;9808;0;NOSTRESS
42224099046;44;"LOC_C4";"INTERVAL";"PROBE";1;63;0x00000b31;110;0;0;585;906;128;589;0;NOSTRESS
42224099096;53669;"NEAR_P1";"INTERVAL";"PROBE";1;63;0x00000b31;110;4;1;2178862;2767010;1274;2178937;0;NOSTRESS
42224152772;53467;"NEAR_P1";"INTERVAL";"PROBE";1;63;0x00000b31;110;1;0;2178023;2775011;651;2178101;0;NOSTRESS
42224206264;53263;"NEAR_P1";"INTERVAL";"PROBE";1;63;0x00000b31;110;0;0;2172914;2765938;356;2172962;0;NOSTRESS
42224259534;53425;"NEAR_P1";"INTERVAL";"PROBE";1;63;0x00000b31;110;0;0;2177953;2774287;64;2178042;0;NOSTRESS
42224312966;53423;"NEAR_P1";"INTERVAL";"PROBE";1;63;0x00000b31;110;0;0;2178213;2773784;28;2178296;0;NOSTRESS
42224366396;53256;"NEAR_P1";"INTERVAL";"PROBE";1;63;0x00000b31;110;0;0;2172911;2765112;16;2172956;0;NOSTRESS
42224419659;53406;"NEAR_P1";"INTERVAL";"PROBE";1;63;0x00000b31;110;0;0;2177969;2774884;20;2178055;0;NOSTRESS
42224473073;53406;"NEAR_P1";"INTERVAL";"PROBE";1;63;0x00000b31;110;0;0;2177957;2774882;16;2178043;0;NOSTRESS
42224526486;53249;"NEAR_P1";"INTERVAL";"PROBE";1;63;0x00000b31;110;0;0;2172838;2762506;8;2172880;0;NOSTRESS
42224579742;53415;"NEAR_P1";"INTERVAL";"PROBE";1;63;0x00000b31;110;0;0;2178472;2774942;52;2178565;0;NOSTRESS
42224633164;53569;"NEAR_P1";"INTERVAL";"PROBE";1;63;0x00000b31;110;0;0;2180571;2777040;244;2180672;0;NOSTRESS
42224686740;53283;"NEAR_P1";"INTERVAL";"PROBE";1;63;0x00000b31;110;0;0;2173231;2760187;32;2173277;0;NOSTRESS
42224740032;53584;"NEAR_P1";"INTERVAL";"PROBE";1;63;0x00000b31;110;0;0;2178603;2764607;2169;2178696;0;NOSTRESS
42224793629;53627;"NEAR_P1";"INTERVAL";"PROBE";1;63;0x00000b31;110;0;0;2178248;2775342;1510;2178342;0;NOSTRESS
42224847268;53363;"NEAR_P1";"INTERVAL";"PROBE";1;63;0x00000b31;110;0;0;2173177;2762825;1016;2173223;0;NOSTRESS
42224900641;53500;"NEAR_P1";"INTERVAL";"PROBE";1;63;0x00000b31;110;0;0;2178657;2774049;696;2178746;0;NOSTRESS
42224954153;53509;"NEAR_P1";"INTERVAL";"PROBE";1;63;0x00000b31;110;0;0;2178633;2764972;232;2178723;0;NOSTRESS
42225007671;53319;"NEAR_P1";"INTERVAL";"PROBE";1;63;0x00000b31;110;0;0;2173031;2762379;282;2173080;0;NOSTRESS
42225060997;53424;"NEAR_P1";"INTERVAL";"PROBE";1;63;0x00000b31;110;0;0;2178678;2774463;112;2178763;0;NOSTRESS
42225114429;53436;"NEAR_P1";"INTERVAL";"PROBE";1;63;0x00000b31;110;0;0;2178662;2777665;80;2178753;0;NOSTRESS
42225167875;326045;"TRAJ_R1";"INTERVAL";"PROBE";1;63;0x00000b31;110;0;0;12831262;16960933;624;12831717;0;NOSTRESS
42225698296;1391915;"MAF";"INTERVAL";"PROBE";1;63;0x00000b31;111;26;13;56216553;72408526;9234;56218484;0;NOSTRESS
42225698324;119;"SENS_C1";"INTERVAL";"PROBE";1;63;0x00000b31;111;0;2;1451;2110;468;1455;0;NOSTRESS
42225698451;248;"LOC_C1";"INTERVAL";"PROBE";1;63;0x00000b31;111;0;0;4914;7259;533;4918;0;NOSTRESS
42225698706;33;"LOC_C2";"INTERVAL";"PROBE";1;63;0x00000b31;111;0;0;650;896;108;654;0;NOSTRESS
42225698748;308;"LOC_C3";"INTERVAL";"PROBE";1;63;0x00000b31;111;0;0;9800;13419;308;9804;0;NOSTRESS
42225699065;47;"LOC_C4";"INTERVAL";"PROBE";1;63;0x00000b31;111;0;0;584;887;136;588;0;NOSTRESS
42225699118;53753;"NEAR_P1";"INTERVAL";"PROBE";1;63;0x00000b31;111;6;3;2179536;2806949;1269;2179607;0;NOSTRESS
42225752888;53591;"NEAR_P1";"INTERVAL";"PROBE";1;63;0x00000b31;111;3;2;2178301;2800343;684;2178379;0;NOSTRESS
42225806486;53433;"NEAR_P1";"INTERVAL";"PROBE";1;63;0x00000b31;111;0;0;2173394;2780614;329;2173454;0;NOSTRESS
42225859927;53584;"NEAR_P1";"INTERVAL";"PROBE";1;63;0x00000b31;111;0;0;2178321;2801258;51;2178413;0;NOSTRESS
42225913519;53526;"NEAR_P1";"INTERVAL";"PROBE";1;63;0x00000b31;111;0;0;2178247;2801099;12;2178339;0;NOSTRESS
42225967052;53398;"NEAR_P1";"INTERVAL";"PROBE";1;63;0x00000b31;111;0;0;2173225;2791509;60;2173270;0;NOSTRESS
42226020457;53528;"NEAR_P1";"INTERVAL";"PROBE";1;63;0x00000b31;111;0;0;2178334;2801938;24;2178423;0;NOSTRESS
42226074007;53527;"NEAR_P1";"INTERVAL";"PROBE";1;63;0x00000b31;111;0;0;2178256;2801493;12;2178342;0;NOSTRESS
42226127541;53578;"NEAR_P1";"INTERVAL";"PROBE";1;63;0x00000b31;111;14;5;2173975;2765345;1112;2174027;0;NOSTRESS
42226181127;53431;"NEAR_P1";"INTERVAL";"PROBE";1;63;0x00000b31;111;1;1;2178486;2774098;84;2178579;0;NOSTRESS
42226234570;53429;"NEAR_P1";"INTERVAL";"PROBE";1;63;0x00000b31;111;0;0;2178880;2779062;28;2178974;0;NOSTRESS
42226288006;53389;"NEAR_P1";"INTERVAL";"PROBE";1;63;0x00000b31;111;2;0;2175333;2759647;212;2175389;0;NOSTRESS
42226341402;53502;"NEAR_P1";"INTERVAL";"PROBE";1;63;0x00000b31;111;0;0;2178957;2777238;753;2179049;0;NOSTRESS
42226394915;53582;"NEAR_P1";"INTERVAL";"PROBE";1;63;0x00000b31;111;0;0;2178939;2775766;692;2179031;0;NOSTRESS
42226448507;53328;"NEAR_P1";"INTERVAL";"PROBE";1;63;0x00000b31;111;0;0;2173244;2767508;631;2173289;0;NOSTRESS
42226501844;53551;"NEAR_P1";"INTERVAL";"PROBE";1;63;0x00000b31;111;0;0;2178808;2777474;674;2178903;0;NOSTRESS
42226555402;53440;"NEAR_P1";"INTERVAL";"PROBE";1;63;0x00000b31;111;0;0;2178760;2774895;144;2178848;0;NOSTRESS
42226608849;53286;"NEAR_P1";"INTERVAL";"PROBE";1;63;0x00000b31;111;0;0;2173386;2765392;112;2173435;0;NOSTRESS
42226662142;53472;"NEAR_P1";"INTERVAL";"PROBE";1;63;0x00000b31;111;0;0;2178830;2773376;85;2178921;0;NOSTRESS
42226715621;53425;"NEAR_P1";"INTERVAL";"PROBE";1;63;0x00000b31;111;0;0;2178805;2775699;28;2178896;0;NOSTRESS
42226769071;321132;"TRAJ_R1";"INTERVAL";"PROBE";1;63;0x00000b31;111;0;0;12638924;16705507;469;12639358;0;NOSTRESS
42227298218;1377825;"MAF";"INTERVAL";"PROBE";1;63;0x00000b31;112;11;6;55719090;71526099;7990;55720924;0;NOSTRESS
42227298244;125;"SENS_C1";"INTERVAL";"PROBE";1;63;0x00000b31;112;0;2;1454;2063;472;1458;0;NOSTRESS
42227298377;245;"LOC_C1";"INTERVAL";"PROBE";1;63;0x00000b31;112;2;0;4926;7319;526;4930;0;NOSTRESS
42227298632;31;"LOC_C2";"INTERVAL";"PROBE";1;63;0x00000b31;112;0;0;650;913;92;654;0;NOSTRESS
42227298673;309;"LOC_C3";"INTERVAL";"PROBE";1;63;0x00000b31;112;0;0;9800;13491;316;9804;0;NOSTRESS
42227298992;43;"LOC_C4";"INTERVAL";"PROBE";1;63;0x00000b31;112;0;0;585;902;124;589;0;NOSTRESS
42227299041;53642;"NEAR_P1";"INTERVAL";"PROBE";1;63;0x00000b31;112;6;2;2179486;2780095;1356;2179563;0;NOSTRESS
42227352690;53467;"NEAR_P1";"INTERVAL";"PROBE";1;63;0x00000b31;112;3;2;2178395;2773478;664;2178471;0;NOSTRESS
42227406166;53269;"NEAR_P1";"INTERVAL";"PROBE";1;63;0x00000b31;112;0;0;2173279;2762029;316;2173324;0;NOSTRESS
42227459442;53429;"NEAR_P1";"INTERVAL";"PROBE";1;63;0x00000b31;112;0;0;2178399;2773850;53;2178482;0;NOSTRESS
42227512879;53344;"NEAR_P1";"INTERVAL";"PROBE";1;63;0x00000b31;112;0;0;2175475;2767215;51;2175552;0;NOSTRESS
42227566231;53261;"NEAR_P1";"INTERVAL";"PROBE";1;63;0x00000b31;112;0;0;2173308;2761303;16;2173353;0;NOSTRESS
42227619499;53424;"NEAR_P1";"INTERVAL";"PROBE";1;63;0x00000b31;112;0;0;2178389;2772878;32;2178478;0;NOSTRESS
42227672930;53434;"NEAR_P1";"INTERVAL";"PROBE";1;63;0x00000b31;112;0;0;2178404;2776487;64;2178487;0;NOSTRESS
42227726372;53262;"NEAR_P1";"INTERVAL";"PROBE";1;63;0x00000b31;112;0;0;2173284;2765696;28;2173329;0;NOSTRESS
42227779642;53422;"NEAR_P1";"INTERVAL";"PROBE";1;63;0x00000b31;112;0;0;2178867;2773607;84;2178960;0;NOSTRESS
42227833071;53418;"NEAR_P1";"INTERVAL";"PROBE";1;63;0x00000b31;112;0;0;2179068;2773516;16;2179153;0;NOSTRESS
42227886497;53287;"NEAR_P1";"INTERVAL";"PROBE";1;63;0x00000b31;112;0;0;2173651;2763340;24;2173700;0;NOSTRESS
42227939792;53618;"NEAR_P1";"INTERVAL";"PROBE";1;63;0x00000b31;112;0;0;2180925;2780373;556;2181026;0;NOSTRESS
42227993422;53514;"NEAR_P1";"INTERVAL";"PROBE";1;63;0x00000b31;112;0;0;2179091;2772770;600;2179183;0;NOSTRESS
42228046945;53321;"NEAR_P1";"INTERVAL";"PROBE";1;63;0x00000b31;112;0;0;2173679;2764903;724;2173723;0;NOSTRESS
42228100273;53514;"NEAR_P1";"INTERVAL";"PROBE";1;63;0x00000b31;112;0;0;2179023;2774154;675;2179114;0;NOSTRESS
42228153794;53557;"NEAR_P1";"INTERVAL";"PROBE";1;63;0x00000b31;112;0;0;2180227;2777033;409;2180319;0;NOSTRESS
42228207359;53297;"NEAR_P1";"INTERVAL";"PROBE";1;63;0x00000b31;112;0;0;2173586;2762370;36;2173632;0;NOSTRESS
42228260663;53503;"NEAR_P1";"INTERVAL";"PROBE";1;63;0x00000b31;112;0;0;2179009;2774835;112;2179097;0;NOSTRESS
42228314173;53443;"NEAR_P1";"INTERVAL";"PROBE";1;63;0x00000b31;112;0;0;2178891;2778423;76;2178979;0;NOSTRESS
42228367641;308395;"TRAJ_R1";"INTERVAL";"PROBE";1;63;0x00000b31;112;0;0;12141022;16045601;372;12141421;0;NOSTRESS
42228898314;1361648;"MAF";"INTERVAL";"PROBE";1;63;0x00000b31;113;58;32;55037085;70660123;13063;55038894;0;NOSTRESS
42228898352;140;"SENS_C1";"INTERVAL";"PROBE";1;63;0x00000b31;113;1;9;1452;2078;560;1456;0;NOSTRESS
42228898500;278;"LOC_C1";"INTERVAL";"PROBE";1;63;0x00000b31;113;3;0;4926;7437;713;4930;0;NOSTRESS
42228898788;39;"LOC_C2";"INTERVAL";"PROBE";1;63;0x00000b31;113;0;1;650;887;140;654;0;NOSTRESS
42228898837;306;"LOC_C3";"INTERVAL";"PROBE";1;63;0x00000b31;113;0;0;9810;13298;324;9814;0;NOSTRESS
42228899153;45;"LOC_C4";"INTERVAL";"PROBE";1;63;0x00000b31;113;0;0;584;898;136;588;0;NOSTRESS
42228899204;53928;"NEAR_P1";"INTERVAL";"PROBE";1;63;0x00000b31;113;16;9;2179357;2805632;3537;2179436;0;NOSTRESS
42228953140;53663;"NEAR_P1";"INTERVAL";"PROBE";1;63;0x00000b31;113;9;4;2178335;2800145;1348;2178413;0;NOSTRESS
42229006812;53408;"NEAR_P1";"INTERVAL";"PROBE";1;63;0x00000b31;113;2;1;2173224;2788332;540;2173269;0;NOSTRESS
42229060229;53369;"NEAR_P1";"INTERVAL";"PROBE";1;63;0x00000b31;113;0;0;2175729;2758829;144;2175806;0;NOSTRESS
42229113606;53341;"NEAR_P1";"INTERVAL";"PROBE";1;63;0x00000b31;113;0;0;2175616;2757168;61;2175690;0;NOSTRESS
42229166954;53222;"NEAR_P1";"INTERVAL";"PROBE";1;63;0x00000b31;113;0;0;2170294;2749048;28;2170327;0;NOSTRESS
42229220183;53414;"NEAR_P1";"INTERVAL";"PROBE";1;63;0x00000b31;113;0;0;2178371;2769027;47;2178457;0;NOSTRESS
42229273604;53427;"NEAR_P1";"INTERVAL";"PROBE";1;63;0x00000b31;113;0;0;2178342;2770642;36;2178431;0;NOSTRESS
42229327039;53262;"NEAR_P1";"INTERVAL";"PROBE";1;63;0x00000b31;113;0;0;2173250;2761679;8;2173295;0;NOSTRESS
42229380308;53435;"NEAR_P1";"INTERVAL";"PROBE";1;63;0x00000b31;113;0;0;2178873;2773188;78;2178960;0;NOSTRESS
42229433750;53483;"NEAR_P1";"INTERVAL";"PROBE";1;63;0x00000b31;113;0;0;2179065;2776583;77;2179156;0;NOSTRESS
42229487240;53268;"NEAR_P1";"INTERVAL";"PROBE";1;63;0x00000b31;113;0;0;2173618;2762179;52;2173664;0;NOSTRESS
42229540515;53468;"NEAR_P1";"INTERVAL";"PROBE";1;63;0x00000b31;113;0;0;2178588;2774175;276;2178677;0;NOSTRESS
42229593993;53620;"NEAR_P1";"INTERVAL";"PROBE";1;63;0x00000b31;113;3;0;2181018;2781722;856;2181117;0;NOSTRESS
42229647623;53358;"NEAR_P1";"INTERVAL";"PROBE";1;63;0x00000b31;113;1;0;2173477;2764692;788;2173523;0;NOSTRESS
42229700988;53484;"NEAR_P1";"INTERVAL";"PROBE";1;63;0x00000b31;113;0;1;2179102;2775161;688;2179188;0;NOSTRESS
42229754479;53501;"NEAR_P1";"INTERVAL";"PROBE";1;63;0x00000b31;113;0;0;2179053;2773685;142;2179141;0;NOSTRESS
42229807988;53363;"NEAR_P1";"INTERVAL";"PROBE";1;63;0x00000b31;113;2;0;2174992;2765627;292;2175042;0;NOSTRESS
42229861360;53798;"NEAR_P1";"INTERVAL";"PROBE";1;63;0x00000b31;113;19;2;2179895;2773364;1392;2179990;0;NOSTRESS
42229915167;53445;"NEAR_P1";"INTERVAL";"PROBE";1;63;0x00000b31;113;1;2;2179017;2776474;80;2179108;0;NOSTRESS
42229968640;291313;"TRAJ_R1";"INTERVAL";"PROBE";1;63;0x00000b31;113;0;1;11464235;15150749;520;11464624;0;NOSTRESS
42230498245;1341910;"MAF";"INTERVAL";"PROBE";1;63;0x00000b31;114;21;18;54291066;69662815;9093;54292882;0;NOSTRESS
42230498275;118;"SENS_C1";"INTERVAL";"PROBE";1;63;0x00000b31;114;0;3;1454;2068;472;1458;0;NOSTRESS
42230498401;242;"LOC_C1";"INTERVAL";"PROBE";1;63;0x00000b31;114;2;1;4917;7398;550;4921;0;NOSTRESS
42230498654;35;"LOC_C2";"INTERVAL";"PROBE";1;63;0x00000b31;114;0;0;650;914;104;654;0;NOSTRESS
42230498698;319;"LOC_C3";"INTERVAL";"PROBE";1;63;0x00000b31;114;0;0;9805;13553;324;9809;0;NOSTRESS
42230499028;43;"LOC_C4";"INTERVAL";"PROBE";1;63;0x00000b31;114;0;0;586;887;120;590;0;NOSTRESS
42230499079;53659;"NEAR_P1";"INTERVAL";"PROBE";1;63;0x00000b31;114;9;4;2178899;2777873;1608;2178968;0;NOSTRESS
42230552746;53459;"NEAR_P1";"INTERVAL";"PROBE";1;63;0x00000b31;114;3;6;2178417;2773484;736;2178495;0;NOSTRESS
42230606214;53312;"NEAR_P1";"INTERVAL";"PROBE";1;63;0x00000b31;114;0;0;2173270;2763247;397;2173310;0;NOSTRESS
42230659533;53366;"NEAR_P1";"INTERVAL";"PROBE";1;63;0x00000b31;114;0;0;2175643;2771864;97;2175717;0;NOSTRESS
42230712906;53438;"NEAR_P1";"INTERVAL";"PROBE";1;63;0x00000b31;114;0;0;2178342;2774771;28;2178431;0;NOSTRESS
42230766368;53281;"NEAR_P1";"INTERVAL";"PROBE";1;63;0x00000b31;114;0;0;2173303;2765992;40;2173351;0;NOSTRESS
42230819656;53431;"NEAR_P1";"INTERVAL";"PROBE";1;63;0x00000b31;114;0;0;2178409;2776939;42;2178495;0;NOSTRESS
42230873094;53406;"NEAR_P1";"INTERVAL";"PROBE";1;63;0x00000b31;114;0;0;2178373;2775772;28;2178462;0;NOSTRESS
42230926507;53269;"NEAR_P1";"INTERVAL";"PROBE";1;63;0x00000b31;114;0;0;2173303;2764661;4;2173348;0;NOSTRESS
42230979798;53348;"NEAR_P1";"INTERVAL";"PROBE";1;63;0x00000b31;114;0;0;2175406;2762324;28;2175483;0;NOSTRESS
42231033154;53430;"NEAR_P1";"INTERVAL";"PROBE";1;63;0x00000b31;114;0;0;2179152;2776399;52;2179237;0;NOSTRESS
42231086591;53288;"NEAR_P1";"INTERVAL";"PROBE";1;63;0x00000b31;114;0;0;2173654;2764286;12;2173700;0;NOSTRESS
42231139886;53474;"NEAR_P1";"INTERVAL";"PROBE";1;63;0x00000b31;114;0;0;2179063;2778034;224;2179154;0;NOSTRESS
42231193372;53522;"NEAR_P1";"INTERVAL";"PROBE";1;63;0x00000b31;114;0;0;2178509;2775481;673;2178596;0;NOSTRESS
42231246903;53332;"NEAR_P1";"INTERVAL";"PROBE";1;63;0x00000b31;114;0;0;2173590;2765789;868;2173633;0;NOSTRESS
42231300244;53649;"NEAR_P1";"INTERVAL";"PROBE";1;63;0x00000b31;114;3;0;2181077;2781190;1028;2181177;0;NOSTRESS
42231353900;53497;"NEAR_P1";"INTERVAL";"PROBE";1;63;0x00000b31;114;0;0;2179171;2775779;192;2179263;0;NOSTRESS
42231407405;53299;"NEAR_P1";"INTERVAL";"PROBE";1;63;0x00000b31;114;0;0;2173596;2761742;64;2173642;0;NOSTRESS
42231460711;53536;"NEAR_P1";"INTERVAL";"PROBE";1;63;0x00000b31;114;0;0;2180365;2782468;275;2180460;0;NOSTRESS
42231514254;53458;"NEAR_P1";"INTERVAL";"PROBE";1;63;0x00000b31;114;0;0;2179022;2777757;120;2179110;0;NOSTRESS
42231567721;272426;"TRAJ_R1";"INTERVAL";"PROBE";1;63;0x00000b31;114;2;2;10716872;14164894;795;10717274;0;NOSTRESS
42232098269;1323221;"MAF";"INTERVAL";"PROBE";1;63;0x00000b31;115;21;5;53526467;68594307;12829;53528321;0;NOSTRESS
42232098295;118;"SENS_C1";"INTERVAL";"PROBE";1;63;0x00000b31;115;0;3;1450;2080;464;1454;0;NOSTRESS
42232098421;238;"LOC_C1";"INTERVAL";"PROBE";1;63;0x00000b31;115;0;1;4920;7210;517;4924;0;NOSTRESS
42232098667;30;"LOC_C2";"INTERVAL";"PROBE";1;63;0x00000b31;115;0;0;650;897;96;654;0;NOSTRESS
42232098706;310;"LOC_C3";"INTERVAL";"PROBE";1;63;0x00000b31;115;0;0;9806;13350;320;9810;0;NOSTRESS
42232099027;42;"LOC_C4";"INTERVAL";"PROBE";1;63;0x00000b31;115;0;0;584;885;124;588;0;NOSTRESS
42232099075;53774;"NEAR_P1";"INTERVAL";"PROBE";1;63;0x00000b31;115;6;1;2180941;2781637;1712;2181028;0;NOSTRESS
42232152856;53471;"NEAR_P1";"INTERVAL";"PROBE";1;63;0x00000b31;115;0;0;2178162;2772893;696;2178240;0;NOSTRESS
42232206336;53326;"NEAR_P1";"INTERVAL";"PROBE";1;63;0x00000b31;115;0;0;2173097;2762624;384;2173137;0;NOSTRESS
42232259670;53569;"NEAR_P1";"INTERVAL";"PROBE";1;63;0x00000b31;115;7;0;2179462;2778948;393;2179549;0;NOSTRESS
42232313246;53648;"NEAR_P1";"INTERVAL";"PROBE";1;63;0x00000b31;115;6;0;2181421;2784722;701;2181526;0;NOSTRESS
42232366903;53391;"NEAR_P1";"INTERVAL";"PROBE";1;63;0x00000b31;115;0;0;2174400;2767889;465;2174450;0;NOSTRESS
42232420301;53443;"NEAR_P1";"INTERVAL";"PROBE";1;63;0x00000b31;115;1;0;2176487;2763809;210;2176568;0;NOSTRESS
42232473761;53484;"NEAR_P1";"INTERVAL";"PROBE";1;63;0x00000b31;115;0;0;2179620;2778688;88;2179717;0;NOSTRESS
42232527252;53333;"NEAR_P1";"INTERVAL";"PROBE";1;63;0x00000b31;115;0;0;2174381;2765823;98;2174436;0;NOSTRESS
42232580593;53341;"NEAR_P1";"INTERVAL";"PROBE";1;63;0x00000b31;115;0;0;2175193;2762900;63;2175270;0;NOSTRESS
42232633941;53568;"NEAR_P1";"INTERVAL";"PROBE";1;63;0x00000b31;115;0;0;2180916;2782195;99;2181021;0;NOSTRESS
42232687517;53330;"NEAR_P1";"INTERVAL";"PROBE";1;63;0x00000b31;115;0;0;2174869;2756301;32;2174924;0;NOSTRESS
42232740854;53580;"NEAR_P1";"INTERVAL";"PROBE";1;63;0x00000b31;115;0;0;2178248;2769619;1673;2178334;0;NOSTRESS
42232794450;53632;"NEAR_P1";"INTERVAL";"PROBE";1;63;0x00000b31;115;0;0;2178754;2762147;1454;2178843;0;NOSTRESS
42232848092;53315;"NEAR_P1";"INTERVAL";"PROBE";1;63;0x00000b31;115;0;0;2173415;2763686;784;2173461;0;NOSTRESS
42232901415;53533;"NEAR_P1";"INTERVAL";"PROBE";1;63;0x00000b31;115;0;0;2178953;2773386;664;2179045;0;NOSTRESS
42232954957;53653;"NEAR_P1";"INTERVAL";"PROBE";1;63;0x00000b31;115;1;0;2180720;2779095;704;2180821;0;NOSTRESS
42233008617;53300;"NEAR_P1";"INTERVAL";"PROBE";1;63;0x00000b31;115;0;0;2173439;2760087;96;2173485;0;NOSTRESS
42233061924;53461;"NEAR_P1";"INTERVAL";"PROBE";1;63;0x00000b31;115;0;0;2178848;2771979;124;2178942;0;NOSTRESS
42233115394;53446;"NEAR_P1";"INTERVAL";"PROBE";1;63;0x00000b31;115;0;0;2178839;2775913;112;2178930;0;NOSTRESS
42233168850;252632;"TRAJ_R1";"INTERVAL";"PROBE";1;63;0x00000b31;115;0;0;9942672;13128017;456;9943018;0;NOSTRESS
42233698227;1304507;"MAF";"INTERVAL";"PROBE";1;63;0x00000b31;116;26;10;52808120;67715860;10272;52809889;0;NOSTRESS
42233698251;125;"SENS_C1";"INTERVAL";"PROBE";1;63;0x00000b31;116;0;2;1454;2072;472;1458;0;NOSTRESS
42233698383;245;"LOC_C1";"INTERVAL";"PROBE";1;63;0x00000b31;116;1;2;4909;7265;550;4913;0;NOSTRESS
42233698637;36;"LOC_C2";"INTERVAL";"PROBE";1;63;0x00000b31;116;0;0;651;888;108;655;0;NOSTRESS
42233698684;313;"LOC_C3";"INTERVAL";"PROBE";1;63;0x00000b31;116;0;0;9792;13033;328;9796;0;NOSTRESS
42233699006;43;"LOC_C4";"INTERVAL";"PROBE";1;63;0x00000b31;116;0;0;585;900;120;589;0;NOSTRESS
42233699055;53804;"NEAR_P1";"INTERVAL";"PROBE";1;63;0x00000b31;116;5;1;2179417;2808133;1644;2179498;0;NOSTRESS
42233752868;53870;"NEAR_P1";"INTERVAL";"PROBE";1;63;0x00000b31;116;17;5;2181389;2786090;2181;2181492;0;NOSTRESS
42233806747;53304;"NEAR_P1";"INTERVAL";"PROBE";1;63;0x00000b31;116;3;0;2173317;2763643;440;2173359;0;NOSTRESS
42233860058;53457;"NEAR_P1";"INTERVAL";"PROBE";1;63;0x00000b31;116;0;0;2179014;2780352;84;2179088;0;NOSTRESS
42233913522;53415;"NEAR_P1";"INTERVAL";"PROBE";1;63;0x00000b31;116;0;0;2178411;2776260;13;2178497;0;NOSTRESS
42233966944;53270;"NEAR_P1";"INTERVAL";"PROBE";1;63;0x00000b31;116;0;0;2173309;2761044;29;2173351;0;NOSTRESS
42234020221;53416;"NEAR_P1";"INTERVAL";"PROBE";1;63;0x00000b31;116;0;0;2178400;2775256;8;2178489;0;NOSTRESS
42234073644;53427;"NEAR_P1";"INTERVAL";"PROBE";1;63;0x00000b31;116;0;0;2178667;2774827;8;2178753;0;NOSTRESS
42234127078;53287;"NEAR_P1";"INTERVAL";"PROBE";1;63;0x00000b31;116;0;0;2173335;2762643;9;2173383;0;NOSTRESS
42234180372;53376;"NEAR_P1";"INTERVAL";"PROBE";1;63;0x00000b31;116;0;0;2175792;2757980;72;2175870;0;NOSTRESS
42234233755;53423;"NEAR_P1";"INTERVAL";"PROBE";1;63;0x00000b31;116;0;0;2178667;2775838;40;2178753;0;NOSTRESS
42234287185;53272;"NEAR_P1";"INTERVAL";"PROBE";1;63;0x00000b31;116;0;0;2173645;2765867;8;2173694;0;NOSTRESS
42234340464;53455;"NEAR_P1";"INTERVAL";"PROBE";1;63;0x00000b31;116;0;0;2179094;2773879;300;2179186;0;NOSTRESS
42234393931;53519;"NEAR_P1";"INTERVAL";"PROBE";1;63;0x00000b31;116;0;0;2178795;2774349;677;2178889;0;NOSTRESS
42234447460;53417;"NEAR_P1";"INTERVAL";"PROBE";1;63;0x00000b31;116;0;0;2174956;2767374;990;2175003;0;NOSTRESS
42234500884;53509;"NEAR_P1";"INTERVAL";"PROBE";1;63;0x00000b31;116;0;0;2179047;2774312;724;2179141;0;NOSTRESS
42234554400;53446;"NEAR_P1";"INTERVAL";"PROBE";1;63;0x00000b31;116;0;0;2179030;2775263;156;2179115;0;NOSTRESS
42234607853;53428;"NEAR_P1";"INTERVAL";"PROBE";1;63;0x00000b31;116;0;0;2175500;2768233;428;2175559;0;NOSTRESS
42234661288;53480;"NEAR_P1";"INTERVAL";"PROBE";1;63;0x00000b31;116;0;0;2179072;2774187;92;2179157;0;NOSTRESS
42234714775;53447;"NEAR_P1";"INTERVAL";"PROBE";1;63;0x00000b31;116;0;0;2179029;2776057;60;2179123;0;NOSTRESS
42234768232;234494;"TRAJ_R1";"INTERVAL";"PROBE";1;63;0x00000b31;116;0;0;9226617;12192668;498;9226926;0;NOSTRESS
42235298279;1288253;"MAF";"INTERVAL";"PROBE";1;63;0x00000b31;117;24;7;52157284;66875982;9404;52159053;0;NOSTRESS
42235298304;114;"SENS_C1";"INTERVAL";"PROBE";1;63;0x00000b31;117;0;1;1452;2051;460;1456;0;NOSTRESS
42235298426;247;"LOC_C1";"INTERVAL";"PROBE";1;63;0x00000b31;117;0;0;4921;7290;541;4925;0;NOSTRESS
42235298681;35;"LOC_C2";"INTERVAL";"PROBE";1;63;0x00000b31;117;0;0;650;892;120;654;0;NOSTRESS
42235298726;313;"LOC_C3";"INTERVAL";"PROBE";1;63;0x00000b31;117;0;0;9805;13506;324;9809;0;NOSTRESS
42235299049;43;"LOC_C4";"INTERVAL";"PROBE";1;63;0x00000b31;117;0;0;584;901;120;588;0;NOSTRESS
42235299099;54131;"NEAR_P1";"INTERVAL";"PROBE";1;63;0x00000b31;117;21;3;2181674;2783291;2212;2181769;0;NOSTRESS
42235353238;53474;"NEAR_P1";"INTERVAL";"PROBE";1;63;0x00000b31;117;3;3;2178316;2777978;548;2178392;0;NOSTRESS
42235406719;53292;"NEAR_P1";"INTERVAL";"PROBE";1;63;0x00000b31;117;0;0;2173179;2763235;324;2173219;0;NOSTRESS
42235460018;53539;"NEAR_P1";"INTERVAL";"PROBE";1;63;0x00000b31;117;0;0;2180111;2780798;296;2180197;0;NOSTRESS
42235513565;53418;"NEAR_P1";"INTERVAL";"PROBE";1;63;0x00000b31;117;0;0;2178178;2773468;54;2178264;0;NOSTRESS
42235566990;53277;"NEAR_P1";"INTERVAL";"PROBE";1;63;0x00000b31;117;0;0;2173146;2764280;24;2173188;0;NOSTRESS
42235620274;53452;"NEAR_P1";"INTERVAL";"PROBE";1;63;0x00000b31;117;0;0;2178258;2776362;31;2178347;0;NOSTRESS
42235673733;53427;"NEAR_P1";"INTERVAL";"PROBE";1;63;0x00000b31;117;0;0;2178250;2777086;28;2178339;0;NOSTRESS
42235727168;53270;"NEAR_P1";"INTERVAL";"PROBE";1;63;0x00000b31;117;0;0;2173145;2761986;12;2173187;0;NOSTRESS
42235780445;53472;"NEAR_P1";"INTERVAL";"PROBE";1;63;0x00000b31;117;0;0;2178638;2776672;190;2178725;0;NOSTRESS
42235833924;53456;"NEAR_P1";"INTERVAL";"PROBE";1;63;0x00000b31;117;0;0;2178923;2776627;71;2179008;0;NOSTRESS
42235887388;53269;"NEAR_P1";"INTERVAL";"PROBE";1;63;0x00000b31;117;0;0;2173487;2765041;12;2173536;0;NOSTRESS
42235940664;53447;"NEAR_P1";"INTERVAL";"PROBE";1;63;0x00000b31;117;0;0;2178557;2773063;319;2178644;0;NOSTRESS
42235994129;53504;"NEAR_P1";"INTERVAL";"PROBE";1;63;0x00000b31;117;0;0;2179008;2777698;680;2179100;0;NOSTRESS
42236047642;53335;"NEAR_P1";"INTERVAL";"PROBE";1;63;0x00000b31;117;0;0;2173499;2765629;708;2173545;0;NOSTRESS
42236100984;53517;"NEAR_P1";"INTERVAL";"PROBE";1;63;0x00000b31;117;0;0;2178936;2764304;656;2179025;0;NOSTRESS
42236154509;53473;"NEAR_P1";"INTERVAL";"PROBE";1;63;0x00000b31;117;0;0;2178857;2773548;318;2178951;0;NOSTRESS
42236207990;53305;"NEAR_P1";"INTERVAL";"PROBE";1;63;0x00000b31;117;0;0;2173474;2764940;140;2173520;0;NOSTRESS
42236261314;53574;"NEAR_P1";"INTERVAL";"PROBE";1;63;0x00000b31;117;0;0;2180804;2781006;416;2180905;0;NOSTRESS
42236314895;53466;"NEAR_P1";"INTERVAL";"PROBE";1;63;0x00000b31;117;0;0;2178883;2776731;53;2178974;0;NOSTRESS
42236368371;218153;"TRAJ_R1";"INTERVAL";"PROBE";1;63;0x00000b31;117;0;0;8576328;11369907;541;8576639;0;NOSTRESS
42236898279;1274046;"MAF";"INTERVAL";"PROBE";1;63;0x00000b31;118;22;7;51561451;66319420;9387;51563123;0;NOSTRESS
42236898307;120;"SENS_C1";"INTERVAL";"PROBE";1;63;0x00000b31;118;0;0;1454;2111;464;1458;0;NOSTRESS
42236898436;239;"LOC_C1";"INTERVAL";"PROBE";1;63;0x00000b31;118;1;2;4914;7218;550;4918;0;NOSTRESS
42236898683;34;"LOC_C2";"INTERVAL";"PROBE";1;63;0x00000b31;118;0;0;650;903;116;654;0;NOSTRESS
42236898726;310;"LOC_C3";"INTERVAL";"PROBE";1;63;0x00000b31;118;0;0;9805;13240;316;9809;0;NOSTRESS
42236899046;45;"LOC_C4";"INTERVAL";"PROBE";1;63;0x00000b31;118;0;0;585;878;128;589;0;NOSTRESS
42236899097;53951;"NEAR_P1";"INTERVAL";"PROBE";1;63;0x00000b31;118;5;0;2179057;2799527;1716;2179130;0;NOSTRESS
42236953057;53616;"NEAR_P1";"INTERVAL";"PROBE";1;63;0x00000b31;118;2;3;2178241;2794328;744;2178317;0;NOSTRESS
42237006682;53373;"NEAR_P1";"INTERVAL";"PROBE";1;63;0x00000b31;118;0;0;2170249;2782998;264;2170279;0;NOSTRESS
42237060062;53532;"NEAR_P1";"INTERVAL";"PROBE";1;63;0x00000b31;118;0;0;2178338;2800326;24;2178414;0;NOSTRESS
42237113601;53644;"NEAR_P1";"INTERVAL";"PROBE";1;63;0x00000b31;118;1;0;2180181;2804493;359;2180277;0;NOSTRESS
42237167252;53372;"NEAR_P1";"INTERVAL";"PROBE";1;63;0x00000b31;118;0;0;2173214;2787349;12;2173259;0;NOSTRESS
42237220631;53532;"NEAR_P1";"INTERVAL";"PROBE";1;63;0x00000b31;118;0;0;2178240;2798950;12;2178328;0;NOSTRESS
42237274170;53449;"NEAR_P1";"INTERVAL";"PROBE";1;63;0x00000b31;118;0;0;2175343;2796512;50;2175417;0;NOSTRESS
42237327626;53370;"NEAR_P1";"INTERVAL";"PROBE";1;63;0x00000b31;118;0;0;2173248;2788218;11;2173293;0;NOSTRESS
42237381003;53540;"NEAR_P1";"INTERVAL";"PROBE";1;63;0x00000b31;118;0;0;2178190;2799943;32;2178275;0;NOSTRESS
42237434552;53536;"NEAR_P1";"INTERVAL";"PROBE";1;63;0x00000b31;118;0;0;2178980;2800807;38;2179071;0;NOSTRESS
42237488095;53595;"NEAR_P1";"INTERVAL";"PROBE";1;63;0x00000b31;118;13;2;2174605;2768051;1117;2174655;0;NOSTRESS
42237541697;53481;"NEAR_P1";"INTERVAL";"PROBE";1;63;0x00000b31;118;0;0;2179098;2776205;344;2179181;0;NOSTRESS
42237595188;53537;"NEAR_P1";"INTERVAL";"PROBE";1;63;0x00000b31;118;0;0;2178960;2778984;587;2179051;0;NOSTRESS
42237648732;53329;"NEAR_P1";"INTERVAL";"PROBE";1;63;0x00000b31;118;0;0;2173707;2766236;696;2173750;0;NOSTRESS
42237702068;53491;"NEAR_P1";"INTERVAL";"PROBE";1;63;0x00000b31;118;0;0;2179127;2775396;692;2179219;0;NOSTRESS
42237755567;53473;"NEAR_P1";"INTERVAL";"PROBE";1;63;0x00000b31;118;0;0;2179043;2774798;140;2179137;0;NOSTRESS
42237809047;53289;"NEAR_P1";"INTERVAL";"PROBE";1;63;0x00000b31;118;0;0;2173649;2764665;48;2173692;0;NOSTRESS
42237862343;53424;"NEAR_P1";"INTERVAL";"PROBE";1;63;0x00000b31;118;0;0;2179061;2776448;40;2179149;0;NOSTRESS
42237915774;53546;"NEAR_P1";"INTERVAL";"PROBE";1;63;0x00000b31;118;0;0;2180942;2780761;336;2181043;0;NOSTRESS
42237969330;202987;"TRAJ_R1";"INTERVAL";"PROBE";1;63;0x00000b31;118;0;0;7986354;10552702;390;7986616;0;NOSTRESS
42238498275;1259762;"MAF";"INTERVAL";"PROBE";1;63;0x00000b31;119;16;14;51057700;65343549;8451;51059412;0;NOSTRESS
42238498301;129;"SENS_C1";"INTERVAL";"PROBE";1;63;0x00000b31;119;0;2;1452;2071;492;1456;0;NOSTRESS
42238498437;238;"LOC_C1";"INTERVAL";"PROBE";1;63;0x00000b31;119;0;4;4920;7367;561;4924;0;NOSTRESS
42238498683;31;"LOC_C2";"INTERVAL";"PROBE";1;63;0x00000b31;119;0;0;650;899;104;654;0;NOSTRESS
42238498723;310;"LOC_C3";"INTERVAL";"PROBE";1;63;0x00000b31;119;0;0;9801;13356;316;9805;0;NOSTRESS
42238499043;46;"LOC_C4";"INTERVAL";"PROBE";1;63;0x00000b31;119;0;0;585;918;132;589;0;NOSTRESS
42238499095;53748;"NEAR_P1";"INTERVAL";"PROBE";1;63;0x00000b31;119;9;6;2179621;2779926;1634;2179688;0;NOSTRESS
42238552852;53597;"NEAR_P1";"INTERVAL";"PROBE";1;63;0x00000b31;119;5;2;2180114;2766733;757;2180191;0;NOSTRESS
42238606458;53295;"NEAR_P1";"INTERVAL";"PROBE";1;63;0x00000b31;119;0;0;2173592;2763365;260;2173632;0;NOSTRESS
42238659760;53436;"NEAR_P1";"INTERVAL";"PROBE";1;63;0x00000b31;119;0;0;2178717;2774110;56;2178793;0;NOSTRESS
42238713204;53411;"NEAR_P1";"INTERVAL";"PROBE";1;63;0x00000b31;119;0;0;2178697;2774972;32;2178778;0;NOSTRESS
42238766622;53378;"NEAR_P1";"INTERVAL";"PROBE";1;63;0x00000b31;119;1;0;2175634;2756858;260;2175701;0;NOSTRESS
42238820007;53417;"NEAR_P1";"INTERVAL";"PROBE";1;63;0x00000b31;119;1;0;2178683;2777226;44;2178772;0;NOSTRESS
42238873431;53429;"NEAR_P1";"INTERVAL";"PROBE";1;63;0x00000b31;119;0;0;2178725;2776563;12;2178817;0;NOSTRESS
42238926867;53272;"NEAR_P1";"INTERVAL";"PROBE";1;63;0x00000b31;119;0;0;2173613;2762586;5;2173661;0;NOSTRESS
42238980165;53458;"NEAR_P1";"INTERVAL";"PROBE";1;63;0x00000b31;119;0;0;2179110;2776347;79;2179197;0;NOSTRESS
42239033630;53431;"NEAR_P1";"INTERVAL";"PROBE";1;63;0x00000b31;119;0;0;2179447;2774980;32;2179535;0;NOSTRESS
42239087068;53275;"NEAR_P1";"INTERVAL";"PROBE";1;63;0x00000b31;119;0;0;2174006;2762969;24;2174049;0;NOSTRESS
42239140350;53536;"NEAR_P1";"INTERVAL";"PROBE";1;63;0x00000b31;119;0;0;2179419;2776302;423;2179509;0;NOSTRESS
42239193895;53517;"NEAR_P1";"INTERVAL";"PROBE";1;63;0x00000b31;119;0;0;2179417;2775016;444;2179505;0;NOSTRESS
42239247420;53346;"NEAR_P1";"INTERVAL";"PROBE";1;63;0x00000b31;119;0;0;2173943;2763108;612;2173989;0;NOSTRESS
42239300773;53552;"NEAR_P1";"INTERVAL";"PROBE";1;63;0x00000b31;119;0;0;2179359;2773688;596;2179450;0;NOSTRESS
42239354332;53499;"NEAR_P1";"INTERVAL";"PROBE";1;63;0x00000b31;119;0;0;2179037;2774862;218;2179131;0;NOSTRESS
42239407838;53312;"NEAR_P1";"INTERVAL";"PROBE";1;63;0x00000b31;119;0;0;2173771;2762688;213;2173817;0;NOSTRESS
42239461157;53442;"NEAR_P1";"INTERVAL";"PROBE";1;63;0x00000b31;119;0;0;2179391;2778159;68;2179476;0;NOSTRESS
42239514606;53450;"NEAR_P1";"INTERVAL";"PROBE";1;63;0x00000b31;119;0;0;2179413;2775873;64;2179504;0;NOSTRESS
42239568081;189947;"TRAJ_R1";"INTERVAL";"PROBE";1;63;0x00000b31;119;0;0;7470364;9865388;813;7470644;0;NOSTRESS
42240098235;1248123;"MAF";"INTERVAL";"PROBE";1;63;0x00000b31;120;5;5;50589999;64767708;12341;50591665;0;NOSTRESS
42240098261;128;"SENS_C1";"INTERVAL";"PROBE";1;63;0x00000b31;120;0;2;1454;2041;472;1458;0;NOSTRESS
42240098396;245;"LOC_C1";"INTERVAL";"PROBE";1;63;0x00000b31;120;0;1;4915;7260;538;4919;0;NOSTRESS
42240098649;34;"LOC_C2";"INTERVAL";"PROBE";1;63;0x00000b31;120;0;0;650;913;100;654;0;NOSTRESS
42240098692;311;"LOC_C3";"INTERVAL";"PROBE";1;63;0x00000b31;120;0;0;9800;13502;312;9804;0;NOSTRESS
42240099013;45;"LOC_C4";"INTERVAL";"PROBE";1;63;0x00000b31;120;0;0;586;913;116;590;0;NOSTRESS
42240099064;53675;"NEAR_P1";"INTERVAL";"PROBE";1;63;0x00000b31;120;3;1;2179983;2779892;1594;2180060;0;NOSTRESS
42240152748;53496;"NEAR_P1";"INTERVAL";"PROBE";1;63;0x00000b31;120;2;0;2178847;2776015;1037;2178925;0;NOSTRESS
42240206251;53297;"NEAR_P1";"INTERVAL";"PROBE";1;63;0x00000b31;120;0;0;2173744;2766526;424;2173786;0;NOSTRESS
42240259556;53475;"NEAR_P1";"INTERVAL";"PROBE";1;63;0x00000b31;120;0;0;2178675;2775058;96;2178748;0;NOSTRESS
42240313038;53437;"NEAR_P1";"INTERVAL";"PROBE";1;63;0x00000b31;120;0;0;2178806;2779386;32;2178885;0;NOSTRESS
42240366482;53291;"NEAR_P1";"INTERVAL";"PROBE";1;63;0x00000b31;120;0;0;2173658;2763009;12;2173706;0;NOSTRESS
42240419780;53563;"NEAR_P1";"INTERVAL";"PROBE";1;63;0x00000b31;120;0;0;2180852;2771516;224;2180963;0;NOSTRESS
42240473365;53430;"NEAR_P1";"INTERVAL";"PROBE";1;63;0x00000b31;120;0;0;2178738;2769654;16;2178821;0;NOSTRESS
42240526820;53275;"NEAR_P1";"INTERVAL";"PROBE";1;63;0x00000b31;120;0;0;2173686;2764786;24;2173731;0;NOSTRESS
42240580119;53431;"NEAR_P1";"INTERVAL";"PROBE";1;63;0x00000b31;120;0;0;2179131;2776382;50;2179218;0;NOSTRESS
42240633557;53463;"NEAR_P1";"INTERVAL";"PROBE";1;63;0x00000b31;120;0;0;2179492;2779193;52;2179583;0;NOSTRESS
42240687027;53284;"NEAR_P1";"INTERVAL";"PROBE";1;63;0x00000b31;120;0;0;2174075;2764506;12;2174118;0;NOSTRESS
42240740319;53525;"NEAR_P1";"INTERVAL";"PROBE";1;63;0x00000b31;120;0;0;2179038;2776133;1226;2179124;0;NOSTRESS
42240793863;53678;"NEAR_P1";"INTERVAL";"PROBE";1;63;0x00000b31;120;0;0;2179290;2776954;2618;2179379;0;NOSTRESS
42240847553;53409;"NEAR_P1";"INTERVAL";"PROBE";1;63;0x00000b31;120;0;0;2174041;2767232;1124;2174090;0;NOSTRESS
42240900969;53505;"NEAR_P1";"INTERVAL";"PROBE";1;63;0x00000b31;120;0;0;2179427;2774583;768;2179515;0;NOSTRESS
42240954483;53527;"NEAR_P1";"INTERVAL";"PROBE";1;63;0x00000b31;120;0;0;2179438;2780139;244;2179532;0;NOSTRESS
42241008017;53342;"NEAR_P1";"INTERVAL";"PROBE";1;63;0x00000b31;120;0;0;2173979;2765430;68;2174028;0;NOSTRESS
42241061375;53448;"NEAR_P1";"INTERVAL";"PROBE";1;63;0x00000b31;120;0;0;2179510;2776091;56;2179598;0;NOSTRESS
42241114830;53481;"NEAR_P1";"INTERVAL";"PROBE";1;63;0x00000b31;120;0;0;2179528;2779058;146;2179614;0;NOSTRESS
42241168321;178029;"TRAJ_R1";"INTERVAL";"PROBE";1;63;0x00000b31;120;0;0;7002439;9254212;708;7002673;0;NOSTRESS
42241698295;1237598;"MAF";"INTERVAL";"PROBE";1;63;0x00000b31;121;23;13;50178778;64222605;9317;50180426;0;NOSTRESS
42241698605;128;"SENS_C1";"INTERVAL";"PROBE";1;63;0x00000b31;121;0;2;1451;2065;472;1455;0;NOSTRESS
42241698740;233;"LOC_C1";"INTERVAL";"PROBE";1;63;0x00000b31;121;0;3;4919;7306;536;4923;0;NOSTRESS
42241698980;33;"LOC_C2";"INTERVAL";"PROBE";1;63;0x00000b31;121;0;0;650;880;104;654;0;NOSTRESS
42241699023;308;"LOC_C3";"INTERVAL";"PROBE";1;63;0x00000b31;121;0;0;9812;13274;308;9816;0;NOSTRESS
42241699341;42;"LOC_C4";"INTERVAL";"PROBE";1;63;0x00000b31;121;0;0;584;891;128;588;0;NOSTRESS
42241699390;53707;"NEAR_P1";"INTERVAL";"PROBE";1;63;0x00000b31;121;8;6;2180315;2779089;1537;2180392;0;NOSTRESS
42241753104;53491;"NEAR_P1";"INTERVAL";"PROBE";1;63;0x00000b31;121;1;0;2178742;2774716;716;2178820;0;NOSTRESS
42241806602;53323;"NEAR_P1";"INTERVAL";"PROBE";1;63;0x00000b31;121;0;0;2173592;2761736;384;2173634;0;NOSTRESS
42241859932;53416;"NEAR_P1";"INTERVAL";"PROBE";1;63;0x00000b31;121;0;0;2178695;2772773;40;2178771;0;NOSTRESS
42241913355;53430;"NEAR_P1";"INTERVAL";"PROBE";1;63;0x00000b31;121;0;0;2178681;2774815;48;2178762;0;NOSTRESS
42241966792;53271;"NEAR_P1";"INTERVAL";"PROBE";1;63;0x00000b31;121;0;0;2173658;2764752;16;2173700;0;NOSTRESS
42242020087;53434;"NEAR_P1";"INTERVAL";"PROBE";1;63;0x00000b31;121;0;0;2178834;2772417;40;2178923;0;NOSTRESS
42242073528;53555;"NEAR_P1";"INTERVAL";"PROBE";1;63;0x00000b31;121;0;0;2180604;2782066;252;2180703;0;NOSTRESS
42242127091;53292;"NEAR_P1";"INTERVAL";"PROBE";1;63;0x00000b31;121;0;0;2173668;2767696;12;2173713;0;NOSTRESS
42242180390;53443;"NEAR_P1";"INTERVAL";"PROBE";1;63;0x00000b31;121;0;0;2179137;2774412;60;2179227;0;NOSTRESS
42242233840;53435;"NEAR_P1";"INTERVAL";"PROBE";1;63;0x00000b31;121;0;0;2179452;2777758;29;2179540;0;NOSTRESS
42242287282;53294;"NEAR_P1";"INTERVAL";"PROBE";1;63;0x00000b31;121;0;0;2173998;2763762;61;2174044;0;NOSTRESS
42242340583;53517;"NEAR_P1";"INTERVAL";"PROBE";1;63;0x00000b31;121;0;0;2179438;2773904;272;2179527;0;NOSTRESS
42242394110;53541;"NEAR_P1";"INTERVAL";"PROBE";1;63;0x00000b31;121;0;0;2178910;2775956;552;2178999;0;NOSTRESS
42242447660;53325;"NEAR_P1";"INTERVAL";"PROBE";1;63;0x00000b31;121;0;0;2173665;2765698;679;2173711;0;NOSTRESS
42242500992;53578;"NEAR_P1";"INTERVAL";"PROBE";1;63;0x00000b31;121;0;0;2179326;2773178;804;2179409;0;NOSTRESS
42242554578;53475;"NEAR_P1";"INTERVAL";"PROBE";1;63;0x00000b31;121;0;0;2179344;2776599;200;2179435;0;NOSTRESS
42242608059;53299;"NEAR_P1";"INTERVAL";"PROBE";1;63;0x00000b31;121;0;0;2173980;2766539;80;2174026;0;NOSTRESS
42242661365;53495;"NEAR_P1";"INTERVAL";"PROBE";1;63;0x00000b31;121;0;0;2180164;2778045;194;2180256;0;NOSTRESS
42242714867;53505;"NEAR_P1";"INTERVAL";"PROBE";1;63;0x00000b31;121;0;0;2180638;2776989;152;2180730;0;NOSTRESS
42242768382;167501;"TRAJ_R1";"INTERVAL";"PROBE";1;63;0x00000b31;121;0;0;6589388;8716006;421;6589602;0;NOSTRESS
42243298229;1165105;"MAF";"INTERVAL";"PROBE";1;63;0x00000b31;122;12;4;47339025;60493092;8190;47340592;0;NOSTRESS
42243298253;122;"SENS_C1";"INTERVAL";"PROBE";1;63;0x00000b31;122;0;2;1454;2125;468;1458;0;NOSTRESS
42243298383;240;"LOC_C1";"INTERVAL";"PROBE";1;63;0x00000b31;122;1;1;4912;7269;544;4916;0;NOSTRESS
42243298631;35;"LOC_C2";"INTERVAL";"PROBE";1;63;0x00000b31;122;0;0;650;888;104;654;0;NOSTRESS
42243298677;311;"LOC_C3";"INTERVAL";"PROBE";1;63;0x00000b31;122;0;0;9814;13467;304;9818;0;NOSTRESS
42243298997;42;"LOC_C4";"INTERVAL";"PROBE";1;63;0x00000b31;122;0;0;585;916;120;589;0;NOSTRESS
42243299046;53566;"NEAR_P1";"INTERVAL";"PROBE";1;63;0x00000b31;122;6;0;2179330;2781756;1209;2179397;0;NOSTRESS
42243352621;53463;"NEAR_P1";"INTERVAL";"PROBE";1;63;0x00000b31;122;0;0;2179017;2776593;604;2179095;0;NOSTRESS
42243406091;53290;"NEAR_P1";"INTERVAL";"PROBE";1;63;0x00000b31;122;0;0;2173647;2764393;296;2173687;0;NOSTRESS
42243459388;53448;"NEAR_P1";"INTERVAL";"PROBE";1;63;0x00000b31;122;0;0;2178988;2776692;48;2179066;0;NOSTRESS
42243512844;53452;"NEAR_P1";"INTERVAL";"PROBE";1;63;0x00000b31;122;0;0;2178863;2773342;16;2178939;0;NOSTRESS
42243566303;53269;"NEAR_P1";"INTERVAL";"PROBE";1;63;0x00000b31;122;0;0;2173630;2767238;8;2173678;0;NOSTRESS
42243619595;53428;"NEAR_P1";"INTERVAL";"PROBE";1;63;0x00000b31;122;0;0;2178756;2776589;8;2178842;0;NOSTRESS
42243673030;53423;"NEAR_P1";"INTERVAL";"PROBE";1;63;0x00000b31;122;0;0;2178741;2777659;16;2178827;0;NOSTRESS
42243726460;53271;"NEAR_P1";"INTERVAL";"PROBE";1;63;0x00000b31;122;0;0;2173604;2766749;24;2173652;0;NOSTRESS
42243779738;53542;"NEAR_P1";"INTERVAL";"PROBE";1;63;0x00000b31;122;0;0;2180956;2780424;200;2181059;0;NOSTRESS
42243833287;53439;"NEAR_P1";"INTERVAL";"PROBE";1;63;0x00000b31;122;0;0;2179412;2776147;54;2179503;0;NOSTRESS
42243886733;53274;"NEAR_P1";"INTERVAL";"PROBE";1;63;0x00000b31;122;0;0;2173981;2766415;4;2174030;0;NOSTRESS
42243940015;53497;"NEAR_P1";"INTERVAL";"PROBE";1;63;0x00000b31;122;0;0;2179044;2777677;393;2179130;0;NOSTRESS
42243993525;53490;"NEAR_P1";"INTERVAL";"PROBE";1;63;0x00000b31;122;0;0;2179402;2775286;564;2179493;0;NOSTRESS
42244047026;53315;"NEAR_P1";"INTERVAL";"PROBE";1;63;0x00000b31;122;0;0;2173617;2762933;612;2173659;0;NOSTRESS
42244100348;53515;"NEAR_P1";"INTERVAL";"PROBE";1;63;0x00000b31;122;0;0;2179407;2776239;534;2179496;0;NOSTRESS
42244153870;53504;"NEAR_P1";"INTERVAL";"PROBE";1;63;0x00000b31;122;0;0;2179170;2776970;355;2179258;0;NOSTRESS
42244207381;53311;"NEAR_P1";"INTERVAL";"PROBE";1;63;0x00000b31;122;0;0;2173948;2766128;128;2173994;0;NOSTRESS
42244260699;53436;"NEAR_P1";"INTERVAL";"PROBE";1;63;0x00000b31;122;0;0;2179355;2775854;96;2179443;0;NOSTRESS
42244314142;53461;"NEAR_P1";"INTERVAL";"PROBE";1;63;0x00000b31;122;0;0;2179363;2775687;98;2179448;0;NOSTRESS
42244367612;95714;"TRAJ_R1";"INTERVAL";"PROBE";1;63;0x00000b31;122;5;0;3753164;4970642;1223;3753320;0;NOSTRESS
42244898422;1123239;"MAF";"INTERVAL";"PROBE";1;63;0x00000b31;123;88;37;45653088;58327709;13757;45654561;0;NOSTRESS
42244898462;144;"SENS_C1";"INTERVAL";"PROBE";1;63;0x00000b31;123;1;7;1451;2090;560;1455;0;NOSTRESS
42244898613;274;"LOC_C1";"INTERVAL";"PROBE";1;63;0x00000b31;123;2;2;4921;7207;717;4925;0;NOSTRESS
42244898894;39;"LOC_C2";"INTERVAL";"PROBE";1;63;0x00000b31;123;0;3;650;892;152;654;0;NOSTRESS
42244898942;309;"LOC_C3";"INTERVAL";"PROBE";1;63;0x00000b31;123;1;0;9807;13293;356;9811;0;NOSTRESS
42244899260;40;"LOC_C4";"INTERVAL";"PROBE";1;63;0x00000b31;123;0;0;584;920;124;588;0;NOSTRESS
42244899307;53815;"NEAR_P1";"INTERVAL";"PROBE";1;63;0x00000b31;123;36;10;2180990;2784591;4402;2181077;0;NOSTRESS
42244953130;53488;"NEAR_P1";"INTERVAL";"PROBE";1;63;0x00000b31;123;7;5;2178688;2772868;1581;2178768;0;NOSTRESS
42245006625;53307;"NEAR_P1";"INTERVAL";"PROBE";1;63;0x00000b31;123;2;1;2173635;2761765;768;2173675;0;NOSTRESS
42245059939;53433;"NEAR_P1";"INTERVAL";"PROBE";1;63;0x00000b31;123;0;0;2178636;2773546;76;2178712;0;NOSTRESS
42245113380;53739;"NEAR_P1";"INTERVAL";"PROBE";1;63;0x00000b31;123;25;3;2179573;2776880;1185;2179656;0;NOSTRESS
42245167126;53289;"NEAR_P1";"INTERVAL";"PROBE";1;63;0x00000b31;123;0;0;2173556;2768069;17;2173598;0;NOSTRESS
42245220422;53463;"NEAR_P1";"INTERVAL";"PROBE";1;63;0x00000b31;123;0;0;2178679;2781107;28;2178771;0;NOSTRESS
42245273892;53547;"NEAR_P1";"INTERVAL";"PROBE";1;63;0x00000b31;123;0;0;2178660;2799969;4;2178752;0;NOSTRESS
42245327447;53382;"NEAR_P1";"INTERVAL";"PROBE";1;63;0x00000b31;123;0;0;2173580;2787604;16;2173625;0;NOSTRESS
42245380837;53550;"NEAR_P1";"INTERVAL";"PROBE";1;63;0x00000b31;123;0;0;2179028;2798603;80;2179112;0;NOSTRESS
42245434394;53691;"NEAR_P1";"INTERVAL";"PROBE";1;63;0x00000b31;123;7;0;2181286;2800931;316;2181387;0;NOSTRESS
42245488092;53340;"NEAR_P1";"INTERVAL";"PROBE";1;63;0x00000b31;123;4;1;2175341;2768197;60;2175385;0;NOSTRESS
42245541440;53471;"NEAR_P1";"INTERVAL";"PROBE";1;63;0x00000b31;123;1;1;2179461;2774012;340;2179548;0;NOSTRESS
42245594921;53542;"NEAR_P1";"INTERVAL";"PROBE";1;63;0x00000b31;123;0;0;2178763;2771247;601;2178850;0;NOSTRESS
42245648473;53328;"NEAR_P1";"INTERVAL";"PROBE";1;63;0x00000b31;123;0;0;2173775;2761044;640;2173821;0;NOSTRESS
42245701809;53527;"NEAR_P1";"INTERVAL";"PROBE";1;63;0x00000b31;123;0;0;2179057;2773158;616;2179145;0;NOSTRESS
42245755343;53463;"NEAR_P1";"INTERVAL";"PROBE";1;63;0x00000b31;123;0;0;2179356;2778124;209;2179441;0;NOSTRESS
42245808813;53331;"NEAR_P1";"INTERVAL";"PROBE";1;63;0x00000b31;123;0;0;2173915;2765145;125;2173958;0;NOSTRESS
42245862151;53449;"NEAR_P1";"INTERVAL";"PROBE";1;63;0x00000b31;123;0;0;2179302;2774315;88;2179393;0;NOSTRESS
42245915608;53475;"NEAR_P1";"INTERVAL";"PROBE";1;63;0x00000b31;123;0;0;2179298;2775534;88;2179386;0;NOSTRESS
42245969094;52559;"TRAJ_R1";"INTERVAL";"PROBE";1;63;0x00000b31;123;0;2;2064877;2729293;400;2064923;0;NOSTRESS
42246498231;1122895;"MAF";"INTERVAL";"PROBE";1;63;0x00000b31;124;11;13;45681863;58229339;7922;45683320;0;NOSTRESS
42246498253;124;"SENS_C1";"INTERVAL";"PROBE";1;63;0x00000b31;124;0;4;1454;2071;464;1458;0;NOSTRESS
42246498385;241;"LOC_C1";"INTERVAL";"PROBE";1;63;0x00000b31;124;0;2;4914;7297;576;4918;0;NOSTRESS
42246498633;29;"LOC_C2";"INTERVAL";"PROBE";1;63;0x00000b31;124;0;1;650;916;88;654;0;NOSTRESS
42246498671;309;"LOC_C3";"INTERVAL";"PROBE";1;63;0x00000b31;124;0;0;9804;13575;324;9808;0;NOSTRESS
42246498989;42;"LOC_C4";"INTERVAL";"PROBE";1;63;0x00000b31;124;0;0;585;904;120;589;0;NOSTRESS
42246499037;53724;"NEAR_P1";"INTERVAL";"PROBE";1;63;0x00000b31;124;9;1;2179335;2775242;1417;2179400;0;NOSTRESS
42246552770;53483;"NEAR_P1";"INTERVAL";"PROBE";1;63;0x00000b31;124;2;3;2178806;2772134;700;2178884;0;NOSTRESS
42246606260;53290;"NEAR_P1";"INTERVAL";"PROBE";1;63;0x00000b31;124;0;0;2173699;2763362;369;2173741;0;NOSTRESS
42246659557;53365;"NEAR_P1";"INTERVAL";"PROBE";1;63;0x00000b31;124;0;0;2175856;2767597;72;2175922;0;NOSTRESS
42246712929;53413;"NEAR_P1";"INTERVAL";"PROBE";1;63;0x00000b31;124;0;0;2178610;2777047;20;2178686;0;NOSTRESS
42246766350;53282;"NEAR_P1";"INTERVAL";"PROBE";1;63;0x00000b31;124;0;0;2173509;2762342;8;2173551;0;NOSTRESS
42246819639;53431;"NEAR_P1";"INTERVAL";"PROBE";1;63;0x00000b31;124;0;0;2178602;2774770;12;2178688;0;NOSTRESS
42246873077;53411;"NEAR_P1";"INTERVAL";"PROBE";1;63;0x00000b31;124;0;0;2178613;2776035;8;2178705;0;NOSTRESS
42246926495;53262;"NEAR_P1";"INTERVAL";"PROBE";1;63;0x00000b31;124;0;0;2173497;2762109;4;2173545;0;NOSTRESS
42246979764;53441;"NEAR_P1";"INTERVAL";"PROBE";1;63;0x00000b31;124;0;0;2178975;2775362;48;2179062;0;NOSTRESS
42247033212;53423;"NEAR_P1";"INTERVAL";"PROBE";1;63;0x00000b31;124;0;0;2179318;2762797;44;2179406;0;NOSTRESS
42247086642;53403;"NEAR_P1";"INTERVAL";"PROBE";1;63;0x00000b31;124;0;0;2175780;2767987;212;2175839;0;NOSTRESS
42247140054;53455;"NEAR_P1";"INTERVAL";"PROBE";1;63;0x00000b31;124;0;0;2179373;2773458;272;2179465;0;NOSTRESS
42247193519;53507;"NEAR_P1";"INTERVAL";"PROBE";1;63;0x00000b31;124;0;0;2179366;2776963;532;2179461;0;NOSTRESS
42247247033;53322;"NEAR_P1";"INTERVAL";"PROBE";1;63;0x00000b31;124;0;0;2173784;2756041;704;2173832;0;NOSTRESS
42247300367;53578;"NEAR_P1";"INTERVAL";"PROBE";1;63;0x00000b31;124;0;0;2180664;2775519;975;2180754;0;NOSTRESS
42247353956;53500;"NEAR_P1";"INTERVAL";"PROBE";1;63;0x00000b31;124;0;0;2179388;2777112;216;2179477;0;NOSTRESS
42247407464;53277;"NEAR_P1";"INTERVAL";"PROBE";1;63;0x00000b31;124;0;0;2173907;2766744;76;2173950;0;NOSTRESS
42247460753;53462;"NEAR_P1";"INTERVAL";"PROBE";1;63;0x00000b31;124;0;0;2179317;2767655;98;2179402;0;NOSTRESS
42247514222;53465;"NEAR_P1";"INTERVAL";"PROBE";1;63;0x00000b31;124;0;0;2179189;2775219;76;2179280;0;NOSTRESS
42247567696;53422;"TRAJ_R1";"INTERVAL";"PROBE";1;63;0x00000b31;124;0;1;2098650;2772103;342;2098699;0;NOSTRESS
42248098236;1125465;"MAF";"INTERVAL";"PROBE";1;63;0x00000b31;125;28;15;45728898;58336403;15533;45730384;0;NOSTRESS
42248098261;125;"SENS_C1";"INTERVAL";"PROBE";1;63;0x00000b31;125;0;5;1451;2054;488;1455;0;NOSTRESS
42248098392;250;"LOC_C1";"INTERVAL";"PROBE";1;63;0x00000b31;125;0;1;4912;7362;577;4916;0;NOSTRESS
42248098649;32;"LOC_C2";"INTERVAL";"PROBE";1;63;0x00000b31;125;0;0;650;898;116;654;0;NOSTRESS
42248098690;316;"LOC_C3";"INTERVAL";"PROBE";1;63;0x00000b31;125;0;0;9809;13304;316;9813;0;NOSTRESS
42248099016;44;"LOC_C4";"INTERVAL";"PROBE";1;63;0x00000b31;125;0;0;584;905;124;588;0;NOSTRESS
42248099066;53666;"NEAR_P1";"INTERVAL";"PROBE";1;63;0x00000b31;125;7;2;2179809;2779452;1561;2179884;0;NOSTRESS
42248152741;53544;"NEAR_P1";"INTERVAL";"PROBE";1;63;0x00000b31;125;2;3;2178804;2771863;744;2178884;0;NOSTRESS
42248206292;53337;"NEAR_P1";"INTERVAL";"PROBE";1;63;0x00000b31;125;0;0;2173695;2754588;324;2173737;0;NOSTRESS
42248259651;53425;"NEAR_P1";"INTERVAL";"PROBE";1;63;0x00000b31;125;0;0;2178709;2773110;61;2178787;0;NOSTRESS
42248313084;53343;"NEAR_P1";"INTERVAL";"PROBE";1;63;0x00000b31;125;0;0;2175953;2765870;41;2176017;0;NOSTRESS
42248366435;53269;"NEAR_P1";"INTERVAL";"PROBE";1;63;0x00000b31;125;0;0;2173669;2761459;22;2173709;0;NOSTRESS
42248419712;53412;"NEAR_P1";"INTERVAL";"PROBE";1;63;0x00000b31;125;0;0;2178732;2775395;32;2178811;0;NOSTRESS
42248473131;53422;"NEAR_P1";"INTERVAL";"PROBE";1;63;0x00000b31;125;0;0;2178720;2771667;12;2178803;0;NOSTRESS
42248526560;53261;"NEAR_P1";"INTERVAL";"PROBE";1;63;0x00000b31;125;0;0;2173622;2760395;8;2173667;0;NOSTRESS
42248579828;53423;"NEAR_P1";"INTERVAL";"PROBE";1;63;0x00000b31;125;0;0;2179131;2773078;56;2179221;0;NOSTRESS
42248633275;53463;"NEAR_P1";"INTERVAL";"PROBE";1;63;0x00000b31;125;0;0;2179474;2776455;36;2179562;0;NOSTRESS
42248686745;53276;"NEAR_P1";"INTERVAL";"PROBE";1;63;0x00000b31;125;0;0;2174033;2764752;32;2174079;0;NOSTRESS
42248740028;53562;"NEAR_P1";"INTERVAL";"PROBE";1;63;0x00000b31;125;0;0;2181308;2779144;544;2181410;0;NOSTRESS
42248793600;53905;"NEAR_P1";"INTERVAL";"PROBE";1;63;0x00000b31;125;2;1;2180717;2779088;3675;2180807;0;NOSTRESS
42248847523;53825;"NEAR_P1";"INTERVAL";"PROBE";1;63;0x00000b31;125;16;1;2176173;2771210;3166;2176233;0;NOSTRESS
42248901358;53616;"NEAR_P1";"INTERVAL";"PROBE";1;63;0x00000b31;125;0;1;2179465;2769524;1415;2179556;0;NOSTRESS
42248954981;53801;"NEAR_P1";"INTERVAL";"PROBE";1;63;0x00000b31;125;0;0;2182381;2804773;834;2182486;0;NOSTRESS
42249008791;53421;"NEAR_P1";"INTERVAL";"PROBE";1;63;0x00000b31;125;0;0;2175305;2777924;255;2175361;0;NOSTRESS
42249062219;53524;"NEAR_P1";"INTERVAL";"PROBE";1;63;0x00000b31;125;0;0;2179466;2775834;241;2179554;0;NOSTRESS
42249115751;53557;"NEAR_P1";"INTERVAL";"PROBE";1;63;0x00000b31;125;0;0;2180608;2775960;285;2180703;0;NOSTRESS
42249169333;54359;"TRAJ_R1";"INTERVAL";"PROBE";1;63;0x00000b31;125;0;0;2135504;2822879;328;2135547;0;NOSTRESS
42249698223;2183096;"MAF";"INTERVAL";"PROBE";1;63;0x00000b31;126;70;66;114218227;168555145;15765;114221502;0;CPUTHEFT
42249698251;130;"SENS_C1";"INTERVAL";"PROBE";1;63;0x00000b31;126;0;3;1456;2102;496;1460;0;CPUTHEFT
42249698387;259;"LOC_C1";"INTERVAL";"PROBE";1;63;0x00000b31;126;2;1;4911;7278;636;4915;0;CPUTHEFT
42249698654;36;"LOC_C2";"INTERVAL";"PROBE";1;63;0x00000b31;126;0;0;650;904;104;654;0;CPUTHEFT
42249698699;309;"LOC_C3";"INTERVAL";"PROBE";1;63;0x00000b31;126;0;0;9803;13381;312;9807;0;CPUTHEFT
42249699017;46;"LOC_C4";"INTERVAL";"PROBE";1;63;0x00000b31;126;0;0;586;913;136;590;0;CPUTHEFT
42249699069;53611;"NEAR_P1";"INTERVAL";"PROBE";1;63;0x00000b31;126;6;2;2179049;2774861;1824;2179136;0;CPUTHEFT
42249752687;85564;"NEAR_P1";"INTERVAL";"PROBE";1;63;0x00000b31;126;5;4;4251860;6100232;1302;4251993;0;CPUTHEFT
42249838258;85301;"NEAR_P1";"INTERVAL";"PROBE";1;63;0x00000b31;126;1;2;4249151;6095737;516;4249242;0;CPUTHEFT
42249923567;85364;"NEAR_P1";"INTERVAL";"PROBE";1;63;0x00000b31;126;1;1;4251395;6101606;185;4251522;0;CPUTHEFT
42250008939;149418;"NEAR_P1";"INTERVAL";"PROBE";1;63;0x00000b31;126;0;2;8406576;12773705;58;8406803;0;CPUTHEFT
42250158365;85289;"NEAR_P1";"INTERVAL";"PROBE";1;63;0x00000b31;126;1;1;4249797;6099532;100;4249895;0;CPUTHEFT
42250243662;117515;"NEAR_P1";"INTERVAL";"PROBE";1;63;0x00000b31;126;2;0;6330237;9439833;167;6330428;0;CPUTHEFT
42250361186;117567;"NEAR_P1";"INTERVAL";"PROBE";1;63;0x00000b31;126;1;0;6323320;9429920;1592;6323516;0;CPUTHEFT
42250478765;85453;"NEAR_P1";"INTERVAL";"PROBE";1;63;0x00000b31;126;1;2;4247558;6092182;1676;4247654;0;CPUTHEFT
42250564234;117759;"NEAR_P1";"INTERVAL";"PROBE";1;63;0x00000b31;126;7;3;6322344;9431524;1595;6322561;0;CPUTHEFT
42250682003;117496;"NEAR_P1";"INTERVAL";"PROBE";1;63;0x00000b31;126;2;3;6326861;9438296;791;6327059;0;CPUTHEFT
42250799506;85461;"NEAR_P1";"INTERVAL";"PROBE";1;63;0x00000b31;126;1;1;4247584;6121449;379;4247680;0;CPUTHEFT
42250884975;117616;"NEAR_P1";"INTERVAL";"PROBE";1;63;0x00000b31;126;2;3;6330159;9465205;192;6330347;0;CPUTHEFT
42251002599;117553;"NEAR_P1";"INTERVAL";"PROBE";1;63;0x00000b31;126;0;2;6330956;9468263;116;6331139;0;CPUTHEFT
42251120159;85399;"NEAR_P1";"INTERVAL";"PROBE";1;63;0x00000b31;126;2;2;4249476;6123315;112;4249572;0;CPUTHEFT
42251205565;117589;"NEAR_P1";"INTERVAL";"PROBE";1;63;0x00000b31;126;2;2;6321826;9456427;420;6322038;0;CPUTHEFT
42251323161;117926;"NEAR_P1";"INTERVAL";"PROBE";1;63;0x00000b31;126;18;1;6333018;9470189;1501;6333248;0;CPUTHEFT
42251441097;85481;"NEAR_P1";"INTERVAL";"PROBE";1;63;0x00000b31;126;4;4;4247227;6118125;537;4247322;0;CPUTHEFT
42251526585;117610;"NEAR_P1";"INTERVAL";"PROBE";1;63;0x00000b31;126;3;3;6330400;9466802;126;6330590;0;CPUTHEFT
42251644202;117559;"NEAR_P1";"INTERVAL";"PROBE";1;63;0x00000b31;126;2;3;6329305;9465972;67;6329492;0;CPUTHEFT
42251761788;119523;"TRAJ_R1";"INTERVAL";"PROBE";1;63;0x00000b31;126;0;1;6326514;9569403;525;6326705;0;CPUTHEFT
42251885860;2247017;"MAF";"INTERVAL";"PROBE";1;63;0x00000b31;127;49;60;118376476;174908610;19193;118379782;0;CPUTHEFT
42251885880;114;"SENS_C1";"INTERVAL";"PROBE";1;63;0x00000b31;127;0;2;1451;2040;448;1455;0;CPUTHEFT
42251886003;231;"LOC_C1";"INTERVAL";"PROBE";1;63;0x00000b31;127;0;2;4916;7385;504;4920;0;CPUTHEFT
42251886240;31;"LOC_C2";"INTERVAL";"PROBE";1;63;0x00000b31;127;0;0;650;926;92;654;0;CPUTHEFT
42251886280;312;"LOC_C3";"INTERVAL";"PROBE";1;63;0x00000b31;127;0;0;9814;13484;304;9818;0;CPUTHEFT
42251886601;47;"LOC_C4";"INTERVAL";"PROBE";1;63;0x00000b31;127;0;0;584;916;136;588;0;CPUTHEFT
42251886654;85384;"NEAR_P1";"INTERVAL";"PROBE";1;63;0x00000b31;127;9;4;4245385;6093639;1501;4245483;0;CPUTHEFT
42251972046;117659;"NEAR_P1";"INTERVAL";"PROBE";1;63;0x00000b31;127;4;2;6328282;9429754;2424;6328468;0;CPUTHEFT
42252089715;117652;"NEAR_P1";"INTERVAL";"PROBE";1;63;0x00000b31;127;1;0;6318766;9416012;2093;6318952;0;CPUTHEFT
42252207376;85416;"NEAR_P1";"INTERVAL";"PROBE";1;63;0x00000b31;127;1;2;4248763;6086565;457;4248859;0;CPUTHEFT
42252292799;117563;"NEAR_P1";"INTERVAL";"PROBE";1;63;0x00000b31;127;3;3;6327880;9435179;495;6328065;0;CPUTHEFT
42252410371;117464;"NEAR_P1";"INTERVAL";"PROBE";1;63;0x00000b31;127;2;2;6328328;9433865;259;6328514;0;CPUTHEFT
42252527843;85302;"NEAR_P1";"INTERVAL";"PROBE";1;63;0x00000b31;127;2;1;4249045;6097216;124;4249140;0;CPUTHEFT
42252613153;117463;"NEAR_P1";"INTERVAL";"PROBE";1;63;0x00000b31;127;2;4;6330000;9435799;172;6330190;0;CPUTHEFT
42252730626;117522;"NEAR_P1";"INTERVAL";"PROBE";1;63;0x00000b31;127;2;1;6327516;9434516;751;6327706;0;CPUTHEFT
42252848160;85399;"NEAR_P1";"INTERVAL";"PROBE";1;63;0x00000b31;127;2;2;4244704;6092075;1540;4244830;0;CPUTHEFT
42252933567;117642;"NEAR_P1";"INTERVAL";"PROBE";1;63;0x00000b31;127;1;1;6324027;9424318;1644;6324227;0;CPUTHEFT
42253051222;117591;"NEAR_P1";"INTERVAL";"PROBE";1;63;0x00000b31;127;1;0;6327163;9430966;664;6327344;0;CPUTHEFT
42253168821;85270;"NEAR_P1";"INTERVAL";"PROBE";1;63;0x00000b31;127;1;2;4248989;6088747;88;4249087;0;CPUTHEFT
42253254098;117442;"NEAR_P1";"INTERVAL";"PROBE";1;63;0x00000b31;127;2;3;6328856;9436431;197;6329043;0;CPUTHEFT
42253371547;117451;"NEAR_P1";"INTERVAL";"PROBE";1;63;0x00000b31;127;0;2;6330438;9438938;116;6330631;0;CPUTHEFT
42253489005;85275;"NEAR_P1";"INTERVAL";"PROBE";1;63;0x00000b31;127;2;2;4248663;6096512;98;4248754;0;CPUTHEFT
42253574288;117666;"NEAR_P1";"INTERVAL";"PROBE";1;63;0x00000b31;127;0;1;6328061;9436461;1740;6328247;0;CPUTHEFT
42253691966;117499;"NEAR_P1";"INTERVAL";"PROBE";1;63;0x00000b31;127;1;2;6321187;9427732;1412;6321386;0;CPUTHEFT
42253809491;85324;"NEAR_P1";"INTERVAL";"PROBE";1;63;0x00000b31;127;1;1;4248842;6095528;208;4248940;0;CPUTHEFT
42253894823;117474;"NEAR_P1";"INTERVAL";"PROBE";1;63;0x00000b31;127;2;4;6327794;9434866;227;6327978;0;CPUTHEFT
42254012325;120544;"TRAJ_R1";"INTERVAL";"PROBE";1;63;0x00000b31;127;7;2;6360143;9590770;1122;6360348;0;CPUTHEFT
42254138070;2247819;"MAF";"INTERVAL";"PROBE";1;63;0x00000b31;128;68;56;118437925;175002741;15679;118441253;0;CPUTHEFT
42254138093;116;"SENS_C1";"INTERVAL";"PROBE";1;63;0x00000b31;128;0;1;1453;2046;440;1457;0;CPUTHEFT
42254138216;232;"LOC_C1";"INTERVAL";"PROBE";1;63;0x00000b31;128;0;1;4919;7443;518;4923;0;CPUTHEFT
42254138455;308;"LOC_C2";"INTERVAL";"PROBE";1;63;0x00000b31;128;11;2;1545;3051;1188;1556;0;CPUTHEFT
42254138772;311;"LOC_C3";"INTERVAL";"PROBE";1;63;0x00000b31;128;0;1;9805;13549;304;9809;0;CPUTHEFT
42254139092;41;"LOC_C4";"INTERVAL";"PROBE";1;63;0x00000b31;128;0;0;586;914;124;590;0;CPUTHEFT
42254139139;117703;"NEAR_P1";"INTERVAL";"PROBE";1;63;0x00000b31;128;19;7;6320655;9420296;2209;6320874;0;CPUTHEFT
42254256854;85328;"NEAR_P1";"INTERVAL";"PROBE";1;63;0x00000b31;128;3;1;4248799;6095311;632;4248893;0;CPUTHEFT
42254342189;117556;"NEAR_P1";"INTERVAL";"PROBE";1;63;0x00000b31;128;3;2;6331091;9441360;393;6331281;0;CPUTHEFT
42254459753;117461;"NEAR_P1";"INTERVAL";"PROBE";1;63;0x00000b31;128;2;3;6326338;9437163;272;6326556;0;CPUTHEFT
42254577222;85382;"NEAR_P1";"INTERVAL";"PROBE";1;63;0x00000b31;128;4;1;4241954;6084918;1299;4242061;0;CPUTHEFT
42254662613;117484;"NEAR_P1";"INTERVAL";"PROBE";1;63;0x00000b31;128;1;0;6330190;9436405;177;6330380;0;CPUTHEFT
42254780119;117427;"NEAR_P1";"INTERVAL";"PROBE";1;63;0x00000b31;128;1;2;6328355;9438653;99;6328540;0;CPUTHEFT
42254897554;85288;"NEAR_P1";"INTERVAL";"PROBE";1;63;0x00000b31;128;1;1;4249211;6093778;70;4249309;0;CPUTHEFT
42254982850;117462;"NEAR_P1";"INTERVAL";"PROBE";1;63;0x00000b31;128;2;4;6329765;9439402;141;6329954;0;CPUTHEFT
42255100321;117498;"NEAR_P1";"INTERVAL";"PROBE";1;63;0x00000b31;128;2;1;6328713;9435205;572;6328895;0;CPUTHEFT
42255217835;85524;"NEAR_P1";"INTERVAL";"PROBE";1;63;0x00000b31;128;1;2;4248402;6083430;1528;4248496;0;CPUTHEFT
42255303369;117645;"NEAR_P1";"INTERVAL";"PROBE";1;63;0x00000b31;128;3;2;6329123;9436367;1092;6329317;0;CPUTHEFT
42255421023;117510;"NEAR_P1";"INTERVAL";"PROBE";1;63;0x00000b31;128;1;1;6323638;9427745;701;6323832;0;CPUTHEFT
42255538541;117495;"NEAR_P1";"INTERVAL";"PROBE";1;63;0x00000b31;128;2;2;6327080;9431246;573;6327270;0;CPUTHEFT
42255656045;85302;"NEAR_P1";"INTERVAL";"PROBE";1;63;0x00000b31;128;2;1;4249366;6094342;192;4249460;0;CPUTHEFT
42255741354;117496;"NEAR_P1";"INTERVAL";"PROBE";1;63;0x00000b31;128;2;4;6327310;9433089;354;6327492;0;CPUTHEFT
42255858858;117461;"NEAR_P1";"INTERVAL";"PROBE";1;63;0x00000b31;128;2;1;6329544;9439549;324;6329732;0;CPUTHEFT
42255976329;85375;"NEAR_P1";"INTERVAL";"PROBE";1;63;0x00000b31;128;0;2;4249227;6095175;429;4249318;0;CPUTHEFT
42256061711;117442;"NEAR_P1";"INTERVAL";"PROBE";1;63;0x00000b31;128;1;1;6330638;9439135;300;6330824;0;CPUTHEFT
42256179164;117545;"NEAR_P1";"INTERVAL";"PROBE";1;63;0x00000b31;128;2;0;6331978;9443392;996;6332172;0;CPUTHEFT
42256296719;89164;"TRAJ_R1";"INTERVAL";"PROBE";1;63;0x00000b31;128;0;1;4322013;6301526;376;4322109;0;CPUTHEFT
42256391118;2313901;"MAF";"INTERVAL";"PROBE";1;63;0x00000b31;129;47;45;122615782;181768636;23361;122619246;0;CPUTHEFT
42256391136;118;"SENS_C1";"INTERVAL";"PROBE";1;63;0x00000b31;129;0;2;1451;2053;444;1455;0;CPUTHEFT
42256391263;229;"LOC_C1";"INTERVAL";"PROBE";1;63;0x00000b31;129;0;1;4915;7277;508;4919;0;CPUTHEFT
42256391500;33;"LOC_C2";"INTERVAL";"PROBE";1;63;0x00000b31;129;0;0;650;927;120;654;0;CPUTHEFT
42256391542;64510;"LOC_C3";"INTERVAL";"PROBE";1;63;0x00000b31;129;9;2;4157742;6679396;1062;4157878;0;CPUTHEFT
42256456064;49;"LOC_C4";"INTERVAL";"PROBE";1;63;0x00000b31;129;0;1;585;905;132;589;0;CPUTHEFT
42256456119;85541;"NEAR_P1";"INTERVAL";"PROBE";1;63;0x00000b31;129;7;3;4243824;6110964;1711;4243929;0;CPUTHEFT
42256541669;117736;"NEAR_P1";"INTERVAL";"PROBE";1;63;0x00000b31;129;4;2;6316340;9421791;1911;6316555;0;CPUTHEFT
42256659414;117638;"NEAR_P1";"INTERVAL";"PROBE";1;63;0x00000b31;129;1;1;6327444;9438484;789;6327639;0;CPUTHEFT
42256777067;85723;"NEAR_P1";"INTERVAL";"PROBE";1;63;0x00000b31;129;2;2;4249701;6097143;3896;4249800;0;CPUTHEFT
42256862809;117673;"NEAR_P1";"INTERVAL";"PROBE";1;63;0x00000b31;129;2;2;6325947;9430850;3375;6326124;0;CPUTHEFT
42256980491;117619;"NEAR_P1";"INTERVAL";"PROBE";1;63;0x00000b31;129;3;1;6331831;9440428;1076;6332024;0;CPUTHEFT
42257098119;53293;"NEAR_P1";"INTERVAL";"PROBE";1;63;0x00000b31;129;2;1;2174198;2762957;196;2174241;0;CPUTHEFT
42257151419;117452;"NEAR_P1";"INTERVAL";"PROBE";1;63;0x00000b31;129;1;2;6329322;9435542;145;6329508;0;CPUTHEFT
42257268878;149603;"NEAR_P1";"INTERVAL";"PROBE";1;63;0x00000b31;129;1;0;8399136;12764599;862;8399380;0;CPUTHEFT
42257418490;85402;"NEAR_P1";"INTERVAL";"PROBE";1;63;0x00000b31;129;0;1;4249202;6095189;425;4249303;0;CPUTHEFT
42257503901;117611;"NEAR_P1";"INTERVAL";"PROBE";1;63;0x00000b31;129;1;0;6328869;9439629;559;6329066;0;CPUTHEFT
42257621519;117461;"NEAR_P1";"INTERVAL";"PROBE";1;63;0x00000b31;129;0;2;6325126;9432359;396;6325332;0;CPUTHEFT
42257738988;85317;"NEAR_P1";"INTERVAL";"PROBE";1;63;0x00000b31;129;0;1;4249275;6095520;660;4249370;0;CPUTHEFT
42257824314;117566;"NEAR_P1";"INTERVAL";"PROBE";1;63;0x00000b31;129;2;2;6332478;9444990;748;6332671;0;CPUTHEFT
42257941887;117437;"NEAR_P1";"INTERVAL";"PROBE";1;63;0x00000b31;129;1;0;6328582;9441100;100;6328774;0;CPUTHEFT
42258059332;85293;"NEAR_P1";"INTERVAL";"PROBE";1;63;0x00000b31;129;0;1;4248523;6098132;86;4248619;0;CPUTHEFT
42258144632;117454;"NEAR_P1";"INTERVAL";"PROBE";1;63;0x00000b31;129;1;1;6329467;9438043;140;6329654;0;CPUTHEFT
42258262095;117477;"NEAR_P1";"INTERVAL";"PROBE";1;63;0x00000b31;129;1;1;6329643;9437918;270;6329833;0;CPUTHEFT
42258379582;85439;"NEAR_P1";"INTERVAL";"PROBE";1;63;0x00000b31;129;2;2;4248510;6096429;1272;4248606;0;CPUTHEFT
42258465031;117623;"NEAR_P1";"INTERVAL";"PROBE";1;63;0x00000b31;129;2;1;6325385;9433076;1498;6325571;0;CPUTHEFT
42258582677;122332;"TRAJ_R1";"INTERVAL";"PROBE";1;63;0x00000b31;129;1;1;6441405;9694962;472;6441595;0;CPUTHEFT
42258710196;2250156;"MAF";"INTERVAL";"PROBE";1;63;0x00000b31;130;53;54;118536298;175192882;14609;118539620;0;CPUTHEFT
42258710220;118;"SENS_C1";"INTERVAL";"PROBE";1;63;0x00000b31;130;0;2;1454;2074;460;1458;0;CPUTHEFT
42258710347;229;"LOC_C1";"INTERVAL";"PROBE";1;63;0x00000b31;130;0;0;4905;7169;506;4909;0;CPUTHEFT
42258710583;37;"LOC_C2";"INTERVAL";"PROBE";1;63;0x00000b31;130;0;0;650;913;116;654;0;CPUTHEFT
42258710630;309;"LOC_C3";"INTERVAL";"PROBE";1;63;0x00000b31;130;0;0;9804;13460;316;9808;0;CPUTHEFT
42258710949;43;"LOC_C4";"INTERVAL";"PROBE";1;63;0x00000b31;130;0;0;585;891;124;589;0;CPUTHEFT
42258710998;117743;"NEAR_P1";"INTERVAL";"PROBE";1;63;0x00000b31;130;12;5;6326585;9439553;2089;6326792;0;CPUTHEFT
42258828751;85350;"NEAR_P1";"INTERVAL";"PROBE";1;63;0x00000b31;130;4;2;4249287;6096984;412;4249380;0;CPUTHEFT
42258914109;117495;"NEAR_P1";"INTERVAL";"PROBE";1;63;0x00000b31;130;2;0;6330207;9442673;160;6330399;0;CPUTHEFT
42259031614;117443;"NEAR_P1";"INTERVAL";"PROBE";1;63;0x00000b31;130;1;0;6329491;9439832;158;6329677;0;CPUTHEFT
42259149065;85333;"NEAR_P1";"INTERVAL";"PROBE";1;63;0x00000b31;130;0;1;4248146;6097795;167;4248240;0;CPUTHEFT
42259234405;117588;"NEAR_P1";"INTERVAL";"PROBE";1;63;0x00000b31;130;2;1;6332505;9446708;248;6332720;0;CPUTHEFT
42259352000;117517;"NEAR_P1";"INTERVAL";"PROBE";1;63;0x00000b31;130;1;1;6330277;9443788;692;6330468;0;CPUTHEFT
42259469526;85557;"NEAR_P1";"INTERVAL";"PROBE";1;63;0x00000b31;130;12;5;4248731;6098938;1341;4248836;0;CPUTHEFT
42259555091;117592;"NEAR_P1";"INTERVAL";"PROBE";1;63;0x00000b31;130;1;0;6330331;9440689;434;6330522;0;CPUTHEFT
42259672702;117481;"NEAR_P1";"INTERVAL";"PROBE";1;63;0x00000b31;130;1;1;6330437;9440125;187;6330625;0;CPUTHEFT
42259790191;85315;"NEAR_P1";"INTERVAL";"PROBE";1;63;0x00000b31;130;3;2;4249152;6096434;124;4249246;0;CPUTHEFT
42259875516;117509;"NEAR_P1";"INTERVAL";"PROBE";1;63;0x00000b31;130;2;3;6329498;9442233;433;6329687;0;CPUTHEFT
42259993048;117614;"NEAR_P1";"INTERVAL";"PROBE";1;63;0x00000b31;130;0;2;6327933;9436389;1784;6328124;0;CPUTHEFT
42260110673;85478;"NEAR_P1";"INTERVAL";"PROBE";1;63;0x00000b31;130;2;2;4248220;6098276;1389;4248318;0;CPUTHEFT
42260196159;117518;"NEAR_P1";"INTERVAL";"PROBE";1;63;0x00000b31;130;0;1;6328775;9429074;490;6328965;0;CPUTHEFT
42260313685;117588;"NEAR_P1";"INTERVAL";"PROBE";1;63;0x00000b31;130;1;2;6331564;9445194;452;6331762;0;CPUTHEFT
42260431280;85309;"NEAR_P1";"INTERVAL";"PROBE";1;63;0x00000b31;130;1;1;4248918;6097627;176;4249012;0;CPUTHEFT
42260516596;117499;"NEAR_P1";"INTERVAL";"PROBE";1;63;0x00000b31;130;1;2;6326430;9434307;309;6326619;0;CPUTHEFT
42260634103;117484;"NEAR_P1";"INTERVAL";"PROBE";1;63;0x00000b31;130;2;3;6329124;9439142;144;6329314;0;CPUTHEFT
42260751595;85323;"NEAR_P1";"INTERVAL";"PROBE";1;63;0x00000b31;130;1;2;4249284;6096964;478;4249382;0;CPUTHEFT
42260836931;123413;"TRAJ_R1";"INTERVAL";"PROBE";1;63;0x00000b31;130;0;0;6477776;9737616;1047;6477959;0;CPUTHEFT
42260965601;2283178;"MAF";"INTERVAL";"PROBE";1;63;0x00000b31;131;38;59;120674040;178649779;14946;120677398;0;CPUTHEFT
42260965629;120;"SENS_C1";"INTERVAL";"PROBE";1;63;0x00000b31;131;0;1;1451;2073;460;1455;0;CPUTHEFT
42260965757;231;"LOC_C1";"INTERVAL";"PROBE";1;63;0x00000b31;131;0;1;4925;7437;516;4929;0;CPUTHEFT
42260965995;42;"LOC_C2";"INTERVAL";"PROBE";1;63;0x00000b31;131;0;0;650;904;140;654;0;CPUTHEFT
42260966046;310;"LOC_C3";"INTERVAL";"PROBE";1;63;0x00000b31;131;0;0;9809;13496;308;9813;0;CPUTHEFT
42260966366;46;"LOC_C4";"INTERVAL";"PROBE";1;63;0x00000b31;131;0;0;584;888;140;588;0;CPUTHEFT
42260966418;117749;"NEAR_P1";"INTERVAL";"PROBE";1;63;0x00000b31;131;10;3;6324837;9437738;3841;6325018;0;CPUTHEFT
42261084176;117480;"NEAR_P1";"INTERVAL";"PROBE";1;63;0x00000b31;131;2;4;6330530;9444433;416;6330719;0;CPUTHEFT
42261201674;85418;"NEAR_P1";"INTERVAL";"PROBE";1;63;0x00000b31;131;3;2;4250015;6101017;364;4250116;0;CPUTHEFT
42261287100;117458;"NEAR_P1";"INTERVAL";"PROBE";1;63;0x00000b31;131;1;1;6330677;9444162;117;6330867;0;CPUTHEFT
42261404566;117504;"NEAR_P1";"INTERVAL";"PROBE";1;63;0x00000b31;131;1;0;6329923;9433507;271;6330114;0;CPUTHEFT
42261522084;85371;"NEAR_P1";"INTERVAL";"PROBE";1;63;0x00000b31;131;1;2;4245698;6095277;862;4245787;0;CPUTHEFT
42261607468;117609;"NEAR_P1";"INTERVAL";"PROBE";1;63;0x00000b31;131;2;3;6327447;9438162;2226;6327628;0;CPUTHEFT
42261725086;117552;"NEAR_P1";"INTERVAL";"PROBE";1;63;0x00000b31;131;0;2;6329842;9442311;948;6330026;0;CPUTHEFT
42261842645;117467;"NEAR_P1";"INTERVAL";"PROBE";1;63;0x00000b31;131;1;1;6330913;9441670;252;6331101;0;CPUTHEFT
42261960120;85313;"NEAR_P1";"INTERVAL";"PROBE";1;63;0x00000b31;131;1;2;4249806;6098501;108;4249897;0;CPUTHEFT
42262045440;117586;"NEAR_P1";"INTERVAL";"PROBE";1;63;0x00000b31;131;1;2;6332863;9446378;440;6333059;0;CPUTHEFT
42262163034;117504;"NEAR_P1";"INTERVAL";"PROBE";1;63;0x00000b31;131;2;3;6328881;9441713;348;6329063;0;CPUTHEFT
42262280545;85321;"NEAR_P1";"INTERVAL";"PROBE";1;63;0x00000b31;131;1;2;4249725;6102592;104;4249818;0;CPUTHEFT
42262365888;117496;"NEAR_P1";"INTERVAL";"PROBE";1;63;0x00000b31;131;1;1;6330627;9443817;154;6330813;0;CPUTHEFT
42262483391;117647;"NEAR_P1";"INTERVAL";"PROBE";1;63;0x00000b31;131;1;0;6330877;9449382;602;6331087;0;CPUTHEFT
42262601047;85366;"NEAR_P1";"INTERVAL";"PROBE";1;63;0x00000b31;131;1;2;4249737;6102279;832;4249830;0;CPUTHEFT
42262686420;117451;"NEAR_P1";"INTERVAL";"PROBE";1;63;0x00000b31;131;2;3;6329788;9441372;168;6329978;0;CPUTHEFT
42262803879;117550;"NEAR_P1";"INTERVAL";"PROBE";1;63;0x00000b31;131;1;2;6333010;9446549;228;6333207;0;CPUTHEFT
42262921437;85319;"NEAR_P1";"INTERVAL";"PROBE";1;63;0x00000b31;131;1;1;4249827;6099197;28;4249923;0;CPUTHEFT
42263006763;117482;"NEAR_P1";"INTERVAL";"PROBE";1;63;0x00000b31;131;2;0;6330665;9444106;117;6330857;0;CPUTHEFT
42263124271;124499;"TRAJ_R1";"INTERVAL";"PROBE";1;63;0x00000b31;131;0;0;6524717;9802710;680;6524909;0;CPUTHEFT
42263253839;2252826;"MAF";"INTERVAL";"PROBE";1;63;0x00000b31;132;58;50;118638426;175314592;17723;118641695;0;CPUTHEFT
42263253867;123;"SENS_C1";"INTERVAL";"PROBE";1;63;0x00000b31;132;0;1;1455;2015;464;1459;0;CPUTHEFT
42263253999;232;"LOC_C1";"INTERVAL";"PROBE";1;63;0x00000b31;132;0;0;4921;7307;506;4925;0;CPUTHEFT
42263254238;40;"LOC_C2";"INTERVAL";"PROBE";1;63;0x00000b31;132;0;0;650;922;140;654;0;CPUTHEFT
42263254287;315;"LOC_C3";"INTERVAL";"PROBE";1;63;0x00000b31;132;0;0;9806;13465;316;9810;0;CPUTHEFT
42263254611;43;"LOC_C4";"INTERVAL";"PROBE";1;63;0x00000b31;132;0;0;585;885;120;589;0;CPUTHEFT
42263254660;117750;"NEAR_P1";"INTERVAL";"PROBE";1;63;0x00000b31;132;16;3;6318956;9425361;4424;6319143;0;CPUTHEFT
42263372423;85450;"NEAR_P1";"INTERVAL";"PROBE";1;63;0x00000b31;132;1;2;4249484;6101703;1000;4249582;0;CPUTHEFT
42263457881;117500;"NEAR_P1";"INTERVAL";"PROBE";1;63;0x00000b31;132;3;1;6330814;9443073;224;6331002;0;CPUTHEFT
42263575393;117479;"NEAR_P1";"INTERVAL";"PROBE";1;63;0x00000b31;132;2;3;6330779;9444454;144;6330964;0;CPUTHEFT
42263692879;85455;"NEAR_P1";"INTERVAL";"PROBE";1;63;0x00000b31;132;1;2;4251930;6100825;384;4252034;0;CPUTHEFT
42263778341;117497;"NEAR_P1";"INTERVAL";"PROBE";1;63;0x00000b31;132;1;0;6330613;9438670;214;6330801;0;CPUTHEFT
42263895845;117509;"NEAR_P1";"INTERVAL";"PROBE";1;63;0x00000b31;132;1;1;6329676;9442541;184;6329866;0;CPUTHEFT
42264013361;85473;"NEAR_P1";"INTERVAL";"PROBE";1;63;0x00000b31;132;1;2;4253968;6099766;284;4254092;0;CPUTHEFT
42264098841;117491;"NEAR_P1";"INTERVAL";"PROBE";1;63;0x00000b31;132;2;0;6328164;9436926;634;6328332;0;CPUTHEFT
42264216341;117542;"NEAR_P1";"INTERVAL";"PROBE";1;63;0x00000b31;132;1;1;6331008;9440794;592;6331196;0;CPUTHEFT
42264333891;85303;"NEAR_P1";"INTERVAL";"PROBE";1;63;0x00000b31;132;2;2;4250074;6098253;32;4250167;0;CPUTHEFT
42264419201;117472;"NEAR_P1";"INTERVAL";"PROBE";1;63;0x00000b31;132;2;1;6331114;9436280;48;6331302;0;CPUTHEFT
42264536680;117607;"NEAR_P1";"INTERVAL";"PROBE";1;63;0x00000b31;132;2;4;6330214;9441579;334;6330414;0;CPUTHEFT
42264654294;85329;"NEAR_P1";"INTERVAL";"PROBE";1;63;0x00000b31;132;2;0;4249698;6095990;48;4249795;0;CPUTHEFT
42264739631;117653;"NEAR_P1";"INTERVAL";"PROBE";1;63;0x00000b31;132;1;1;6330577;9441192;1775;6330765;0;CPUTHEFT
42264857296;117619;"NEAR_P1";"INTERVAL";"PROBE";1;63;0x00000b31;132;2;2;6327445;9431150;1840;6327628;0;CPUTHEFT
42264974922;85410;"NEAR_P1";"INTERVAL";"PROBE";1;63;0x00000b31;132;2;1;4248643;6097966;880;4248736;0;CPUTHEFT
42265060340;117731;"NEAR_P1";"INTERVAL";"PROBE";1;63;0x00000b31;132;11;3;6331069;9441763;1608;6331263;0;CPUTHEFT
42265178092;117466;"NEAR_P1";"INTERVAL";"PROBE";1;63;0x00000b31;132;2;1;6331464;9441053;208;6331647;0;CPUTHEFT
42265295579;85370;"NEAR_P1";"INTERVAL";"PROBE";1;63;0x00000b31;132;1;2;4249772;6097997;208;4249865;0;CPUTHEFT
42265380960;125697;"TRAJ_R1";"INTERVAL";"PROBE";1;63;0x00000b31;132;0;0;6569324;9864864;804;6569515;0;CPUTHEFT
42265511738;2286168;"MAF";"INTERVAL";"PROBE";1;63;0x00000b31;133;55;51;120751023;178876810;13110;120754422;0;CPUTHEFT
42265511761;32292;"SENS_C1";"INTERVAL";"PROBE";1;63;0x00000b31;133;5;2;2078711;3341424;732;2078802;0;CPUTHEFT
42265544064;230;"LOC_C1";"INTERVAL";"PROBE";1;63;0x00000b31;133;0;1;4912;7243;508;4916;0;CPUTHEFT
42265544302;36;"LOC_C2";"INTERVAL";"PROBE";1;63;0x00000b31;133;0;0;650;909;120;654;0;CPUTHEFT
42265544347;308;"LOC_C3";"INTERVAL";"PROBE";1;63;0x00000b31;133;0;0;9815;13564;316;9819;0;CPUTHEFT
42265544664;45;"LOC_C4";"INTERVAL";"PROBE";1;63;0x00000b31;133;0;0;585;935;132;589;0;CPUTHEFT
42265544715;85497;"NEAR_P1";"INTERVAL";"PROBE";1;63;0x00000b31;133;4;2;4249469;6099189;1490;4249565;0;CPUTHEFT
42265630222;117674;"NEAR_P1";"INTERVAL";"PROBE";1;63;0x00000b31;133;3;5;6334470;9456133;544;6334687;0;CPUTHEFT
42265747904;117528;"NEAR_P1";"INTERVAL";"PROBE";1;63;0x00000b31;133;2;1;6329185;9442702;815;6329364;0;CPUTHEFT
42265865442;85321;"NEAR_P1";"INTERVAL";"PROBE";1;63;0x00000b31;133;0;2;4250274;6104196;316;4250370;0;CPUTHEFT
42265950770;117465;"NEAR_P1";"INTERVAL";"PROBE";1;63;0x00000b31;133;1;1;6331136;9444861;56;6331324;0;CPUTHEFT
42266068242;117459;"NEAR_P1";"INTERVAL";"PROBE";1;63;0x00000b31;133;2;0;6331575;9447356;24;6331767;0;CPUTHEFT
42266185709;85451;"NEAR_P1";"INTERVAL";"PROBE";1;63;0x00000b31;133;2;2;4251685;6105088;316;4251790;0;CPUTHEFT
42266271167;117491;"NEAR_P1";"INTERVAL";"PROBE";1;63;0x00000b31;133;2;1;6330766;9443218;248;6330958;0;CPUTHEFT
42266388672;117658;"NEAR_P1";"INTERVAL";"PROBE";1;63;0x00000b31;133;0;2;6328123;9439453;1757;6328310;0;CPUTHEFT
42266506339;85415;"NEAR_P1";"INTERVAL";"PROBE";1;63;0x00000b31;133;0;2;4249678;6096441;924;4249776;0;CPUTHEFT
42266591762;117736;"NEAR_P1";"INTERVAL";"PROBE";1;63;0x00000b31;133;1;1;6328368;9446891;573;6328552;0;CPUTHEFT
42266709506;117606;"NEAR_P1";"INTERVAL";"PROBE";1;63;0x00000b31;133;2;2;6328294;9467033;281;6328476;0;CPUTHEFT
42266827121;85449;"NEAR_P1";"INTERVAL";"PROBE";1;63;0x00000b31;133;2;1;4250153;6127564;156;4250246;0;CPUTHEFT
42266912577;117599;"NEAR_P1";"INTERVAL";"PROBE";1;63;0x00000b31;133;2;4;6331243;9470876;134;6331433;0;CPUTHEFT
42267030184;117735;"NEAR_P1";"INTERVAL";"PROBE";1;63;0x00000b31;133;2;1;6333282;9473425;376;6333479;0;CPUTHEFT
42267147928;85361;"NEAR_P1";"INTERVAL";"PROBE";1;63;0x00000b31;133;1;2;4250195;6098978;112;4250291;0;CPUTHEFT
42267233296;117495;"NEAR_P1";"INTERVAL";"PROBE";1;63;0x00000b31;133;13;1;6315581;9421268;1219;6315800;0;CPUTHEFT
42267350805;117596;"NEAR_P1";"INTERVAL";"PROBE";1;63;0x00000b31;133;4;1;6329654;9441334;808;6329835;0;CPUTHEFT
42267468409;85355;"NEAR_P1";"INTERVAL";"PROBE";1;63;0x00000b31;133;1;1;4246709;6098080;323;4246802;0;CPUTHEFT
42267553771;117453;"NEAR_P1";"INTERVAL";"PROBE";1;63;0x00000b31;133;3;2;6330507;9442610;64;6330699;0;CPUTHEFT
42267671250;126647;"TRAJ_R1";"INTERVAL";"PROBE";1;63;0x00000b31;133;0;0;6609776;9918358;438;6609965;0;CPUTHEFT
42267803048;2287631;"MAF";"INTERVAL";"PROBE";1;63;0x00000b31;134;43;53;120792439;178814604;18401;120795868;0;CPUTHEFT
42267803065;115;"SENS_C1";"INTERVAL";"PROBE";1;63;0x00000b31;134;0;2;1454;2068;444;1458;0;CPUTHEFT
42267803189;227;"LOC_C1";"INTERVAL";"PROBE";1;63;0x00000b31;134;1;1;4913;7160;510;4917;0;CPUTHEFT
42267803425;34;"LOC_C2";"INTERVAL";"PROBE";1;63;0x00000b31;134;0;0;650;922;100;654;0;CPUTHEFT
42267803468;314;"LOC_C3";"INTERVAL";"PROBE";1;63;0x00000b31;134;0;0;9810;13407;309;9814;0;CPUTHEFT
42267803792;44;"LOC_C4";"INTERVAL";"PROBE";1;63;0x00000b31;134;0;0;585;912;124;589;0;CPUTHEFT
42267803842;117718;"NEAR_P1";"INTERVAL";"PROBE";1;63;0x00000b31;134;10;5;6327014;9437579;944;6327215;0;CPUTHEFT
42267921567;85355;"NEAR_P1";"INTERVAL";"PROBE";1;63;0x00000b31;134;4;3;4249483;6095833;588;4249582;0;CPUTHEFT
42268006933;117630;"NEAR_P1";"INTERVAL";"PROBE";1;63;0x00000b31;134;0;2;6329189;9441477;2368;6329376;0;CPUTHEFT
42268124573;117546;"NEAR_P1";"INTERVAL";"PROBE";1;63;0x00000b31;134;1;1;6329891;9437371;1021;6330077;0;CPUTHEFT
42268242127;85345;"NEAR_P1";"INTERVAL";"PROBE";1;63;0x00000b31;134;1;2;4249685;6097591;273;4249780;0;CPUTHEFT
42268327479;117480;"NEAR_P1";"INTERVAL";"PROBE";1;63;0x00000b31;134;2;3;6330448;9437860;182;6330631;0;CPUTHEFT
42268444967;117494;"NEAR_P1";"INTERVAL";"PROBE";1;63;0x00000b31;134;3;4;6331087;9440235;236;6331274;0;CPUTHEFT
42268562468;117598;"NEAR_P1";"INTERVAL";"PROBE";1;63;0x00000b31;134;4;0;6317505;9425239;1602;6317715;0;CPUTHEFT
42268680080;85647;"NEAR_P1";"INTERVAL";"PROBE";1;63;0x00000b31;134;4;1;4247580;6098403;1651;4247698;0;CPUTHEFT
42268765735;117611;"NEAR_P1";"INTERVAL";"PROBE";1;63;0x00000b31;134;1;1;6329306;9436960;843;6329500;0;CPUTHEFT
42268883355;117759;"NEAR_P1";"INTERVAL";"PROBE";1;63;0x00000b31;134;0;2;6331736;9448633;846;6331944;0;CPUTHEFT
42269001125;85425;"NEAR_P1";"INTERVAL";"PROBE";1;63;0x00000b31;134;1;1;4249516;6097207;1076;4249611;0;CPUTHEFT
42269086557;117479;"NEAR_P1";"INTERVAL";"PROBE";1;63;0x00000b31;134;1;1;6329035;9439576;185;6329222;0;CPUTHEFT
42269204044;117447;"NEAR_P1";"INTERVAL";"PROBE";1;63;0x00000b31;134;1;0;6330742;9441575;116;6330932;0;CPUTHEFT
42269321499;85312;"NEAR_P1";"INTERVAL";"PROBE";1;63;0x00000b31;134;0;1;4250063;6089439;121;4250161;0;CPUTHEFT
42269406818;117466;"NEAR_P1";"INTERVAL";"PROBE";1;63;0x00000b31;134;1;1;6330945;9430994;121;6331137;0;CPUTHEFT
42269524291;117670;"NEAR_P1";"INTERVAL";"PROBE";1;63;0x00000b31;134;1;1;6330286;9439667;1200;6330481;0;CPUTHEFT
42269641980;85412;"NEAR_P1";"INTERVAL";"PROBE";1;63;0x00000b31;134;2;2;4248196;6096319;1584;4248291;0;CPUTHEFT
42269727402;117628;"NEAR_P1";"INTERVAL";"PROBE";1;63;0x00000b31;134;2;1;6328571;9459815;839;6328759;0;CPUTHEFT
42269845064;117584;"NEAR_P1";"INTERVAL";"PROBE";1;63;0x00000b31;134;2;4;6330144;9464772;226;6330333;0;CPUTHEFT
42269962673;127998;"TRAJ_R1";"INTERVAL";"PROBE";1;63;0x00000b31;134;0;0;6658402;10005786;430;6658588;0;CPUTHEFT
42270095945;2257663;"MAF";"INTERVAL";"PROBE";1;63;0x00000b31;135;50;60;118775601;176029377;12818;118778884;0;CPUTHEFT
42270095962;115;"SENS_C1";"INTERVAL";"PROBE";1;63;0x00000b31;135;0;2;1452;2064;468;1456;0;CPUTHEFT
42270096086;227;"LOC_C1";"INTERVAL";"PROBE";1;63;0x00000b31;135;0;1;4912;7319;512;4916;0;CPUTHEFT
42270096321;31;"LOC_C2";"INTERVAL";"PROBE";1;63;0x00000b31;135;0;0;650;912;96;654;0;CPUTHEFT
42270096361;313;"LOC_C3";"INTERVAL";"PROBE";1;63;0x00000b31;135;0;0;9812;13503;324;9816;0;CPUTHEFT
42270096684;46;"LOC_C4";"INTERVAL";"PROBE";1;63;0x00000b31;135;0;0;584;898;140;588;0;CPUTHEFT
42270096737;85816;"NEAR_P1";"INTERVAL";"PROBE";1;63;0x00000b31;135;21;6;4245323;6119827;2421;4245424;0;CPUTHEFT
42270182563;117639;"NEAR_P1";"INTERVAL";"PROBE";1;63;0x00000b31;135;2;6;6330630;9466356;444;6330816;0;CPUTHEFT
42270300209;117679;"NEAR_P1";"INTERVAL";"PROBE";1;63;0x00000b31;135;2;0;6331749;9471322;515;6331946;0;CPUTHEFT
42270417896;85557;"NEAR_P1";"INTERVAL";"PROBE";1;63;0x00000b31;135;1;1;4253502;6131838;188;4253626;0;CPUTHEFT
42270503460;117600;"NEAR_P1";"INTERVAL";"PROBE";1;63;0x00000b31;135;1;2;6330478;9464787;537;6330662;0;CPUTHEFT
42270621069;117616;"NEAR_P1";"INTERVAL";"PROBE";1;63;0x00000b31;135;1;1;6328314;9463333;585;6328497;0;CPUTHEFT
42270738692;117579;"NEAR_P1";"INTERVAL";"PROBE";1;63;0x00000b31;135;3;1;6325552;9462548;342;6325736;0;CPUTHEFT
42270856278;85397;"NEAR_P1";"INTERVAL";"PROBE";1;63;0x00000b31;135;1;2;4249873;6125619;44;4249967;0;CPUTHEFT
42270941683;117565;"NEAR_P1";"INTERVAL";"PROBE";1;63;0x00000b31;135;1;2;6330759;9465370;80;6330951;0;CPUTHEFT
42271059257;117614;"NEAR_P1";"INTERVAL";"PROBE";1;63;0x00000b31;135;2;3;6330540;9469618;132;6330727;0;CPUTHEFT
42271176881;85609;"NEAR_P1";"INTERVAL";"PROBE";1;63;0x00000b31;135;1;2;4251124;6129582;1404;4251229;0;CPUTHEFT
42271262501;117644;"NEAR_P1";"INTERVAL";"PROBE";1;63;0x00000b31;135;1;0;6328529;9460137;1444;6328715;0;CPUTHEFT
42271380166;117596;"NEAR_P1";"INTERVAL";"PROBE";1;63;0x00000b31;135;1;1;6330461;9463302;391;6330647;0;CPUTHEFT
42271497771;85417;"NEAR_P1";"INTERVAL";"PROBE";1;63;0x00000b31;135;1;2;4249735;6123665;148;4249828;0;CPUTHEFT
42271583197;117562;"NEAR_P1";"INTERVAL";"PROBE";1;63;0x00000b31;135;2;3;6329586;9466467;111;6329771;0;CPUTHEFT
42271700767;117552;"NEAR_P1";"INTERVAL";"PROBE";1;63;0x00000b31;135;1;2;6331044;9467576;112;6331236;0;CPUTHEFT
42271818334;85409;"NEAR_P1";"INTERVAL";"PROBE";1;63;0x00000b31;135;1;1;4249839;6122324;100;4249933;0;CPUTHEFT
42271903753;117576;"NEAR_P1";"INTERVAL";"PROBE";1;63;0x00000b31;135;2;0;6331125;9463612;124;6331313;0;CPUTHEFT
42272021336;117677;"NEAR_P1";"INTERVAL";"PROBE";1;63;0x00000b31;135;1;0;6332460;9468859;532;6332654;0;CPUTHEFT
42272139021;85479;"NEAR_P1";"INTERVAL";"PROBE";1;63;0x00000b31;135;1;2;4249011;6110123;683;4249104;0;CPUTHEFT
42272224513;129087;"TRAJ_R1";"INTERVAL";"PROBE";1;63;0x00000b31;135;0;1;6702327;10060471;585;6702516;0;CPUTHEFT
42272358784;2290241;"MAF";"INTERVAL";"PROBE";1;63;0x00000b31;136;42;48;120898367;179073539;15645;120901788;0;CPUTHEFT
42272358803;114;"SENS_C1";"INTERVAL";"PROBE";1;63;0x00000b31;136;0;0;1455;2054;432;1459;0;CPUTHEFT
42272358925;226;"LOC_C1";"INTERVAL";"PROBE";1;63;0x00000b31;136;0;0;4912;7176;486;4916;0;CPUTHEFT
42272359159;39;"LOC_C2";"INTERVAL";"PROBE";1;63;0x00000b31;136;0;0;650;920;112;654;0;CPUTHEFT
42272359207;310;"LOC_C3";"INTERVAL";"PROBE";1;63;0x00000b31;136;0;0;9807;13552;316;9811;0;CPUTHEFT
42272359526;47;"LOC_C4";"INTERVAL";"PROBE";1;63;0x00000b31;136;0;0;586;905;128;590;0;CPUTHEFT
42272359579;117838;"NEAR_P1";"INTERVAL";"PROBE";1;63;0x00000b31;136;13;3;6327307;9430062;1286;6327490;0;CPUTHEFT
42272477425;117494;"NEAR_P1";"INTERVAL";"PROBE";1;63;0x00000b31;136;3;2;6329277;9436561;189;6329470;0;CPUTHEFT
42272594927;117455;"NEAR_P1";"INTERVAL";"PROBE";1;63;0x00000b31;136;3;2;6330838;9429927;140;6331030;0;CPUTHEFT
42272712390;85344;"NEAR_P1";"INTERVAL";"PROBE";1;63;0x00000b31;136;2;1;4249918;6097399;436;4250015;0;CPUTHEFT
42272797749;117828;"NEAR_P1";"INTERVAL";"PROBE";1;63;0x00000b31;136;3;2;6323619;9431942;3885;6323817;0;CPUTHEFT
42272915596;117628;"NEAR_P1";"INTERVAL";"PROBE";1;63;0x00000b31;136;1;2;6329431;9440129;1909;6329616;0;CPUTHEFT
42273033233;85380;"NEAR_P1";"INTERVAL";"PROBE";1;63;0x00000b31;136;0;1;4249326;6096495;409;4249424;0;CPUTHEFT
42273118621;117509;"NEAR_P1";"INTERVAL";"PROBE";1;63;0x00000b31;136;2;2;6329275;9438331;278;6329467;0;CPUTHEFT
42273236137;117464;"NEAR_P1";"INTERVAL";"PROBE";1;63;0x00000b31;136;1;1;6328993;9437027;179;6329181;0;CPUTHEFT
42273353618;85339;"NEAR_P1";"INTERVAL";"PROBE";1;63;0x00000b31;136;1;2;4248486;6094744;239;4248582;0;CPUTHEFT
42273438965;117519;"NEAR_P1";"INTERVAL";"PROBE";1;63;0x00000b31;136;0;1;6330982;9439636;232;6331165;0;CPUTHEFT
42273556492;117481;"NEAR_P1";"INTERVAL";"PROBE";1;63;0x00000b31;136;0;2;6331298;9442926;116;6331483;0;CPUTHEFT
42273673981;85552;"NEAR_P1";"INTERVAL";"PROBE";1;63;0x00000b31;136;1;1;4256088;6112776;364;4256219;0;CPUTHEFT
42273759542;117546;"NEAR_P1";"INTERVAL";"PROBE";1;63;0x00000b31;136;0;1;6327668;9441977;755;6327859;0;CPUTHEFT
42273877095;117604;"NEAR_P1";"INTERVAL";"PROBE";1;63;0x00000b31;136;1;1;6330791;9466822;130;6330978;0;CPUTHEFT
42273994706;85432;"NEAR_P1";"INTERVAL";"PROBE";1;63;0x00000b31;136;1;2;4249684;6124433;84;4249782;0;CPUTHEFT
42274080145;117568;"NEAR_P1";"INTERVAL";"PROBE";1;63;0x00000b31;136;2;0;6329750;9462999;84;6329940;0;CPUTHEFT
42274197720;117615;"NEAR_P1";"INTERVAL";"PROBE";1;63;0x00000b31;136;0;1;6330640;9467000;92;6330831;0;CPUTHEFT
42274315343;85476;"NEAR_P1";"INTERVAL";"PROBE";1;63;0x00000b31;136;1;2;4250159;6123617;404;4250256;0;CPUTHEFT
42274400828;117734;"NEAR_P1";"INTERVAL";"PROBE";1;63;0x00000b31;136;1;0;6329046;9464210;1728;6329233;0;CPUTHEFT
42274518575;130442;"TRAJ_R1";"INTERVAL";"PROBE";1;63;0x00000b31;136;0;2;6752148;10142110;876;6752361;0;CPUTHEFT
42274654227;2292888;"MAF";"INTERVAL";"PROBE";1;63;0x00000b31;137;52;54;120952240;179568658;14283;120955577;0;CPUTHEFT
42274654256;124;"SENS_C1";"INTERVAL";"PROBE";1;63;0x00000b31;137;0;4;1452;2045;468;1456;0;CPUTHEFT
42274654388;236;"LOC_C1";"INTERVAL";"PROBE";1;63;0x00000b31;137;0;0;4919;7285;516;4923;0;CPUTHEFT
42274654630;38;"LOC_C2";"INTERVAL";"PROBE";1;63;0x00000b31;137;0;0;650;918;120;654;0;CPUTHEFT
42274654677;309;"LOC_C3";"INTERVAL";"PROBE";1;63;0x00000b31;137;0;0;9806;13590;304;9810;0;CPUTHEFT
42274654995;47;"LOC_C4";"INTERVAL";"PROBE";1;63;0x00000b31;137;0;0;584;895;132;588;0;CPUTHEFT
42274655048;117743;"NEAR_P1";"INTERVAL";"PROBE";1;63;0x00000b31;137;9;2;6325631;9464324;2198;6325816;0;CPUTHEFT
42274772798;117641;"NEAR_P1";"INTERVAL";"PROBE";1;63;0x00000b31;137;2;4;6326179;9463010;846;6326365;0;CPUTHEFT
42274890446;85416;"NEAR_P1";"INTERVAL";"PROBE";1;63;0x00000b31;137;1;0;4249861;6125710;218;4249956;0;CPUTHEFT
42274975870;117565;"NEAR_P1";"INTERVAL";"PROBE";1;63;0x00000b31;137;1;0;6330314;9468338;151;6330497;0;CPUTHEFT
42275093443;117607;"NEAR_P1";"INTERVAL";"PROBE";1;63;0x00000b31;137;2;3;6330962;9469382;140;6331145;0;CPUTHEFT
42275211057;85473;"NEAR_P1";"INTERVAL";"PROBE";1;63;0x00000b31;137;2;1;4248945;6122827;132;4249039;0;CPUTHEFT
42275296537;117823;"NEAR_P1";"INTERVAL";"PROBE";1;63;0x00000b31;137;2;4;6337578;9482045;704;6337785;0;CPUTHEFT
42275414370;117627;"NEAR_P1";"INTERVAL";"PROBE";1;63;0x00000b31;137;1;0;6330160;9465697;600;6330347;0;CPUTHEFT
42275532005;85430;"NEAR_P1";"INTERVAL";"PROBE";1;63;0x00000b31;137;1;1;4250006;6126326;57;4250101;0;CPUTHEFT
42275617442;117575;"NEAR_P1";"INTERVAL";"PROBE";1;63;0x00000b31;137;2;0;6329783;9468377;82;6329968;0;CPUTHEFT
42275735025;117892;"NEAR_P1";"INTERVAL";"PROBE";1;63;0x00000b31;137;11;5;6330228;9466617;1185;6330420;0;CPUTHEFT
42275852925;85428;"NEAR_P1";"INTERVAL";"PROBE";1;63;0x00000b31;137;4;1;4250173;6128986;105;4250264;0;CPUTHEFT
42275938360;117676;"NEAR_P1";"INTERVAL";"PROBE";1;63;0x00000b31;137;0;2;6330670;9469094;1180;6330858;0;CPUTHEFT
42276056051;117706;"NEAR_P1";"INTERVAL";"PROBE";1;63;0x00000b31;137;1;1;6327965;9464137;1723;6328152;0;CPUTHEFT
42276173768;85627;"NEAR_P1";"INTERVAL";"PROBE";1;63;0x00000b31;137;1;2;4250489;6126719;1068;4250595;0;CPUTHEFT
42276259403;117669;"NEAR_P1";"INTERVAL";"PROBE";1;63;0x00000b31;137;2;0;6330287;9468688;368;6330477;0;CPUTHEFT
42276377081;117620;"NEAR_P1";"INTERVAL";"PROBE";1;63;0x00000b31;137;0;1;6330846;9470240;172;6331033;0;CPUTHEFT
42276494708;85440;"NEAR_P1";"INTERVAL";"PROBE";1;63;0x00000b31;137;2;1;4249770;6127185;180;4249861;0;CPUTHEFT
42276580155;117631;"NEAR_P1";"INTERVAL";"PROBE";1;63;0x00000b31;137;1;3;6328810;9467186;195;6328992;0;CPUTHEFT
42276697794;117587;"NEAR_P1";"INTERVAL";"PROBE";1;63;0x00000b31;137;3;2;6331054;9469528;128;6331244;0;CPUTHEFT
42276815391;131714;"TRAJ_R1";"INTERVAL";"PROBE";1;63;0x00000b31;137;0;2;6798881;10201515;979;6799068;0;CPUTHEFT
42276952341;2293874;"MAF";"INTERVAL";"PROBE";1;63;0x00000b31;138;42;53;121020392;179531632;14553;121023779;0;CPUTHEFT
42276952372;121;"SENS_C1";"INTERVAL";"PROBE";1;63;0x00000b31;138;0;1;1454;2051;476;1458;0;CPUTHEFT
42276952502;235;"LOC_C1";"INTERVAL";"PROBE";1;63;0x00000b31;138;1;1;4918;7215;536;4922;0;CPUTHEFT
42276952745;35;"LOC_C2";"INTERVAL";"PROBE";1;63;0x00000b31;138;0;0;650;914;116;654;0;CPUTHEFT
42276952792;312;"LOC_C3";"INTERVAL";"PROBE";1;63;0x00000b31;138;0;0;9802;13459;304;9806;0;CPUTHEFT
42276953114;49;"LOC_C4";"INTERVAL";"PROBE";1;63;0x00000b31;138;0;0;585;919;136;589;0;CPUTHEFT
42276953169;117928;"NEAR_P1";"INTERVAL";"PROBE";1;63;0x00000b31;138;8;2;6325761;9464083;4251;6325951;0;CPUTHEFT
42277071104;85488;"NEAR_P1";"INTERVAL";"PROBE";1;63;0x00000b31;138;1;1;4249964;6113894;744;4250060;0;CPUTHEFT
42277156600;117589;"NEAR_P1";"INTERVAL";"PROBE";1;63;0x00000b31;138;2;1;6330720;9465463;102;6330908;0;CPUTHEFT
42277274197;117575;"NEAR_P1";"INTERVAL";"PROBE";1;63;0x00000b31;138;2;1;6330341;9466295;103;6330533;0;CPUTHEFT
42277391779;85475;"NEAR_P1";"INTERVAL";"PROBE";1;63;0x00000b31;138;3;3;4249258;6122628;144;4249354;0;CPUTHEFT
42277477262;117680;"NEAR_P1";"INTERVAL";"PROBE";1;63;0x00000b31;138;1;1;6330617;9466067;592;6330808;0;CPUTHEFT
42277594955;117714;"NEAR_P1";"INTERVAL";"PROBE";1;63;0x00000b31;138;1;2;6328835;9465553;1917;6329030;0;CPUTHEFT
42277712680;85500;"NEAR_P1";"INTERVAL";"PROBE";1;63;0x00000b31;138;1;1;4249609;6121809;940;4249700;0;CPUTHEFT
42277798188;117717;"NEAR_P1";"INTERVAL";"PROBE";1;63;0x00000b31;138;2;4;6332898;9472932;688;6333096;0;CPUTHEFT
42277915912;117627;"NEAR_P1";"INTERVAL";"PROBE";1;63;0x00000b31;138;2;1;6331412;9467642;180;6331598;0;CPUTHEFT
42278033546;85453;"NEAR_P1";"INTERVAL";"PROBE";1;63;0x00000b31;138;1;2;4249842;6123787;105;4249940;0;CPUTHEFT
42278119006;117594;"NEAR_P1";"INTERVAL";"PROBE";1;63;0x00000b31;138;3;2;6330688;9466831;167;6330871;0;CPUTHEFT
42278236607;117599;"NEAR_P1";"INTERVAL";"PROBE";1;63;0x00000b31;138;1;1;6330227;9468863;192;6330412;0;CPUTHEFT
42278354214;85451;"NEAR_P1";"INTERVAL";"PROBE";1;63;0x00000b31;138;2;0;4249985;6115433;140;4250083;0;CPUTHEFT
42278439673;117733;"NEAR_P1";"INTERVAL";"PROBE";1;63;0x00000b31;138;1;2;6335596;9476051;240;6335814;0;CPUTHEFT
42278557413;117692;"NEAR_P1";"INTERVAL";"PROBE";1;63;0x00000b31;138;1;1;6330126;9468384;740;6330312;0;CPUTHEFT
42278675113;117717;"NEAR_P1";"INTERVAL";"PROBE";1;63;0x00000b31;138;1;0;6332524;9473350;452;6332718;0;CPUTHEFT
42278792840;85419;"NEAR_P1";"INTERVAL";"PROBE";1;63;0x00000b31;138;1;2;4250284;6125558;92;4250377;0;CPUTHEFT
42278878266;117524;"NEAR_P1";"INTERVAL";"PROBE";1;63;0x00000b31;138;3;3;6329242;9445634;120;6329429;0;CPUTHEFT
42278995807;117477;"NEAR_P1";"INTERVAL";"PROBE";1;63;0x00000b31;138;1;2;6331020;9444625;110;6331207;0;CPUTHEFT
42279113301;132905;"TRAJ_R1";"INTERVAL";"PROBE";1;63;0x00000b31;138;0;1;6857800;10243879;694;6857989;0;CPUTHEFT
42279251317;2294501;"MAF";"INTERVAL";"PROBE";1;63;0x00000b31;139;52;53;121041668;179099255;23728;121045086;0;CPUTHEFT
42279251348;124;"SENS_C1";"INTERVAL";"PROBE";1;63;0x00000b31;139;0;2;1452;2028;476;1456;0;CPUTHEFT
42279251481;235;"LOC_C1";"INTERVAL";"PROBE";1;63;0x00000b31;139;0;2;4912;7150;528;4916;0;CPUTHEFT
42279251723;40;"LOC_C2";"INTERVAL";"PROBE";1;63;0x00000b31;139;0;0;650;897;144;654;0;CPUTHEFT
42279251772;315;"LOC_C3";"INTERVAL";"PROBE";1;63;0x00000b31;139;0;0;9809;13575;316;9813;0;CPUTHEFT
42279252096;44;"LOC_C4";"INTERVAL";"PROBE";1;63;0x00000b31;139;0;0;584;906;136;588;0;CPUTHEFT
42279252147;117691;"NEAR_P1";"INTERVAL";"PROBE";1;63;0x00000b31;139;8;3;6322061;9430363;4269;6322245;0;CPUTHEFT
42279369849;85522;"NEAR_P1";"INTERVAL";"PROBE";1;63;0x00000b31;139;3;5;4250453;6100609;952;4250548;0;CPUTHEFT
42279455378;117606;"NEAR_P1";"INTERVAL";"PROBE";1;63;0x00000b31;139;3;3;6333308;9443558;464;6333503;0;CPUTHEFT
42279572993;117500;"NEAR_P1";"INTERVAL";"PROBE";1;63;0x00000b31;139;2;1;6331122;9441058;180;6331312;0;CPUTHEFT
42279690500;85328;"NEAR_P1";"INTERVAL";"PROBE";1;63;0x00000b31;139;0;2;4250529;6100743;121;4250623;0;CPUTHEFT
42279775835;117508;"NEAR_P1";"INTERVAL";"PROBE";1;63;0x00000b31;139;2;2;6330062;9442284;193;6330249;0;CPUTHEFT
42279893350;117512;"NEAR_P1";"INTERVAL";"PROBE";1;63;0x00000b31;139;3;0;6328821;9439217;229;6329005;0;CPUTHEFT
42280010869;85362;"NEAR_P1";"INTERVAL";"PROBE";1;63;0x00000b31;139;0;1;4250418;6099014;128;4250514;0;CPUTHEFT
42280096238;117695;"NEAR_P1";"INTERVAL";"PROBE";1;63;0x00000b31;139;1;0;6334762;9454080;785;6334961;0;CPUTHEFT
42280213943;117561;"NEAR_P1";"INTERVAL";"PROBE";1;63;0x00000b31;139;1;2;6331437;9442546;521;6331629;0;CPUTHEFT
42280331511;85445;"NEAR_P1";"INTERVAL";"PROBE";1;63;0x00000b31;139;0;1;4251917;6105718;421;4252021;0;CPUTHEFT
42280416963;117478;"NEAR_P1";"INTERVAL";"PROBE";1;63;0x00000b31;139;1;1;6331754;9443987;72;6331937;0;CPUTHEFT
42280534449;117495;"NEAR_P1";"INTERVAL";"PROBE";1;63;0x00000b31;139;1;1;6331030;9441475;145;6331219;0;CPUTHEFT
42280651951;85452;"NEAR_P1";"INTERVAL";"PROBE";1;63;0x00000b31;139;5;2;4243225;6083021;916;4243333;0;CPUTHEFT
42280737411;117863;"NEAR_P1";"INTERVAL";"PROBE";1;63;0x00000b31;139;2;4;6325269;9441282;2851;6325489;0;CPUTHEFT
42280855292;117801;"NEAR_P1";"INTERVAL";"PROBE";1;63;0x00000b31;139;2;1;6315456;9417419;4775;6315649;0;CPUTHEFT
42280973115;85493;"NEAR_P1";"INTERVAL";"PROBE";1;63;0x00000b31;139;0;2;4246851;6093005;1497;4246943;0;CPUTHEFT
42281058618;117540;"NEAR_P1";"INTERVAL";"PROBE";1;63;0x00000b31;139;2;2;6331367;9444921;512;6331556;0;CPUTHEFT
42281176166;117631;"NEAR_P1";"INTERVAL";"PROBE";1;63;0x00000b31;139;2;0;6332754;9433562;776;6332952;0;CPUTHEFT
42281293831;85357;"NEAR_P1";"INTERVAL";"PROBE";1;63;0x00000b31;139;2;1;4250587;6100176;220;4250685;0;CPUTHEFT
42281379214;166594;"TRAJ_R1";"INTERVAL";"PROBE";1;63;0x00000b31;139;8;2;8984847;13648456;1669;8985129;0;CPUTHEFT
42281551086;2263161;"MAF";"INTERVAL";"PROBE";1;63;0x00000b31;140;48;52;119030062;176066942;13614;119033392;0;CPUTHEFT
42281551106;113;"SENS_C1";"INTERVAL";"PROBE";1;63;0x00000b31;140;0;0;1454;2110;420;1458;0;CPUTHEFT
42281551228;221;"LOC_C1";"INTERVAL";"PROBE";1;63;0x00000b31;140;0;0;4902;7158;486;4906;0;CPUTHEFT
42281551456;33;"LOC_C2";"INTERVAL";"PROBE";1;63;0x00000b31;140;0;0;650;889;104;654;0;CPUTHEFT
42281551498;309;"LOC_C3";"INTERVAL";"PROBE";1;63;0x00000b31;140;0;0;9807;13467;320;9811;0;CPUTHEFT
42281551817;45;"LOC_C4";"INTERVAL";"PROBE";1;63;0x00000b31;140;0;0;585;894;128;589;0;CPUTHEFT
42281551868;85480;"NEAR_P1";"INTERVAL";"PROBE";1;63;0x00000b31;140;11;4;4245610;6097354;1488;4245699;0;CPUTHEFT
42281637357;117661;"NEAR_P1";"INTERVAL";"PROBE";1;63;0x00000b31;140;3;3;6332612;9449905;802;6332831;0;CPUTHEFT
42281755027;117621;"NEAR_P1";"INTERVAL";"PROBE";1;63;0x00000b31;140;2;1;6330809;9447255;872;6330997;0;CPUTHEFT
42281872656;85339;"NEAR_P1";"INTERVAL";"PROBE";1;63;0x00000b31;140;1;2;4250692;6103380;236;4250787;0;CPUTHEFT
42281958002;117593;"NEAR_P1";"INTERVAL";"PROBE";1;63;0x00000b31;140;3;2;6333505;9448235;296;6333701;0;CPUTHEFT
42282075612;117497;"NEAR_P1";"INTERVAL";"PROBE";1;63;0x00000b31;140;1;1;6330436;9431339;115;6330623;0;CPUTHEFT
42282193117;85321;"NEAR_P1";"INTERVAL";"PROBE";1;63;0x00000b31;140;4;2;4250789;6102063;105;4250885;0;CPUTHEFT
42282278445;117520;"NEAR_P1";"INTERVAL";"PROBE";1;63;0x00000b31;140;1;1;6331158;9443667;546;6331350;0;CPUTHEFT
42282395977;117671;"NEAR_P1";"INTERVAL";"PROBE";1;63;0x00000b31;140;1;0;6328790;9441615;2021;6328974;0;CPUTHEFT
42282513658;85385;"NEAR_P1";"INTERVAL";"PROBE";1;63;0x00000b31;140;1;2;4249627;6100005;1008;4249718;0;CPUTHEFT
42282599050;117474;"NEAR_P1";"INTERVAL";"PROBE";1;63;0x00000b31;140;2;3;6331758;9444946;260;6331948;0;CPUTHEFT
42282716531;117487;"NEAR_P1";"INTERVAL";"PROBE";1;63;0x00000b31;140;0;2;6329573;9440203;269;6329757;0;CPUTHEFT
42282834025;85464;"NEAR_P1";"INTERVAL";"PROBE";1;63;0x00000b31;140;1;2;4252373;6103075;430;4252477;0;CPUTHEFT
42282919497;117523;"NEAR_P1";"INTERVAL";"PROBE";1;63;0x00000b31;140;0;1;6331475;9445927;208;6331664;0;CPUTHEFT
42283037028;117620;"NEAR_P1";"INTERVAL";"PROBE";1;63;0x00000b31;140;1;2;6328041;9461123;351;6328227;0;CPUTHEFT
42283154657;117601;"NEAR_P1";"INTERVAL";"PROBE";1;63;0x00000b31;140;3;3;6331579;9470790;138;6331765;0;CPUTHEFT
42283272266;85444;"NEAR_P1";"INTERVAL";"PROBE";1;63;0x00000b31;140;2;0;4248542;6126242;195;4248635;0;CPUTHEFT
42283357718;117683;"NEAR_P1";"INTERVAL";"PROBE";1;63;0x00000b31;140;7;2;6315191;9447246;1780;6315412;0;CPUTHEFT
42283475411;117638;"NEAR_P1";"INTERVAL";"PROBE";1;63;0x00000b31;140;0;2;6331685;9473558;156;6331875;0;CPUTHEFT
42283593056;85424;"NEAR_P1";"INTERVAL";"PROBE";1;63;0x00000b31;140;1;1;4250721;6117659;20;4250817;0;CPUTHEFT
42283678505;135735;"TRAJ_R1";"INTERVAL";"PROBE";1;63;0x00000b31;140;0;0;6961454;10418845;552;6961662;0;CPUTHEFT
42283818957;2298575;"MAF";"INTERVAL";"PROBE";1;63;0x00000b31;141;38;59;121165389;179786234;17495;121168717;0;CPUTHEFT
42283818976;119;"SENS_C1";"INTERVAL";"PROBE";1;63;0x00000b31;141;0;1;1452;2048;452;1456;0;CPUTHEFT
42283819103;229;"LOC_C1";"INTERVAL";"PROBE";1;63;0x00000b31;141;0;0;4921;7377;504;4925;0;CPUTHEFT
42283819339;35;"LOC_C2";"INTERVAL";"PROBE";1;63;0x00000b31;141;0;0;650;925;104;654;0;CPUTHEFT
42283819385;311;"LOC_C3";"INTERVAL";"PROBE";1;63;0x00000b31;141;0;0;9810;13346;316;9814;0;CPUTHEFT
42283819706;42;"LOC_C4";"INTERVAL";"PROBE";1;63;0x00000b31;141;0;0;584;895;128;588;0;CPUTHEFT
42283819754;117594;"NEAR_P1";"INTERVAL";"PROBE";1;63;0x00000b31;141;7;4;6321467;9453455;621;6321605;0;CPUTHEFT
42283937355;117856;"NEAR_P1";"INTERVAL";"PROBE";1;63;0x00000b31;141;3;1;6330210;9465367;1829;6330398;0;CPUTHEFT
42284055228;117742;"NEAR_P1";"INTERVAL";"PROBE";1;63;0x00000b31;141;0;2;6328253;9460015;1768;6328440;0;CPUTHEFT
42284172978;85616;"NEAR_P1";"INTERVAL";"PROBE";1;63;0x00000b31;141;0;2;4249818;6110843;772;4249916;0;CPUTHEFT
42284258601;117648;"NEAR_P1";"INTERVAL";"PROBE";1;63;0x00000b31;141;1;1;6330999;9468653;360;6331184;0;CPUTHEFT
42284376256;117635;"NEAR_P1";"INTERVAL";"PROBE";1;63;0x00000b31;141;2;2;6331281;9466833;212;6331468;0;CPUTHEFT
42284493898;85581;"NEAR_P1";"INTERVAL";"PROBE";1;63;0x00000b31;141;2;1;4252364;6128471;416;4252463;0;CPUTHEFT
42284579486;117611;"NEAR_P1";"INTERVAL";"PROBE";1;63;0x00000b31;141;2;4;6331604;9457979;140;6331792;0;CPUTHEFT
42284697104;117601;"NEAR_P1";"INTERVAL";"PROBE";1;63;0x00000b31;141;2;1;6329957;9466924;168;6330147;0;CPUTHEFT
42284814713;85690;"NEAR_P1";"INTERVAL";"PROBE";1;63;0x00000b31;141;2;3;4254022;6133917;1152;4254148;0;CPUTHEFT
42284900415;117724;"NEAR_P1";"INTERVAL";"PROBE";1;63;0x00000b31;141;1;2;6324671;9458796;2586;6324854;0;CPUTHEFT
42285018155;117729;"NEAR_P1";"INTERVAL";"PROBE";1;63;0x00000b31;141;3;3;6329077;9464002;1290;6329268;0;CPUTHEFT
42285135895;85426;"NEAR_P1";"INTERVAL";"PROBE";1;63;0x00000b31;141;2;1;4250266;6125225;124;4250364;0;CPUTHEFT
42285221328;117581;"NEAR_P1";"INTERVAL";"PROBE";1;63;0x00000b31;141;1;2;6332078;9467514;92;6332270;0;CPUTHEFT
42285338916;117706;"NEAR_P1";"INTERVAL";"PROBE";1;63;0x00000b31;141;2;3;6333357;9474617;296;6333553;0;CPUTHEFT
42285456640;85454;"NEAR_P1";"INTERVAL";"PROBE";1;63;0x00000b31;141;1;2;4250261;6122418;146;4250356;0;CPUTHEFT
42285542102;117726;"NEAR_P1";"INTERVAL";"PROBE";1;63;0x00000b31;141;1;0;6330798;9466413;1228;6330983;0;CPUTHEFT
42285659843;117709;"NEAR_P1";"INTERVAL";"PROBE";1;63;0x00000b31;141;1;1;6330182;9465244;1561;6330369;0;CPUTHEFT
42285777560;85454;"NEAR_P1";"INTERVAL";"PROBE";1;63;0x00000b31;141;1;2;4249222;6122881;282;4249318;0;CPUTHEFT
42285863022;117585;"NEAR_P1";"INTERVAL";"PROBE";1;63;0x00000b31;141;2;3;6331729;9469792;144;6331914;0;CPUTHEFT
42285980635;136887;"TRAJ_R1";"INTERVAL";"PROBE";1;63;0x00000b31;141;0;2;7010134;10484579;356;7010322;0;CPUTHEFT
42286154929;2265597;"MAF";"INTERVAL";"PROBE";1;63;0x00000b31;142;49;46;119160640;176093973;12879;119163929;0;CPUTHEFT
42286154953;121;"SENS_C1";"INTERVAL";"PROBE";1;63;0x00000b31;142;0;2;1453;2082;456;1457;0;CPUTHEFT
42286155083;236;"LOC_C1";"INTERVAL";"PROBE";1;63;0x00000b31;142;1;0;4917;7217;532;4921;0;CPUTHEFT
42286155326;28;"LOC_C2";"INTERVAL";"PROBE";1;63;0x00000b31;142;0;0;650;896;80;654;0;CPUTHEFT
42286155366;316;"LOC_C3";"INTERVAL";"PROBE";1;63;0x00000b31;142;0;0;9814;13564;312;9818;0;CPUTHEFT
42286155691;41;"LOC_C4";"INTERVAL";"PROBE";1;63;0x00000b31;142;0;0;586;941;124;590;0;CPUTHEFT
42286155738;85641;"NEAR_P1";"INTERVAL";"PROBE";1;63;0x00000b31;142;5;2;4249716;6129292;1541;4249822;0;CPUTHEFT
42286241386;117635;"NEAR_P1";"INTERVAL";"PROBE";1;63;0x00000b31;142;3;2;6331049;9467935;456;6331235;0;CPUTHEFT
42286359029;117608;"NEAR_P1";"INTERVAL";"PROBE";1;63;0x00000b31;142;1;1;6331360;9467583;210;6331547;0;CPUTHEFT
42286476645;85771;"NEAR_P1";"INTERVAL";"PROBE";1;63;0x00000b31;142;12;3;4255873;6111718;1236;4255981;0;CPUTHEFT
42286562423;117534;"NEAR_P1";"INTERVAL";"PROBE";1;63;0x00000b31;142;2;2;6329616;9428914;748;6329802;0;CPUTHEFT
42286679972;117469;"NEAR_P1";"INTERVAL";"PROBE";1;63;0x00000b31;142;2;1;6331589;9445998;164;6331781;0;CPUTHEFT
42286797449;85315;"NEAR_P1";"INTERVAL";"PROBE";1;63;0x00000b31;142;0;2;4250467;6099677;106;4250562;0;CPUTHEFT
42286882772;117480;"NEAR_P1";"INTERVAL";"PROBE";1;63;0x00000b31;142;1;1;6332207;9446558;40;6332395;0;CPUTHEFT
42287000259;117626;"NEAR_P1";"INTERVAL";"PROBE";1;63;0x00000b31;142;1;0;6333325;9452086;281;6333529;0;CPUTHEFT
42287117892;85353;"NEAR_P1";"INTERVAL";"PROBE";1;63;0x00000b31;142;0;1;4247933;6087875;606;4248030;0;CPUTHEFT
42287203256;117590;"NEAR_P1";"INTERVAL";"PROBE";1;63;0x00000b31;142;2;2;6327673;9439594;2019;6327858;0;CPUTHEFT
42287320855;117586;"NEAR_P1";"INTERVAL";"PROBE";1;63;0x00000b31;142;2;2;6330665;9441914;994;6330853;0;CPUTHEFT
42287438451;85350;"NEAR_P1";"INTERVAL";"PROBE";1;63;0x00000b31;142;2;1;4249997;6098685;289;4250093;0;CPUTHEFT
42287523809;117533;"NEAR_P1";"INTERVAL";"PROBE";1;63;0x00000b31;142;0;2;6331654;9444482;176;6331842;0;CPUTHEFT
42287641350;117509;"NEAR_P1";"INTERVAL";"PROBE";1;63;0x00000b31;142;1;2;6332038;9444021;128;6332223;0;CPUTHEFT
42287758867;85333;"NEAR_P1";"INTERVAL";"PROBE";1;63;0x00000b31;142;1;1;4250562;6098891;72;4250658;0;CPUTHEFT
42287844210;117651;"NEAR_P1";"INTERVAL";"PROBE";1;63;0x00000b31;142;2;0;6332794;9443842;420;6332990;0;CPUTHEFT
42287961870;117518;"NEAR_P1";"INTERVAL";"PROBE";1;63;0x00000b31;142;2;2;6331917;9443763;89;6332103;0;CPUTHEFT
42288079395;85318;"NEAR_P1";"INTERVAL";"PROBE";1;63;0x00000b31;142;1;2;4249141;6098211;110;4249237;0;CPUTHEFT
42288164721;117582;"NEAR_P1";"INTERVAL";"PROBE";1;63;0x00000b31;142;2;3;6330701;9442093;904;6330891;0;CPUTHEFT
42288282313;138205;"TRAJ_R1";"INTERVAL";"PROBE";1;63;0x00000b31;142;0;0;7066703;10508257;477;7066891;0;CPUTHEFT
42288457891;2266752;"MAF";"INTERVAL";"PROBE";1;63;0x00000b31;143;43;51;119204663;176055781;17858;119207980;0;CPUTHEFT
42288457909;117;"SENS_C1";"INTERVAL";"PROBE";1;63;0x00000b31;143;0;1;1451;2093;452;1455;0;CPUTHEFT
42288458035;224;"LOC_C1";"INTERVAL";"PROBE";1;63;0x00000b31;143;0;0;4920;7297;496;4924;0;CPUTHEFT
42288458267;33;"LOC_C2";"INTERVAL";"PROBE";1;63;0x00000b31;143;0;0;650;895;104;654;0;CPUTHEFT
42288458309;313;"LOC_C3";"INTERVAL";"PROBE";1;63;0x00000b31;143;0;0;9813;13485;308;9817;0;CPUTHEFT
42288458632;42;"LOC_C4";"INTERVAL";"PROBE";1;63;0x00000b31;143;0;0;584;923;124;588;0;CPUTHEFT
42288458680;85398;"NEAR_P1";"INTERVAL";"PROBE";1;63;0x00000b31;143;7;1;4248144;6098861;1008;4248237;0;CPUTHEFT
42288544087;117525;"NEAR_P1";"INTERVAL";"PROBE";1;63;0x00000b31;143;7;4;6330880;9442584;408;6331070;0;CPUTHEFT
42288661620;117621;"NEAR_P1";"INTERVAL";"PROBE";1;63;0x00000b31;143;3;5;6333059;9447459;512;6333257;0;CPUTHEFT
42288779251;85514;"NEAR_P1";"INTERVAL";"PROBE";1;63;0x00000b31;143;1;1;4250190;6099433;1516;4250285;0;CPUTHEFT
42288864775;117847;"NEAR_P1";"INTERVAL";"PROBE";1;63;0x00000b31;143;2;0;6328175;9423532;4544;6328369;0;CPUTHEFT
42288982643;117585;"NEAR_P1";"INTERVAL";"PROBE";1;63;0x00000b31;143;2;2;6330930;9441166;977;6331120;0;CPUTHEFT
42289100237;85321;"NEAR_P1";"INTERVAL";"PROBE";1;63;0x00000b31;143;1;2;4249427;6095033;227;4249525;0;CPUTHEFT
42289185565;117520;"NEAR_P1";"INTERVAL";"PROBE";1;63;0x00000b31;143;2;3;6328898;9428985;389;6329083;0;CPUTHEFT
42289303094;117506;"NEAR_P1";"INTERVAL";"PROBE";1;63;0x00000b31;143;1;2;6330758;9441237;424;6330946;0;CPUTHEFT
42289420608;85424;"NEAR_P1";"INTERVAL";"PROBE";1;63;0x00000b31;143;0;1;4250575;6099725;448;4250671;0;CPUTHEFT
42289506040;117646;"NEAR_P1";"INTERVAL";"PROBE";1;63;0x00000b31;143;2;2;6333430;9447007;607;6333624;0;CPUTHEFT
42289623696;117658;"NEAR_P1";"INTERVAL";"PROBE";1;63;0x00000b31;143;1;1;6334366;9451012;280;6334581;0;CPUTHEFT
42289741361;85353;"NEAR_P1";"INTERVAL";"PROBE";1;63;0x00000b31;143;0;2;4248129;6095800;639;4248223;0;CPUTHEFT
42289826725;117492;"NEAR_P1";"INTERVAL";"PROBE";1;63;0x00000b31;143;2;2;6331034;9440741;394;6331218;0;CPUTHEFT
42289944225;117454;"NEAR_P1";"INTERVAL";"PROBE";1;63;0x00000b31;143;2;0;6330502;9443821;74;6330694;0;CPUTHEFT
42290061687;85308;"NEAR_P1";"INTERVAL";"PROBE";1;63;0x00000b31;143;2;1;4249644;6098763;28;4249742;0;CPUTHEFT
42290147003;117463;"NEAR_P1";"INTERVAL";"PROBE";1;63;0x00000b31;143;0;2;6331927;9441970;88;6332117;0;CPUTHEFT
42290264483;117609;"NEAR_P1";"INTERVAL";"PROBE";1;63;0x00000b31;143;2;3;6333130;9446627;388;6333331;0;CPUTHEFT
42290382103;85397;"NEAR_P1";"INTERVAL";"PROBE";1;63;0x00000b31;143;0;2;4248840;6094454;1296;4248936;0;CPUTHEFT
42290467509;117570;"NEAR_P1";"INTERVAL";"PROBE";1;63;0x00000b31;143;1;1;6329941;9435099;1309;6330133;0;CPUTHEFT
42290585089;139546;"TRAJ_R1";"INTERVAL";"PROBE";1;63;0x00000b31;143;0;0;7119041;10589528;426;7119229;0;CPUTHEFT
42290729974;2300588;"MAF";"INTERVAL";"PROBE";1;63;0x00000b31;144;55;57;121313202;179504855;16661;121316567;0;CPUTHEFT
42290729996;114;"SENS_C1";"INTERVAL";"PROBE";1;63;0x00000b31;144;0;3;1454;2041;460;1458;0;CPUTHEFT
42290730119;231;"LOC_C1";"INTERVAL";"PROBE";1;63;0x00000b31;144;1;0;4927;7357;524;4931;0;CPUTHEFT
42290730356;31;"LOC_C2";"INTERVAL";"PROBE";1;63;0x00000b31;144;0;0;650;905;88;654;0;CPUTHEFT
42290730396;314;"LOC_C3";"INTERVAL";"PROBE";1;63;0x00000b31;144;0;0;9809;13393;316;9813;0;CPUTHEFT
42290730719;43;"LOC_C4";"INTERVAL";"PROBE";1;63;0x00000b31;144;0;0;586;941;120;590;0;CPUTHEFT
42290730768;117412;"NEAR_P1";"INTERVAL";"PROBE";1;63;0x00000b31;144;8;2;6316605;9421921;1773;6316741;0;CPUTHEFT
42290848187;117641;"NEAR_P1";"INTERVAL";"PROBE";1;63;0x00000b31;144;6;4;6331573;9447725;602;6331758;0;CPUTHEFT
42290965836;117479;"NEAR_P1";"INTERVAL";"PROBE";1;63;0x00000b31;144;2;4;6331772;9443752;216;6331957;0;CPUTHEFT
42291083323;85340;"NEAR_P1";"INTERVAL";"PROBE";1;63;0x00000b31;144;1;1;4250592;6104889;120;4250685;0;CPUTHEFT
42291168688;117643;"NEAR_P1";"INTERVAL";"PROBE";1;63;0x00000b31;144;2;2;6331132;9437184;506;6331329;0;CPUTHEFT
42291286340;117661;"NEAR_P1";"INTERVAL";"PROBE";1;63;0x00000b31;144;2;0;6335239;9449113;420;6335435;0;CPUTHEFT
42291404010;85353;"NEAR_P1";"INTERVAL";"PROBE";1;63;0x00000b31;144;2;1;4248098;6098638;831;4248191;0;CPUTHEFT
42291489371;117472;"NEAR_P1";"INTERVAL";"PROBE";1;63;0x00000b31;144;0;2;6331786;9446272;142;6331978;0;CPUTHEFT
42291606850;117468;"NEAR_P1";"INTERVAL";"PROBE";1;63;0x00000b31;144;2;3;6330127;9439634;103;6330314;0;CPUTHEFT
42291724326;85315;"NEAR_P1";"INTERVAL";"PROBE";1;63;0x00000b31;144;0;2;4251004;6104220;20;4251100;0;CPUTHEFT
42291809649;117497;"NEAR_P1";"INTERVAL";"PROBE";1;63;0x00000b31;144;1;1;6331976;9445204;112;6332166;0;CPUTHEFT
42291927166;117707;"NEAR_P1";"INTERVAL";"PROBE";1;63;0x00000b31;144;1;0;6333044;9449633;1152;6333246;0;CPUTHEFT
42292044884;85479;"NEAR_P1";"INTERVAL";"PROBE";1;63;0x00000b31;144;1;2;4248398;6100939;1580;4248489;0;CPUTHEFT
42292130372;117907;"NEAR_P1";"INTERVAL";"PROBE";1;63;0x00000b31;144;10;2;6329477;9440044;2135;6329668;0;CPUTHEFT
42292248287;117525;"NEAR_P1";"INTERVAL";"PROBE";1;63;0x00000b31;144;1;2;6330195;9446665;361;6330381;0;CPUTHEFT
42292365821;85344;"NEAR_P1";"INTERVAL";"PROBE";1;63;0x00000b31;144;0;1;4250440;6099620;203;4250534;0;CPUTHEFT
42292451172;117495;"NEAR_P1";"INTERVAL";"PROBE";1;63;0x00000b31;144;2;2;6330144;9441292;290;6330329;0;CPUTHEFT
42292568675;117512;"NEAR_P1";"INTERVAL";"PROBE";1;63;0x00000b31;144;1;1;6332124;9447916;148;6332309;0;CPUTHEFT
42292686194;85357;"NEAR_P1";"INTERVAL";"PROBE";1;63;0x00000b31;144;1;2;4250725;6102100;170;4250819;0;CPUTHEFT
42292771558;117915;"NEAR_P1";"INTERVAL";"PROBE";1;63;0x00000b31;144;6;3;6323105;9439340;2295;6323332;0;CPUTHEFT
42292889484;141069;"TRAJ_R1";"INTERVAL";"PROBE";1;63;0x00000b31;144;0;1;7161985;10645973;1602;7162199;0;CPUTHEFT
42293068117;2303455;"MAF";"INTERVAL";"PROBE";1;63;0x00000b31;145;38;61;121386895;180019448;15089;121390279;0;CPUTHEFT
42293068141;127;"SENS_C1";"INTERVAL";"PROBE";1;63;0x00000b31;145;0;3;1451;2062;472;1455;0;CPUTHEFT
42293068276;247;"LOC_C1";"INTERVAL";"PROBE";1;63;0x00000b31;145;1;3;4917;7272;552;4921;0;CPUTHEFT
42293068531;39;"LOC_C2";"INTERVAL";"PROBE";1;63;0x00000b31;145;0;0;650;910;152;654;0;CPUTHEFT
42293068580;311;"LOC_C3";"INTERVAL";"PROBE";1;63;0x00000b31;145;0;0;9804;13476;332;9808;0;CPUTHEFT
42293068900;43;"LOC_C4";"INTERVAL";"PROBE";1;63;0x00000b31;145;0;0;584;926;124;588;0;CPUTHEFT
42293068949;85604;"NEAR_P1";"INTERVAL";"PROBE";1;63;0x00000b31;145;8;3;4245825;6093517;3524;4245918;0;CPUTHEFT
42293154560;117538;"NEAR_P1";"INTERVAL";"PROBE";1;63;0x00000b31;145;3;2;6331048;9441741;456;6331238;0;CPUTHEFT
42293272105;117534;"NEAR_P1";"INTERVAL";"PROBE";1;63;0x00000b31;145;1;2;6327629;9452636;254;6327814;0;CPUTHEFT
42293389647;85436;"NEAR_P1";"INTERVAL";"PROBE";1;63;0x00000b31;145;0;1;4250484;6122790;116;4250581;0;CPUTHEFT
42293475090;117633;"NEAR_P1";"INTERVAL";"PROBE";1;63;0x00000b31;145;2;2;6330881;9467512;504;6331074;0;CPUTHEFT
42293592733;117894;"NEAR_P1";"INTERVAL";"PROBE";1;63;0x00000b31;145;1;1;6330254;9464762;2432;6330448;0;CPUTHEFT
42293710639;85565;"NEAR_P1";"INTERVAL";"PROBE";1;63;0x00000b31;145;1;2;4248753;6121322;1160;4248847;0;CPUTHEFT
42293796211;117615;"NEAR_P1";"INTERVAL";"PROBE";1;63;0x00000b31;145;1;2;6330239;9463868;293;6330424;0;CPUTHEFT
42293913834;117567;"NEAR_P1";"INTERVAL";"PROBE";1;63;0x00000b31;145;2;3;6329187;9463501;200;6329370;0;CPUTHEFT
42294031409;85444;"NEAR_P1";"INTERVAL";"PROBE";1;63;0x00000b31;145;1;2;4250286;6113442;130;4250383;0;CPUTHEFT
42294116860;117658;"NEAR_P1";"INTERVAL";"PROBE";1;63;0x00000b31;145;1;0;6330547;9464131;265;6330731;0;CPUTHEFT
42294234525;117603;"NEAR_P1";"INTERVAL";"PROBE";1;63;0x00000b31;145;1;1;6331817;9467866;164;6332005;0;CPUTHEFT
42294352135;85440;"NEAR_P1";"INTERVAL";"PROBE";1;63;0x00000b31;145;1;2;4249428;6124262;152;4249521;0;CPUTHEFT
42294437583;117838;"NEAR_P1";"INTERVAL";"PROBE";1;63;0x00000b31;145;2;3;6336055;9476797;392;6336280;0;CPUTHEFT
42294555431;117618;"NEAR_P1";"INTERVAL";"PROBE";1;63;0x00000b31;145;2;1;6330177;9464784;788;6330365;0;CPUTHEFT
42294673060;85447;"NEAR_P1";"INTERVAL";"PROBE";1;63;0x00000b31;145;1;2;4250533;6125407;109;4250628;0;CPUTHEFT
42294758514;117575;"NEAR_P1";"INTERVAL";"PROBE";1;63;0x00000b31;145;1;2;6331886;9467880;69;6332069;0;CPUTHEFT
42294876096;117612;"NEAR_P1";"INTERVAL";"PROBE";1;63;0x00000b31;145;2;3;6330203;9464832;217;6330394;0;CPUTHEFT
42294993715;85422;"NEAR_P1";"INTERVAL";"PROBE";1;63;0x00000b31;145;1;2;4249951;6123725;93;4250046;0;CPUTHEFT
42295079145;117601;"NEAR_P1";"INTERVAL";"PROBE";1;63;0x00000b31;145;1;0;6331820;9468685;368;6332014;0;CPUTHEFT
42295196760;174804;"TRAJ_R1";"INTERVAL";"PROBE";1;63;0x00000b31;145;1;2;9306257;14113490;1419;9306548;0;CPUTHEFT
42295376709;2305253;"MAF";"INTERVAL";"PROBE";1;63;0x00000b31;146;33;49;121442651;180132286;17336;121446027;0;CPUTHEFT
42295376735;120;"SENS_C1";"INTERVAL";"PROBE";1;63;0x00000b31;146;0;1;1454;2073;464;1458;0;CPUTHEFT
42295376864;228;"LOC_C1";"INTERVAL";"PROBE";1;63;0x00000b31;146;1;2;4924;7366;520;4928;0;CPUTHEFT
42295377100;38;"LOC_C2";"INTERVAL";"PROBE";1;63;0x00000b31;146;0;0;650;895;120;654;0;CPUTHEFT
42295377148;309;"LOC_C3";"INTERVAL";"PROBE";1;63;0x00000b31;146;0;0;9807;13592;312;9811;0;CPUTHEFT
42295377467;44;"LOC_C4";"INTERVAL";"PROBE";1;63;0x00000b31;146;0;0;586;916;128;590;0;CPUTHEFT
42295377517;85784;"NEAR_P1";"INTERVAL";"PROBE";1;63;0x00000b31;146;10;3;4244933;6116768;3297;4245024;0;CPUTHEFT
42295463308;117653;"NEAR_P1";"INTERVAL";"PROBE";1;63;0x00000b31;146;1;2;6330920;9465773;489;6331110;0;CPUTHEFT
42295580969;117595;"NEAR_P1";"INTERVAL";"PROBE";1;63;0x00000b31;146;1;2;6328452;9462225;190;6328633;0;CPUTHEFT
42295698572;117595;"NEAR_P1";"INTERVAL";"PROBE";1;63;0x00000b31;146;1;0;6329422;9464366;199;6329607;0;CPUTHEFT
42295816176;85451;"NEAR_P1";"INTERVAL";"PROBE";1;63;0x00000b31;146;0;1;4250800;6124847;92;4250894;0;CPUTHEFT
42295901634;117629;"NEAR_P1";"INTERVAL";"PROBE";1;63;0x00000b31;146;1;1;6330434;9463699;215;6330622;0;CPUTHEFT
42296019271;117721;"NEAR_P1";"INTERVAL";"PROBE";1;63;0x00000b31;146;1;1;6335461;9475033;184;6335679;0;CPUTHEFT
42296137000;85566;"NEAR_P1";"INTERVAL";"PROBE";1;63;0x00000b31;146;1;2;4252075;6127417;708;4252179;0;CPUTHEFT
42296222576;117650;"NEAR_P1";"INTERVAL";"PROBE";1;63;0x00000b31;146;1;0;6331673;9465669;481;6331863;0;CPUTHEFT
42296340233;117594;"NEAR_P1";"INTERVAL";"PROBE";1;63;0x00000b31;146;1;1;6331076;9465781;100;6331268;0;CPUTHEFT
42296457834;85439;"NEAR_P1";"INTERVAL";"PROBE";1;63;0x00000b31;146;1;2;4250724;6121659;36;4250822;0;CPUTHEFT
42296543281;117575;"NEAR_P1";"INTERVAL";"PROBE";1;63;0x00000b31;146;2;3;6331276;9466183;141;6331463;0;CPUTHEFT
42296660863;117649;"NEAR_P1";"INTERVAL";"PROBE";1;63;0x00000b31;146;1;2;6331649;9456525;426;6331838;0;CPUTHEFT
42296778523;85494;"NEAR_P1";"INTERVAL";"PROBE";1;63;0x00000b31;146;1;1;4249022;6117970;1292;4249116;0;CPUTHEFT
42296864027;117822;"NEAR_P1";"INTERVAL";"PROBE";1;63;0x00000b31;146;2;0;6326527;9460613;3874;6326716;0;CPUTHEFT
42296981866;117853;"NEAR_P1";"INTERVAL";"PROBE";1;63;0x00000b31;146;1;0;6333221;9469054;1636;6333416;0;CPUTHEFT
42297099728;85433;"NEAR_P1";"INTERVAL";"PROBE";1;63;0x00000b31;146;1;2;4250431;6122482;220;4250527;0;CPUTHEFT
42297185186;117629;"NEAR_P1";"INTERVAL";"PROBE";1;63;0x00000b31;146;2;3;6330571;9463478;425;6330760;0;CPUTHEFT
42297302824;117623;"NEAR_P1";"INTERVAL";"PROBE";1;63;0x00000b31;146;0;2;6329018;9464098;556;6329205;0;CPUTHEFT
42297420458;85484;"NEAR_P1";"INTERVAL";"PROBE";1;63;0x00000b31;146;0;2;4248522;6120515;251;4248618;0;CPUTHEFT
42297505957;175997;"TRAJ_R1";"INTERVAL";"PROBE";1;63;0x00000b31;146;0;0;9362813;14185703;639;9363090;0;CPUTHEFT
42297687249;2305835;"MAF";"INTERVAL";"PROBE";1;63;0x00000b31;147;67;58;121493147;180055544;14376;121496542;0;CPUTHEFT
42297687272;112;"SENS_C1";"INTERVAL";"PROBE";1;63;0x00000b31;147;0;0;1451;2046;432;1455;0;CPUTHEFT
42297687393;501;"LOC_C1";"INTERVAL";"PROBE";1;63;0x00000b31;147;9;1;5822;9564;1528;5833;0;CPUTHEFT
42297687904;33;"LOC_C2";"INTERVAL";"PROBE";1;63;0x00000b31;147;0;0;650;905;120;654;0;CPUTHEFT
42297687946;311;"LOC_C3";"INTERVAL";"PROBE";1;63;0x00000b31;147;0;0;9808;13353;304;9812;0;CPUTHEFT
42297688268;43;"LOC_C4";"INTERVAL";"PROBE";1;63;0x00000b31;147;0;0;584;901;124;588;0;CPUTHEFT
42297688317;117829;"NEAR_P1";"INTERVAL";"PROBE";1;63;0x00000b31;147;13;5;6333307;9452193;2156;6333502;0;CPUTHEFT
42297806155;85491;"NEAR_P1";"INTERVAL";"PROBE";1;63;0x00000b31;147;3;2;4252223;6101189;1360;4252325;0;CPUTHEFT
42297891654;117464;"NEAR_P1";"INTERVAL";"PROBE";1;63;0x00000b31;147;4;3;6331458;9442368;172;6331643;0;CPUTHEFT
42298009126;117474;"NEAR_P1";"INTERVAL";"PROBE";1;63;0x00000b31;147;2;1;6330141;9441162;106;6330328;0;CPUTHEFT
42298126608;85302;"NEAR_P1";"INTERVAL";"PROBE";1;63;0x00000b31;147;3;2;4250622;6095908;24;4250718;0;CPUTHEFT
42298211918;117496;"NEAR_P1";"INTERVAL";"PROBE";1;63;0x00000b31;147;2;3;6328421;9437432;227;6328606;0;CPUTHEFT
42298329422;117598;"NEAR_P1";"INTERVAL";"PROBE";1;63;0x00000b31;147;0;2;6329462;9441150;954;6329649;0;CPUTHEFT
42298447032;85518;"NEAR_P1";"INTERVAL";"PROBE";1;63;0x00000b31;147;2;2;4249599;6112325;1560;4249696;0;CPUTHEFT
42298532557;117682;"NEAR_P1";"INTERVAL";"PROBE";1;63;0x00000b31;147;0;1;6330167;9466933;660;6330357;0;CPUTHEFT
42298650247;117731;"NEAR_P1";"INTERVAL";"PROBE";1;63;0x00000b31;147;1;2;6333168;9473925;540;6333366;0;CPUTHEFT
42298767985;85478;"NEAR_P1";"INTERVAL";"PROBE";1;63;0x00000b31;147;1;1;4248715;6119518;165;4248808;0;CPUTHEFT
42298853470;117634;"NEAR_P1";"INTERVAL";"PROBE";1;63;0x00000b31;147;2;4;6329867;9464690;215;6330051;0;CPUTHEFT
42298971118;117590;"NEAR_P1";"INTERVAL";"PROBE";1;63;0x00000b31;147;1;2;6331850;9471480;141;6332037;0;CPUTHEFT
42299088715;85460;"NEAR_P1";"INTERVAL";"PROBE";1;63;0x00000b31;147;2;1;4250078;6122124;127;4250174;0;CPUTHEFT
42299174181;117595;"NEAR_P1";"INTERVAL";"PROBE";1;63;0x00000b31;147;0;2;6331975;9468151;144;6332165;0;CPUTHEFT
42299291784;117636;"NEAR_P1";"INTERVAL";"PROBE";1;63;0x00000b31;147;9;2;6315391;9442842;1372;6315611;0;CPUTHEFT
42299409430;85497;"NEAR_P1";"INTERVAL";"PROBE";1;63;0x00000b31;147;1;1;4248301;6123237;694;4248391;0;CPUTHEFT
42299494934;117679;"NEAR_P1";"INTERVAL";"PROBE";1;63;0x00000b31;147;2;0;6333314;9472030;284;6333516;0;CPUTHEFT
42299612621;117582;"NEAR_P1";"INTERVAL";"PROBE";1;63;0x00000b31;147;2;2;6331795;9468177;33;6331982;0;CPUTHEFT
42299730210;85429;"NEAR_P1";"INTERVAL";"PROBE";1;63;0x00000b31;147;2;0;4248909;6121711;92;4248999;0;CPUTHEFT
42299815654;177422;"TRAJ_R1";"INTERVAL";"PROBE";1;63;0x00000b31;147;1;2;9419825;14262152;542;9420106;0;CPUTHEFT
42299997977;2308589;"MAF";"INTERVAL";"PROBE";1;63;0x00000b31;148;42;55;121563326;180366383;17839;121566731;0;CPUTHEFT
42299998003;127;"SENS_C1";"INTERVAL";"PROBE";1;63;0x00000b31;148;0;1;1455;2038;480;1459;0;CPUTHEFT
42299998138;241;"LOC_C1";"INTERVAL";"PROBE";1;63;0x00000b31;148;0;1;4919;7302;530;4923;0;CPUTHEFT
42299998386;44;"LOC_C2";"INTERVAL";"PROBE";1;63;0x00000b31;148;0;0;650;928;132;654;0;CPUTHEFT
42299998439;313;"LOC_C3";"INTERVAL";"PROBE";1;63;0x00000b31;148;0;0;9800;13539;300;9804;0;CPUTHEFT
42299998762;48;"LOC_C4";"INTERVAL";"PROBE";1;63;0x00000b31;148;0;0;586;914;132;590;0;CPUTHEFT
42299998816;117852;"NEAR_P1";"INTERVAL";"PROBE";1;63;0x00000b31;148;9;2;6322978;9457605;4402;6323161;0;CPUTHEFT
42300116679;117788;"NEAR_P1";"INTERVAL";"PROBE";1;63;0x00000b31;148;4;3;6330027;9466980;1668;6330215;0;CPUTHEFT
42300234474;85473;"NEAR_P1";"INTERVAL";"PROBE";1;63;0x00000b31;148;2;2;4251090;6126452;409;4251188;0;CPUTHEFT
42300319954;117738;"NEAR_P1";"INTERVAL";"PROBE";1;63;0x00000b31;148;2;4;6334090;9469876;472;6334290;0;CPUTHEFT
42300437699;117605;"NEAR_P1";"INTERVAL";"PROBE";1;63;0x00000b31;148;1;2;6332406;9470364;133;6332592;0;CPUTHEFT
42300555312;85456;"NEAR_P1";"INTERVAL";"PROBE";1;63;0x00000b31;148;0;1;4250614;6125296;117;4250713;0;CPUTHEFT
42300640775;117614;"NEAR_P1";"INTERVAL";"PROBE";1;63;0x00000b31;148;2;2;6331271;9468500;182;6331461;0;CPUTHEFT
42300758396;117706;"NEAR_P1";"INTERVAL";"PROBE";1;63;0x00000b31;148;1;1;6332464;9471015;125;6332653;0;CPUTHEFT
42300876110;85763;"NEAR_P1";"INTERVAL";"PROBE";1;63;0x00000b31;148;1;1;4255448;6133445;1082;4255573;0;CPUTHEFT
42300961884;117700;"NEAR_P1";"INTERVAL";"PROBE";1;63;0x00000b31;148;1;1;6329857;9464098;1760;6330049;0;CPUTHEFT
42301079610;117741;"NEAR_P1";"INTERVAL";"PROBE";1;63;0x00000b31;148;2;2;6333955;9471729;536;6334156;0;CPUTHEFT
42301197359;85458;"NEAR_P1";"INTERVAL";"PROBE";1;63;0x00000b31;148;2;1;4251303;6126597;88;4251401;0;CPUTHEFT
42301282824;117590;"NEAR_P1";"INTERVAL";"PROBE";1;63;0x00000b31;148;2;4;6332632;9470486;52;6332824;0;CPUTHEFT
42301400421;117613;"NEAR_P1";"INTERVAL";"PROBE";1;63;0x00000b31;148;2;1;6328588;9469124;262;6328779;0;CPUTHEFT
42301518059;85490;"NEAR_P1";"INTERVAL";"PROBE";1;63;0x00000b31;148;1;2;4251247;6128152;437;4251337;0;CPUTHEFT
42301603564;117879;"NEAR_P1";"INTERVAL";"PROBE";1;63;0x00000b31;148;3;2;6328717;9465576;2051;6328903;0;CPUTHEFT
42301721452;117687;"NEAR_P1";"INTERVAL";"PROBE";1;63;0x00000b31;148;1;1;6330819;9469983;788;6331007;0;CPUTHEFT
42301839147;85478;"NEAR_P1";"INTERVAL";"PROBE";1;63;0x00000b31;148;2;2;4251120;6129342;240;4251219;0;CPUTHEFT
42301924633;117757;"NEAR_P1";"INTERVAL";"PROBE";1;63;0x00000b31;148;1;2;6334193;9473239;471;6334386;0;CPUTHEFT
42302042397;117623;"NEAR_P1";"INTERVAL";"PROBE";1;63;0x00000b31;148;2;3;6331073;9469503;148;6331258;0;CPUTHEFT
42302160035;146523;"TRAJ_R1";"INTERVAL";"PROBE";1;63;0x00000b31;148;0;0;7385789;10986268;474;7385975;0;CPUTHEFT
42302311772;2341096;"MAF";"INTERVAL";"PROBE";1;63;0x00000b31;149;52;65;123705200;183624944;12940;123708648;0;CPUTHEFT
42302311794;32283;"SENS_C1";"INTERVAL";"PROBE";1;63;0x00000b31;149;5;5;2078500;3341176;764;2078589;0;CPUTHEFT
42302344085;240;"LOC_C1";"INTERVAL";"PROBE";1;63;0x00000b31;149;1;1;4921;7369;509;4925;0;CPUTHEFT
42302344333;34;"LOC_C2";"INTERVAL";"PROBE";1;63;0x00000b31;149;0;0;650;899;120;654;0;CPUTHEFT
42302344376;308;"LOC_C3";"INTERVAL";"PROBE";1;63;0x00000b31;149;0;0;9805;13371;308;9809;0;CPUTHEFT
42302344694;44;"LOC_C4";"INTERVAL";"PROBE";1;63;0x00000b31;149;0;0;585;899;132;589;0;CPUTHEFT
42302344744;85598;"NEAR_P1";"INTERVAL";"PROBE";1;63;0x00000b31;149;5;4;4250017;6127584;1143;4250111;0;CPUTHEFT
42302430349;117786;"NEAR_P1";"INTERVAL";"PROBE";1;63;0x00000b31;149;5;5;6334075;9472631;539;6334268;0;CPUTHEFT
42302548142;117663;"NEAR_P1";"INTERVAL";"PROBE";1;63;0x00000b31;149;2;1;6331562;9468381;652;6331747;0;CPUTHEFT
42302665815;85451;"NEAR_P1";"INTERVAL";"PROBE";1;63;0x00000b31;149;0;2;4251570;6127409;228;4251665;0;CPUTHEFT
42302751273;117739;"NEAR_P1";"INTERVAL";"PROBE";1;63;0x00000b31;149;1;1;6334562;9469657;364;6334757;0;CPUTHEFT
42302869020;117640;"NEAR_P1";"INTERVAL";"PROBE";1;63;0x00000b31;149;1;1;6332180;9462808;145;6332368;0;CPUTHEFT
42302986667;85670;"NEAR_P1";"INTERVAL";"PROBE";1;63;0x00000b31;149;10;3;4251564;6102722;1185;4251666;0;CPUTHEFT
42303072344;117560;"NEAR_P1";"INTERVAL";"PROBE";1;63;0x00000b31;149;2;1;6331056;9441833;435;6331245;0;CPUTHEFT
42303189916;117625;"NEAR_P1";"INTERVAL";"PROBE";1;63;0x00000b31;149;3;2;6328841;9438589;1849;6329028;0;CPUTHEFT
42303307552;85411;"NEAR_P1";"INTERVAL";"PROBE";1;63;0x00000b31;149;0;2;4250546;6100266;1008;4250641;0;CPUTHEFT
42303392970;117490;"NEAR_P1";"INTERVAL";"PROBE";1;63;0x00000b31;149;1;1;6332148;9443648;308;6332335;0;CPUTHEFT
42303510468;117591;"NEAR_P1";"INTERVAL";"PROBE";1;63;0x00000b31;149;1;0;6330255;9460030;370;6330439;0;CPUTHEFT
42303628066;85579;"NEAR_P1";"INTERVAL";"PROBE";1;63;0x00000b31;149;1;2;4252931;6130221;360;4253035;0;CPUTHEFT
42303713652;117660;"NEAR_P1";"INTERVAL";"PROBE";1;63;0x00000b31;149;2;3;6332267;9467977;188;6332453;0;CPUTHEFT
42303831320;117580;"NEAR_P1";"INTERVAL";"PROBE";1;63;0x00000b31;149;0;2;6331619;9465890;149;6331805;0;CPUTHEFT
42303948909;85439;"NEAR_P1";"INTERVAL";"PROBE";1;63;0x00000b31;149;0;2;4251428;6128276;84;4251524;0;CPUTHEFT
42304034356;117613;"NEAR_P1";"INTERVAL";"PROBE";1;63;0x00000b31;149;1;1;6331851;9463010;132;6332036;0;CPUTHEFT
42304151977;117637;"NEAR_P1";"INTERVAL";"PROBE";1;63;0x00000b31;149;2;2;6330544;9464575;736;6330735;0;CPUTHEFT
42304269622;85499;"NEAR_P1";"INTERVAL";"PROBE";1;63;0x00000b31;149;2;1;4250531;6123501;276;4250624;0;CPUTHEFT
42304355129;117583;"NEAR_P1";"INTERVAL";"PROBE";1;63;0x00000b31;149;2;4;6332290;9470794;60;6332477;0;CPUTHEFT
42304472738;180122;"TRAJ_R1";"INTERVAL";"PROBE";1;63;0x00000b31;149;0;2;9522677;14403301;612;9522972;0;CPUTHEFT
42304657371;2304566;"MAF";"INTERVAL";"PROBE";1;63;0x00000b31;150;48;52;121396608;180015979;20401;121399995;0;CPUTHEFT
42304657393;112;"SENS_C1";"INTERVAL";"PROBE";1;63;0x00000b31;150;0;2;1454;2064;432;1458;0;CPUTHEFT
42304657515;231;"LOC_C1";"INTERVAL";"PROBE";1;63;0x00000b31;150;1;1;4920;7269;502;4924;0;CPUTHEFT
42304657753;31;"LOC_C2";"INTERVAL";"PROBE";1;63;0x00000b31;150;0;0;650;915;96;654;0;CPUTHEFT
42304657793;310;"LOC_C3";"INTERVAL";"PROBE";1;63;0x00000b31;150;0;0;9806;13535;304;9810;0;CPUTHEFT
42304658113;41;"LOC_C4";"INTERVAL";"PROBE";1;63;0x00000b31;150;0;0;586;899;116;590;0;CPUTHEFT
42304658160;85539;"NEAR_P1";"INTERVAL";"PROBE";1;63;0x00000b31;150;14;3;4246382;6118586;642;4246477;0;CPUTHEFT
42304743706;117785;"NEAR_P1";"INTERVAL";"PROBE";1;63;0x00000b31;150;4;2;6329187;9467804;1864;6329371;0;CPUTHEFT
42304861503;117954;"NEAR_P1";"INTERVAL";"PROBE";1;63;0x00000b31;150;4;0;6314380;9425957;4998;6314585;0;CPUTHEFT
42304979479;117684;"NEAR_P1";"INTERVAL";"PROBE";1;63;0x00000b31;150;1;1;6327211;9428077;2359;6327404;0;CPUTHEFT
42305097170;85388;"NEAR_P1";"INTERVAL";"PROBE";1;63;0x00000b31;150;1;2;4250191;6099453;732;4250285;0;CPUTHEFT
42305182565;117599;"NEAR_P1";"INTERVAL";"PROBE";1;63;0x00000b31;150;1;2;6329178;9462317;476;6329376;0;CPUTHEFT
42305300171;117818;"NEAR_P1";"INTERVAL";"PROBE";1;63;0x00000b31;150;2;3;6333306;9473205;544;6333498;0;CPUTHEFT
42305417996;85447;"NEAR_P1";"INTERVAL";"PROBE";1;63;0x00000b31;150;1;2;4251200;6127401;120;4251296;0;CPUTHEFT
42305503451;117595;"NEAR_P1";"INTERVAL";"PROBE";1;63;0x00000b31;150;1;0;6329373;9465918;214;6329563;0;CPUTHEFT
42305621055;117524;"NEAR_P1";"INTERVAL";"PROBE";1;63;0x00000b31;150;1;1;6320923;9440305;489;6321120;0;CPUTHEFT
42305738587;85483;"NEAR_P1";"INTERVAL";"PROBE";1;63;0x00000b31;150;0;2;4249922;6123853;657;4250017;0;CPUTHEFT
42305824082;117628;"NEAR_P1";"INTERVAL";"PROBE";1;63;0x00000b31;150;1;1;6331836;9466871;572;6332021;0;CPUTHEFT
42305941732;117597;"NEAR_P1";"INTERVAL";"PROBE";1;63;0x00000b31;150;2;2;6332202;9467703;104;6332390;0;CPUTHEFT
42306059337;85428;"NEAR_P1";"INTERVAL";"PROBE";1;63;0x00000b31;150;2;1;4251121;6125239;36;4251217;0;CPUTHEFT
42306144772;117702;"NEAR_P1";"INTERVAL";"PROBE";1;63;0x00000b31;150;2;4;6333746;9473499;348;6333942;0;CPUTHEFT
42306262481;117620;"NEAR_P1";"INTERVAL";"PROBE";1;63;0x00000b31;150;2;1;6331882;9469660;228;6332074;0;CPUTHEFT
42306380110;85504;"NEAR_P1";"INTERVAL";"PROBE";1;63;0x00000b31;150;0;2;4247962;6120580;1488;4248058;0;CPUTHEFT
42306465623;117678;"NEAR_P1";"INTERVAL";"PROBE";1;63;0x00000b31;150;2;2;6330034;9464253;1424;6330224;0;CPUTHEFT
42306583313;117664;"NEAR_P1";"INTERVAL";"PROBE";1;63;0x00000b31;150;2;0;6331736;9467454;369;6331922;0;CPUTHEFT
42306700984;85442;"NEAR_P1";"INTERVAL";"PROBE";1;63;0x00000b31;150;2;1;4250750;6126140;152;4250848;0;CPUTHEFT
42306786457;175469;"TRAJ_R1";"INTERVAL";"PROBE";1;63;0x00000b31;150;0;2;9340452;14149473;705;9340727;0;CPUTHEFT
42306967184;2280052;"MAF";"INTERVAL";"PROBE";1;63;0x00000b31;151;55;64;119796241;177351026;17428;119799614;0;CPUTHEFT
42306967209;118;"SENS_C1";"INTERVAL";"PROBE";1;63;0x00000b31;151;0;1;1453;2090;456;1457;0;CPUTHEFT
42306967336;233;"LOC_C1";"INTERVAL";"PROBE";1;63;0x00000b31;151;0;1;4914;7273;500;4918;0;CPUTHEFT
42306967577;33;"LOC_C2";"INTERVAL";"PROBE";1;63;0x00000b31;151;0;0;650;898;96;654;0;CPUTHEFT
42306967619;308;"LOC_C3";"INTERVAL";"PROBE";1;63;0x00000b31;151;0;0;9807;13543;308;9811;0;CPUTHEFT
42306967936;44;"LOC_C4";"INTERVAL";"PROBE";1;63;0x00000b31;151;0;0;584;889;124;588;0;CPUTHEFT
42306967987;117800;"NEAR_P1";"INTERVAL";"PROBE";1;63;0x00000b31;151;12;4;6328509;9468072;2111;6328700;0;CPUTHEFT
42307085796;85444;"NEAR_P1";"INTERVAL";"PROBE";1;63;0x00000b31;151;5;5;4250948;6123573;520;4251044;0;CPUTHEFT
42307171247;117611;"NEAR_P1";"INTERVAL";"PROBE";1;63;0x00000b31;151;2;3;6329242;9462893;303;6329426;0;CPUTHEFT
42307288865;91487;"NEAR_P1";"INTERVAL";"PROBE";1;63;0x00000b31;151;1;2;4633538;6740185;308;4633714;0;CPUTHEFT
42307380360;117605;"NEAR_P1";"INTERVAL";"PROBE";1;63;0x00000b31;151;2;0;6331193;9468539;748;6331382;0;CPUTHEFT
42307497974;85501;"NEAR_P1";"INTERVAL";"PROBE";1;63;0x00000b31;151;2;1;4250888;6123782;168;4250984;0;CPUTHEFT
42307583483;117676;"NEAR_P1";"INTERVAL";"PROBE";1;63;0x00000b31;151;3;2;6332650;9472516;171;6332841;0;CPUTHEFT
42307701167;117608;"NEAR_P1";"INTERVAL";"PROBE";1;63;0x00000b31;151;1;1;6332179;9468071;72;6332372;0;CPUTHEFT
42307818782;85457;"NEAR_P1";"INTERVAL";"PROBE";1;63;0x00000b31;151;1;2;4246640;6121601;232;4246748;0;CPUTHEFT
42307904247;117671;"NEAR_P1";"INTERVAL";"PROBE";1;63;0x00000b31;151;1;2;6330978;9466426;728;6331168;0;CPUTHEFT
42308021930;117726;"NEAR_P1";"INTERVAL";"PROBE";1;63;0x00000b31;151;2;3;6329280;9452110;1873;6329469;0;CPUTHEFT
42308139666;85540;"NEAR_P1";"INTERVAL";"PROBE";1;63;0x00000b31;151;1;2;4250809;6122381;950;4250906;0;CPUTHEFT
42308225214;117607;"NEAR_P1";"INTERVAL";"PROBE";1;63;0x00000b31;151;1;0;6330145;9463531;531;6330330;0;CPUTHEFT
42308342829;117607;"NEAR_P1";"INTERVAL";"PROBE";1;63;0x00000b31;151;1;1;6330389;9465132;309;6330576;0;CPUTHEFT
42308460443;85461;"NEAR_P1";"INTERVAL";"PROBE";1;63;0x00000b31;151;1;2;4250830;6126496;140;4250925;0;CPUTHEFT
42308545911;117600;"NEAR_P1";"INTERVAL";"PROBE";1;63;0x00000b31;151;2;3;6331869;9469052;148;6332057;0;CPUTHEFT
42308663518;117830;"NEAR_P1";"INTERVAL";"PROBE";1;63;0x00000b31;151;9;4;6326800;9434556;1654;6327004;0;CPUTHEFT
42308781356;85338;"NEAR_P1";"INTERVAL";"PROBE";1;63;0x00000b31;151;2;2;4249171;6096022;174;4249269;0;CPUTHEFT
42308866701;117627;"NEAR_P1";"INTERVAL";"PROBE";1;63;0x00000b31;151;2;1;6326429;9433409;1987;6326616;0;CPUTHEFT
42308984344;117742;"NEAR_P1";"INTERVAL";"PROBE";1;63;0x00000b31;151;2;4;6331052;9441339;2014;6331245;0;CPUTHEFT
42309102097;145129;"TRAJ_R1";"INTERVAL";"PROBE";1;63;0x00000b31;151;0;0;7339072;10878962;446;7339262;0;CPUTHEFT
42309252425;2340404;"MAF";"INTERVAL";"PROBE";1;63;0x00000b31;152;39;53;123647709;183594698;14474;123651207;0;CPUTHEFT
42309252442;110;"SENS_C1";"INTERVAL";"PROBE";1;63;0x00000b31;152;0;2;1455;2061;436;1459;0;CPUTHEFT
42309252561;235;"LOC_C1";"INTERVAL";"PROBE";1;63;0x00000b31;152;0;0;4917;7271;494;4921;0;CPUTHEFT
42309252803;39;"LOC_C2";"INTERVAL";"PROBE";1;63;0x00000b31;152;0;0;650;915;112;654;0;CPUTHEFT
42309252851;314;"LOC_C3";"INTERVAL";"PROBE";1;63;0x00000b31;152;0;0;9800;13448;304;9804;0;CPUTHEFT
42309253174;47;"LOC_C4";"INTERVAL";"PROBE";1;63;0x00000b31;152;0;0;585;927;128;589;0;CPUTHEFT
42309253227;117714;"NEAR_P1";"INTERVAL";"PROBE";1;63;0x00000b31;152;7;3;6327211;9436793;1336;6327396;0;CPUTHEFT
42309370949;117528;"NEAR_P1";"INTERVAL";"PROBE";1;63;0x00000b31;152;1;1;6332189;9445549;328;6332380;0;CPUTHEFT
42309488484;85352;"NEAR_P1";"INTERVAL";"PROBE";1;63;0x00000b31;152;1;1;4244292;6091992;528;4244398;0;CPUTHEFT
42309573846;117753;"NEAR_P1";"INTERVAL";"PROBE";1;63;0x00000b31;152;3;2;6330166;9452203;1963;6330355;0;CPUTHEFT
42309691611;117690;"NEAR_P1";"INTERVAL";"PROBE";1;63;0x00000b31;152;0;1;6328131;9465072;1340;6328316;0;CPUTHEFT
42309809309;85437;"NEAR_P1";"INTERVAL";"PROBE";1;63;0x00000b31;152;2;1;4249937;6123623;252;4250031;0;CPUTHEFT
42309894753;117656;"NEAR_P1";"INTERVAL";"PROBE";1;63;0x00000b31;152;1;3;6329181;9463387;344;6329366;0;CPUTHEFT
42310012417;117652;"NEAR_P1";"INTERVAL";"PROBE";1;63;0x00000b31;152;3;2;6331858;9467514;213;6332046;0;CPUTHEFT
42310130077;85467;"NEAR_P1";"INTERVAL";"PROBE";1;63;0x00000b31;152;0;1;4250948;6126387;116;4251042;0;CPUTHEFT
42310215552;117623;"NEAR_P1";"INTERVAL";"PROBE";1;63;0x00000b31;152;3;2;6332190;9467897;180;6332381;0;CPUTHEFT
42310333182;117615;"NEAR_P1";"INTERVAL";"PROBE";1;63;0x00000b31;152;0;2;6326498;9461230;384;6326696;0;CPUTHEFT
42310450804;117638;"NEAR_P1";"INTERVAL";"PROBE";1;63;0x00000b31;152;2;3;6327750;9464763;404;6327962;0;CPUTHEFT
42310568451;85584;"NEAR_P1";"INTERVAL";"PROBE";1;63;0x00000b31;152;0;1;4250712;6125781;652;4250805;0;CPUTHEFT
42310654044;117631;"NEAR_P1";"INTERVAL";"PROBE";1;63;0x00000b31;152;2;1;6331473;9469080;205;6331670;0;CPUTHEFT
42310771682;117582;"NEAR_P1";"INTERVAL";"PROBE";1;63;0x00000b31;152;2;4;6332113;9467844;57;6332303;0;CPUTHEFT
42310889272;85438;"NEAR_P1";"INTERVAL";"PROBE";1;63;0x00000b31;152;2;0;4251276;6125688;48;4251372;0;CPUTHEFT
42310974733;117604;"NEAR_P1";"INTERVAL";"PROBE";1;63;0x00000b31;152;2;3;6332035;9469751;212;6332228;0;CPUTHEFT
42311092345;117642;"NEAR_P1";"INTERVAL";"PROBE";1;63;0x00000b31;152;1;1;6326228;9459400;668;6326430;0;CPUTHEFT
42311210000;85515;"NEAR_P1";"INTERVAL";"PROBE";1;63;0x00000b31;152;1;1;4249692;6124253;1492;4249786;0;CPUTHEFT
42311295524;117797;"NEAR_P1";"INTERVAL";"PROBE";1;63;0x00000b31;152;2;1;6327599;9461247;1453;6327788;0;CPUTHEFT
42311413331;179489;"TRAJ_R1";"INTERVAL";"PROBE";1;63;0x00000b31;152;1;2;9502592;14372943;477;9502872;0;CPUTHEFT
42311598048;2308909;"MAF";"INTERVAL";"PROBE";1;63;0x00000b31;153;38;56;121679812;179989525;14503;121683191;0;CPUTHEFT
42311598068;108;"SENS_C1";"INTERVAL";"PROBE";1;63;0x00000b31;153;0;1;1451;2064;436;1455;0;CPUTHEFT
42311598184;230;"LOC_C1";"INTERVAL";"PROBE";1;63;0x00000b31;153;0;0;4913;7268;500;4917;0;CPUTHEFT
42311598422;34;"LOC_C2";"INTERVAL";"PROBE";1;63;0x00000b31;153;0;0;650;911;120;654;0;CPUTHEFT
42311598465;307;"LOC_C3";"INTERVAL";"PROBE";1;63;0x00000b31;153;0;0;9805;13438;300;9809;0;CPUTHEFT
42311598781;41;"LOC_C4";"INTERVAL";"PROBE";1;63;0x00000b31;153;0;0;584;893;124;588;0;CPUTHEFT
42311598828;85587;"NEAR_P1";"INTERVAL";"PROBE";1;63;0x00000b31;153;9;3;4247157;6125118;1506;4247247;0;CPUTHEFT
42311684424;117609;"NEAR_P1";"INTERVAL";"PROBE";1;63;0x00000b31;153;3;0;6333612;9450041;564;6333799;0;CPUTHEFT
42311802041;117537;"NEAR_P1";"INTERVAL";"PROBE";1;63;0x00000b31;153;2;2;6332794;9446880;224;6332981;0;CPUTHEFT
42311919585;85382;"NEAR_P1";"INTERVAL";"PROBE";1;63;0x00000b31;153;2;2;4251705;6106201;104;4251800;0;CPUTHEFT
42312004974;117521;"NEAR_P1";"INTERVAL";"PROBE";1;63;0x00000b31;153;2;3;6322045;9431574;424;6322275;0;CPUTHEFT
42312122503;117582;"NEAR_P1";"INTERVAL";"PROBE";1;63;0x00000b31;153;1;2;6331798;9441553;484;6331981;0;CPUTHEFT
42312240097;85376;"NEAR_P1";"INTERVAL";"PROBE";1;63;0x00000b31;153;1;1;4251772;6102518;344;4251870;0;CPUTHEFT
42312325481;117529;"NEAR_P1";"INTERVAL";"PROBE";1;63;0x00000b31;153;0;2;6332279;9447381;201;6332465;0;CPUTHEFT
42312443017;117501;"NEAR_P1";"INTERVAL";"PROBE";1;63;0x00000b31;153;2;3;6331640;9444293;46;6331826;0;CPUTHEFT
42312560526;85365;"NEAR_P1";"INTERVAL";"PROBE";1;63;0x00000b31;153;0;2;4251892;6104669;60;4251987;0;CPUTHEFT
42312645915;117509;"NEAR_P1";"INTERVAL";"PROBE";1;63;0x00000b31;153;1;1;6332908;9447131;88;6333098;0;CPUTHEFT
42312763433;117600;"NEAR_P1";"INTERVAL";"PROBE";1;63;0x00000b31;153;1;0;6325342;9435433;1672;6325538;0;CPUTHEFT
42312881044;85446;"NEAR_P1";"INTERVAL";"PROBE";1;63;0x00000b31;153;1;2;4250347;6100798;2092;4250440;0;CPUTHEFT
42312966504;117644;"NEAR_P1";"INTERVAL";"PROBE";1;63;0x00000b31;153;2;3;6331618;9433217;1581;6331804;0;CPUTHEFT
42313084159;117530;"NEAR_P1";"INTERVAL";"PROBE";1;63;0x00000b31;153;0;2;6332218;9446363;577;6332410;0;CPUTHEFT
42313201697;85398;"NEAR_P1";"INTERVAL";"PROBE";1;63;0x00000b31;153;2;2;4251678;6100599;265;4251776;0;CPUTHEFT
42313287102;117574;"NEAR_P1";"INTERVAL";"PROBE";1;63;0x00000b31;153;0;1;6331426;9444186;393;6331610;0;CPUTHEFT
42313404685;117537;"NEAR_P1";"INTERVAL";"PROBE";1;63;0x00000b31;153;1;2;6331420;9441265;645;6331609;0;CPUTHEFT
42313522246;85371;"NEAR_P1";"INTERVAL";"PROBE";1;63;0x00000b31;153;1;1;4251942;6100629;212;4252035;0;CPUTHEFT
42313607624;117523;"NEAR_P1";"INTERVAL";"PROBE";1;63;0x00000b31;153;2;4;6327894;9439500;459;6328091;0;CPUTHEFT
42313725180;181767;"TRAJ_R1";"INTERVAL";"PROBE";1;63;0x00000b31;153;0;0;9592690;14447673;745;9592968;0;CPUTHEFT
42313912115;2311444;"MAF";"INTERVAL";"PROBE";1;63;0x00000b31;154;69;68;121771107;180039789;14875;121774559;0;CPUTHEFT
42313912132;123;"SENS_C1";"INTERVAL";"PROBE";1;63;0x00000b31;154;0;2;1454;2050;448;1458;0;CPUTHEFT
42313912264;226;"LOC_C1";"INTERVAL";"PROBE";1;63;0x00000b31;154;1;0;4923;7382;502;4927;0;CPUTHEFT
42313912498;38;"LOC_C2";"INTERVAL";"PROBE";1;63;0x00000b31;154;0;0;650;916;140;654;0;CPUTHEFT
42313912545;308;"LOC_C3";"INTERVAL";"PROBE";1;63;0x00000b31;154;0;0;9808;13484;316;9812;0;CPUTHEFT
42313912863;306;"LOC_C4";"INTERVAL";"PROBE";1;63;0x00000b31;154;7;0;1479;3001;1136;1490;0;CPUTHEFT
42313913176;117696;"NEAR_P1";"INTERVAL";"PROBE";1;63;0x00000b31;154;15;7;6327464;9440012;2388;6327649;0;CPUTHEFT
42314030883;85417;"NEAR_P1";"INTERVAL";"PROBE";1;63;0x00000b31;154;2;5;4251361;6101541;286;4251457;0;CPUTHEFT
42314116308;117488;"NEAR_P1";"INTERVAL";"PROBE";1;63;0x00000b31;154;4;3;6331097;9440605;102;6331285;0;CPUTHEFT
42314233803;117489;"NEAR_P1";"INTERVAL";"PROBE";1;63;0x00000b31;154;2;1;6332364;9445604;96;6332552;0;CPUTHEFT
42314351301;85383;"NEAR_P1";"INTERVAL";"PROBE";1;63;0x00000b31;154;3;2;4250588;6096696;956;4250682;0;CPUTHEFT
42314436694;117685;"NEAR_P1";"INTERVAL";"PROBE";1;63;0x00000b31;154;2;3;6324747;9421995;2069;6324947;0;CPUTHEFT
42314554388;117598;"NEAR_P1";"INTERVAL";"PROBE";1;63;0x00000b31;154;0;2;6331826;9445185;496;6332019;0;CPUTHEFT
42314671994;85373;"NEAR_P1";"INTERVAL";"PROBE";1;63;0x00000b31;154;1;2;4251124;6099091;175;4251218;0;CPUTHEFT
42314757377;117533;"NEAR_P1";"INTERVAL";"PROBE";1;63;0x00000b31;154;2;3;6332410;9442714;221;6332600;0;CPUTHEFT
42314874918;117520;"NEAR_P1";"INTERVAL";"PROBE";1;63;0x00000b31;154;1;2;6331415;9439632;134;6331605;0;CPUTHEFT
42314992446;85360;"NEAR_P1";"INTERVAL";"PROBE";1;63;0x00000b31;154;2;1;4251379;6091634;151;4251475;0;CPUTHEFT
42315077813;117527;"NEAR_P1";"INTERVAL";"PROBE";1;63;0x00000b31;154;1;3;6332472;9442858;128;6332662;0;CPUTHEFT
42315195347;117489;"NEAR_P1";"INTERVAL";"PROBE";1;63;0x00000b31;154;2;0;6328364;9439546;236;6328582;0;CPUTHEFT
42315312844;85375;"NEAR_P1";"INTERVAL";"PROBE";1;63;0x00000b31;154;0;2;4248426;6096163;384;4248528;0;CPUTHEFT
42315398228;117827;"NEAR_P1";"INTERVAL";"PROBE";1;63;0x00000b31;154;9;3;6334029;9448283;1460;6334247;0;CPUTHEFT
42315516077;117490;"NEAR_P1";"INTERVAL";"PROBE";1;63;0x00000b31;154;2;2;6332213;9433682;62;6332405;0;CPUTHEFT
42315633574;85366;"NEAR_P1";"INTERVAL";"PROBE";1;63;0x00000b31;154;1;2;4251688;6102795;12;4251786;0;CPUTHEFT
42315718957;117550;"NEAR_P1";"INTERVAL";"PROBE";1;63;0x00000b31;154;2;3;6333376;9445786;250;6333570;0;CPUTHEFT
42315836514;117524;"NEAR_P1";"INTERVAL";"PROBE";1;63;0x00000b31;154;1;2;6332193;9447538;120;6332383;0;CPUTHEFT
42315954049;85404;"NEAR_P1";"INTERVAL";"PROBE";1;63;0x00000b31;154;2;1;4249898;6099699;1084;4249992;0;CPUTHEFT
42316039466;184085;"TRAJ_R1";"INTERVAL";"PROBE";1;63;0x00000b31;154;0;2;9678120;14564046;1251;9678409;0;CPUTHEFT
42316228802;2346475;"MAF";"INTERVAL";"PROBE";1;63;0x00000b31;155;52;55;123917145;183509447;20396;123920698;0;CPUTHEFT
42316228832;116;"SENS_C1";"INTERVAL";"PROBE";1;63;0x00000b31;155;0;1;1452;2059;444;1456;0;CPUTHEFT
42316228957;234;"LOC_C1";"INTERVAL";"PROBE";1;63;0x00000b31;155;0;2;4922;7396;516;4926;0;CPUTHEFT
42316229197;39;"LOC_C2";"INTERVAL";"PROBE";1;63;0x00000b31;155;0;0;650;905;128;654;0;CPUTHEFT
42316229245;310;"LOC_C3";"INTERVAL";"PROBE";1;63;0x00000b31;155;0;0;9796;13314;336;9800;0;CPUTHEFT
42316229565;41;"LOC_C4";"INTERVAL";"PROBE";1;63;0x00000b31;155;0;0;584;888;128;588;0;CPUTHEFT
42316229612;117689;"NEAR_P1";"INTERVAL";"PROBE";1;63;0x00000b31;155;14;5;6328232;9436380;3153;6328425;0;CPUTHEFT
42316347309;117646;"NEAR_P1";"INTERVAL";"PROBE";1;63;0x00000b31;155;3;4;6331806;9441630;636;6331989;0;CPUTHEFT
42316464962;85378;"NEAR_P1";"INTERVAL";"PROBE";1;63;0x00000b31;155;3;2;4251065;6097693;140;4251158;0;CPUTHEFT
42316550347;117509;"NEAR_P1";"INTERVAL";"PROBE";1;63;0x00000b31;155;1;2;6330023;9425595;207;6330213;0;CPUTHEFT
42316667864;117488;"NEAR_P1";"INTERVAL";"PROBE";1;63;0x00000b31;155;1;0;6332549;9441369;140;6332739;0;CPUTHEFT
42316785359;85404;"NEAR_P1";"INTERVAL";"PROBE";1;63;0x00000b31;155;1;1;4252124;6100431;134;4252221;0;CPUTHEFT
42316870770;117779;"NEAR_P1";"INTERVAL";"PROBE";1;63;0x00000b31;155;5;3;6320387;9429178;2821;6320615;0;CPUTHEFT
42316988567;117907;"NEAR_P1";"INTERVAL";"PROBE";1;63;0x00000b31;155;2;3;6312607;9423059;4240;6312835;0;CPUTHEFT
42317106482;117747;"NEAR_P1";"INTERVAL";"PROBE";1;63;0x00000b31;155;2;1;6328387;9465883;740;6328591;0;CPUTHEFT
42317224237;85432;"NEAR_P1";"INTERVAL";"PROBE";1;63;0x00000b31;155;2;2;4247366;6122138;197;4247466;0;CPUTHEFT
42317309693;117576;"NEAR_P1";"INTERVAL";"PROBE";1;63;0x00000b31;155;1;2;6333701;9449718;236;6333897;0;CPUTHEFT
42317427277;117486;"NEAR_P1";"INTERVAL";"PROBE";1;63;0x00000b31;155;2;3;6330995;9439223;147;6331184;0;CPUTHEFT
42317544770;85393;"NEAR_P1";"INTERVAL";"PROBE";1;63;0x00000b31;155;1;1;4250394;6099516;1036;4250490;0;CPUTHEFT
42317630180;117637;"NEAR_P1";"INTERVAL";"PROBE";1;63;0x00000b31;155;2;0;6330137;9437653;1817;6330329;0;CPUTHEFT
42317747825;117645;"NEAR_P1";"INTERVAL";"PROBE";1;63;0x00000b31;155;2;2;6327004;9431474;1177;6327207;0;CPUTHEFT
42317865477;85392;"NEAR_P1";"INTERVAL";"PROBE";1;63;0x00000b31;155;1;1;4250431;6095963;256;4250527;0;CPUTHEFT
42317950879;117502;"NEAR_P1";"INTERVAL";"PROBE";1;63;0x00000b31;155;2;0;6331127;9440485;145;6331314;0;CPUTHEFT
42318068388;117522;"NEAR_P1";"INTERVAL";"PROBE";1;63;0x00000b31;155;2;2;6330216;9436577;222;6330403;0;CPUTHEFT
42318185917;85334;"NEAR_P1";"INTERVAL";"PROBE";1;63;0x00000b31;155;1;0;4251353;6100703;126;4251447;0;CPUTHEFT
42318271258;117505;"NEAR_P1";"INTERVAL";"PROBE";1;63;0x00000b31;155;1;1;6329868;9437375;221;6330052;0;CPUTHEFT
42318388777;186490;"TRAJ_R1";"INTERVAL";"PROBE";1;63;0x00000b31;155;0;1;9783746;14704877;685;9784023;0;CPUTHEFT
42318580122;2316080;"MAF";"INTERVAL";"PROBE";1;63;0x00000b31;156;57;57;121960677;180290787;14631;121964046;0;CPUTHEFT
42318580148;124;"SENS_C1";"INTERVAL";"PROBE";1;63;0x00000b31;156;0;2;1455;2037;476;1459;0;CPUTHEFT
42318580280;239;"LOC_C1";"INTERVAL";"PROBE";1;63;0x00000b31;156;1;0;4922;7433;522;4926;0;CPUTHEFT
42318580526;35;"LOC_C2";"INTERVAL";"PROBE";1;63;0x00000b31;156;0;0;650;914;124;654;0;CPUTHEFT
42318580572;315;"LOC_C3";"INTERVAL";"PROBE";1;63;0x00000b31;156;0;0;9804;13461;308;9808;0;CPUTHEFT
42318580896;44;"LOC_C4";"INTERVAL";"PROBE";1;63;0x00000b31;156;0;0;585;908;132;589;0;CPUTHEFT
42318580946;117766;"NEAR_P1";"INTERVAL";"PROBE";1;63;0x00000b31;156;11;5;6320588;9437024;3181;6320781;0;CPUTHEFT
42318698720;85332;"NEAR_P1";"INTERVAL";"PROBE";1;63;0x00000b31;156;4;2;4251337;6099606;312;4251428;0;CPUTHEFT
42318784063;117502;"NEAR_P1";"INTERVAL";"PROBE";1;63;0x00000b31;156;2;0;6332894;9445951;85;6333081;0;CPUTHEFT
42318901573;117506;"NEAR_P1";"INTERVAL";"PROBE";1;63;0x00000b31;156;1;1;6332889;9443397;93;6333080;0;CPUTHEFT
42319019087;85383;"NEAR_P1";"INTERVAL";"PROBE";1;63;0x00000b31;156;2;2;4251450;6101600;108;4251548;0;CPUTHEFT
42319104477;117590;"NEAR_P1";"INTERVAL";"PROBE";1;63;0x00000b31;156;2;1;6331042;9442529;834;6331232;0;CPUTHEFT
42319222086;117639;"NEAR_P1";"INTERVAL";"PROBE";1;63;0x00000b31;156;2;4;6330293;9439690;1912;6330480;0;CPUTHEFT
42319339733;85386;"NEAR_P1";"INTERVAL";"PROBE";1;63;0x00000b31;156;2;1;4251183;6099132;796;4251275;0;CPUTHEFT
42319425127;117525;"NEAR_P1";"INTERVAL";"PROBE";1;63;0x00000b31;156;1;2;6327689;9425618;562;6327887;0;CPUTHEFT
42319542660;117813;"NEAR_P1";"INTERVAL";"PROBE";1;63;0x00000b31;156;10;5;6329389;9441977;1470;6329581;0;CPUTHEFT
42319660481;85363;"NEAR_P1";"INTERVAL";"PROBE";1;63;0x00000b31;156;1;1;4250277;6096768;109;4250370;0;CPUTHEFT
42319745851;117520;"NEAR_P1";"INTERVAL";"PROBE";1;63;0x00000b31;156;2;0;6329845;9438111;234;6330030;0;CPUTHEFT
42319863379;117573;"NEAR_P1";"INTERVAL";"PROBE";1;63;0x00000b31;156;2;2;6332399;9446531;331;6332589;0;CPUTHEFT
42319980960;85378;"NEAR_P1";"INTERVAL";"PROBE";1;63;0x00000b31;156;1;2;4251392;6100526;144;4251487;0;CPUTHEFT
42320066346;117510;"NEAR_P1";"INTERVAL";"PROBE";1;63;0x00000b31;156;2;3;6327714;9438427;292;6327913;0;CPUTHEFT
42320183867;117526;"NEAR_P1";"INTERVAL";"PROBE";1;63;0x00000b31;156;2;1;6331634;9440396;752;6331826;0;CPUTHEFT
42320301402;85356;"NEAR_P1";"INTERVAL";"PROBE";1;63;0x00000b31;156;0;2;4246777;6095043;280;4246878;0;CPUTHEFT
42320386765;117490;"NEAR_P1";"INTERVAL";"PROBE";1;63;0x00000b31;156;1;1;6333236;9437476;133;6333424;0;CPUTHEFT
42320504263;117503;"NEAR_P1";"INTERVAL";"PROBE";1;63;0x00000b31;156;1;0;6332677;9443697;87;6332868;0;CPUTHEFT
42320621773;85326;"NEAR_P1";"INTERVAL";"PROBE";1;63;0x00000b31;156;1;2;4251618;6097079;60;4251714;0;CPUTHEFT
42320707117;189073;"TRAJ_R1";"INTERVAL";"PROBE";1;63;0x00000b31;156;0;2;9880714;14827467;1043;9880988;0;CPUTHEFT
42320901359;2383226;"MAF";"INTERVAL";"PROBE";1;63;0x00000b31;157;47;60;126227834;187093310;15617;126231366;0;CPUTHEFT
42320901385;124;"SENS_C1";"INTERVAL";"PROBE";1;63;0x00000b31;157;0;0;1452;2077;476;1456;0;CPUTHEFT
42320901518;238;"LOC_C1";"INTERVAL";"PROBE";1;63;0x00000b31;157;0;1;4920;7312;528;4924;0;CPUTHEFT
42320901765;42;"LOC_C2";"INTERVAL";"PROBE";1;63;0x00000b31;157;0;0;650;913;132;654;0;CPUTHEFT
42320901816;315;"LOC_C3";"INTERVAL";"PROBE";1;63;0x00000b31;157;0;0;9802;13534;316;9806;0;CPUTHEFT
42320902141;43;"LOC_C4";"INTERVAL";"PROBE";1;63;0x00000b31;157;0;0;586;918;124;590;0;CPUTHEFT
42320902192;117848;"NEAR_P1";"INTERVAL";"PROBE";1;63;0x00000b31;157;11;3;6324807;9432618;4462;6324991;0;CPUTHEFT
42321020054;117609;"NEAR_P1";"INTERVAL";"PROBE";1;63;0x00000b31;157;5;8;6332524;9443899;1008;6332710;0;CPUTHEFT
42321137671;85372;"NEAR_P1";"INTERVAL";"PROBE";1;63;0x00000b31;157;1;4;4244771;6093946;560;4244875;0;CPUTHEFT
42321223050;117514;"NEAR_P1";"INTERVAL";"PROBE";1;63;0x00000b31;157;3;3;6332748;9444352;240;6332938;0;CPUTHEFT
42321340571;117531;"NEAR_P1";"INTERVAL";"PROBE";1;63;0x00000b31;157;2;1;6328674;9440368;346;6328866;0;CPUTHEFT
42321458110;85373;"NEAR_P1";"INTERVAL";"PROBE";1;63;0x00000b31;157;0;2;4250195;6096226;204;4250291;0;CPUTHEFT
42321543491;117510;"NEAR_P1";"INTERVAL";"PROBE";1;63;0x00000b31;157;2;0;6332751;9442105;211;6332941;0;CPUTHEFT
42321661009;117518;"NEAR_P1";"INTERVAL";"PROBE";1;63;0x00000b31;157;2;3;6329101;9439101;393;6329321;0;CPUTHEFT
42321778534;117559;"NEAR_P1";"INTERVAL";"PROBE";1;63;0x00000b31;157;1;0;6333265;9435130;852;6333456;0;CPUTHEFT
42321896100;85418;"NEAR_P1";"INTERVAL";"PROBE";1;63;0x00000b31;157;2;1;4253340;6103815;229;4253435;0;CPUTHEFT
42321981526;149499;"NEAR_P1";"INTERVAL";"PROBE";1;63;0x00000b31;157;2;2;8402011;12764345;355;8402241;0;CPUTHEFT
42322131043;117525;"NEAR_P1";"INTERVAL";"PROBE";1;63;0x00000b31;157;0;1;6331708;9446229;110;6331900;0;CPUTHEFT
42322248576;85347;"NEAR_P1";"INTERVAL";"PROBE";1;63;0x00000b31;157;2;2;4251821;6099772;61;4251916;0;CPUTHEFT
42322333930;117656;"NEAR_P1";"INTERVAL";"PROBE";1;63;0x00000b31;157;1;2;6332193;9438950;924;6332380;0;CPUTHEFT
42322451599;117618;"NEAR_P1";"INTERVAL";"PROBE";1;63;0x00000b31;157;1;1;6329399;9439409;1652;6329583;0;CPUTHEFT
42322569227;85478;"NEAR_P1";"INTERVAL";"PROBE";1;63;0x00000b31;157;0;2;4250820;6098636;512;4250918;0;CPUTHEFT
42322654712;117552;"NEAR_P1";"INTERVAL";"PROBE";1;63;0x00000b31;157;0;1;6332842;9427581;216;6333028;0;CPUTHEFT
42322772272;117672;"NEAR_P1";"INTERVAL";"PROBE";1;63;0x00000b31;157;2;2;6332938;9445197;473;6333140;0;CPUTHEFT
42322889951;85384;"NEAR_P1";"INTERVAL";"PROBE";1;63;0x00000b31;157;1;1;4251950;6100701;144;4252046;0;CPUTHEFT
42322975343;117557;"NEAR_P1";"INTERVAL";"PROBE";1;63;0x00000b31;157;3;2;6330698;9439391;244;6330885;0;CPUTHEFT
42323092909;191668;"TRAJ_R1";"INTERVAL";"PROBE";1;63;0x00000b31;157;0;1;9985634;14969230;509;9985915;0;CPUTHEFT
42323289738;2355740;"MAF";"INTERVAL";"PROBE";1;63;0x00000b31;158;53;52;124283692;184261775;16504;124287166;0;CPUTHEFT
42323289760;110;"SENS_C1";"INTERVAL";"PROBE";1;63;0x00000b31;158;0;1;1454;2039;440;1458;0;CPUTHEFT
42323289879;234;"LOC_C1";"INTERVAL";"PROBE";1;63;0x00000b31;158;0;0;4916;7315;502;4920;0;CPUTHEFT
42323290121;34;"LOC_C2";"INTERVAL";"PROBE";1;63;0x00000b31;158;0;0;650;913;88;654;0;CPUTHEFT
42323290164;307;"LOC_C3";"INTERVAL";"PROBE";1;63;0x00000b31;158;0;0;9809;13405;304;9813;0;CPUTHEFT
42323290483;43;"LOC_C4";"INTERVAL";"PROBE";1;63;0x00000b31;158;0;0;585;908;120;589;0;CPUTHEFT
42323290532;85829;"NEAR_P1";"INTERVAL";"PROBE";1;63;0x00000b31;158;12;3;4259677;6121605;1976;4259842;0;CPUTHEFT
42323376372;85429;"NEAR_P1";"INTERVAL";"PROBE";1;63;0x00000b31;158;3;1;4250694;6088178;1088;4250788;0;CPUTHEFT
42323461809;149553;"NEAR_P1";"INTERVAL";"PROBE";1;63;0x00000b31;158;1;1;8408732;12776342;304;8408959;0;CPUTHEFT
42323611370;85615;"NEAR_P1";"INTERVAL";"PROBE";1;63;0x00000b31;158;2;0;4259119;6117600;284;4259265;0;CPUTHEFT
42323696992;85340;"NEAR_P1";"INTERVAL";"PROBE";1;63;0x00000b31;158;1;1;4250545;6099452;64;4250643;0;CPUTHEFT
42323782340;117506;"NEAR_P1";"INTERVAL";"PROBE";1;63;0x00000b31;158;1;2;6332530;9441105;73;6332721;0;CPUTHEFT
42323899865;149599;"NEAR_P1";"INTERVAL";"PROBE";1;63;0x00000b31;158;2;3;8402650;12773299;835;8402885;0;CPUTHEFT
42324049475;85591;"NEAR_P1";"INTERVAL";"PROBE";1;63;0x00000b31;158;1;2;4250481;6123508;2037;4250572;0;CPUTHEFT
42324135074;117749;"NEAR_P1";"INTERVAL";"PROBE";1;63;0x00000b31;158;1;0;6329731;9465533;1243;6329919;0;CPUTHEFT
42324252830;117621;"NEAR_P1";"INTERVAL";"PROBE";1;63;0x00000b31;158;1;1;6332748;9468766;336;6332938;0;CPUTHEFT
42324370460;117757;"NEAR_P1";"INTERVAL";"PROBE";1;63;0x00000b31;158;0;2;6332126;9470428;486;6332321;0;CPUTHEFT
42324488225;85498;"NEAR_P1";"INTERVAL";"PROBE";1;63;0x00000b31;158;1;1;4251789;6127110;220;4251885;0;CPUTHEFT
42324573730;117624;"NEAR_P1";"INTERVAL";"PROBE";1;63;0x00000b31;158;2;0;6333218;9469715;112;6333406;0;CPUTHEFT
42324691362;117644;"NEAR_P1";"INTERVAL";"PROBE";1;63;0x00000b31;158;2;2;6331720;9468885;203;6331903;0;CPUTHEFT
42324809016;85464;"NEAR_P1";"INTERVAL";"PROBE";1;63;0x00000b31;158;1;2;4252051;6124097;168;4252147;0;CPUTHEFT
42324894488;117744;"NEAR_P1";"INTERVAL";"PROBE";1;63;0x00000b31;158;2;3;6326044;9456913;1798;6326226;0;CPUTHEFT
42325012244;117679;"NEAR_P1";"INTERVAL";"PROBE";1;63;0x00000b31;158;1;2;6330720;9465311;1124;6330910;0;CPUTHEFT
42325129930;85454;"NEAR_P1";"INTERVAL";"PROBE";1;63;0x00000b31;158;0;1;4251878;6128820;96;4251976;0;CPUTHEFT
42325215391;117746;"NEAR_P1";"INTERVAL";"PROBE";1;63;0x00000b31;158;2;2;6334700;9472699;292;6334898;0;CPUTHEFT
42325333144;117785;"NEAR_P1";"INTERVAL";"PROBE";1;63;0x00000b31;158;10;4;6330517;9430946;1176;6330714;0;CPUTHEFT
42325450941;194526;"TRAJ_R1";"INTERVAL";"PROBE";1;63;0x00000b31;158;1;2;10098369;15118479;807;10098649;0;CPUTHEFT
42325650610;2293035;"MAF";"INTERVAL";"PROBE";1;63;0x00000b31;159;43;52;120252948;177455200;15482;120256291;0;CPUTHEFT
42325650641;127;"SENS_C1";"INTERVAL";"PROBE";1;63;0x00000b31;159;0;1;1452;2108;484;1456;0;CPUTHEFT
42325650775;239;"LOC_C1";"INTERVAL";"PROBE";1;63;0x00000b31;159;0;0;4920;7318;532;4924;0;CPUTHEFT
42325651021;42;"LOC_C2";"INTERVAL";"PROBE";1;63;0x00000b31;159;0;0;650;890;148;654;0;CPUTHEFT
42325651072;310;"LOC_C3";"INTERVAL";"PROBE";1;63;0x00000b31;159;0;0;9810;13465;312;9814;0;CPUTHEFT
42325651391;47;"LOC_C4";"INTERVAL";"PROBE";1;63;0x00000b31;159;0;0;584;918;132;588;0;CPUTHEFT
42325651444;117809;"NEAR_P1";"INTERVAL";"PROBE";1;63;0x00000b31;159;12;6;6322191;9429966;4638;6322377;0;CPUTHEFT
42325769264;85468;"NEAR_P1";"INTERVAL";"PROBE";1;63;0x00000b31;159;1;2;4250190;6090115;1297;4250283;0;CPUTHEFT
42325854741;117611;"NEAR_P1";"INTERVAL";"PROBE";1;63;0x00000b31;159;1;0;6332587;9444338;452;6332772;0;CPUTHEFT
42325972359;117527;"NEAR_P1";"INTERVAL";"PROBE";1;63;0x00000b31;159;2;0;6330439;9441546;353;6330630;0;CPUTHEFT
42326089894;85517;"NEAR_P1";"INTERVAL";"PROBE";1;63;0x00000b31;159;0;1;4253868;6105404;344;4253974;0;CPUTHEFT
42326175418;117530;"NEAR_P1";"INTERVAL";"PROBE";1;63;0x00000b31;159;2;2;6333017;9447121;136;6333207;0;CPUTHEFT
42326292956;117522;"NEAR_P1";"INTERVAL";"PROBE";1;63;0x00000b31;159;2;0;6332839;9446461;124;6333027;0;CPUTHEFT
42326410487;85378;"NEAR_P1";"INTERVAL";"PROBE";1;63;0x00000b31;159;2;1;4252132;6099729;136;4252230;0;CPUTHEFT
42326495875;117668;"NEAR_P1";"INTERVAL";"PROBE";1;63;0x00000b31;159;2;5;6336953;9452860;473;6337169;0;CPUTHEFT
42326613552;117536;"NEAR_P1";"INTERVAL";"PROBE";1;63;0x00000b31;159;2;3;6332566;9443980;584;6332749;0;CPUTHEFT
42326731096;85339;"NEAR_P1";"INTERVAL";"PROBE";1;63;0x00000b31;159;2;1;4252240;6103331;92;4252336;0;CPUTHEFT
42326816443;117497;"NEAR_P1";"INTERVAL";"PROBE";1;63;0x00000b31;159;0;2;6333477;9445492;48;6333663;0;CPUTHEFT
42326933948;117646;"NEAR_P1";"INTERVAL";"PROBE";1;63;0x00000b31;159;1;3;6334928;9452420;204;6335126;0;CPUTHEFT
42327051601;85350;"NEAR_P1";"INTERVAL";"PROBE";1;63;0x00000b31;159;1;2;4252330;6102164;20;4252428;0;CPUTHEFT
42327136959;117635;"NEAR_P1";"INTERVAL";"PROBE";1;63;0x00000b31;159;1;2;6332177;9441091;1270;6332362;0;CPUTHEFT
42327254607;85587;"NEAR_P1";"INTERVAL";"PROBE";1;63;0x00000b31;159;0;1;4255860;6097481;1285;4255999;0;CPUTHEFT
42327340202;117442;"NEAR_P1";"INTERVAL";"PROBE";1;63;0x00000b31;159;2;2;6327880;9434832;643;6328020;0;CPUTHEFT
42327457651;85554;"NEAR_P1";"INTERVAL";"PROBE";1;63;0x00000b31;159;2;1;4257452;6112144;252;4257600;0;CPUTHEFT
42327543212;149517;"NEAR_P1";"INTERVAL";"PROBE";1;63;0x00000b31;159;2;4;8407602;12776772;216;8407835;0;CPUTHEFT
42327692737;85402;"NEAR_P1";"INTERVAL";"PROBE";1;63;0x00000b31;159;1;0;4251540;6096575;231;4251636;0;CPUTHEFT
42327778165;165472;"TRAJ_R1";"INTERVAL";"PROBE";1;63;0x00000b31;159;0;0;8137030;11938313;724;8137272;0;CPUTHEFT
42327980946;2361704;"MAF";"INTERVAL";"PROBE";1;63;0x00000b31;160;45;52;124482728;184581207;18068;124486231;0;CPUTHEFT
42327980969;119;"SENS_C1";"INTERVAL";"PROBE";1;63;0x00000b31;160;0;1;1455;2042;440;1459;0;CPUTHEFT
42327981096;237;"LOC_C1";"INTERVAL";"PROBE";1;63;0x00000b31;160;1;0;4921;7242;510;4925;0;CPUTHEFT
42327981341;37;"LOC_C2";"INTERVAL";"PROBE";1;63;0x00000b31;160;0;0;650;912;92;654;0;CPUTHEFT
42327981388;311;"LOC_C3";"INTERVAL";"PROBE";1;63;0x00000b31;160;0;0;9799;13349;308;9803;0;CPUTHEFT
42327981708;45;"LOC_C4";"INTERVAL";"PROBE";1;63;0x00000b31;160;0;0;586;909;120;590;0;CPUTHEFT
42327981759;117575;"NEAR_P1";"INTERVAL";"PROBE";1;63;0x00000b31;160;10;3;6325973;9438738;1525;6326137;0;CPUTHEFT
42328099345;85765;"NEAR_P1";"INTERVAL";"PROBE";1;63;0x00000b31;160;5;6;4258140;6139709;592;4258279;0;CPUTHEFT
42328185118;117668;"NEAR_P1";"INTERVAL";"PROBE";1;63;0x00000b31;160;3;3;6331154;9466793;652;6331342;0;CPUTHEFT
42328302793;85453;"NEAR_P1";"INTERVAL";"PROBE";1;63;0x00000b31;160;1;0;4251418;6126708;116;4251514;0;CPUTHEFT
42328388253;117633;"NEAR_P1";"INTERVAL";"PROBE";1;63;0x00000b31;160;1;1;6332626;9468308;119;6332813;0;CPUTHEFT
42328505893;117625;"NEAR_P1";"INTERVAL";"PROBE";1;63;0x00000b31;160;2;0;6332793;9470987;56;6332988;0;CPUTHEFT
42328623525;85440;"NEAR_P1";"INTERVAL";"PROBE";1;63;0x00000b31;160;3;2;4247277;6119722;240;4247382;0;CPUTHEFT
42328708972;149694;"NEAR_P1";"INTERVAL";"PROBE";1;63;0x00000b31;160;0;1;8407968;12800862;1053;8408203;0;CPUTHEFT
42328858678;117784;"NEAR_P1";"INTERVAL";"PROBE";1;63;0x00000b31;160;1;0;6330915;9471090;1759;6331109;0;CPUTHEFT
42328976474;53538;"NEAR_P1";"INTERVAL";"PROBE";1;63;0x00000b31;160;0;0;2176552;2794471;697;2176595;0;CPUTHEFT
42329030019;149935;"NEAR_P1";"INTERVAL";"PROBE";1;63;0x00000b31;160;6;3;8393258;12777123;2693;8393523;0;CPUTHEFT
42329179966;117662;"NEAR_P1";"INTERVAL";"PROBE";1;63;0x00000b31;160;2;3;6328635;9446506;1021;6328839;0;CPUTHEFT
42329297637;85515;"NEAR_P1";"INTERVAL";"PROBE";1;63;0x00000b31;160;1;1;4250689;6128180;514;4250780;0;CPUTHEFT
42329383159;117913;"NEAR_P1";"INTERVAL";"PROBE";1;63;0x00000b31;160;2;1;6331834;9472378;957;6332042;0;CPUTHEFT
42329501080;117657;"NEAR_P1";"INTERVAL";"PROBE";1;63;0x00000b31;160;0;1;6326710;9457579;1033;6326899;0;CPUTHEFT
42329618745;117588;"NEAR_P1";"INTERVAL";"PROBE";1;63;0x00000b31;160;1;1;6331614;9443236;637;6331806;0;CPUTHEFT
42329736340;85384;"NEAR_P1";"INTERVAL";"PROBE";1;63;0x00000b31;160;0;2;4249932;6097989;632;4250026;0;CPUTHEFT
42329821733;117590;"NEAR_P1";"INTERVAL";"PROBE";1;63;0x00000b31;160;1;2;6329829;9441813;931;6330014;0;CPUTHEFT
42329939330;117513;"NEAR_P1";"INTERVAL";"PROBE";1;63;0x00000b31;160;2;3;6332717;9444958;160;6332909;0;CPUTHEFT
42330056852;85325;"NEAR_P1";"INTERVAL";"PROBE";1;63;0x00000b31;160;1;2;4251866;6099444;48;4251962;0;CPUTHEFT
42330142188;200453;"TRAJ_R1";"INTERVAL";"PROBE";1;63;0x00000b31;160;0;0;10327188;15422280;766;10327483;0;CPUTHEFT
42330379626;2331502;"MAF";"INTERVAL";"PROBE";1;63;0x00000b31;161;67;61;122534422;181045561;18832;122537829;0;CPUTHEFT
42330379651;127;"SENS_C1";"INTERVAL";"PROBE";1;63;0x00000b31;161;0;1;1453;2086;488;1457;0;CPUTHEFT
42330379785;252;"LOC_C1";"INTERVAL";"PROBE";1;63;0x00000b31;161;0;1;4919;7245;597;4923;0;CPUTHEFT
42330380046;42;"LOC_C2";"INTERVAL";"PROBE";1;63;0x00000b31;161;0;0;650;912;152;654;0;CPUTHEFT
42330380097;313;"LOC_C3";"INTERVAL";"PROBE";1;63;0x00000b31;161;0;0;9807;13424;324;9811;0;CPUTHEFT
42330380419;44;"LOC_C4";"INTERVAL";"PROBE";1;63;0x00000b31;161;0;0;584;937;124;588;0;CPUTHEFT
42330380470;85674;"NEAR_P1";"INTERVAL";"PROBE";1;63;0x00000b31;161;10;5;4243994;6089840;3776;4244085;0;CPUTHEFT
42330466161;117746;"NEAR_P1";"INTERVAL";"PROBE";1;63;0x00000b31;161;2;4;6330027;9439771;2367;6330213;0;CPUTHEFT
42330583914;117845;"NEAR_P1";"INTERVAL";"PROBE";1;63;0x00000b31;161;12;6;6332795;9443334;1796;6332990;0;CPUTHEFT
42330701767;85376;"NEAR_P1";"INTERVAL";"PROBE";1;63;0x00000b31;161;3;5;4251801;6100450;243;4251897;0;CPUTHEFT
42330787151;117554;"NEAR_P1";"INTERVAL";"PROBE";1;63;0x00000b31;161;3;2;6331265;9439073;281;6331450;0;CPUTHEFT
42330904713;117538;"NEAR_P1";"INTERVAL";"PROBE";1;63;0x00000b31;161;0;2;6331651;9439437;180;6331839;0;CPUTHEFT
42331022258;85351;"NEAR_P1";"INTERVAL";"PROBE";1;63;0x00000b31;161;2;1;4250935;6099257;96;4251028;0;CPUTHEFT
42331107616;117647;"NEAR_P1";"INTERVAL";"PROBE";1;63;0x00000b31;161;2;2;6333775;9446926;557;6333973;0;CPUTHEFT
42331225271;117715;"NEAR_P1";"INTERVAL";"PROBE";1;63;0x00000b31;161;7;2;6318513;9426957;1249;6318741;0;CPUTHEFT
42331342994;85435;"NEAR_P1";"INTERVAL";"PROBE";1;63;0x00000b31;161;4;3;4250586;6100547;722;4250681;0;CPUTHEFT
42331428437;117526;"NEAR_P1";"INTERVAL";"PROBE";1;63;0x00000b31;161;2;2;6333157;9443290;448;6333344;0;CPUTHEFT
42331545970;117517;"NEAR_P1";"INTERVAL";"PROBE";1;63;0x00000b31;161;3;3;6332745;9441716;116;6332933;0;CPUTHEFT
42331663494;85341;"NEAR_P1";"INTERVAL";"PROBE";1;63;0x00000b31;161;1;1;4252218;6102864;36;4252312;0;CPUTHEFT
42331748854;117535;"NEAR_P1";"INTERVAL";"PROBE";1;63;0x00000b31;161;2;0;6333105;9440848;120;6333299;0;CPUTHEFT
42331866396;117652;"NEAR_P1";"INTERVAL";"PROBE";1;63;0x00000b31;161;2;2;6335157;9449061;480;6335356;0;CPUTHEFT
42331984059;85580;"NEAR_P1";"INTERVAL";"PROBE";1;63;0x00000b31;161;1;0;4250033;6096985;1424;4250127;0;CPUTHEFT
42332069649;117707;"NEAR_P1";"INTERVAL";"PROBE";1;63;0x00000b31;161;1;1;6331689;9444539;1348;6331879;0;CPUTHEFT
42332187366;117581;"NEAR_P1";"INTERVAL";"PROBE";1;63;0x00000b31;161;4;2;6327054;9434169;724;6327257;0;CPUTHEFT
42332304954;85358;"NEAR_P1";"INTERVAL";"PROBE";1;63;0x00000b31;161;1;0;4252075;6102785;164;4252169;0;CPUTHEFT
42332390319;117509;"NEAR_P1";"INTERVAL";"PROBE";1;63;0x00000b31;161;1;1;6333189;9440780;216;6333375;0;CPUTHEFT
42332507837;203282;"TRAJ_R1";"INTERVAL";"PROBE";1;63;0x00000b31;161;0;0;10445001;15570093;423;10445278;0;CPUTHEFT
42332748526;2366430;"MAF";"INTERVAL";"PROBE";1;63;0x00000b31;162;41;58;124772409;184654867;14423;124775908;0;CPUTHEFT
42332748546;120;"SENS_C1";"INTERVAL";"PROBE";1;63;0x00000b31;162;0;2;1455;2051;444;1459;0;CPUTHEFT
42332748674;232;"LOC_C1";"INTERVAL";"PROBE";1;63;0x00000b31;162;1;0;4913;7217;506;4917;0;CPUTHEFT
42332748914;34;"LOC_C2";"INTERVAL";"PROBE";1;63;0x00000b31;162;0;0;650;913;96;654;0;CPUTHEFT
42332748957;311;"LOC_C3";"INTERVAL";"PROBE";1;63;0x00000b31;162;0;0;9799;13424;308;9803;0;CPUTHEFT
42332749278;46;"LOC_C4";"INTERVAL";"PROBE";1;63;0x00000b31;162;0;0;585;921;136;589;0;CPUTHEFT
42332749330;85637;"NEAR_P1";"INTERVAL";"PROBE";1;63;0x00000b31;162;9;5;4249507;6099540;1848;4249611;0;CPUTHEFT
42332834976;117671;"NEAR_P1";"INTERVAL";"PROBE";1;63;0x00000b31;162;6;7;6335959;9452787;480;6336172;0;CPUTHEFT
42332952656;117848;"NEAR_P1";"INTERVAL";"PROBE";1;63;0x00000b31;162;1;1;6331561;9444738;2599;6331747;0;CPUTHEFT
42333070513;85416;"NEAR_P1";"INTERVAL";"PROBE";1;63;0x00000b31;162;1;2;4251954;6105529;504;4252043;0;CPUTHEFT
42333155936;117508;"NEAR_P1";"INTERVAL";"PROBE";1;63;0x00000b31;162;1;2;6333578;9445364;77;6333766;0;CPUTHEFT
42333273451;117523;"NEAR_P1";"INTERVAL";"PROBE";1;63;0x00000b31;162;2;3;6333557;9449326;80;6333744;0;CPUTHEFT
42333390982;85358;"NEAR_P1";"INTERVAL";"PROBE";1;63;0x00000b31;162;1;2;4252339;6102553;84;4252439;0;CPUTHEFT
42333476348;117589;"NEAR_P1";"INTERVAL";"PROBE";1;63;0x00000b31;162;1;0;6332925;9449929;412;6333117;0;CPUTHEFT
42333593949;117802;"NEAR_P1";"INTERVAL";"PROBE";1;63;0x00000b31;162;1;1;6332922;9445044;2164;6333121;0;CPUTHEFT
42333711760;85477;"NEAR_P1";"INTERVAL";"PROBE";1;63;0x00000b31;162;1;2;4251750;6102102;980;4251846;0;CPUTHEFT
42333797244;117567;"NEAR_P1";"INTERVAL";"PROBE";1;63;0x00000b31;162;2;3;6331787;9443276;494;6331977;0;CPUTHEFT
42333914818;117599;"NEAR_P1";"INTERVAL";"PROBE";1;63;0x00000b31;162;1;2;6333059;9445850;279;6333245;0;CPUTHEFT
42334032424;85380;"NEAR_P1";"INTERVAL";"PROBE";1;63;0x00000b31;162;2;1;4250947;6104555;220;4251043;0;CPUTHEFT
42334117811;117523;"NEAR_P1";"INTERVAL";"PROBE";1;63;0x00000b31;162;0;2;6333538;9447068;164;6333726;0;CPUTHEFT
42334235341;117551;"NEAR_P1";"INTERVAL";"PROBE";1;63;0x00000b31;162;1;2;6330661;9444276;177;6330855;0;CPUTHEFT
42334352901;85367;"NEAR_P1";"INTERVAL";"PROBE";1;63;0x00000b31;162;1;1;4252441;6103569;68;4252539;0;CPUTHEFT
42334438279;117649;"NEAR_P1";"INTERVAL";"PROBE";1;63;0x00000b31;162;1;0;6335483;9451090;304;6335683;0;CPUTHEFT
42334555936;117574;"NEAR_P1";"INTERVAL";"PROBE";1;63;0x00000b31;162;1;0;6333083;9443883;736;6333275;0;CPUTHEFT
42334673519;85411;"NEAR_P1";"INTERVAL";"PROBE";1;63;0x00000b31;162;1;2;4251333;6101159;333;4251426;0;CPUTHEFT
42334758938;117535;"NEAR_P1";"INTERVAL";"PROBE";1;63;0x00000b31;162;1;1;6333591;9448912;76;6333774;0;CPUTHEFT
42334876483;238461;"TRAJ_R1";"INTERVAL";"PROBE";1;63;0x00000b31;162;0;0;12646784;19071929;546;12647163;0;CPUTHEFT
42335119503;2370042;"MAF";"INTERVAL";"PROBE";1;63;0x00000b31;163;51;58;124889045;184758645;18020;124892510;0;CPUTHEFT
42335119523;114;"SENS_C1";"INTERVAL";"PROBE";1;63;0x00000b31;163;0;2;1451;2050;436;1455;0;CPUTHEFT
42335119646;233;"LOC_C1";"INTERVAL";"PROBE";1;63;0x00000b31;163;0;0;4913;7197;508;4917;0;CPUTHEFT
42335119886;30;"LOC_C2";"INTERVAL";"PROBE";1;63;0x00000b31;163;0;0;650;913;92;654;0;CPUTHEFT
42335119925;307;"LOC_C3";"INTERVAL";"PROBE";1;63;0x00000b31;163;0;0;9809;13500;312;9813;0;CPUTHEFT
42335120241;42;"LOC_C4";"INTERVAL";"PROBE";1;63;0x00000b31;163;0;0;585;900;124;589;0;CPUTHEFT
42335120289;85613;"NEAR_P1";"INTERVAL";"PROBE";1;63;0x00000b31;163;9;2;4249136;6101795;1672;4249227;0;CPUTHEFT
42335205916;117871;"NEAR_P1";"INTERVAL";"PROBE";1;63;0x00000b31;163;5;4;6329973;9442046;3126;6330175;0;CPUTHEFT
42335323800;117589;"NEAR_P1";"INTERVAL";"PROBE";1;63;0x00000b31;163;1;0;6331896;9444840;924;6332082;0;CPUTHEFT
42335441398;85364;"NEAR_P1";"INTERVAL";"PROBE";1;63;0x00000b31;163;3;2;4251547;6099036;184;4251643;0;CPUTHEFT
42335526773;117561;"NEAR_P1";"INTERVAL";"PROBE";1;63;0x00000b31;163;2;4;6333365;9442891;193;6333555;0;CPUTHEFT
42335644342;117582;"NEAR_P1";"INTERVAL";"PROBE";1;63;0x00000b31;163;1;1;6333258;9446600;203;6333448;0;CPUTHEFT
42335761932;85371;"NEAR_P1";"INTERVAL";"PROBE";1;63;0x00000b31;163;0;2;4251697;6099557;160;4251790;0;CPUTHEFT
42335847311;117550;"NEAR_P1";"INTERVAL";"PROBE";1;63;0x00000b31;163;0;1;6332168;9429946;153;6332353;0;CPUTHEFT
42335964869;117554;"NEAR_P1";"INTERVAL";"PROBE";1;63;0x00000b31;163;0;2;6333113;9446273;108;6333301;0;CPUTHEFT
42336082430;117748;"NEAR_P1";"INTERVAL";"PROBE";1;63;0x00000b31;163;3;3;6339096;9459988;472;6339305;0;CPUTHEFT
42336200187;85382;"NEAR_P1";"INTERVAL";"PROBE";1;63;0x00000b31;163;1;0;4252125;6101067;716;4252221;0;CPUTHEFT
42336285578;117526;"NEAR_P1";"INTERVAL";"PROBE";1;63;0x00000b31;163;1;0;6329864;9439222;267;6330052;0;CPUTHEFT
42336403111;117810;"NEAR_P1";"INTERVAL";"PROBE";1;63;0x00000b31;163;11;5;6332635;9446442;1224;6332828;0;CPUTHEFT
42336520929;85346;"NEAR_P1";"INTERVAL";"PROBE";1;63;0x00000b31;163;3;1;4250764;6098903;166;4250860;0;CPUTHEFT
42336606282;117532;"NEAR_P1";"INTERVAL";"PROBE";1;63;0x00000b31;163;1;2;6333114;9445090;125;6333306;0;CPUTHEFT
42336723822;117599;"NEAR_P1";"INTERVAL";"PROBE";1;63;0x00000b31;163;2;3;6332950;9445903;780;6333143;0;CPUTHEFT
42336841436;85587;"NEAR_P1";"INTERVAL";"PROBE";1;63;0x00000b31;163;1;2;4251177;6099257;1547;4251274;0;CPUTHEFT
42336927030;117777;"NEAR_P1";"INTERVAL";"PROBE";1;63;0x00000b31;163;1;1;6330947;9445305;2276;6331136;0;CPUTHEFT
42337044817;117583;"NEAR_P1";"INTERVAL";"PROBE";1;63;0x00000b31;163;0;2;6332671;9442140;1148;6332859;0;CPUTHEFT
42337162409;85466;"NEAR_P1";"INTERVAL";"PROBE";1;63;0x00000b31;163;2;2;4251715;6100405;247;4251806;0;CPUTHEFT
42337247885;241652;"TRAJ_R1";"INTERVAL";"PROBE";1;63;0x00000b31;163;0;0;12772176;19229096;416;12772542;0;CPUTHEFT
42337494808;2372047;"MAF";"INTERVAL";"PROBE";1;63;0x00000b31;164;39;54;125006010;184909657;12816;125009452;0;CPUTHEFT
42337494834;116;"SENS_C1";"INTERVAL";"PROBE";1;63;0x00000b31;164;0;3;1455;2085;456;1459;0;CPUTHEFT
42337494958;231;"LOC_C1";"INTERVAL";"PROBE";1;63;0x00000b31;164;1;2;4910;7236;510;4914;0;CPUTHEFT
42337495195;34;"LOC_C2";"INTERVAL";"PROBE";1;63;0x00000b31;164;0;0;650;897;112;654;0;CPUTHEFT
42337495240;305;"LOC_C3";"INTERVAL";"PROBE";1;63;0x00000b31;164;0;0;9809;13615;308;9813;0;CPUTHEFT
42337495555;44;"LOC_C4";"INTERVAL";"PROBE";1;63;0x00000b31;164;0;0;586;921;128;590;0;CPUTHEFT
42337495605;117636;"NEAR_P1";"INTERVAL";"PROBE";1;63;0x00000b31;164;7;4;6328976;9441635;1368;6329157;0;CPUTHEFT
42337613248;85520;"NEAR_P1";"INTERVAL";"PROBE";1;63;0x00000b31;164;2;2;4256108;6108045;400;4256232;0;CPUTHEFT
42337698775;117669;"NEAR_P1";"INTERVAL";"PROBE";1;63;0x00000b31;164;2;1;6333940;9445302;944;6334117;0;CPUTHEFT
42337816458;117605;"NEAR_P1";"INTERVAL";"PROBE";1;63;0x00000b31;164;1;2;6331703;9442486;709;6331890;0;CPUTHEFT
42337934070;85352;"NEAR_P1";"INTERVAL";"PROBE";1;63;0x00000b31;164;2;1;4252204;6100847;112;4252298;0;CPUTHEFT
42338019430;117540;"NEAR_P1";"INTERVAL";"PROBE";1;63;0x00000b31;164;0;2;6331540;9432923;96;6331725;0;CPUTHEFT
42338136977;117541;"NEAR_P1";"INTERVAL";"PROBE";1;63;0x00000b31;164;1;2;6331963;9445043;221;6332149;0;CPUTHEFT
42338254526;85343;"NEAR_P1";"INTERVAL";"PROBE";1;63;0x00000b31;164;1;1;4252198;6099754;40;4252296;0;CPUTHEFT
42338339876;117693;"NEAR_P1";"INTERVAL";"PROBE";1;63;0x00000b31;164;2;0;6329992;9438166;1452;6330178;0;CPUTHEFT
42338457581;117677;"NEAR_P1";"INTERVAL";"PROBE";1;63;0x00000b31;164;1;1;6330564;9440944;1834;6330749;0;CPUTHEFT
42338575267;85546;"NEAR_P1";"INTERVAL";"PROBE";1;63;0x00000b31;164;1;1;4254022;6105848;664;4254121;0;CPUTHEFT
42338660821;117532;"NEAR_P1";"INTERVAL";"PROBE";1;63;0x00000b31;164;2;4;6333075;9444221;176;6333260;0;CPUTHEFT
42338778360;117543;"NEAR_P1";"INTERVAL";"PROBE";1;63;0x00000b31;164;2;1;6331052;9438857;249;6331237;0;CPUTHEFT
42338895910;85366;"NEAR_P1";"INTERVAL";"PROBE";1;63;0x00000b31;164;1;2;4252199;6087867;132;4252297;0;CPUTHEFT
42338981283;117550;"NEAR_P1";"INTERVAL";"PROBE";1;63;0x00000b31;164;3;2;6332946;9445183;181;6333134;0;CPUTHEFT
42339098840;117537;"NEAR_P1";"INTERVAL";"PROBE";1;63;0x00000b31;164;1;1;6333616;9448620;164;6333802;0;CPUTHEFT
42339216386;85370;"NEAR_P1";"INTERVAL";"PROBE";1;63;0x00000b31;164;4;2;4250894;6099716;424;4250990;0;CPUTHEFT
42339301763;117535;"NEAR_P1";"INTERVAL";"PROBE";1;63;0x00000b31;164;1;1;6333386;9444856;580;6333572;0;CPUTHEFT
42339419307;117654;"NEAR_P1";"INTERVAL";"PROBE";1;63;0x00000b31;164;1;0;6334694;9450033;748;6334897;0;CPUTHEFT
42339536969;85341;"NEAR_P1";"INTERVAL";"PROBE";1;63;0x00000b31;164;1;2;4252328;6101833;68;4252426;0;CPUTHEFT
42339622336;244510;"TRAJ_R1";"INTERVAL";"PROBE";1;63;0x00000b31;164;0;1;12884961;19394693;436;12885330;0;CPUTHEFT
42339871368;2408974;"MAF";"INTERVAL";"PROBE";1;63;0x00000b31;165;46;58;127203887;188493940;20628;127207524;0;CPUTHEFT
42339871388;117;"SENS_C1";"INTERVAL";"PROBE";1;63;0x00000b31;165;0;2;1451;2066;460;1455;0;CPUTHEFT
42339871513;229;"LOC_C1";"INTERVAL";"PROBE";1;63;0x00000b31;165;0;1;4922;7354;496;4926;0;CPUTHEFT
42339871750;31;"LOC_C2";"INTERVAL";"PROBE";1;63;0x00000b31;165;0;0;650;897;92;654;0;CPUTHEFT
42339871790;313;"LOC_C3";"INTERVAL";"PROBE";1;63;0x00000b31;165;0;0;9802;13419;304;9806;0;CPUTHEFT
42339872112;45;"LOC_C4";"INTERVAL";"PROBE";1;63;0x00000b31;165;0;0;585;917;136;589;0;CPUTHEFT
42339872163;117727;"NEAR_P1";"INTERVAL";"PROBE";1;63;0x00000b31;165;13;4;6329811;9443604;1456;6330004;0;CPUTHEFT
42339989903;117670;"NEAR_P1";"INTERVAL";"PROBE";1;63;0x00000b31;165;2;3;6331084;9441191;2244;6331271;0;CPUTHEFT
42340107585;85427;"NEAR_P1";"INTERVAL";"PROBE";1;63;0x00000b31;165;0;2;4251714;6100521;1184;4251810;0;CPUTHEFT
42340193019;117702;"NEAR_P1";"INTERVAL";"PROBE";1;63;0x00000b31;165;1;1;6334562;9449047;844;6334751;0;CPUTHEFT
42340310729;117632;"NEAR_P1";"INTERVAL";"PROBE";1;63;0x00000b31;165;3;1;6331280;9443252;370;6331466;0;CPUTHEFT
42340428368;85369;"NEAR_P1";"INTERVAL";"PROBE";1;63;0x00000b31;165;1;2;4252764;6104567;112;4252857;0;CPUTHEFT
42340513744;117609;"NEAR_P1";"INTERVAL";"PROBE";1;63;0x00000b31;165;1;2;6332550;9443310;309;6332736;0;CPUTHEFT
42340631360;117597;"NEAR_P1";"INTERVAL";"PROBE";1;63;0x00000b31;165;2;3;6332412;9444691;411;6332598;0;CPUTHEFT
42340748965;85388;"NEAR_P1";"INTERVAL";"PROBE";1;63;0x00000b31;165;1;2;4252612;6101852;180;4252710;0;CPUTHEFT
42340834360;117691;"NEAR_P1";"INTERVAL";"PROBE";1;63;0x00000b31;165;1;0;6338267;9457714;220;6338478;0;CPUTHEFT
42340952059;117766;"NEAR_P1";"INTERVAL";"PROBE";1;63;0x00000b31;165;1;1;6332073;9445056;2133;6332256;0;CPUTHEFT
42341069839;85721;"NEAR_P1";"INTERVAL";"PROBE";1;63;0x00000b31;165;4;2;4255396;6112297;1259;4255510;0;CPUTHEFT
42341155567;117860;"NEAR_P1";"INTERVAL";"PROBE";1;63;0x00000b31;165;1;0;6329864;9448064;1622;6330083;0;CPUTHEFT
42341273435;117620;"NEAR_P1";"INTERVAL";"PROBE";1;63;0x00000b31;165;2;2;6327519;9441741;513;6327730;0;CPUTHEFT
42341391062;85490;"NEAR_P1";"INTERVAL";"PROBE";1;63;0x00000b31;165;1;2;4250986;6118321;275;4251083;0;CPUTHEFT
42341476561;117743;"NEAR_P1";"INTERVAL";"PROBE";1;63;0x00000b31;165;4;4;6326794;9458919;798;6326997;0;CPUTHEFT
42341594318;117679;"NEAR_P1";"INTERVAL";"PROBE";1;63;0x00000b31;165;0;1;6331707;9434573;2260;6331897;0;CPUTHEFT
42341712007;85463;"NEAR_P1";"INTERVAL";"PROBE";1;63;0x00000b31;165;1;1;4251844;6101371;1108;4251942;0;CPUTHEFT
42341797478;117529;"NEAR_P1";"INTERVAL";"PROBE";1;63;0x00000b31;165;2;3;6333987;9447717;260;6334171;0;CPUTHEFT
42341915015;117670;"NEAR_P1";"INTERVAL";"PROBE";1;63;0x00000b31;165;1;2;6334909;9447802;741;6335101;0;CPUTHEFT
42342032695;247636;"TRAJ_R1";"INTERVAL";"PROBE";1;63;0x00000b31;165;0;1;13008115;19555699;393;13008490;0;CPUTHEFT
42342285512;2378552;"MAF";"INTERVAL";"PROBE";1;63;0x00000b31;166;58;57;125253289;185260551;13682;125256755;0;CPUTHEFT
42342285533;374;"SENS_C1";"INTERVAL";"PROBE";1;63;0x00000b31;166;10;5;2348;4193;1453;2359;0;CPUTHEFT
42342285915;231;"LOC_C1";"INTERVAL";"PROBE";1;63;0x00000b31;166;0;1;4925;7331;518;4929;0;CPUTHEFT
42342286153;35;"LOC_C2";"INTERVAL";"PROBE";1;63;0x00000b31;166;0;0;650;929;112;654;0;CPUTHEFT
42342286197;309;"LOC_C3";"INTERVAL";"PROBE";1;63;0x00000b31;166;0;0;9812;13520;308;9816;0;CPUTHEFT
42342286516;41;"LOC_C4";"INTERVAL";"PROBE";1;63;0x00000b31;166;0;0;586;903;120;590;0;CPUTHEFT
42342286563;85493;"NEAR_P1";"INTERVAL";"PROBE";1;63;0x00000b31;166;14;2;4247214;6095185;1576;4247310;0;CPUTHEFT
42342372065;117651;"NEAR_P1";"INTERVAL";"PROBE";1;63;0x00000b31;166;6;5;6330263;9441797;793;6330452;0;CPUTHEFT
42342489727;117711;"NEAR_P1";"INTERVAL";"PROBE";1;63;0x00000b31;166;3;3;6337593;9455713;516;6337796;0;CPUTHEFT
42342607449;85419;"NEAR_P1";"INTERVAL";"PROBE";1;63;0x00000b31;166;1;0;4252478;6102694;704;4252576;0;CPUTHEFT
42342692876;117652;"NEAR_P1";"INTERVAL";"PROBE";1;63;0x00000b31;166;1;0;6336133;9450960;368;6336331;0;CPUTHEFT
42342810535;117517;"NEAR_P1";"INTERVAL";"PROBE";1;63;0x00000b31;166;1;2;6333682;9449968;76;6333863;0;CPUTHEFT
42342928060;85365;"NEAR_P1";"INTERVAL";"PROBE";1;63;0x00000b31;166;1;1;4253104;6101859;40;4253202;0;CPUTHEFT
42343013432;117563;"NEAR_P1";"INTERVAL";"PROBE";1;63;0x00000b31;166;1;2;6333142;9446979;155;6333333;0;CPUTHEFT
42343131003;117625;"NEAR_P1";"INTERVAL";"PROBE";1;63;0x00000b31;166;1;2;6333094;9446377;876;6333279;0;CPUTHEFT
42343248643;85521;"NEAR_P1";"INTERVAL";"PROBE";1;63;0x00000b31;166;1;1;4250288;6098359;1870;4250380;0;CPUTHEFT
42343334171;117608;"NEAR_P1";"INTERVAL";"PROBE";1;63;0x00000b31;166;2;0;6331542;9442012;788;6331729;0;CPUTHEFT
42343451786;117543;"NEAR_P1";"INTERVAL";"PROBE";1;63;0x00000b31;166;2;2;6333437;9444926;252;6333620;0;CPUTHEFT
42343569336;85506;"NEAR_P1";"INTERVAL";"PROBE";1;63;0x00000b31;166;1;2;4254690;6110374;384;4254795;0;CPUTHEFT
42343654849;117539;"NEAR_P1";"INTERVAL";"PROBE";1;63;0x00000b31;166;2;3;6333264;9446200;200;6333447;0;CPUTHEFT
42343772395;117534;"NEAR_P1";"INTERVAL";"PROBE";1;63;0x00000b31;166;1;2;6334308;9446767;81;6334497;0;CPUTHEFT
42343889937;85379;"NEAR_P1";"INTERVAL";"PROBE";1;63;0x00000b31;166;2;1;4252389;6103680;90;4252481;0;CPUTHEFT
42343975323;117615;"NEAR_P1";"INTERVAL";"PROBE";1;63;0x00000b31;166;1;3;6333982;9438539;176;6334165;0;CPUTHEFT
42344092945;117554;"NEAR_P1";"INTERVAL";"PROBE";1;63;0x00000b31;166;2;0;6333345;9444929;419;6333534;0;CPUTHEFT
42344210506;117553;"NEAR_P1";"INTERVAL";"PROBE";1;63;0x00000b31;166;0;2;6334220;9444230;668;6334408;0;CPUTHEFT
42344328066;85384;"NEAR_P1";"INTERVAL";"PROBE";1;63;0x00000b31;166;0;2;4252852;6094931;71;4252948;0;CPUTHEFT
42344413475;250581;"TRAJ_R1";"INTERVAL";"PROBE";1;63;0x00000b31;166;0;0;13117724;19699396;764;13118111;0;CPUTHEFT
42344668616;2414219;"MAF";"INTERVAL";"PROBE";1;63;0x00000b31;167;41;53;127426509;188893030;19202;127430078;0;CPUTHEFT
42344668634;118;"SENS_C1";"INTERVAL";"PROBE";1;63;0x00000b31;167;0;3;1452;2084;464;1456;0;CPUTHEFT
42344668760;235;"LOC_C1";"INTERVAL";"PROBE";1;63;0x00000b31;167;0;0;4916;7367;512;4920;0;CPUTHEFT
42344669002;32;"LOC_C2";"INTERVAL";"PROBE";1;63;0x00000b31;167;0;0;650;903;100;654;0;CPUTHEFT
42344669043;310;"LOC_C3";"INTERVAL";"PROBE";1;63;0x00000b31;167;0;0;9813;13379;300;9817;0;CPUTHEFT
42344669362;48;"LOC_C4";"INTERVAL";"PROBE";1;63;0x00000b31;167;0;0;584;897;140;588;0;CPUTHEFT
42344669416;117741;"NEAR_P1";"INTERVAL";"PROBE";1;63;0x00000b31;167;12;1;6329499;9445224;1416;6329681;0;CPUTHEFT
42344787170;117719;"NEAR_P1";"INTERVAL";"PROBE";1;63;0x00000b31;167;4;3;6331287;9442095;2378;6331473;0;CPUTHEFT
42344904898;85485;"NEAR_P1";"INTERVAL";"PROBE";1;63;0x00000b31;167;1;2;4251961;6102311;1270;4252055;0;CPUTHEFT
42344990390;117659;"NEAR_P1";"INTERVAL";"PROBE";1;63;0x00000b31;167;1;1;6331205;9444995;2325;6331395;0;CPUTHEFT
42345108062;117632;"NEAR_P1";"INTERVAL";"PROBE";1;63;0x00000b31;167;2;0;6333476;9446956;940;6333665;0;CPUTHEFT
42345225702;85515;"NEAR_P1";"INTERVAL";"PROBE";1;63;0x00000b31;167;2;2;4253202;6108553;544;4253304;0;CPUTHEFT
42345311224;117535;"NEAR_P1";"INTERVAL";"PROBE";1;63;0x00000b31;167;1;2;6334087;9448856;232;6334270;0;CPUTHEFT
42345428767;117607;"NEAR_P1";"INTERVAL";"PROBE";1;63;0x00000b31;167;2;3;6333715;9447615;378;6333905;0;CPUTHEFT
42345546382;85421;"NEAR_P1";"INTERVAL";"PROBE";1;63;0x00000b31;167;1;1;4252107;6102396;243;4252203;0;CPUTHEFT
42345631813;117774;"NEAR_P1";"INTERVAL";"PROBE";1;63;0x00000b31;167;2;0;6337589;9455876;690;6337806;0;CPUTHEFT
42345749596;117600;"NEAR_P1";"INTERVAL";"PROBE";1;63;0x00000b31;167;0;2;6333117;9448008;864;6333302;0;CPUTHEFT
42345867206;85432;"NEAR_P1";"INTERVAL";"PROBE";1;63;0x00000b31;167;0;2;4252622;6096616;391;4252717;0;CPUTHEFT
42345952645;117575;"NEAR_P1";"INTERVAL";"PROBE";1;63;0x00000b31;167;1;1;6332322;9443666;205;6332509;0;CPUTHEFT
42346070228;117634;"NEAR_P1";"INTERVAL";"PROBE";1;63;0x00000b31;167;1;0;6335960;9451070;308;6336160;0;CPUTHEFT
42346187870;85363;"NEAR_P1";"INTERVAL";"PROBE";1;63;0x00000b31;167;1;2;4252948;6106320;88;4253046;0;CPUTHEFT
42346273240;117567;"NEAR_P1";"INTERVAL";"PROBE";1;63;0x00000b31;167;2;3;6333575;9449412;259;6333763;0;CPUTHEFT
42346390819;117681;"NEAR_P1";"INTERVAL";"PROBE";1;63;0x00000b31;167;1;2;6329223;9441403;2042;6329412;0;CPUTHEFT
42346508509;85515;"NEAR_P1";"INTERVAL";"PROBE";1;63;0x00000b31;167;1;1;4248726;6113579;1293;4248823;0;CPUTHEFT
42346594034;117736;"NEAR_P1";"INTERVAL";"PROBE";1;63;0x00000b31;167;2;0;6333344;9475379;507;6333531;0;CPUTHEFT
42346711777;117654;"NEAR_P1";"INTERVAL";"PROBE";1;63;0x00000b31;167;1;2;6332456;9471514;237;6332641;0;CPUTHEFT
42346829446;253379;"TRAJ_R1";"INTERVAL";"PROBE";1;63;0x00000b31;167;1;2;13220445;19898738;656;13220828;0;CPUTHEFT
42347087974;2386349;"MAF";"INTERVAL";"PROBE";1;63;0x00000b31;168;53;57;125433319;186070558;16450;125436884;0;CPUTHEFT
42347087998;110;"SENS_C1";"INTERVAL";"PROBE";1;63;0x00000b31;168;0;2;1455;2096;444;1459;0;CPUTHEFT
42347088116;228;"LOC_C1";"INTERVAL";"PROBE";1;63;0x00000b31;168;0;0;4918;7414;516;4922;0;CPUTHEFT
42347088352;30;"LOC_C2";"INTERVAL";"PROBE";1;63;0x00000b31;168;0;0;650;895;88;654;0;CPUTHEFT
42347088391;313;"LOC_C3";"INTERVAL";"PROBE";1;63;0x00000b31;168;0;0;9807;13521;316;9811;0;CPUTHEFT
42347088714;42;"LOC_C4";"INTERVAL";"PROBE";1;63;0x00000b31;168;0;0;585;889;128;589;0;CPUTHEFT
42347088762;85592;"NEAR_P1";"INTERVAL";"PROBE";1;63;0x00000b31;168;7;2;4247538;6123860;1604;4247634;0;CPUTHEFT
42347174361;117714;"NEAR_P1";"INTERVAL";"PROBE";1;63;0x00000b31;168;2;5;6331184;9468916;566;6331374;0;CPUTHEFT
42347292092;117819;"NEAR_P1";"INTERVAL";"PROBE";1;63;0x00000b31;168;1;1;6337010;9482075;643;6337228;0;CPUTHEFT
42347409921;85540;"NEAR_P1";"INTERVAL";"PROBE";1;63;0x00000b31;168;6;1;4236627;6104048;1621;4236751;0;CPUTHEFT
42347495469;117683;"NEAR_P1";"INTERVAL";"PROBE";1;63;0x00000b31;168;2;2;6331965;9469486;202;6332157;0;CPUTHEFT
42347613161;117887;"NEAR_P1";"INTERVAL";"PROBE";1;63;0x00000b31;168;10;4;6333919;9474593;1164;6334114;0;CPUTHEFT
42347731056;117735;"NEAR_P1";"INTERVAL";"PROBE";1;63;0x00000b31;168;3;2;6335533;9475265;280;6335731;0;CPUTHEFT
42347848799;85482;"NEAR_P1";"INTERVAL";"PROBE";1;63;0x00000b31;168;1;2;4252738;6124016;20;4252850;0;CPUTHEFT
42347934288;117714;"NEAR_P1";"INTERVAL";"PROBE";1;63;0x00000b31;168;1;1;6333628;9471994;865;6333819;0;CPUTHEFT
42348052014;117849;"NEAR_P1";"INTERVAL";"PROBE";1;63;0x00000b31;168;2;2;6332072;9458796;1616;6332264;0;CPUTHEFT
42348169872;85533;"NEAR_P1";"INTERVAL";"PROBE";1;63;0x00000b31;168;2;1;4251941;6125558;669;4252037;0;CPUTHEFT
42348255412;117674;"NEAR_P1";"INTERVAL";"PROBE";1;63;0x00000b31;168;2;4;6333666;9459259;276;6333856;0;CPUTHEFT
42348373099;117650;"NEAR_P1";"INTERVAL";"PROBE";1;63;0x00000b31;168;2;1;6334143;9472277;120;6334333;0;CPUTHEFT
42348490760;85473;"NEAR_P1";"INTERVAL";"PROBE";1;63;0x00000b31;168;0;2;4253211;6130175;84;4253307;0;CPUTHEFT
42348576240;117816;"NEAR_P1";"INTERVAL";"PROBE";1;63;0x00000b31;168;2;2;6332440;9472373;506;6332639;0;CPUTHEFT
42348694063;117653;"NEAR_P1";"INTERVAL";"PROBE";1;63;0x00000b31;168;2;0;6334068;9473398;175;6334256;0;CPUTHEFT
42348811725;85483;"NEAR_P1";"INTERVAL";"PROBE";1;63;0x00000b31;168;2;1;4251943;6130252;101;4252039;0;CPUTHEFT
42348897218;117685;"NEAR_P1";"INTERVAL";"PROBE";1;63;0x00000b31;168;2;2;6332697;9470457;730;6332886;0;CPUTHEFT
42349014918;117880;"NEAR_P1";"INTERVAL";"PROBE";1;63;0x00000b31;168;1;1;6328223;9464115;2499;6328408;0;CPUTHEFT
42349132807;85479;"NEAR_P1";"INTERVAL";"PROBE";1;63;0x00000b31;168;1;2;4251849;6129202;172;4251945;0;CPUTHEFT
42349218308;256006;"TRAJ_R1";"INTERVAL";"PROBE";1;63;0x00000b31;168;0;2;13323290;20037726;652;13323676;0;CPUTHEFT
42349478821;2420070;"MAF";"INTERVAL";"PROBE";1;63;0x00000b31;169;45;51;127611381;189577259;14014;127614954;0;CPUTHEFT
42349478839;121;"SENS_C1";"INTERVAL";"PROBE";1;63;0x00000b31;169;0;1;1451;2055;452;1455;0;CPUTHEFT
42349478968;228;"LOC_C1";"INTERVAL";"PROBE";1;63;0x00000b31;169;0;1;4922;7402;496;4926;0;CPUTHEFT
42349479204;34;"LOC_C2";"INTERVAL";"PROBE";1;63;0x00000b31;169;0;0;650;911;116;654;0;CPUTHEFT
42349479247;310;"LOC_C3";"INTERVAL";"PROBE";1;63;0x00000b31;169;0;0;9807;13416;304;9811;0;CPUTHEFT
42349479566;41;"LOC_C4";"INTERVAL";"PROBE";1;63;0x00000b31;169;0;0;584;889;124;588;0;CPUTHEFT
42349479613;117754;"NEAR_P1";"INTERVAL";"PROBE";1;63;0x00000b31;169;13;6;6329581;9471209;1654;6329765;0;CPUTHEFT
42349597381;117778;"NEAR_P1";"INTERVAL";"PROBE";1;63;0x00000b31;169;4;2;6331724;9472612;2311;6331910;0;CPUTHEFT
42349715168;117801;"NEAR_P1";"INTERVAL";"PROBE";1;63;0x00000b31;169;3;3;6330172;9468904;1325;6330356;0;CPUTHEFT
42349832976;85522;"NEAR_P1";"INTERVAL";"PROBE";1;63;0x00000b31;169;2;0;4252562;6127830;277;4252660;0;CPUTHEFT
42349918505;117681;"NEAR_P1";"INTERVAL";"PROBE";1;63;0x00000b31;169;1;1;6332735;9472117;279;6332925;0;CPUTHEFT
42350036193;117642;"NEAR_P1";"INTERVAL";"PROBE";1;63;0x00000b31;169;2;2;6333823;9472444;152;6334010;0;CPUTHEFT
42350153842;85508;"NEAR_P1";"INTERVAL";"PROBE";1;63;0x00000b31;169;2;1;4253019;6128751;128;4253110;0;CPUTHEFT
42350239357;117755;"NEAR_P1";"INTERVAL";"PROBE";1;63;0x00000b31;169;2;4;6335048;9476584;424;6335243;0;CPUTHEFT
42350357125;117673;"NEAR_P1";"INTERVAL";"PROBE";1;63;0x00000b31;169;2;2;6332928;9472665;128;6333113;0;CPUTHEFT
42350474807;85641;"NEAR_P1";"INTERVAL";"PROBE";1;63;0x00000b31;169;0;1;4256822;6133388;225;4256945;0;CPUTHEFT
42350560456;117704;"NEAR_P1";"INTERVAL";"PROBE";1;63;0x00000b31;169;2;2;6330524;9469834;909;6330713;0;CPUTHEFT
42350678169;117659;"NEAR_P1";"INTERVAL";"PROBE";1;63;0x00000b31;169;2;0;6334095;9474253;189;6334283;0;CPUTHEFT
42350795836;85473;"NEAR_P1";"INTERVAL";"PROBE";1;63;0x00000b31;169;2;1;4252765;6129209;44;4252861;0;CPUTHEFT
42350881316;117622;"NEAR_P1";"INTERVAL";"PROBE";1;63;0x00000b31;169;1;0;6333601;9474076;44;6333788;0;CPUTHEFT
42350998945;117751;"NEAR_P1";"INTERVAL";"PROBE";1;63;0x00000b31;169;1;2;6335473;9475917;260;6335677;0;CPUTHEFT
42351116703;85578;"NEAR_P1";"INTERVAL";"PROBE";1;63;0x00000b31;169;0;1;4252594;6132200;388;4252691;0;CPUTHEFT
42351202292;117785;"NEAR_P1";"INTERVAL";"PROBE";1;63;0x00000b31;169;1;1;6331988;9469269;1752;6332181;0;CPUTHEFT
42351320086;117732;"NEAR_P1";"INTERVAL";"PROBE";1;63;0x00000b31;169;1;1;6331078;9466337;881;6331268;0;CPUTHEFT
42351437825;85484;"NEAR_P1";"INTERVAL";"PROBE";1;63;0x00000b31;169;2;2;4253066;6128049;184;4253164;0;CPUTHEFT
42351523316;117683;"NEAR_P1";"INTERVAL";"PROBE";1;63;0x00000b31;169;1;2;6333668;9471783;243;6333855;0;CPUTHEFT
42351641025;257858;"TRAJ_R1";"INTERVAL";"PROBE";1;63;0x00000b31;169;0;1;13400476;20137308;392;13400851;0;CPUTHEFT
42351904067;2421273;"MAF";"INTERVAL";"PROBE";1;63;0x00000b31;170;57;57;127666988;189253675;20843;127670647;0;CPUTHEFT
42351904087;115;"SENS_C1";"INTERVAL";"PROBE";1;63;0x00000b31;170;0;0;1456;2079;448;1460;0;CPUTHEFT
42351904210;227;"LOC_C1";"INTERVAL";"PROBE";1;63;0x00000b31;170;0;0;4917;7281;498;4921;0;CPUTHEFT
42351904444;34;"LOC_C2";"INTERVAL";"PROBE";1;63;0x00000b31;170;0;0;650;926;96;654;0;CPUTHEFT
42351904487;310;"LOC_C3";"INTERVAL";"PROBE";1;63;0x00000b31;170;0;0;9808;13490;304;9812;0;CPUTHEFT
42351904806;43;"LOC_C4";"INTERVAL";"PROBE";1;63;0x00000b31;170;0;0;585;898;120;589;0;CPUTHEFT
42351904855;117916;"NEAR_P1";"INTERVAL";"PROBE";1;63;0x00000b31;170;13;2;6331411;9469629;1656;6331609;0;CPUTHEFT
42352022779;117871;"NEAR_P1";"INTERVAL";"PROBE";1;63;0x00000b31;170;7;3;6337841;9480627;392;6338060;0;CPUTHEFT
42352140657;85529;"NEAR_P1";"INTERVAL";"PROBE";1;63;0x00000b31;170;2;1;4252412;6117642;471;4252503;0;CPUTHEFT
42352226197;117683;"NEAR_P1";"INTERVAL";"PROBE";1;63;0x00000b31;170;0;2;6331146;9461490;667;6331334;0;CPUTHEFT
42352343888;117516;"NEAR_P1";"INTERVAL";"PROBE";1;63;0x00000b31;170;1;1;6334094;9443598;103;6334281;0;CPUTHEFT
42352461411;85346;"NEAR_P1";"INTERVAL";"PROBE";1;63;0x00000b31;170;1;2;4252771;6102384;32;4252864;0;CPUTHEFT
42352546765;117509;"NEAR_P1";"INTERVAL";"PROBE";1;63;0x00000b31;170;1;2;6333657;9442500;48;6333847;0;CPUTHEFT
42352664282;117746;"NEAR_P1";"INTERVAL";"PROBE";1;63;0x00000b31;170;2;3;6331857;9464997;587;6332056;0;CPUTHEFT
42352782040;85535;"NEAR_P1";"INTERVAL";"PROBE";1;63;0x00000b31;170;1;2;4252202;6130726;1188;4252296;0;CPUTHEFT
42352867587;117699;"NEAR_P1";"INTERVAL";"PROBE";1;63;0x00000b31;170;1;0;6332107;9464183;1224;6332297;0;CPUTHEFT
42352985310;117813;"NEAR_P1";"INTERVAL";"PROBE";1;63;0x00000b31;170;1;1;6333380;9471513;2335;6333570;0;CPUTHEFT
42353103139;85580;"NEAR_P1";"INTERVAL";"PROBE";1;63;0x00000b31;170;1;2;4252943;6128682;1336;4253038;0;CPUTHEFT
42353188727;117948;"NEAR_P1";"INTERVAL";"PROBE";1;63;0x00000b31;170;4;0;6331893;9448094;1871;6332105;0;CPUTHEFT
42353306687;117739;"NEAR_P1";"INTERVAL";"PROBE";1;63;0x00000b31;170;2;3;6328899;9439405;1766;6329099;0;CPUTHEFT
42353424435;85504;"NEAR_P1";"INTERVAL";"PROBE";1;63;0x00000b31;170;1;0;4251154;6099870;594;4251257;0;CPUTHEFT
42353509948;118043;"NEAR_P1";"INTERVAL";"PROBE";1;63;0x00000b31;170;10;3;6332029;9447425;2071;6332246;0;CPUTHEFT
42353628000;117537;"NEAR_P1";"INTERVAL";"PROBE";1;63;0x00000b31;170;2;1;6329734;9439022;530;6329933;0;CPUTHEFT
42353745547;85415;"NEAR_P1";"INTERVAL";"PROBE";1;63;0x00000b31;170;1;2;4252909;6100226;852;4253005;0;CPUTHEFT
42353830974;117549;"NEAR_P1";"INTERVAL";"PROBE";1;63;0x00000b31;170;1;2;6333310;9446213;518;6333497;0;CPUTHEFT
42353948530;117529;"NEAR_P1";"INTERVAL";"PROBE";1;63;0x00000b31;170;2;3;6332780;9444662;187;6332971;0;CPUTHEFT
42354066073;259259;"TRAJ_R1";"INTERVAL";"PROBE";1;63;0x00000b31;170;0;2;13464820;20158375;469;13465194;0;CPUTHEFT
42354329841;2420855;"MAF";"INTERVAL";"PROBE";1;63;0x00000b31;171;40;55;127726936;189102210;15545;127730509;0;CPUTHEFT
42354329859;114;"SENS_C1";"INTERVAL";"PROBE";1;63;0x00000b31;171;0;2;1453;2039;456;1457;0;CPUTHEFT
42354329981;234;"LOC_C1";"INTERVAL";"PROBE";1;63;0x00000b31;171;1;3;4920;7356;512;4924;0;CPUTHEFT
42354330222;33;"LOC_C2";"INTERVAL";"PROBE";1;63;0x00000b31;171;0;0;650;893;88;654;0;CPUTHEFT
42354330264;312;"LOC_C3";"INTERVAL";"PROBE";1;63;0x00000b31;171;0;0;9809;13565;324;9813;0;CPUTHEFT
42354330585;44;"LOC_C4";"INTERVAL";"PROBE";1;63;0x00000b31;171;0;0;585;908;120;589;0;CPUTHEFT
42354330635;117941;"NEAR_P1";"INTERVAL";"PROBE";1;63;0x00000b31;171;7;5;6330629;9443032;3117;6330829;0;CPUTHEFT
42354448594;85513;"NEAR_P1";"INTERVAL";"PROBE";1;63;0x00000b31;171;5;3;4250902;6096847;2292;4250994;0;CPUTHEFT
42354534116;117641;"NEAR_P1";"INTERVAL";"PROBE";1;63;0x00000b31;171;0;1;6332514;9444718;760;6332703;0;CPUTHEFT
42354651765;117583;"NEAR_P1";"INTERVAL";"PROBE";1;63;0x00000b31;171;1;2;6330643;9441800;391;6330830;0;CPUTHEFT
42354769356;85418;"NEAR_P1";"INTERVAL";"PROBE";1;63;0x00000b31;171;1;1;4250868;6097994;176;4250961;0;CPUTHEFT
42354854781;117591;"NEAR_P1";"INTERVAL";"PROBE";1;63;0x00000b31;171;2;4;6333189;9436624;421;6333372;0;CPUTHEFT
42354972381;117542;"NEAR_P1";"INTERVAL";"PROBE";1;63;0x00000b31;171;1;0;6333715;9445486;172;6333905;0;CPUTHEFT
42355089930;85378;"NEAR_P1";"INTERVAL";"PROBE";1;63;0x00000b31;171;1;0;4252897;6104086;144;4252993;0;CPUTHEFT
42355175316;117632;"NEAR_P1";"INTERVAL";"PROBE";1;63;0x00000b31;171;2;3;6336604;9448663;284;6336802;0;CPUTHEFT
42355292960;117739;"NEAR_P1";"INTERVAL";"PROBE";1;63;0x00000b31;171;2;1;6336861;9451130;634;6337076;0;CPUTHEFT
42355410711;117557;"NEAR_P1";"INTERVAL";"PROBE";1;63;0x00000b31;171;2;2;6333287;9445943;749;6333474;0;CPUTHEFT
42355528275;85364;"NEAR_P1";"INTERVAL";"PROBE";1;63;0x00000b31;171;1;2;4253030;6104075;146;4253126;0;CPUTHEFT
42355613647;117550;"NEAR_P1";"INTERVAL";"PROBE";1;63;0x00000b31;171;2;3;6333556;9446044;106;6333742;0;CPUTHEFT
42355731205;117573;"NEAR_P1";"INTERVAL";"PROBE";1;63;0x00000b31;171;1;0;6333996;9446994;100;6334181;0;CPUTHEFT
42355848787;85380;"NEAR_P1";"INTERVAL";"PROBE";1;63;0x00000b31;171;0;1;4253225;6104756;75;4253325;0;CPUTHEFT
42355934174;117638;"NEAR_P1";"INTERVAL";"PROBE";1;63;0x00000b31;171;1;1;6334074;9445447;920;6334263;0;CPUTHEFT
42356051826;117811;"NEAR_P1";"INTERVAL";"PROBE";1;63;0x00000b31;171;1;1;6332683;9433357;1868;6332881;0;CPUTHEFT
42356169645;85440;"NEAR_P1";"INTERVAL";"PROBE";1;63;0x00000b31;171;2;2;4251822;6102799;536;4251920;0;CPUTHEFT
42356255092;117572;"NEAR_P1";"INTERVAL";"PROBE";1;63;0x00000b31;171;2;1;6334844;9447513;129;6335034;0;CPUTHEFT
42356372671;117535;"NEAR_P1";"INTERVAL";"PROBE";1;63;0x00000b31;171;2;4;6333087;9444211;161;6333277;0;CPUTHEFT
42356490216;260473;"TRAJ_R1";"INTERVAL";"PROBE";1;63;0x00000b31;171;0;0;13510875;20218008;476;13511240;0;CPUTHEFT
42356755855;2424136;"MAF";"INTERVAL";"PROBE";1;63;0x00000b31;172;153;97;127767208;189780285;14962;127770812;0;CPUTHEFT
42356755879;114;"SENS_C1";"INTERVAL";"PROBE";1;63;0x00000b31;172;0;1;1455;2063;444;1459;0;CPUTHEFT
42356756001;232;"LOC_C1";"INTERVAL";"PROBE";1;63;0x00000b31;172;1;1;4922;7376;498;4926;0;CPUTHEFT
42356756240;33;"LOC_C2";"INTERVAL";"PROBE";1;63;0x00000b31;172;0;0;650;934;92;654;0;CPUTHEFT
42356756284;314;"LOC_C3";"INTERVAL";"PROBE";1;63;0x00000b31;172;0;0;9807;13406;304;9811;0;CPUTHEFT
42356756607;43;"LOC_C4";"INTERVAL";"PROBE";1;63;0x00000b31;172;0;0;586;895;120;590;0;CPUTHEFT
42356756656;117876;"NEAR_P1";"INTERVAL";"PROBE";1;63;0x00000b31;172;11;6;6326535;9458279;1750;6326718;0;CPUTHEFT
42356874540;85766;"NEAR_P1";"INTERVAL";"PROBE";1;63;0x00000b31;172;4;3;4259599;6145924;632;4259733;0;CPUTHEFT
42356960315;117874;"NEAR_P1";"INTERVAL";"PROBE";1;63;0x00000b31;172;83;43;6329202;9467982;2230;6329387;0;CPUTHEFT
42357078201;117771;"NEAR_P1";"INTERVAL";"PROBE";1;63;0x00000b31;172;10;0;6334543;9467658;1041;6334728;0;CPUTHEFT
42357195979;85490;"NEAR_P1";"INTERVAL";"PROBE";1;63;0x00000b31;172;0;1;4252561;6132266;128;4252655;0;CPUTHEFT
42357281477;117666;"NEAR_P1";"INTERVAL";"PROBE";1;63;0x00000b31;172;2;2;6334444;9473558;90;6334630;0;CPUTHEFT
42357399150;117674;"NEAR_P1";"INTERVAL";"PROBE";1;63;0x00000b31;172;3;2;6334131;9473456;133;6334321;0;CPUTHEFT
42357516832;85551;"NEAR_P1";"INTERVAL";"PROBE";1;63;0x00000b31;172;0;1;4252951;6131691;500;4253046;0;CPUTHEFT
42357602393;117767;"NEAR_P1";"INTERVAL";"PROBE";1;63;0x00000b31;172;2;2;6332168;9470101;2016;6332358;0;CPUTHEFT
42357720169;117888;"NEAR_P1";"INTERVAL";"PROBE";1;63;0x00000b31;172;8;1;6335534;9479238;1264;6335736;0;CPUTHEFT
42357838067;85509;"NEAR_P1";"INTERVAL";"PROBE";1;63;0x00000b31;172;1;1;4253277;6130445;196;4253371;0;CPUTHEFT
42357923583;117684;"NEAR_P1";"INTERVAL";"PROBE";1;63;0x00000b31;172;2;4;6334585;9476951;157;6334771;0;CPUTHEFT
42358041274;117679;"NEAR_P1";"INTERVAL";"PROBE";1;63;0x00000b31;172;2;1;6334110;9472059;436;6334299;0;CPUTHEFT
42358158961;85530;"NEAR_P1";"INTERVAL";"PROBE";1;63;0x00000b31;172;1;2;4253128;6128142;181;4253224;0;CPUTHEFT
42358244498;117675;"NEAR_P1";"INTERVAL";"PROBE";1;63;0x00000b31;172;3;2;6334025;9473458;184;6334213;0;CPUTHEFT
42358362199;117665;"NEAR_P1";"INTERVAL";"PROBE";1;63;0x00000b31;172;1;1;6334854;9472466;84;6335044;0;CPUTHEFT
42358479874;85490;"NEAR_P1";"INTERVAL";"PROBE";1;63;0x00000b31;172;3;2;4253615;6129580;148;4253713;0;CPUTHEFT
42358565371;117776;"NEAR_P1";"INTERVAL";"PROBE";1;63;0x00000b31;172;1;1;6335992;9476064;1036;6336186;0;CPUTHEFT
42358683156;117646;"NEAR_P1";"INTERVAL";"PROBE";1;63;0x00000b31;172;1;2;6334940;9477725;144;6335130;0;CPUTHEFT
42358800809;85516;"NEAR_P1";"INTERVAL";"PROBE";1;63;0x00000b31;172;8;1;4251458;6130006;163;4251557;0;CPUTHEFT
42358886368;293612;"TRAJ_R1";"INTERVAL";"PROBE";1;63;0x00000b31;172;1;3;15621900;23660633;611;15622390;0;CPUTHEFT
42359184971;2389905;"MAF";"INTERVAL";"PROBE";1;63;0x00000b31;173;164;114;125670958;185776421;20961;125674466;0;CPUTHEFT
42359184999;124;"SENS_C1";"INTERVAL";"PROBE";1;63;0x00000b31;173;1;2;1452;2092;476;1456;0;CPUTHEFT
42359185132;238;"LOC_C1";"INTERVAL";"PROBE";1;63;0x00000b31;173;1;3;4917;7433;524;4921;0;CPUTHEFT
42359185378;35;"LOC_C2";"INTERVAL";"PROBE";1;63;0x00000b31;173;0;2;650;913;124;654;0;CPUTHEFT
42359185422;585;"LOC_C3";"INTERVAL";"PROBE";1;63;0x00000b31;173;17;1;10706;15595;1384;10717;0;CPUTHEFT
42359186017;46;"LOC_C4";"INTERVAL";"PROBE";1;63;0x00000b31;173;0;0;584;902;132;588;0;CPUTHEFT
42359186069;85586;"NEAR_P1";"INTERVAL";"PROBE";1;63;0x00000b31;173;10;3;4245584;6094037;3764;4245682;0;CPUTHEFT
42359271664;117779;"NEAR_P1";"INTERVAL";"PROBE";1;63;0x00000b31;173;4;8;6332072;9431335;2088;6332264;0;CPUTHEFT
42359389452;117753;"NEAR_P1";"INTERVAL";"PROBE";1;63;0x00000b31;173;3;2;6334214;9449611;1121;6334414;0;CPUTHEFT
42359507212;117528;"NEAR_P1";"INTERVAL";"PROBE";1;63;0x00000b31;173;0;2;6333264;9442819;248;6333456;0;CPUTHEFT
42359624747;85367;"NEAR_P1";"INTERVAL";"PROBE";1;63;0x00000b31;173;0;2;4252908;6103670;129;4253001;0;CPUTHEFT
42359710121;117532;"NEAR_P1";"INTERVAL";"PROBE";1;63;0x00000b31;173;1;1;6332237;9442428;234;6332424;0;CPUTHEFT
42359827661;117555;"NEAR_P1";"INTERVAL";"PROBE";1;63;0x00000b31;173;2;2;6330974;9442677;310;6331164;0;CPUTHEFT
42359945223;85373;"NEAR_P1";"INTERVAL";"PROBE";1;63;0x00000b31;173;2;1;4252793;6100826;116;4252889;0;CPUTHEFT
42360030604;117688;"NEAR_P1";"INTERVAL";"PROBE";1;63;0x00000b31;173;1;2;6337683;9449550;220;6337898;0;CPUTHEFT
42360148299;117651;"NEAR_P1";"INTERVAL";"PROBE";1;63;0x00000b31;173;2;2;6335357;9446424;852;6335548;0;CPUTHEFT
42360265959;85432;"NEAR_P1";"INTERVAL";"PROBE";1;63;0x00000b31;173;2;1;4252668;6103190;268;4252764;0;CPUTHEFT
42360351399;117540;"NEAR_P1";"INTERVAL";"PROBE";1;63;0x00000b31;173;1;2;6334222;9445350;52;6334410;0;CPUTHEFT
42360468946;117532;"NEAR_P1";"INTERVAL";"PROBE";1;63;0x00000b31;173;2;3;6333882;9445214;120;6334072;0;CPUTHEFT
42360586485;85352;"NEAR_P1";"INTERVAL";"PROBE";1;63;0x00000b31;173;1;2;4251895;6097200;40;4251992;0;CPUTHEFT
42360671845;117619;"NEAR_P1";"INTERVAL";"PROBE";1;63;0x00000b31;173;1;0;6331814;9442782;613;6332006;0;CPUTHEFT
42360789474;117703;"NEAR_P1";"INTERVAL";"PROBE";1;63;0x00000b31;173;2;3;6329967;9440477;2210;6330157;0;CPUTHEFT
42360907187;85424;"NEAR_P1";"INTERVAL";"PROBE";1;63;0x00000b31;173;2;2;4252314;6103233;1048;4252409;0;CPUTHEFT
42360992619;117799;"NEAR_P1";"INTERVAL";"PROBE";1;63;0x00000b31;173;98;45;6329619;9435538;2735;6329826;0;CPUTHEFT
42361110432;117674;"NEAR_P1";"INTERVAL";"PROBE";1;63;0x00000b31;173;5;1;6333477;9441480;1043;6333657;0;CPUTHEFT
42361228114;85392;"NEAR_P1";"INTERVAL";"PROBE";1;63;0x00000b31;173;0;2;4252823;6099289;272;4252916;0;CPUTHEFT
42361313514;261352;"TRAJ_R1";"INTERVAL";"PROBE";1;63;0x00000b31;173;1;3;13546650;20264518;446;13547023;0;CPUTHEFT
42361580169;2420903;"MAF";"INTERVAL";"PROBE";1;63;0x00000b31;174;76;55;127732443;189119891;14661;127736024;0;CPUTHEFT
42361580193;110;"SENS_C1";"INTERVAL";"PROBE";1;63;0x00000b31;174;1;1;1454;2088;432;1458;0;CPUTHEFT
42361580311;232;"LOC_C1";"INTERVAL";"PROBE";1;63;0x00000b31;174;0;1;4917;7235;498;4921;0;CPUTHEFT
42361580551;33;"LOC_C2";"INTERVAL";"PROBE";1;63;0x00000b31;174;0;2;650;934;100;654;0;CPUTHEFT
42361580593;312;"LOC_C3";"INTERVAL";"PROBE";1;63;0x00000b31;174;1;0;9810;13442;320;9814;0;CPUTHEFT
42361580915;41;"LOC_C4";"INTERVAL";"PROBE";1;63;0x00000b31;174;0;0;585;886;124;589;0;CPUTHEFT
42361580962;117635;"NEAR_P1";"INTERVAL";"PROBE";1;63;0x00000b31;174;10;4;6326659;9436955;1740;6326825;0;CPUTHEFT
42361698606;117610;"NEAR_P1";"INTERVAL";"PROBE";1;63;0x00000b31;174;4;0;6333192;9443295;1224;6333382;0;CPUTHEFT
42361816228;117702;"NEAR_P1";"INTERVAL";"PROBE";1;63;0x00000b31;174;5;2;6335695;9452298;1288;6335896;0;CPUTHEFT
42361933938;85357;"NEAR_P1";"INTERVAL";"PROBE";1;63;0x00000b31;174;0;1;4252810;6102206;165;4252908;0;CPUTHEFT
42362019302;117523;"NEAR_P1";"INTERVAL";"PROBE";1;63;0x00000b31;174;1;1;6334187;9445758;89;6334379;0;CPUTHEFT
42362136832;117534;"NEAR_P1";"INTERVAL";"PROBE";1;63;0x00000b31;174;1;1;6334521;9445807;124;6334709;0;CPUTHEFT
42362254373;85386;"NEAR_P1";"INTERVAL";"PROBE";1;63;0x00000b31;174;4;2;4252962;6105904;77;4253058;0;CPUTHEFT
42362339766;117752;"NEAR_P1";"INTERVAL";"PROBE";1;63;0x00000b31;174;1;1;6332113;9444438;1583;6332296;0;CPUTHEFT
42362457529;117621;"NEAR_P1";"INTERVAL";"PROBE";1;63;0x00000b31;174;1;1;6331548;9440813;1520;6331740;0;CPUTHEFT
42362575159;85401;"NEAR_P1";"INTERVAL";"PROBE";1;63;0x00000b31;174;1;1;4253343;6104053;360;4253437;0;CPUTHEFT
42362660568;117661;"NEAR_P1";"INTERVAL";"PROBE";1;63;0x00000b31;174;1;2;6336264;9448944;444;6336464;0;CPUTHEFT
42362778236;117538;"NEAR_P1";"INTERVAL";"PROBE";1;63;0x00000b31;174;2;3;6332063;9442504;225;6332247;0;CPUTHEFT
42362895783;85414;"NEAR_P1";"INTERVAL";"PROBE";1;63;0x00000b31;174;9;2;4250020;6099246;314;4250119;0;CPUTHEFT
42362981206;117530;"NEAR_P1";"INTERVAL";"PROBE";1;63;0x00000b31;174;1;0;6332507;9444779;223;6332695;0;CPUTHEFT
42363098744;117587;"NEAR_P1";"INTERVAL";"PROBE";1;63;0x00000b31;174;1;1;6332501;9444944;269;6332694;0;CPUTHEFT
42363216339;85360;"NEAR_P1";"INTERVAL";"PROBE";1;63;0x00000b31;174;1;2;4252908;6103589;112;4253003;0;CPUTHEFT
42363301713;117627;"NEAR_P1";"INTERVAL";"PROBE";1;63;0x00000b31;174;23;4;6318165;9410896;1580;6318385;0;CPUTHEFT
42363419349;117559;"NEAR_P1";"INTERVAL";"PROBE";1;63;0x00000b31;174;1;2;6333395;9446585;627;6333585;0;CPUTHEFT
42363536916;85479;"NEAR_P1";"INTERVAL";"PROBE";1;63;0x00000b31;174;2;1;4255038;6109997;292;4255141;0;CPUTHEFT
42363622402;117515;"NEAR_P1";"INTERVAL";"PROBE";1;63;0x00000b31;174;3;2;6334144;9447896;44;6334330;0;CPUTHEFT
42363739943;261120;"TRAJ_R1";"INTERVAL";"PROBE";1;63;0x00000b31;174;0;0;13534760;20246538;591;13535137;0;CPUTHEFT
42364006011;2422960;"MAF";"INTERVAL";"PROBE";1;63;0x00000b31;175;236;139;127728389;189173655;25326;127732005;0;CPUTHEFT
42364006038;123;"SENS_C1";"INTERVAL";"PROBE";1;63;0x00000b31;175;0;0;1451;2090;492;1455;0;CPUTHEFT
42364006171;236;"LOC_C1";"INTERVAL";"PROBE";1;63;0x00000b31;175;0;0;4917;7350;540;4921;0;CPUTHEFT
42364006413;38;"LOC_C2";"INTERVAL";"PROBE";1;63;0x00000b31;175;0;0;650;908;120;654;0;CPUTHEFT
42364006460;313;"LOC_C3";"INTERVAL";"PROBE";1;63;0x00000b31;175;0;0;9809;13392;320;9813;0;CPUTHEFT
42364006782;44;"LOC_C4";"INTERVAL";"PROBE";1;63;0x00000b31;175;0;0;584;907;132;588;0;CPUTHEFT
42364006832;118088;"NEAR_P1";"INTERVAL";"PROBE";1;63;0x00000b31;175;10;4;6328042;9469220;4812;6328226;0;CPUTHEFT
42364124936;117708;"NEAR_P1";"INTERVAL";"PROBE";1;63;0x00000b31;175;3;2;6331993;9449784;1408;6332177;0;CPUTHEFT
42364242651;117631;"NEAR_P1";"INTERVAL";"PROBE";1;63;0x00000b31;175;1;2;6334790;9447397;332;6334978;0;CPUTHEFT
42364360289;85516;"NEAR_P1";"INTERVAL";"PROBE";1;63;0x00000b31;175;2;1;4256017;6109783;388;4256121;0;CPUTHEFT
42364445813;117592;"NEAR_P1";"INTERVAL";"PROBE";1;63;0x00000b31;175;1;2;6335174;9448735;140;6335359;0;CPUTHEFT
42364563413;117567;"NEAR_P1";"INTERVAL";"PROBE";1;63;0x00000b31;175;2;3;6335124;9447457;81;6335312;0;CPUTHEFT
42364680987;85393;"NEAR_P1";"INTERVAL";"PROBE";1;63;0x00000b31;175;1;1;4252958;6099915;158;4253054;0;CPUTHEFT
42364766388;117784;"NEAR_P1";"INTERVAL";"PROBE";1;63;0x00000b31;175;140;84;6329615;9439430;1076;6329803;0;CPUTHEFT
42364884182;118047;"NEAR_P1";"INTERVAL";"PROBE";1;63;0x00000b31;175;32;3;6335933;9453780;2057;6336135;0;CPUTHEFT
42365002239;85545;"NEAR_P1";"INTERVAL";"PROBE";1;63;0x00000b31;175;0;2;4253783;6105869;2055;4253880;0;CPUTHEFT
42365087795;117702;"NEAR_P1";"INTERVAL";"PROBE";1;63;0x00000b31;175;1;1;6334748;9446489;716;6334935;0;CPUTHEFT
42365205505;117817;"NEAR_P1";"INTERVAL";"PROBE";1;63;0x00000b31;175;17;3;6336698;9452775;832;6336902;0;CPUTHEFT
42365323329;85584;"NEAR_P1";"INTERVAL";"PROBE";1;63;0x00000b31;175;9;1;4252016;6108606;1159;4252128;0;CPUTHEFT
42365408921;117852;"NEAR_P1";"INTERVAL";"PROBE";1;63;0x00000b31;175;1;2;6328617;9443362;1213;6328834;0;CPUTHEFT
42365526780;117790;"NEAR_P1";"INTERVAL";"PROBE";1;63;0x00000b31;175;2;3;6334988;9449996;1764;6335183;0;CPUTHEFT
42365644587;85689;"NEAR_P1";"INTERVAL";"PROBE";1;63;0x00000b31;175;2;0;4251981;6101165;2402;4252074;0;CPUTHEFT
42365730289;117671;"NEAR_P1";"INTERVAL";"PROBE";1;63;0x00000b31;175;2;3;6334402;9446412;993;6334592;0;CPUTHEFT
42365847967;117543;"NEAR_P1";"INTERVAL";"PROBE";1;63;0x00000b31;175;1;2;6335393;9449269;272;6335581;0;CPUTHEFT
42365965517;85439;"NEAR_P1";"INTERVAL";"PROBE";1;63;0x00000b31;175;0;1;4252550;6095738;249;4252647;0;CPUTHEFT
42366050964;117731;"NEAR_P1";"INTERVAL";"PROBE";1;63;0x00000b31;175;1;1;6335918;9448050;670;6336119;0;CPUTHEFT
42366168706;260257;"TRAJ_R1";"INTERVAL";"PROBE";1;63;0x00000b31;175;1;3;13504004;20207939;485;13504374;0;CPUTHEFT
42366434295;2419022;"MAF";"INTERVAL";"PROBE";1;63;0x00000b31;176;46;65;127681082;189058595;13411;127684673;0;CPUTHEFT
42366434315;119;"SENS_C1";"INTERVAL";"PROBE";1;63;0x00000b31;176;1;2;1454;2083;460;1458;0;CPUTHEFT
42366434441;237;"LOC_C1";"INTERVAL";"PROBE";1;63;0x00000b31;176;1;1;4911;7270;514;4915;0;CPUTHEFT
42366434684;37;"LOC_C2";"INTERVAL";"PROBE";1;63;0x00000b31;176;0;2;650;915;108;654;0;CPUTHEFT
42366434730;311;"LOC_C3";"INTERVAL";"PROBE";1;63;0x00000b31;176;1;0;9796;13475;320;9800;0;CPUTHEFT
42366435051;43;"LOC_C4";"INTERVAL";"PROBE";1;63;0x00000b31;176;0;0;586;903;124;590;0;CPUTHEFT
42366435100;117786;"NEAR_P1";"INTERVAL";"PROBE";1;63;0x00000b31;176;12;5;6335121;9456243;2019;6335334;0;CPUTHEFT
42366552895;117713;"NEAR_P1";"INTERVAL";"PROBE";1;63;0x00000b31;176;5;5;6332887;9444043;1248;6333075;0;CPUTHEFT
42366670618;85432;"NEAR_P1";"INTERVAL";"PROBE";1;63;0x00000b31;176;1;1;4253859;6101522;380;4253957;0;CPUTHEFT
42366756058;117523;"NEAR_P1";"INTERVAL";"PROBE";1;63;0x00000b31;176;2;3;6334831;9445727;128;6335019;0;CPUTHEFT
42366873588;117640;"NEAR_P1";"INTERVAL";"PROBE";1;63;0x00000b31;176;1;2;6335428;9447406;324;6335624;0;CPUTHEFT
42366991236;85418;"NEAR_P1";"INTERVAL";"PROBE";1;63;0x00000b31;176;1;1;4250991;6102639;212;4251090;0;CPUTHEFT
42367076662;117586;"NEAR_P1";"INTERVAL";"PROBE";1;63;0x00000b31;176;0;2;6334255;9448290;314;6334445;0;CPUTHEFT
42367194260;117650;"NEAR_P1";"INTERVAL";"PROBE";1;63;0x00000b31;176;2;3;6330622;9441376;1910;6330806;0;CPUTHEFT
42367311919;85466;"NEAR_P1";"INTERVAL";"PROBE";1;63;0x00000b31;176;0;2;4252788;6103863;1018;4252883;0;CPUTHEFT
42367397393;117546;"NEAR_P1";"INTERVAL";"PROBE";1;63;0x00000b31;176;1;1;6334348;9446553;484;6334536;0;CPUTHEFT
42367514947;117563;"NEAR_P1";"INTERVAL";"PROBE";1;63;0x00000b31;176;1;0;6334893;9447107;284;6335083;0;CPUTHEFT
42367632517;85401;"NEAR_P1";"INTERVAL";"PROBE";1;63;0x00000b31;176;1;2;4253648;6103320;132;4253744;0;CPUTHEFT
42367717926;117646;"NEAR_P1";"INTERVAL";"PROBE";1;63;0x00000b31;176;1;1;6336777;9448843;518;6336971;0;CPUTHEFT
42367835579;117578;"NEAR_P1";"INTERVAL";"PROBE";1;63;0x00000b31;176;2;0;6334685;9445448;140;6334871;0;CPUTHEFT
42367953165;85413;"NEAR_P1";"INTERVAL";"PROBE";1;63;0x00000b31;176;3;2;4253715;6105712;81;4253809;0;CPUTHEFT
42368038595;117528;"NEAR_P1";"INTERVAL";"PROBE";1;63;0x00000b31;176;0;1;6334074;9439356;243;6334266;0;CPUTHEFT
42368156134;117684;"NEAR_P1";"INTERVAL";"PROBE";1;63;0x00000b31;176;1;1;6333898;9441629;861;6334089;0;CPUTHEFT
42368273828;85393;"NEAR_P1";"INTERVAL";"PROBE";1;63;0x00000b31;176;1;1;4253442;6101397;172;4253535;0;CPUTHEFT
42368359243;117515;"NEAR_P1";"INTERVAL";"PROBE";1;63;0x00000b31;176;1;2;6335366;9450521;44;6335554;0;CPUTHEFT
42368476765;117635;"NEAR_P1";"INTERVAL";"PROBE";1;63;0x00000b31;176;2;3;6336772;9453431;220;6336970;0;CPUTHEFT
42368594425;258881;"TRAJ_R1";"INTERVAL";"PROBE";1;63;0x00000b31;176;0;2;13445062;20131363;813;13445446;0;CPUTHEFT
42368858416;1489889;"MAF";"INTERVAL";"PROBE";1;63;0x00000b31;177;60;38;67440992;92313561;15713;67443179;0;CPUTHEFT
42368858443;128;"SENS_C1";"INTERVAL";"PROBE";1;63;0x00000b31;177;0;3;1451;2108;496;1455;0;CPUTHEFT
42368858579;242;"LOC_C1";"INTERVAL";"PROBE";1;63;0x00000b31;177;0;1;4921;7350;536;4925;0;CPUTHEFT
42368858828;40;"LOC_C2";"INTERVAL";"PROBE";1;63;0x00000b31;177;0;0;650;904;132;654;0;CPUTHEFT
42368858879;312;"LOC_C3";"INTERVAL";"PROBE";1;63;0x00000b31;177;0;0;9811;13452;308;9815;0;CPUTHEFT
42368859201;44;"LOC_C4";"INTERVAL";"PROBE";1;63;0x00000b31;177;0;0;585;908;140;589;0;CPUTHEFT
42368859252;117743;"NEAR_P1";"INTERVAL";"PROBE";1;63;0x00000b31;177;12;2;6327178;9437708;4502;6327358;0;CPUTHEFT
42368977007;85497;"NEAR_P1";"INTERVAL";"PROBE";1;63;0x00000b31;177;5;2;4253366;6101166;1389;4253464;0;CPUTHEFT
42369062517;117702;"NEAR_P1";"INTERVAL";"PROBE";1;63;0x00000b31;177;3;1;6328116;9435513;2077;6328307;0;CPUTHEFT
42369180229;117551;"NEAR_P1";"INTERVAL";"PROBE";1;63;0x00000b31;177;2;3;6334845;9445403;353;6335030;0;CPUTHEFT
42369297788;85367;"NEAR_P1";"INTERVAL";"PROBE";1;63;0x00000b31;177;1;2;4253645;6104592;140;4253738;0;CPUTHEFT
42369383163;86507;"NEAR_P1";"INTERVAL";"PROBE";1;63;0x00000b31;177;26;11;4272513;6140709;2689;4272738;0;CPUTHEFT
42369469679;53598;"NEAR_P1";"INTERVAL";"PROBE";1;63;0x00000b31;177;3;1;2183924;2774720;160;2184006;0;NOSTRESS
42369523288;53519;"NEAR_P1";"INTERVAL";"PROBE";1;63;0x00000b31;177;0;0;2183991;2781287;72;2184083;0;NOSTRESS
42369576814;53382;"NEAR_P1";"INTERVAL";"PROBE";1;63;0x00000b31;177;0;0;2178590;2769181;44;2178638;0;NOSTRESS
42369630203;53549;"NEAR_P1";"INTERVAL";"PROBE";1;63;0x00000b31;177;0;0;2183998;2777996;45;2184089;0;NOSTRESS
42369683759;53654;"NEAR_P1";"INTERVAL";"PROBE";1;63;0x00000b31;177;0;0;2187876;2788260;127;2187977;0;NOSTRESS
42369737420;53382;"NEAR_P1";"INTERVAL";"PROBE";1;63;0x00000b31;177;0;0;2178560;2769167;112;2178609;0;NOSTRESS
42369790810;53576;"NEAR_P1";"INTERVAL";"PROBE";1;63;0x00000b31;177;0;0;2183991;2780873;206;2184082;0;NOSTRESS
42369844393;53558;"NEAR_P1";"INTERVAL";"PROBE";1;63;0x00000b31;177;0;0;2183998;2783079;45;2184083;0;NOSTRESS
42369897958;53363;"NEAR_P1";"INTERVAL";"PROBE";1;63;0x00000b31;177;0;0;2178597;2767673;36;2178640;0;NOSTRESS
42369951329;53516;"NEAR_P1";"INTERVAL";"PROBE";1;63;0x00000b31;177;0;0;2183998;2782129;20;2184089;0;NOSTRESS
42370004852;53524;"NEAR_P1";"INTERVAL";"PROBE";1;63;0x00000b31;177;0;0;2184002;2780878;12;2184087;0;NOSTRESS
42370058383;53361;"NEAR_P1";"INTERVAL";"PROBE";1;63;0x00000b31;177;0;0;2178587;2762279;8;2178633;0;NOSTRESS
42370111752;53864;"NEAR_P1";"INTERVAL";"PROBE";1;63;0x00000b31;177;7;3;2184841;2780873;1211;2184936;0;NOSTRESS
42370165623;53521;"NEAR_P1";"INTERVAL";"PROBE";1;63;0x00000b31;177;1;1;2184064;2778751;40;2184149;0;NOSTRESS
42370219166;129131;"TRAJ_R1";"INTERVAL";"PROBE";1;63;0x00000b31;177;0;1;5078667;6719031;532;5078852;0;NOSTRESS
42370352958;1199261;"MAF";"INTERVAL";"PROBE";1;63;0x00000b31;178;15;10;48685175;62269014;8890;48686820;0;NOSTRESS
42370352977;118;"SENS_C1";"INTERVAL";"PROBE";1;63;0x00000b31;178;0;2;1455;2039;460;1459;0;NOSTRESS
42370353103;227;"LOC_C1";"INTERVAL";"PROBE";1;63;0x00000b31;178;0;1;4916;7343;500;4920;0;NOSTRESS
42370353339;32;"LOC_C2";"INTERVAL";"PROBE";1;63;0x00000b31;178;0;0;650;907;96;654;0;NOSTRESS
42370353380;308;"LOC_C3";"INTERVAL";"PROBE";1;63;0x00000b31;178;0;0;9806;13355;316;9810;0;NOSTRESS
42370353697;47;"LOC_C4";"INTERVAL";"PROBE";1;63;0x00000b31;178;0;0;586;906;132;590;0;NOSTRESS
42370353750;53699;"NEAR_P1";"INTERVAL";"PROBE";1;63;0x00000b31;178;11;5;2178783;2773893;2188;2178826;0;NOSTRESS
42370407465;53669;"NEAR_P1";"INTERVAL";"PROBE";1;63;0x00000b31;178;2;0;2184376;2787127;1264;2184464;0;NOSTRESS
42370461144;53708;"NEAR_P1";"INTERVAL";"PROBE";1;63;0x00000b31;178;0;0;2184204;2786272;1100;2184298;0;NOSTRESS
42370514861;53615;"NEAR_P1";"INTERVAL";"PROBE";1;63;0x00000b31;178;1;0;2184491;2785713;499;2184577;0;NOSTRESS
42370568483;53427;"NEAR_P1";"INTERVAL";"PROBE";1;63;0x00000b31;178;1;0;2178944;2775608;108;2178990;0;NOSTRESS
42370621917;53573;"NEAR_P1";"INTERVAL";"PROBE";1;63;0x00000b31;178;0;0;2184308;2781865;86;2184399;0;NOSTRESS
42370675497;53569;"NEAR_P1";"INTERVAL";"PROBE";1;63;0x00000b31;178;0;0;2184221;2781537;68;2184312;0;NOSTRESS
42370729074;53405;"NEAR_P1";"INTERVAL";"PROBE";1;63;0x00000b31;178;0;0;2178943;2772002;72;2178986;0;NOSTRESS
42370782486;53564;"NEAR_P1";"INTERVAL";"PROBE";1;63;0x00000b31;178;0;0;2184194;2780830;125;2184279;0;NOSTRESS
42370836058;53539;"NEAR_P1";"INTERVAL";"PROBE";1;63;0x00000b31;178;0;0;2184336;2783241;32;2184424;0;NOSTRESS
42370889604;53406;"NEAR_P1";"INTERVAL";"PROBE";1;63;0x00000b31;178;0;0;2178923;2773552;20;2178966;0;NOSTRESS
42370943016;53568;"NEAR_P1";"INTERVAL";"PROBE";1;63;0x00000b31;178;0;0;2184358;2786425;28;2184446;0;NOSTRESS
42370996591;53538;"NEAR_P1";"INTERVAL";"PROBE";1;63;0x00000b31;178;0;0;2184376;2783368;28;2184470;0;NOSTRESS
42371050136;53519;"NEAR_P1";"INTERVAL";"PROBE";1;63;0x00000b31;178;0;0;2180818;2779083;280;2180874;0;NOSTRESS
42371103663;53682;"NEAR_P1";"INTERVAL";"PROBE";1;63;0x00000b31;178;0;0;2185570;2786279;190;2185656;0;NOSTRESS
42371157352;53561;"NEAR_P1";"INTERVAL";"PROBE";1;63;0x00000b31;178;0;0;2184338;2782141;20;2184429;0;NOSTRESS
42371210920;53433;"NEAR_P1";"INTERVAL";"PROBE";1;63;0x00000b31;178;0;0;2178888;2771168;49;2178937;0;NOSTRESS
42371264360;53753;"NEAR_P1";"INTERVAL";"PROBE";1;63;0x00000b31;178;0;0;2188200;2787594;165;2188322;0;NOSTRESS
42371318120;53601;"NEAR_P1";"INTERVAL";"PROBE";1;63;0x00000b31;178;0;0;2183942;2782674;108;2184035;0;NOSTRESS
42371371729;53435;"NEAR_P1";"INTERVAL";"PROBE";1;63;0x00000b31;178;0;0;2178750;2772052;346;2178796;0;NOSTRESS
42371425175;127036;"TRAJ_R1";"INTERVAL";"PROBE";1;63;0x00000b31;178;0;0;4996580;6604744;442;4996756;0;NOSTRESS
42371557329;1196431;"MAF";"INTERVAL";"PROBE";1;63;0x00000b31;179;12;7;48597844;62151129;6863;48599512;0;NOSTRESS
42371557347;111;"SENS_C1";"INTERVAL";"PROBE";1;63;0x00000b31;179;0;1;1450;2037;424;1454;0;NOSTRESS
42371557467;231;"LOC_C1";"INTERVAL";"PROBE";1;63;0x00000b31;179;1;0;4906;7228;524;4910;0;NOSTRESS
42371557704;33;"LOC_C2";"INTERVAL";"PROBE";1;63;0x00000b31;179;0;0;650;914;112;654;0;NOSTRESS
42371557748;310;"LOC_C3";"INTERVAL";"PROBE";1;63;0x00000b31;179;0;0;9810;13421;312;9814;0;NOSTRESS
42371558068;46;"LOC_C4";"INTERVAL";"PROBE";1;63;0x00000b31;179;0;0;585;904;136;589;0;NOSTRESS
42371558120;53787;"NEAR_P1";"INTERVAL";"PROBE";1;63;0x00000b31;179;7;3;2184403;2785492;1024;2184491;0;NOSTRESS
42371611915;53545;"NEAR_P1";"INTERVAL";"PROBE";1;63;0x00000b31;179;2;2;2184367;2783668;152;2184455;0;NOSTRESS
42371665467;53377;"NEAR_P1";"INTERVAL";"PROBE";1;63;0x00000b31;179;2;0;2178893;2769264;16;2178939;0;NOSTRESS
42371718851;53531;"NEAR_P1";"INTERVAL";"PROBE";1;63;0x00000b31;179;0;0;2184289;2782187;16;2184380;0;NOSTRESS
42371772389;53533;"NEAR_P1";"INTERVAL";"PROBE";1;63;0x00000b31;179;0;0;2184358;2780446;20;2184449;0;NOSTRESS
42371825930;53377;"NEAR_P1";"INTERVAL";"PROBE";1;63;0x00000b31;179;0;0;2178961;2770380;8;2179007;0;NOSTRESS
42371879314;53664;"NEAR_P1";"INTERVAL";"PROBE";1;63;0x00000b31;179;0;0;2186261;2786397;240;2186359;0;NOSTRESS
42371932985;53580;"NEAR_P1";"INTERVAL";"PROBE";1;63;0x00000b31;179;0;0;2184437;2784177;348;2184530;0;NOSTRESS
42371986578;53593;"NEAR_P1";"INTERVAL";"PROBE";1;63;0x00000b31;179;0;0;2184339;2782999;564;2184424;0;NOSTRESS
42372040178;53439;"NEAR_P1";"INTERVAL";"PROBE";1;63;0x00000b31;179;0;0;2178975;2776219;748;2179021;0;NOSTRESS
42372093624;53618;"NEAR_P1";"INTERVAL";"PROBE";1;63;0x00000b31;179;0;0;2185038;2784964;774;2185124;0;NOSTRESS
42372147249;53610;"NEAR_P1";"INTERVAL";"PROBE";1;63;0x00000b31;179;0;0;2184376;2781193;237;2184464;0;NOSTRESS
42372200868;53403;"NEAR_P1";"INTERVAL";"PROBE";1;63;0x00000b31;179;0;0;2178911;2774194;111;2178954;0;NOSTRESS
42372254279;53570;"NEAR_P1";"INTERVAL";"PROBE";1;63;0x00000b31;179;0;0;2184315;2782626;108;2184406;0;NOSTRESS
42372307856;53552;"NEAR_P1";"INTERVAL";"PROBE";1;63;0x00000b31;179;0;0;2184304;2781113;65;2184392;0;NOSTRESS
42372361415;53403;"NEAR_P1";"INTERVAL";"PROBE";1;63;0x00000b31;179;0;0;2178899;2770849;40;2178948;0;NOSTRESS
42372414825;53568;"NEAR_P1";"INTERVAL";"PROBE";1;63;0x00000b31;179;0;0;2184518;2786316;40;2184606;0;NOSTRESS
42372468400;53545;"NEAR_P1";"INTERVAL";"PROBE";1;63;0x00000b31;179;0;0;2184306;2783941;40;2184400;0;NOSTRESS
42372521952;53399;"NEAR_P1";"INTERVAL";"PROBE";1;63;0x00000b31;179;0;0;2178939;2774331;20;2178985;0;NOSTRESS
42372575358;53547;"NEAR_P1";"INTERVAL";"PROBE";1;63;0x00000b31;179;0;0;2184340;2782322;24;2184428;0;NOSTRESS
42372628929;124824;"TRAJ_R1";"INTERVAL";"PROBE";1;63;0x00000b31;179;0;0;4907003;6496158;612;4907192;0;NOSTRESS
42372898289;1193971;"MAF";"INTERVAL";"PROBE";1;63;0x00000b31;180;21;14;48484093;61952086;9035;48485761;0;NOSTRESS
42372898314;118;"SENS_C1";"INTERVAL";"PROBE";1;63;0x00000b31;180;0;2;1454;2064;468;1458;0;NOSTRESS
42372898439;238;"LOC_C1";"INTERVAL";"PROBE";1;63;0x00000b31;180;0;0;4907;7240;536;4911;0;NOSTRESS
42372898684;31;"LOC_C2";"INTERVAL";"PROBE";1;63;0x00000b31;180;0;0;650;909;92;654;0;NOSTRESS
42372898724;307;"LOC_C3";"INTERVAL";"PROBE";1;63;0x00000b31;180;0;0;9810;13431;316;9814;0;NOSTRESS
42372899041;45;"LOC_C4";"INTERVAL";"PROBE";1;63;0x00000b31;180;0;0;585;911;136;589;0;NOSTRESS
42372899092;53781;"NEAR_P1";"INTERVAL";"PROBE";1;63;0x00000b31;180;6;1;2184491;2780303;1174;2184575;0;NOSTRESS
42372952880;53877;"NEAR_P1";"INTERVAL";"PROBE";1;63;0x00000b31;180;13;7;2184451;2783523;1604;2184546;0;NOSTRESS
42373006765;53409;"NEAR_P1";"INTERVAL";"PROBE";1;63;0x00000b31;180;2;2;2178483;2770268;317;2178525;0;NOSTRESS
42373060181;53569;"NEAR_P1";"INTERVAL";"PROBE";1;63;0x00000b31;180;0;0;2183522;2782215;685;2183610;0;NOSTRESS
42373113758;53580;"NEAR_P1";"INTERVAL";"PROBE";1;63;0x00000b31;180;0;0;2184923;2783795;289;2185013;0;NOSTRESS
42373167345;53414;"NEAR_P1";"INTERVAL";"PROBE";1;63;0x00000b31;180;0;0;2178587;2770938;51;2178635;0;NOSTRESS
42373220767;53518;"NEAR_P1";"INTERVAL";"PROBE";1;63;0x00000b31;180;0;0;2183620;2783511;40;2183706;0;NOSTRESS
42373274292;53528;"NEAR_P1";"INTERVAL";"PROBE";1;63;0x00000b31;180;0;0;2183613;2778563;16;2183705;0;NOSTRESS
42373327827;53375;"NEAR_P1";"INTERVAL";"PROBE";1;63;0x00000b31;180;0;0;2178545;2762859;4;2178593;0;NOSTRESS
42373381208;53527;"NEAR_P1";"INTERVAL";"PROBE";1;63;0x00000b31;180;0;0;2183948;2780977;64;2184041;0;NOSTRESS
42373434742;53554;"NEAR_P1";"INTERVAL";"PROBE";1;63;0x00000b31;180;0;0;2184354;2780030;44;2184445;0;NOSTRESS
42373488303;53378;"NEAR_P1";"INTERVAL";"PROBE";1;63;0x00000b31;180;0;0;2178870;2770516;12;2178916;0;NOSTRESS
42373541688;53696;"NEAR_P1";"INTERVAL";"PROBE";1;63;0x00000b31;180;0;0;2185875;2785164;628;2185977;0;NOSTRESS
42373595403;53657;"NEAR_P1";"INTERVAL";"PROBE";1;63;0x00000b31;180;0;0;2184260;2783536;516;2184351;0;NOSTRESS
42373649071;53439;"NEAR_P1";"INTERVAL";"PROBE";1;63;0x00000b31;180;0;0;2178891;2770897;576;2178940;0;NOSTRESS
42373702519;53605;"NEAR_P1";"INTERVAL";"PROBE";1;63;0x00000b31;180;0;0;2184289;2781799;548;2184378;0;NOSTRESS
42373756132;53535;"NEAR_P1";"INTERVAL";"PROBE";1;63;0x00000b31;180;0;0;2184266;2772960;152;2184354;0;NOSTRESS
42373809674;53392;"NEAR_P1";"INTERVAL";"PROBE";1;63;0x00000b31;180;0;0;2178854;2770744;40;2178900;0;NOSTRESS
42373863093;53581;"NEAR_P1";"INTERVAL";"PROBE";1;63;0x00000b31;180;0;0;2184062;2781833;108;2184150;0;NOSTRESS
42373916681;53547;"NEAR_P1";"INTERVAL";"PROBE";1;63;0x00000b31;180;0;0;2184288;2782801;60;2184379;0;NOSTRESS
42373970238;122015;"TRAJ_R1";"INTERVAL";"PROBE";1;63;0x00000b31;180;0;0;4798285;6342805;391;4798460;0;NOSTRESS
42374498248;1190921;"MAF";"INTERVAL";"PROBE";1;63;0x00000b31;181;5;4;48371952;61852968;7697;48373525;0;NOSTRESS
42374498271;114;"SENS_C1";"INTERVAL";"PROBE";1;63;0x00000b31;181;0;1;1452;2084;456;1456;0;NOSTRESS
42374498393;254;"LOC_C1";"INTERVAL";"PROBE";1;63;0x00000b31;181;1;1;4920;7253;557;4924;0;NOSTRESS
42374498656;36;"LOC_C2";"INTERVAL";"PROBE";1;63;0x00000b31;181;0;0;650;901;120;654;0;NOSTRESS
42374498701;315;"LOC_C3";"INTERVAL";"PROBE";1;63;0x00000b31;181;0;0;9810;13254;312;9814;0;NOSTRESS
42374499025;47;"LOC_C4";"INTERVAL";"PROBE";1;63;0x00000b31;181;0;0;584;918;128;588;0;NOSTRESS
42374499078;53751;"NEAR_P1";"INTERVAL";"PROBE";1;63;0x00000b31;181;4;1;2184407;2785575;1284;2184474;0;NOSTRESS
42374552837;53498;"NEAR_P1";"INTERVAL";"PROBE";1;63;0x00000b31;181;0;0;2181004;2777520;684;2181068;0;NOSTRESS
42374606345;53424;"NEAR_P1";"INTERVAL";"PROBE";1;63;0x00000b31;181;0;0;2178673;2772556;340;2178715;0;NOSTRESS
42374659776;53545;"NEAR_P1";"INTERVAL";"PROBE";1;63;0x00000b31;181;0;0;2183684;2782490;38;2183762;0;NOSTRESS
42374713328;53525;"NEAR_P1";"INTERVAL";"PROBE";1;63;0x00000b31;181;0;0;2183688;2785788;51;2183762;0;NOSTRESS
42374766860;53408;"NEAR_P1";"INTERVAL";"PROBE";1;63;0x00000b31;181;0;0;2178655;2774070;12;2178695;0;NOSTRESS
42374820275;53478;"NEAR_P1";"INTERVAL";"PROBE";1;63;0x00000b31;181;0;0;2180897;2773497;42;2180977;0;NOSTRESS
42374873760;53524;"NEAR_P1";"INTERVAL";"PROBE";1;63;0x00000b31;181;0;0;2183751;2781798;40;2183843;0;NOSTRESS
42374927292;53385;"NEAR_P1";"INTERVAL";"PROBE";1;63;0x00000b31;181;0;0;2178836;2772573;20;2178881;0;NOSTRESS
42374980684;53567;"NEAR_P1";"INTERVAL";"PROBE";1;63;0x00000b31;181;0;0;2184145;2785160;76;2184232;0;NOSTRESS
42375034258;53566;"NEAR_P1";"INTERVAL";"PROBE";1;63;0x00000b31;181;0;0;2184451;2785832;44;2184542;0;NOSTRESS
42375087832;53385;"NEAR_P1";"INTERVAL";"PROBE";1;63;0x00000b31;181;0;0;2178997;2772687;32;2179043;0;NOSTRESS
42375141224;53590;"NEAR_P1";"INTERVAL";"PROBE";1;63;0x00000b31;181;0;0;2184407;2785851;304;2184502;0;NOSTRESS
42375194823;53736;"NEAR_P1";"INTERVAL";"PROBE";1;63;0x00000b31;181;0;0;2186315;2778498;788;2186413;0;NOSTRESS
42375248567;53474;"NEAR_P1";"INTERVAL";"PROBE";1;63;0x00000b31;181;0;0;2179047;2772548;756;2179094;0;NOSTRESS
42375302048;53632;"NEAR_P1";"INTERVAL";"PROBE";1;63;0x00000b31;181;0;0;2184499;2784299;488;2184588;0;NOSTRESS
42375355687;53614;"NEAR_P1";"INTERVAL";"PROBE";1;63;0x00000b31;181;0;0;2184343;2783135;124;2184434;0;NOSTRESS
42375409308;53459;"NEAR_P1";"INTERVAL";"PROBE";1;63;0x00000b31;181;0;0;2180244;2778774;188;2180291;0;NOSTRESS
42375462774;53556;"NEAR_P1";"INTERVAL";"PROBE";1;63;0x00000b31;181;0;0;2184398;2783603;116;2184489;0;NOSTRESS
42375516337;53574;"NEAR_P1";"INTERVAL";"PROBE";1;63;0x00000b31;181;0;0;2184367;2786533;142;2184458;0;NOSTRESS
42375569921;119240;"TRAJ_R1";"INTERVAL";"PROBE";1;63;0x00000b31;181;0;0;4689513;6198329;387;4689685;0;NOSTRESS
42376098230;1187993;"MAF";"INTERVAL";"PROBE";1;63;0x00000b31;182;19;7;48258270;61668784;8689;48259804;0;NOSTRESS
42376098253;121;"SENS_C1";"INTERVAL";"PROBE";1;63;0x00000b31;182;0;1;1456;2106;476;1460;0;NOSTRESS
42376098380;246;"LOC_C1";"INTERVAL";"PROBE";1;63;0x00000b31;182;0;0;4912;7279;546;4916;0;NOSTRESS
42376098633;33;"LOC_C2";"INTERVAL";"PROBE";1;63;0x00000b31;182;0;0;650;898;104;654;0;NOSTRESS
42376098675;308;"LOC_C3";"INTERVAL";"PROBE";1;63;0x00000b31;182;0;0;9806;13310;312;9810;0;NOSTRESS
42376098993;43;"LOC_C4";"INTERVAL";"PROBE";1;63;0x00000b31;182;0;0;586;934;124;590;0;NOSTRESS
42376099042;53694;"NEAR_P1";"INTERVAL";"PROBE";1;63;0x00000b31;182;6;4;2184649;2787494;1104;2184726;0;NOSTRESS
42376152744;53561;"NEAR_P1";"INTERVAL";"PROBE";1;63;0x00000b31;182;1;1;2183842;2784029;488;2183918;0;NOSTRESS
42376206313;53405;"NEAR_P1";"INTERVAL";"PROBE";1;63;0x00000b31;182;0;0;2178763;2771634;272;2178805;0;NOSTRESS
42376259725;53532;"NEAR_P1";"INTERVAL";"PROBE";1;63;0x00000b31;182;0;0;2183850;2772671;16;2183928;0;NOSTRESS
42376313279;53531;"NEAR_P1";"INTERVAL";"PROBE";1;63;0x00000b31;182;0;0;2183839;2781591;17;2183915;0;NOSTRESS
42376366821;53322;"NEAR_P1";"INTERVAL";"PROBE";1;63;0x00000b31;182;0;0;2175784;2757240;32;2175812;0;NOSTRESS
42376420150;53525;"NEAR_P1";"INTERVAL";"PROBE";1;63;0x00000b31;182;0;0;2184036;2780842;56;2184125;0;NOSTRESS
42376473682;53471;"NEAR_P1";"INTERVAL";"PROBE";1;63;0x00000b31;182;0;0;2180889;2775880;21;2180966;0;NOSTRESS
42376527160;53371;"NEAR_P1";"INTERVAL";"PROBE";1;63;0x00000b31;182;0;0;2178764;2772845;10;2178812;0;NOSTRESS
42376580538;53529;"NEAR_P1";"INTERVAL";"PROBE";1;63;0x00000b31;182;0;0;2184160;2780266;85;2184250;0;NOSTRESS
42376634074;53531;"NEAR_P1";"INTERVAL";"PROBE";1;63;0x00000b31;182;0;0;2184555;2784055;60;2184646;0;NOSTRESS
42376687612;53671;"NEAR_P1";"INTERVAL";"PROBE";1;63;0x00000b31;182;10;1;2180012;2773832;1068;2180065;0;NOSTRESS
42376741290;53574;"NEAR_P1";"INTERVAL";"PROBE";1;63;0x00000b31;182;1;0;2184651;2781404;296;2184737;0;NOSTRESS
42376794875;53607;"NEAR_P1";"INTERVAL";"PROBE";1;63;0x00000b31;182;0;0;2184505;2783155;420;2184596;0;NOSTRESS
42376848490;53436;"NEAR_P1";"INTERVAL";"PROBE";1;63;0x00000b31;182;0;0;2179097;2772901;561;2179143;0;NOSTRESS
42376901934;53739;"NEAR_P1";"INTERVAL";"PROBE";1;63;0x00000b31;182;0;0;2186362;2785108;823;2186457;0;NOSTRESS
42376955681;53580;"NEAR_P1";"INTERVAL";"PROBE";1;63;0x00000b31;182;0;0;2184502;2785820;136;2184593;0;NOSTRESS
42377009268;53398;"NEAR_P1";"INTERVAL";"PROBE";1;63;0x00000b31;182;0;0;2179094;2771530;52;2179140;0;NOSTRESS
42377062673;53657;"NEAR_P1";"INTERVAL";"PROBE";1;63;0x00000b31;182;0;0;2185736;2784095;642;2185826;0;NOSTRESS
42377116340;53594;"NEAR_P1";"INTERVAL";"PROBE";1;63;0x00000b31;182;0;0;2184363;2782429;332;2184448;0;NOSTRESS
42377169944;116271;"TRAJ_R1";"INTERVAL";"PROBE";1;63;0x00000b31;182;0;0;4573186;6047810;388;4573319;0;NOSTRESS
42377698288;1185801;"MAF";"INTERVAL";"PROBE";1;63;0x00000b31;183;15;8;48153161;61576177;10881;48154699;0;NOSTRESS
42377698317;129;"SENS_C1";"INTERVAL";"PROBE";1;63;0x00000b31;183;0;1;1452;2062;504;1456;0;NOSTRESS
42377698452;267;"LOC_C1";"INTERVAL";"PROBE";1;63;0x00000b31;183;1;0;4911;7260;653;4915;0;NOSTRESS
42377698726;41;"LOC_C2";"INTERVAL";"PROBE";1;63;0x00000b31;183;0;0;650;897;144;654;0;NOSTRESS
42377698776;313;"LOC_C3";"INTERVAL";"PROBE";1;63;0x00000b31;183;0;0;9812;13413;344;9816;0;NOSTRESS
42377699099;41;"LOC_C4";"INTERVAL";"PROBE";1;63;0x00000b31;183;0;0;584;904;128;588;0;NOSTRESS
42377699148;54091;"NEAR_P1";"INTERVAL";"PROBE";1;63;0x00000b31;183;10;3;2188247;2797225;3234;2188342;0;NOSTRESS
42377753248;53732;"NEAR_P1";"INTERVAL";"PROBE";1;63;0x00000b31;183;3;3;2184194;2770758;1282;2184270;0;NOSTRESS
42377806987;53419;"NEAR_P1";"INTERVAL";"PROBE";1;63;0x00000b31;183;0;0;2179157;2773956;456;2179195;0;NOSTRESS
42377860413;53565;"NEAR_P1";"INTERVAL";"PROBE";1;63;0x00000b31;183;0;0;2184259;2785086;145;2184337;0;NOSTRESS
42377913985;53534;"NEAR_P1";"INTERVAL";"PROBE";1;63;0x00000b31;183;0;0;2183956;2782677;46;2184028;0;NOSTRESS
42377967526;53383;"NEAR_P1";"INTERVAL";"PROBE";1;63;0x00000b31;183;0;0;2179118;2774699;8;2179163;0;NOSTRESS
42378020917;53476;"NEAR_P1";"INTERVAL";"PROBE";1;63;0x00000b31;183;0;0;2181196;2779045;42;2181270;0;NOSTRESS
42378074400;53552;"NEAR_P1";"INTERVAL";"PROBE";1;63;0x00000b31;183;0;0;2184561;2787108;23;2184647;0;NOSTRESS
42378127959;53388;"NEAR_P1";"INTERVAL";"PROBE";1;63;0x00000b31;183;0;0;2179100;2775180;9;2179142;0;NOSTRESS
42378181354;53508;"NEAR_P1";"INTERVAL";"PROBE";1;63;0x00000b31;183;0;0;2181676;2779913;163;2181754;0;NOSTRESS
42378234870;53564;"NEAR_P1";"INTERVAL";"PROBE";1;63;0x00000b31;183;0;0;2184890;2784788;12;2184981;0;NOSTRESS
42378288441;53386;"NEAR_P1";"INTERVAL";"PROBE";1;63;0x00000b31;183;0;0;2179461;2773574;20;2179510;0;NOSTRESS
42378341834;53621;"NEAR_P1";"INTERVAL";"PROBE";1;63;0x00000b31;183;0;0;2184982;2786753;486;2185071;0;NOSTRESS
42378395469;53637;"NEAR_P1";"INTERVAL";"PROBE";1;63;0x00000b31;183;0;0;2184908;2786564;496;2184999;0;NOSTRESS
42378449115;53454;"NEAR_P1";"INTERVAL";"PROBE";1;63;0x00000b31;183;0;0;2179421;2774252;668;2179467;0;NOSTRESS
42378502576;53676;"NEAR_P1";"INTERVAL";"PROBE";1;63;0x00000b31;183;0;0;2184830;2785863;512;2184915;0;NOSTRESS
42378556259;53749;"NEAR_P1";"INTERVAL";"PROBE";1;63;0x00000b31;183;0;0;2186713;2789134;468;2186811;0;NOSTRESS
42378610016;53451;"NEAR_P1";"INTERVAL";"PROBE";1;63;0x00000b31;183;0;0;2179429;2775566;84;2179478;0;NOSTRESS
42378663474;53582;"NEAR_P1";"INTERVAL";"PROBE";1;63;0x00000b31;183;0;0;2184215;2782553;263;2184301;0;NOSTRESS
42378717063;53564;"NEAR_P1";"INTERVAL";"PROBE";1;63;0x00000b31;183;0;0;2184841;2785527;96;2184932;0;NOSTRESS
42378770651;113432;"TRAJ_R1";"INTERVAL";"PROBE";1;63;0x00000b31;183;0;0;4460382;5894025;406;4460515;0;NOSTRESS
42379298268;1182645;"MAF";"INTERVAL";"PROBE";1;63;0x00000b31;184;36;11;48043144;61429943;8310;48044691;0;NOSTRESS
42379298293;120;"SENS_C1";"INTERVAL";"PROBE";1;63;0x00000b31;184;0;2;1455;2057;468;1459;0;NOSTRESS
42379298420;246;"LOC_C1";"INTERVAL";"PROBE";1;63;0x00000b31;184;1;0;4925;7343;550;4929;0;NOSTRESS
42379298673;34;"LOC_C2";"INTERVAL";"PROBE";1;63;0x00000b31;184;0;0;650;907;96;654;0;NOSTRESS
42379298716;311;"LOC_C3";"INTERVAL";"PROBE";1;63;0x00000b31;184;0;0;9814;13544;308;9818;0;NOSTRESS
42379299037;42;"LOC_C4";"INTERVAL";"PROBE";1;63;0x00000b31;184;0;0;586;904;120;590;0;NOSTRESS
42379299085;53748;"NEAR_P1";"INTERVAL";"PROBE";1;63;0x00000b31;184;5;4;2184849;2788896;1435;2184916;0;NOSTRESS
42379352841;53705;"NEAR_P1";"INTERVAL";"PROBE";1;63;0x00000b31;184;3;3;2186132;2788097;892;2186216;0;NOSTRESS
42379406553;53683;"NEAR_P1";"INTERVAL";"PROBE";1;63;0x00000b31;184;23;2;2181837;2780813;1152;2181907;0;NOSTRESS
42379460243;53582;"NEAR_P1";"INTERVAL";"PROBE";1;63;0x00000b31;184;4;0;2184129;2785670;96;2184202;0;NOSTRESS
42379513833;53530;"NEAR_P1";"INTERVAL";"PROBE";1;63;0x00000b31;184;0;0;2184239;2781502;33;2184317;0;NOSTRESS
42379567370;53409;"NEAR_P1";"INTERVAL";"PROBE";1;63;0x00000b31;184;0;0;2179127;2774603;8;2179165;0;NOSTRESS
42379620803;53532;"NEAR_P1";"INTERVAL";"PROBE";1;63;0x00000b31;184;0;0;2184220;2780917;32;2184306;0;NOSTRESS
42379674342;53464;"NEAR_P1";"INTERVAL";"PROBE";1;63;0x00000b31;184;0;0;2181289;2777713;9;2181360;0;NOSTRESS
42379727813;53382;"NEAR_P1";"INTERVAL";"PROBE";1;63;0x00000b31;184;0;0;2179192;2773045;14;2179237;0;NOSTRESS
42379781219;53554;"NEAR_P1";"INTERVAL";"PROBE";1;63;0x00000b31;184;0;0;2184606;2784133;102;2184693;0;NOSTRESS
42379834780;53592;"NEAR_P1";"INTERVAL";"PROBE";1;63;0x00000b31;184;0;0;2184550;2781124;83;2184633;0;NOSTRESS
42379888380;53392;"NEAR_P1";"INTERVAL";"PROBE";1;63;0x00000b31;184;0;0;2179501;2774844;12;2179547;0;NOSTRESS
42379941779;53602;"NEAR_P1";"INTERVAL";"PROBE";1;63;0x00000b31;184;0;0;2185012;2786373;272;2185104;0;NOSTRESS
42379995388;53646;"NEAR_P1";"INTERVAL";"PROBE";1;63;0x00000b31;184;0;0;2184937;2782991;408;2185026;0;NOSTRESS
42380049043;53468;"NEAR_P1";"INTERVAL";"PROBE";1;63;0x00000b31;184;0;0;2179518;2770778;572;2179565;0;NOSTRESS
42380102518;53617;"NEAR_P1";"INTERVAL";"PROBE";1;63;0x00000b31;184;0;0;2184865;2783952;528;2184953;0;NOSTRESS
42380156157;53583;"NEAR_P1";"INTERVAL";"PROBE";1;63;0x00000b31;184;0;0;2184748;2787395;152;2184839;0;NOSTRESS
42380209746;53517;"NEAR_P1";"INTERVAL";"PROBE";1;63;0x00000b31;184;0;0;2181453;2777678;320;2181510;0;NOSTRESS
42380263270;53562;"NEAR_P1";"INTERVAL";"PROBE";1;63;0x00000b31;184;0;0;2184917;2786032;104;2185005;0;NOSTRESS
42380316839;53538;"NEAR_P1";"INTERVAL";"PROBE";1;63;0x00000b31;184;0;0;2184869;2782451;40;2184960;0;NOSTRESS
42380370395;110511;"TRAJ_R1";"INTERVAL";"PROBE";1;63;0x00000b31;184;0;0;4345507;5748626;352;4345637;0;NOSTRESS
42380898291;1180124;"MAF";"INTERVAL";"PROBE";1;63;0x00000b31;185;16;6;47929428;61286403;10208;47930986;0;NOSTRESS
42380898582;119;"SENS_C1";"INTERVAL";"PROBE";1;63;0x00000b31;185;0;0;1452;2118;452;1456;0;NOSTRESS
42380898708;236;"LOC_C1";"INTERVAL";"PROBE";1;63;0x00000b31;185;0;2;4918;7374;529;4922;0;NOSTRESS
42380898956;36;"LOC_C2";"INTERVAL";"PROBE";1;63;0x00000b31;185;0;0;650;898;116;654;0;NOSTRESS
42380899001;314;"LOC_C3";"INTERVAL";"PROBE";1;63;0x00000b31;185;0;0;9811;13319;312;9815;0;NOSTRESS
42380899324;41;"LOC_C4";"INTERVAL";"PROBE";1;63;0x00000b31;185;0;0;584;907;124;588;0;NOSTRESS
42380899372;53730;"NEAR_P1";"INTERVAL";"PROBE";1;63;0x00000b31;185;6;1;2185099;2786912;1421;2185176;0;NOSTRESS
42380953112;53603;"NEAR_P1";"INTERVAL";"PROBE";1;63;0x00000b31;185;0;0;2184204;2789741;612;2184280;0;NOSTRESS
42381006723;53467;"NEAR_P1";"INTERVAL";"PROBE";1;63;0x00000b31;185;0;0;2179154;2775812;360;2179194;0;NOSTRESS
42381060214;53752;"NEAR_P1";"INTERVAL";"PROBE";1;63;0x00000b31;185;0;0;2186128;2791151;1143;2186216;0;NOSTRESS
42381113975;53495;"NEAR_P1";"INTERVAL";"PROBE";1;63;0x00000b31;185;0;0;2181440;2768775;304;2181508;0;NOSTRESS
42381167477;53390;"NEAR_P1";"INTERVAL";"PROBE";1;63;0x00000b31;185;0;0;2179249;2777334;36;2179291;0;NOSTRESS
42381220874;53565;"NEAR_P1";"INTERVAL";"PROBE";1;63;0x00000b31;185;0;0;2184098;2783517;20;2184186;0;NOSTRESS
42381274446;53572;"NEAR_P1";"INTERVAL";"PROBE";1;63;0x00000b31;185;0;0;2184225;2786448;48;2184308;0;NOSTRESS
42381328025;53393;"NEAR_P1";"INTERVAL";"PROBE";1;63;0x00000b31;185;0;0;2179223;2774138;25;2179271;0;NOSTRESS
42381381425;53547;"NEAR_P1";"INTERVAL";"PROBE";1;63;0x00000b31;185;0;0;2184555;2784409;71;2184642;0;NOSTRESS
42381434979;53621;"NEAR_P1";"INTERVAL";"PROBE";1;63;0x00000b31;185;0;0;2186187;2791244;75;2186279;0;NOSTRESS
42381488608;53418;"NEAR_P1";"INTERVAL";"PROBE";1;63;0x00000b31;185;0;0;2179451;2772047;96;2179494;0;NOSTRESS
42381542033;53618;"NEAR_P1";"INTERVAL";"PROBE";1;63;0x00000b31;185;0;0;2184890;2787412;376;2184971;0;NOSTRESS
42381595660;53629;"NEAR_P1";"INTERVAL";"PROBE";1;63;0x00000b31;185;0;0;2184887;2784955;568;2184978;0;NOSTRESS
42381649298;53493;"NEAR_P1";"INTERVAL";"PROBE";1;63;0x00000b31;185;0;0;2179449;2773660;704;2179498;0;NOSTRESS
42381702798;53669;"NEAR_P1";"INTERVAL";"PROBE";1;63;0x00000b31;185;0;0;2184903;2777656;604;2184992;0;NOSTRESS
42381756475;53616;"NEAR_P1";"INTERVAL";"PROBE";1;63;0x00000b31;185;0;0;2184850;2779193;144;2184941;0;NOSTRESS
42381810098;53396;"NEAR_P1";"INTERVAL";"PROBE";1;63;0x00000b31;185;0;0;2179395;2773731;56;2179444;0;NOSTRESS
42381863501;53709;"NEAR_P1";"INTERVAL";"PROBE";1;63;0x00000b31;185;0;0;2186747;2790239;320;2186848;0;NOSTRESS
42381917218;53572;"NEAR_P1";"INTERVAL";"PROBE";1;63;0x00000b31;185;0;0;2184839;2786592;92;2184930;0;NOSTRESS
42381970800;107607;"TRAJ_R1";"INTERVAL";"PROBE";1;63;0x00000b31;185;0;0;4231943;5597299;352;4232074;0;NOSTRESS
42382498262;1179702;"MAF";"INTERVAL";"PROBE";1;63;0x00000b31;186;14;8;47827553;61797023;7493;47829130;0;NOSTRESS
42382498288;121;"SENS_C1";"INTERVAL";"PROBE";1;63;0x00000b31;186;0;0;1455;2087;476;1459;0;NOSTRESS
42382498415;232;"LOC_C1";"INTERVAL";"PROBE";1;63;0x00000b31;186;1;0;4913;7383;518;4917;0;NOSTRESS
42382498656;35;"LOC_C2";"INTERVAL";"PROBE";1;63;0x00000b31;186;0;0;650;896;108;654;0;NOSTRESS
42382498700;309;"LOC_C3";"INTERVAL";"PROBE";1;63;0x00000b31;186;0;0;9808;13445;328;9812;0;NOSTRESS
42382499018;43;"LOC_C4";"INTERVAL";"PROBE";1;63;0x00000b31;186;0;0;586;908;124;590;0;NOSTRESS
42382499067;53870;"NEAR_P1";"INTERVAL";"PROBE";1;63;0x00000b31;186;6;1;2185051;2816372;1174;2185117;0;NOSTRESS
42382552944;53763;"NEAR_P1";"INTERVAL";"PROBE";1;63;0x00000b31;186;3;4;2184624;2812778;597;2184700;0;NOSTRESS
42382606715;53525;"NEAR_P1";"INTERVAL";"PROBE";1;63;0x00000b31;186;1;2;2179535;2801433;232;2179575;0;NOSTRESS
42382660247;53662;"NEAR_P1";"INTERVAL";"PROBE";1;63;0x00000b31;186;1;0;2184524;2813503;36;2184602;0;NOSTRESS
42382713916;53789;"NEAR_P1";"INTERVAL";"PROBE";1;63;0x00000b31;186;0;0;2186501;2820041;208;2186587;0;NOSTRESS
42382767713;53533;"NEAR_P1";"INTERVAL";"PROBE";1;63;0x00000b31;186;0;0;2179511;2802932;28;2179553;0;NOSTRESS
42382821253;53659;"NEAR_P1";"INTERVAL";"PROBE";1;63;0x00000b31;186;0;0;2184590;2814151;48;2184682;0;NOSTRESS
42382874920;53681;"NEAR_P1";"INTERVAL";"PROBE";1;63;0x00000b31;186;0;0;2184647;2814420;28;2184736;0;NOSTRESS
42382928609;53514;"NEAR_P1";"INTERVAL";"PROBE";1;63;0x00000b31;186;0;0;2179469;2805124;4;2179514;0;NOSTRESS
42382982130;53698;"NEAR_P1";"INTERVAL";"PROBE";1;63;0x00000b31;186;0;0;2184936;2815528;50;2185026;0;NOSTRESS
42383035835;53691;"NEAR_P1";"INTERVAL";"PROBE";1;63;0x00000b31;186;0;0;2185352;2815462;35;2185440;0;NOSTRESS
42383089533;53570;"NEAR_P1";"INTERVAL";"PROBE";1;63;0x00000b31;186;2;0;2181115;2808625;68;2181165;0;NOSTRESS
42383143111;53763;"NEAR_P1";"INTERVAL";"PROBE";1;63;0x00000b31;186;0;0;2184915;2814614;454;2185007;0;NOSTRESS
42383196884;53788;"NEAR_P1";"INTERVAL";"PROBE";1;63;0x00000b31;186;0;0;2185329;2815233;520;2185418;0;NOSTRESS
42383250681;53770;"NEAR_P1";"INTERVAL";"PROBE";1;63;0x00000b31;186;0;0;2185306;2814444;904;2185398;0;NOSTRESS
42383304458;53677;"NEAR_P1";"INTERVAL";"PROBE";1;63;0x00000b31;186;0;0;2179903;2802188;412;2179953;0;NOSTRESS
42383358143;53733;"NEAR_P1";"INTERVAL";"PROBE";1;63;0x00000b31;186;0;0;2185238;2812643;144;2185326;0;NOSTRESS
42383411883;53673;"NEAR_P1";"INTERVAL";"PROBE";1;63;0x00000b31;186;0;0;2185202;2814236;28;2185296;0;NOSTRESS
42383465563;53540;"NEAR_P1";"INTERVAL";"PROBE";1;63;0x00000b31;186;0;0;2179849;2806045;48;2179898;0;NOSTRESS
42383519110;53814;"NEAR_P1";"INTERVAL";"PROBE";1;63;0x00000b31;186;0;0;2187257;2820219;344;2187362;0;NOSTRESS
42383572934;105022;"TRAJ_R1";"INTERVAL";"PROBE";1;63;0x00000b31;186;0;0;4121063;5504518;405;4121193;0;NOSTRESS
42384098251;1175162;"MAF";"INTERVAL";"PROBE";1;63;0x00000b31;187;13;6;47712010;61157013;10341;47713578;0;NOSTRESS
42384098275;114;"SENS_C1";"INTERVAL";"PROBE";1;63;0x00000b31;187;0;1;1451;2049;452;1455;0;NOSTRESS
42384098395;237;"LOC_C1";"INTERVAL";"PROBE";1;63;0x00000b31;187;1;0;4905;7279;533;4909;0;NOSTRESS
42384098640;35;"LOC_C2";"INTERVAL";"PROBE";1;63;0x00000b31;187;0;0;650;924;112;654;0;NOSTRESS
42384098684;310;"LOC_C3";"INTERVAL";"PROBE";1;63;0x00000b31;187;0;0;9803;13306;320;9807;0;NOSTRESS
42384099004;40;"LOC_C4";"INTERVAL";"PROBE";1;63;0x00000b31;187;0;0;584;887;128;588;0;NOSTRESS
42384099051;53877;"NEAR_P1";"INTERVAL";"PROBE";1;63;0x00000b31;187;2;1;2185147;2815539;1246;2185228;0;NOSTRESS
42384152936;53711;"NEAR_P1";"INTERVAL";"PROBE";1;63;0x00000b31;187;0;0;2184266;2812877;632;2184341;0;NOSTRESS
42384206653;53559;"NEAR_P1";"INTERVAL";"PROBE";1;63;0x00000b31;187;0;0;2179176;2800534;296;2179218;0;NOSTRESS
42384260219;53665;"NEAR_P1";"INTERVAL";"PROBE";1;63;0x00000b31;187;0;0;2184365;2812759;40;2184445;0;NOSTRESS
42384313891;53889;"NEAR_P1";"INTERVAL";"PROBE";1;63;0x00000b31;187;10;2;2185485;2791020;1132;2185569;0;NOSTRESS
42384367788;53514;"NEAR_P1";"INTERVAL";"PROBE";1;63;0x00000b31;187;0;1;2181223;2781794;220;2181273;0;NOSTRESS
42384421309;53552;"NEAR_P1";"INTERVAL";"PROBE";1;63;0x00000b31;187;0;0;2184443;2789254;40;2184529;0;NOSTRESS
42384474868;53552;"NEAR_P1";"INTERVAL";"PROBE";1;63;0x00000b31;187;0;0;2184437;2789521;16;2184526;0;NOSTRESS
42384528427;53400;"NEAR_P1";"INTERVAL";"PROBE";1;63;0x00000b31;187;0;0;2179324;2774440;4;2179366;0;NOSTRESS
42384581834;53555;"NEAR_P1";"INTERVAL";"PROBE";1;63;0x00000b31;187;0;0;2184802;2787064;48;2184895;0;NOSTRESS
42384635396;53580;"NEAR_P1";"INTERVAL";"PROBE";1;63;0x00000b31;187;0;0;2185155;2784595;17;2185246;0;NOSTRESS
42384688983;53484;"NEAR_P1";"INTERVAL";"PROBE";1;63;0x00000b31;187;0;0;2180863;2780010;98;2180913;0;NOSTRESS
42384742474;53614;"NEAR_P1";"INTERVAL";"PROBE";1;63;0x00000b31;187;0;0;2185110;2788035;308;2185201;0;NOSTRESS
42384796097;53654;"NEAR_P1";"INTERVAL";"PROBE";1;63;0x00000b31;187;0;0;2185149;2785952;486;2185238;0;NOSTRESS
42384849762;53500;"NEAR_P1";"INTERVAL";"PROBE";1;63;0x00000b31;187;0;0;2179797;2775884;636;2179844;0;NOSTRESS
42384903269;53754;"NEAR_P1";"INTERVAL";"PROBE";1;63;0x00000b31;187;0;0;2185055;2788802;584;2185143;0;NOSTRESS
42384957040;53602;"NEAR_P1";"INTERVAL";"PROBE";1;63;0x00000b31;187;0;0;2185075;2788107;112;2185163;0;NOSTRESS
42385010649;53569;"NEAR_P1";"INTERVAL";"PROBE";1;63;0x00000b31;187;0;0;2185067;2790526;66;2185155;0;NOSTRESS
42385064226;53510;"NEAR_P1";"INTERVAL";"PROBE";1;63;0x00000b31;187;0;0;2179531;2775734;1203;2179574;0;NOSTRESS
42385117744;53606;"NEAR_P1";"INTERVAL";"PROBE";1;63;0x00000b31;187;0;0;2185036;2788241;688;2185121;0;NOSTRESS
42385171361;102042;"TRAJ_R1";"INTERVAL";"PROBE";1;63;0x00000b31;187;0;0;4009904;5304232;724;4010044;0;NOSTRESS
42385698287;1171383;"MAF";"INTERVAL";"PROBE";1;63;0x00000b31;188;5;7;47605084;60867054;8287;47606634;0;NOSTRESS
42385698314;113;"SENS_C1";"INTERVAL";"PROBE";1;63;0x00000b31;188;0;2;1453;2057;452;1457;0;NOSTRESS
42385698434;239;"LOC_C1";"INTERVAL";"PROBE";1;63;0x00000b31;188;0;0;4921;7426;514;4925;0;NOSTRESS
42385698679;35;"LOC_C2";"INTERVAL";"PROBE";1;63;0x00000b31;188;0;0;650;903;100;654;0;NOSTRESS
42385698723;309;"LOC_C3";"INTERVAL";"PROBE";1;63;0x00000b31;188;0;0;9807;13242;332;9811;0;NOSTRESS
42385699042;44;"LOC_C4";"INTERVAL";"PROBE";1;63;0x00000b31;188;0;0;587;923;132;591;0;NOSTRESS
42385699093;53833;"NEAR_P1";"INTERVAL";"PROBE";1;63;0x00000b31;188;3;4;2185184;2786984;1533;2185259;0;NOSTRESS
42385752938;53584;"NEAR_P1";"INTERVAL";"PROBE";1;63;0x00000b31;188;2;1;2184241;2784029;596;2184321;0;NOSTRESS
42385806531;53462;"NEAR_P1";"INTERVAL";"PROBE";1;63;0x00000b31;188;0;0;2179293;2772811;400;2179331;0;NOSTRESS
42385860002;53558;"NEAR_P1";"INTERVAL";"PROBE";1;63;0x00000b31;188;0;0;2184203;2785421;52;2184282;0;NOSTRESS
42385913567;53539;"NEAR_P1";"INTERVAL";"PROBE";1;63;0x00000b31;188;0;0;2184366;2785769;16;2184444;0;NOSTRESS
42385967128;53388;"NEAR_P1";"INTERVAL";"PROBE";1;63;0x00000b31;188;0;0;2179270;2773644;4;2179312;0;NOSTRESS
42386020523;53650;"NEAR_P1";"INTERVAL";"PROBE";1;63;0x00000b31;188;0;0;2186222;2789407;280;2186318;0;NOSTRESS
42386074181;53544;"NEAR_P1";"INTERVAL";"PROBE";1;63;0x00000b31;188;0;0;2184288;2784718;48;2184374;0;NOSTRESS
42386127732;53419;"NEAR_P1";"INTERVAL";"PROBE";1;63;0x00000b31;188;0;0;2179293;2775215;16;2179341;0;NOSTRESS
42386181158;53576;"NEAR_P1";"INTERVAL";"PROBE";1;63;0x00000b31;188;0;0;2185002;2784936;100;2185089;0;NOSTRESS
42386234741;53580;"NEAR_P1";"INTERVAL";"PROBE";1;63;0x00000b31;188;0;0;2185078;2785422;95;2185166;0;NOSTRESS
42386288328;53398;"NEAR_P1";"INTERVAL";"PROBE";1;63;0x00000b31;188;0;0;2179642;2776219;18;2179691;0;NOSTRESS
42386341733;53610;"NEAR_P1";"INTERVAL";"PROBE";1;63;0x00000b31;188;0;0;2184654;2786000;422;2184743;0;NOSTRESS
42386395353;53602;"NEAR_P1";"INTERVAL";"PROBE";1;63;0x00000b31;188;0;0;2185021;2785334;556;2185106;0;NOSTRESS
42386448964;53468;"NEAR_P1";"INTERVAL";"PROBE";1;63;0x00000b31;188;0;0;2179257;2775662;668;2179303;0;NOSTRESS
42386502441;53611;"NEAR_P1";"INTERVAL";"PROBE";1;63;0x00000b31;188;0;0;2184769;2781225;748;2184857;0;NOSTRESS
42386556059;53570;"NEAR_P1";"INTERVAL";"PROBE";1;63;0x00000b31;188;0;0;2184978;2785891;245;2185069;0;NOSTRESS
42386609637;53416;"NEAR_P1";"INTERVAL";"PROBE";1;63;0x00000b31;188;0;0;2179481;2773988;100;2179530;0;NOSTRESS
42386663060;53545;"NEAR_P1";"INTERVAL";"PROBE";1;63;0x00000b31;188;0;0;2184963;2784735;56;2185054;0;NOSTRESS
42386716612;53648;"NEAR_P1";"INTERVAL";"PROBE";1;63;0x00000b31;188;0;0;2186415;2788357;162;2186501;0;NOSTRESS
42386770302;99359;"TRAJ_R1";"INTERVAL";"PROBE";1;63;0x00000b31;188;0;0;3905824;5169273;450;3905957;0;NOSTRESS
42387298234;1170651;"MAF";"INTERVAL";"PROBE";1;63;0x00000b31;189;14;4;47501009;61093932;9130;47502543;0;NOSTRESS
42387298257;122;"SENS_C1";"INTERVAL";"PROBE";1;63;0x00000b31;189;0;2;1451;2079;480;1455;0;NOSTRESS
42387298386;244;"LOC_C1";"INTERVAL";"PROBE";1;63;0x00000b31;189;1;0;4921;7301;541;4925;0;NOSTRESS
42387298638;37;"LOC_C2";"INTERVAL";"PROBE";1;63;0x00000b31;189;0;0;650;902;124;654;0;NOSTRESS
42387298684;309;"LOC_C3";"INTERVAL";"PROBE";1;63;0x00000b31;189;0;0;9813;13505;332;9817;0;NOSTRESS
42387299003;42;"LOC_C4";"INTERVAL";"PROBE";1;63;0x00000b31;189;0;0;585;907;124;589;0;NOSTRESS
42387299051;53942;"NEAR_P1";"INTERVAL";"PROBE";1;63;0x00000b31;189;4;0;2185234;2815208;1395;2185311;0;NOSTRESS
42387353001;53703;"NEAR_P1";"INTERVAL";"PROBE";1;63;0x00000b31;189;1;1;2184439;2813860;708;2184515;0;NOSTRESS
42387406712;53539;"NEAR_P1";"INTERVAL";"PROBE";1;63;0x00000b31;189;0;0;2179319;2800470;396;2179359;0;NOSTRESS
42387460258;53654;"NEAR_P1";"INTERVAL";"PROBE";1;63;0x00000b31;189;0;0;2184426;2809459;44;2184500;0;NOSTRESS
42387513919;53662;"NEAR_P1";"INTERVAL";"PROBE";1;63;0x00000b31;189;0;0;2184496;2809550;36;2184572;0;NOSTRESS
42387567588;53506;"NEAR_P1";"INTERVAL";"PROBE";1;63;0x00000b31;189;0;0;2179318;2799983;8;2179356;0;NOSTRESS
42387621118;53666;"NEAR_P1";"INTERVAL";"PROBE";1;63;0x00000b31;189;0;0;2184423;2811130;48;2184509;0;NOSTRESS
42387674792;53782;"NEAR_P1";"INTERVAL";"PROBE";1;63;0x00000b31;189;0;0;2186386;2814235;196;2186482;0;NOSTRESS
42387728581;53522;"NEAR_P1";"INTERVAL";"PROBE";1;63;0x00000b31;189;0;0;2179256;2798455;24;2179298;0;NOSTRESS
42387782111;53665;"NEAR_P1";"INTERVAL";"PROBE";1;63;0x00000b31;189;0;0;2184771;2813386;68;2184855;0;NOSTRESS
42387835783;53678;"NEAR_P1";"INTERVAL";"PROBE";1;63;0x00000b31;189;0;0;2185069;2812781;28;2185160;0;NOSTRESS
42387889468;53582;"NEAR_P1";"INTERVAL";"PROBE";1;63;0x00000b31;189;0;0;2180878;2803121;78;2180925;0;NOSTRESS
42387943057;53724;"NEAR_P1";"INTERVAL";"PROBE";1;63;0x00000b31;189;0;0;2185138;2809318;384;2185224;0;NOSTRESS
42387996791;53758;"NEAR_P1";"INTERVAL";"PROBE";1;63;0x00000b31;189;0;0;2184438;2810472;680;2184528;0;NOSTRESS
42388050559;53938;"NEAR_P1";"INTERVAL";"PROBE";1;63;0x00000b31;189;7;1;2185856;2786777;2040;2185948;0;NOSTRESS
42388104505;53467;"NEAR_P1";"INTERVAL";"PROBE";1;63;0x00000b31;189;0;0;2179697;2772341;368;2179746;0;NOSTRESS
42388157979;53646;"NEAR_P1";"INTERVAL";"PROBE";1;63;0x00000b31;189;0;0;2184928;2786099;220;2185016;0;NOSTRESS
42388211632;53592;"NEAR_P1";"INTERVAL";"PROBE";1;63;0x00000b31;189;0;0;2185239;2788391;104;2185328;0;NOSTRESS
42388265231;53425;"NEAR_P1";"INTERVAL";"PROBE";1;63;0x00000b31;189;0;0;2179733;2776315;64;2179782;0;NOSTRESS
42388318663;53580;"NEAR_P1";"INTERVAL";"PROBE";1;63;0x00000b31;189;0;0;2185095;2784548;92;2185183;0;NOSTRESS
42388372253;96621;"TRAJ_R1";"INTERVAL";"PROBE";1;63;0x00000b31;189;0;0;3799233;5026144;372;3799363;0;NOSTRESS
42388898255;1167156;"MAF";"INTERVAL";"PROBE";1;63;0x00000b31;190;9;10;47396512;60577667;13876;47398085;0;NOSTRESS
42388898282;126;"SENS_C1";"INTERVAL";"PROBE";1;63;0x00000b31;190;0;2;1455;2063;460;1459;0;NOSTRESS
42388898414;241;"LOC_C1";"INTERVAL";"PROBE";1;63;0x00000b31;190;0;2;4918;7279;530;4922;0;NOSTRESS
42388898662;32;"LOC_C2";"INTERVAL";"PROBE";1;63;0x00000b31;190;0;0;650;907;92;654;0;NOSTRESS
42388898703;312;"LOC_C3";"INTERVAL";"PROBE";1;63;0x00000b31;190;0;0;9805;13393;308;9809;0;NOSTRESS
42388899024;44;"LOC_C4";"INTERVAL";"PROBE";1;63;0x00000b31;190;0;0;585;907;124;589;0;NOSTRESS
42388899075;53869;"NEAR_P1";"INTERVAL";"PROBE";1;63;0x00000b31;190;4;4;2185038;2796711;1121;2185119;0;NOSTRESS
42388952952;53694;"NEAR_P1";"INTERVAL";"PROBE";1;63;0x00000b31;190;1;2;2184278;2805126;611;2184354;0;NOSTRESS
42389006654;53463;"NEAR_P1";"INTERVAL";"PROBE";1;63;0x00000b31;190;0;0;2179146;2772304;436;2179186;0;NOSTRESS
42389060124;53588;"NEAR_P1";"INTERVAL";"PROBE";1;63;0x00000b31;190;0;0;2181205;2759926;1126;2181271;0;NOSTRESS
42389113719;53553;"NEAR_P1";"INTERVAL";"PROBE";1;63;0x00000b31;190;0;0;2181293;2776788;784;2181357;0;NOSTRESS
42389167279;53419;"NEAR_P1";"INTERVAL";"PROBE";1;63;0x00000b31;190;0;0;2179148;2773517;108;2179188;0;NOSTRESS
42389220705;53527;"NEAR_P1";"INTERVAL";"PROBE";1;63;0x00000b31;190;0;0;2184339;2783718;24;2184428;0;NOSTRESS
42389274239;53535;"NEAR_P1";"INTERVAL";"PROBE";1;63;0x00000b31;190;0;0;2184177;2784817;28;2184266;0;NOSTRESS
42389327781;53384;"NEAR_P1";"INTERVAL";"PROBE";1;63;0x00000b31;190;0;0;2179130;2771858;12;2179178;0;NOSTRESS
42389381172;53604;"NEAR_P1";"INTERVAL";"PROBE";1;63;0x00000b31;190;0;0;2183106;2783079;352;2183187;0;NOSTRESS
42389434783;53570;"NEAR_P1";"INTERVAL";"PROBE";1;63;0x00000b31;190;0;0;2184981;2784368;121;2185069;0;NOSTRESS
42389488360;53563;"NEAR_P1";"INTERVAL";"PROBE";1;63;0x00000b31;190;3;0;2180983;2778033;434;2181041;0;NOSTRESS
42389541932;53881;"NEAR_P1";"INTERVAL";"PROBE";1;63;0x00000b31;190;0;0;2187632;2789245;2088;2187728;0;NOSTRESS
42389595829;53796;"NEAR_P1";"INTERVAL";"PROBE";1;63;0x00000b31;190;0;0;2186318;2785873;1512;2186418;0;NOSTRESS
42389649636;53520;"NEAR_P1";"INTERVAL";"PROBE";1;63;0x00000b31;190;0;0;2180430;2778491;1096;2180479;0;NOSTRESS
42389703163;53665;"NEAR_P1";"INTERVAL";"PROBE";1;63;0x00000b31;190;0;0;2184714;2773241;866;2184802;0;NOSTRESS
42389756835;53750;"NEAR_P1";"INTERVAL";"PROBE";1;63;0x00000b31;190;0;0;2187394;2790308;480;2187496;0;NOSTRESS
42389810592;53630;"NEAR_P1";"INTERVAL";"PROBE";1;63;0x00000b31;190;0;0;2184678;2785935;267;2184769;0;NOSTRESS
42389864229;53463;"NEAR_P1";"INTERVAL";"PROBE";1;63;0x00000b31;190;0;0;2180835;2774689;136;2180892;0;NOSTRESS
42389917699;53592;"NEAR_P1";"INTERVAL";"PROBE";1;63;0x00000b31;190;0;0;2184870;2785752;152;2184958;0;NOSTRESS
42389971321;94082;"TRAJ_R1";"INTERVAL";"PROBE";1;63;0x00000b31;190;0;0;3699194;4891795;384;3699330;0;NOSTRESS
42390498233;1163457;"MAF";"INTERVAL";"PROBE";1;63;0x00000b31;191;6;9;47302464;60450225;7718;47303992;0;NOSTRESS
42390498258;118;"SENS_C1";"INTERVAL";"PROBE";1;63;0x00000b31;191;0;2;1452;2093;448;1456;0;NOSTRESS
42390498384;237;"LOC_C1";"INTERVAL";"PROBE";1;63;0x00000b31;191;0;2;4916;7361;533;4920;0;NOSTRESS
42390498629;35;"LOC_C2";"INTERVAL";"PROBE";1;63;0x00000b31;191;0;0;650;910;116;654;0;NOSTRESS
42390498674;313;"LOC_C3";"INTERVAL";"PROBE";1;63;0x00000b31;191;0;0;9808;13419;312;9812;0;NOSTRESS
42390498996;44;"LOC_C4";"INTERVAL";"PROBE";1;63;0x00000b31;191;0;0;584;898;128;588;0;NOSTRESS
42390499046;53727;"NEAR_P1";"INTERVAL";"PROBE";1;63;0x00000b31;191;6;3;2184945;2788359;1228;2185012;0;NOSTRESS
42390552780;53590;"NEAR_P1";"INTERVAL";"PROBE";1;63;0x00000b31;191;0;2;2184490;2788248;700;2184566;0;NOSTRESS
42390606378;53421;"NEAR_P1";"INTERVAL";"PROBE";1;63;0x00000b31;191;0;0;2179197;2774974;364;2179235;0;NOSTRESS
42390659806;53578;"NEAR_P1";"INTERVAL";"PROBE";1;63;0x00000b31;191;0;0;2184445;2783044;81;2184521;0;NOSTRESS
42390713397;53536;"NEAR_P1";"INTERVAL";"PROBE";1;63;0x00000b31;191;0;0;2184277;2785324;36;2184355;0;NOSTRESS
42390766940;53391;"NEAR_P1";"INTERVAL";"PROBE";1;63;0x00000b31;191;0;0;2179168;2769315;16;2179208;0;NOSTRESS
42390820338;53539;"NEAR_P1";"INTERVAL";"PROBE";1;63;0x00000b31;191;0;0;2184469;2784131;40;2184561;0;NOSTRESS
42390873884;53532;"NEAR_P1";"INTERVAL";"PROBE";1;63;0x00000b31;191;0;0;2184222;2784225;8;2184311;0;NOSTRESS
42390927423;53394;"NEAR_P1";"INTERVAL";"PROBE";1;63;0x00000b31;191;0;0;2179134;2773616;20;2179179;0;NOSTRESS
42390980824;53553;"NEAR_P1";"INTERVAL";"PROBE";1;63;0x00000b31;191;0;0;2184691;2784651;72;2184778;0;NOSTRESS
42391034384;53658;"NEAR_P1";"INTERVAL";"PROBE";1;63;0x00000b31;191;0;0;2186558;2787883;264;2186654;0;NOSTRESS
42391088049;53396;"NEAR_P1";"INTERVAL";"PROBE";1;63;0x00000b31;191;0;0;2179579;2774949;48;2179622;0;NOSTRESS
42391141452;53583;"NEAR_P1";"INTERVAL";"PROBE";1;63;0x00000b31;191;0;0;2185116;2784027;368;2185203;0;NOSTRESS
42391195045;53674;"NEAR_P1";"INTERVAL";"PROBE";1;63;0x00000b31;191;0;0;2186204;2788111;588;2186296;0;NOSTRESS
42391248729;53473;"NEAR_P1";"INTERVAL";"PROBE";1;63;0x00000b31;191;0;0;2179531;2771896;624;2179577;0;NOSTRESS
42391302209;53638;"NEAR_P1";"INTERVAL";"PROBE";1;63;0x00000b31;191;0;0;2185126;2784169;673;2185216;0;NOSTRESS
42391355854;53592;"NEAR_P1";"INTERVAL";"PROBE";1;63;0x00000b31;191;0;0;2184954;2784525;277;2185042;0;NOSTRESS
42391409453;53419;"NEAR_P1";"INTERVAL";"PROBE";1;63;0x00000b31;191;0;0;2179523;2773258;64;2179566;0;NOSTRESS
42391462879;53580;"NEAR_P1";"INTERVAL";"PROBE";1;63;0x00000b31;191;0;0;2184790;2781283;72;2184878;0;NOSTRESS
42391516466;53571;"NEAR_P1";"INTERVAL";"PROBE";1;63;0x00000b31;191;0;0;2184975;2784683;64;2185060;0;NOSTRESS
42391570046;91636;"TRAJ_R1";"INTERVAL";"PROBE";1;63;0x00000b31;191;0;0;3603444;4767348;358;3603580;0;NOSTRESS
42392098229;1163876;"MAF";"INTERVAL";"PROBE";1;63;0x00000b31;192;18;3;47205539;60855285;9818;47207077;0;NOSTRESS
42392098250;109;"SENS_C1";"INTERVAL";"PROBE";1;63;0x00000b31;192;0;0;1455;2071;456;1459;0;NOSTRESS
42392098365;244;"LOC_C1";"INTERVAL";"PROBE";1;63;0x00000b31;192;1;0;4917;7410;540;4921;0;NOSTRESS
42392098616;299;"LOC_C2";"INTERVAL";"PROBE";1;63;0x00000b31;192;10;1;1544;3073;1113;1555;0;NOSTRESS
42392098924;309;"LOC_C3";"INTERVAL";"PROBE";1;63;0x00000b31;192;0;0;9807;13461;320;9811;0;NOSTRESS
42392099243;43;"LOC_C4";"INTERVAL";"PROBE";1;63;0x00000b31;192;0;0;585;899;120;589;0;NOSTRESS
42392099293;53878;"NEAR_P1";"INTERVAL";"PROBE";1;63;0x00000b31;192;5;1;2184982;2810182;1276;2185057;0;NOSTRESS
42392153178;53726;"NEAR_P1";"INTERVAL";"PROBE";1;63;0x00000b31;192;2;0;2184357;2806860;728;2184433;0;NOSTRESS
42392206911;53532;"NEAR_P1";"INTERVAL";"PROBE";1;63;0x00000b31;192;0;0;2179060;2796297;288;2179100;0;NOSTRESS
42392260450;53692;"NEAR_P1";"INTERVAL";"PROBE";1;63;0x00000b31;192;0;0;2184252;2811024;73;2184330;0;NOSTRESS
42392314150;53566;"NEAR_P1";"INTERVAL";"PROBE";1;63;0x00000b31;192;0;0;2181394;2800968;31;2181458;0;NOSTRESS
42392367723;53494;"NEAR_P1";"INTERVAL";"PROBE";1;63;0x00000b31;192;0;0;2179267;2800850;12;2179305;0;NOSTRESS
42392421224;53638;"NEAR_P1";"INTERVAL";"PROBE";1;63;0x00000b31;192;0;0;2184272;2808549;8;2184358;0;NOSTRESS
42392474869;53661;"NEAR_P1";"INTERVAL";"PROBE";1;63;0x00000b31;192;0;0;2184225;2808184;20;2184314;0;NOSTRESS
42392528537;53489;"NEAR_P1";"INTERVAL";"PROBE";1;63;0x00000b31;192;0;0;2179149;2797175;16;2179197;0;NOSTRESS
42392582048;53664;"NEAR_P1";"INTERVAL";"PROBE";1;63;0x00000b31;192;0;0;2184544;2808066;72;2184634;0;NOSTRESS
42392635722;53666;"NEAR_P1";"INTERVAL";"PROBE";1;63;0x00000b31;192;0;0;2184923;2808355;52;2185011;0;NOSTRESS
42392689396;53620;"NEAR_P1";"INTERVAL";"PROBE";1;63;0x00000b31;192;0;0;2181365;2801433;180;2181424;0;NOSTRESS
42392743023;53697;"NEAR_P1";"INTERVAL";"PROBE";1;63;0x00000b31;192;0;0;2185068;2810616;348;2185155;0;NOSTRESS
42392796729;53781;"NEAR_P1";"INTERVAL";"PROBE";1;63;0x00000b31;192;0;0;2184951;2809906;504;2185043;0;NOSTRESS
42392850519;53797;"NEAR_P1";"INTERVAL";"PROBE";1;63;0x00000b31;192;0;0;2186013;2809587;908;2186105;0;NOSTRESS
42392904324;53591;"NEAR_P1";"INTERVAL";"PROBE";1;63;0x00000b31;192;0;0;2179417;2799004;384;2179466;0;NOSTRESS
42392957922;53687;"NEAR_P1";"INTERVAL";"PROBE";1;63;0x00000b31;192;0;0;2184845;2808492;171;2184933;0;NOSTRESS
42393011616;53687;"NEAR_P1";"INTERVAL";"PROBE";1;63;0x00000b31;192;0;0;2184838;2808526;130;2184929;0;NOSTRESS
42393065310;53524;"NEAR_P1";"INTERVAL";"PROBE";1;63;0x00000b31;192;0;0;2179441;2798793;412;2179484;0;NOSTRESS
42393118845;53783;"NEAR_P1";"INTERVAL";"PROBE";1;63;0x00000b31;192;0;0;2184567;2808146;1031;2184652;0;NOSTRESS
42393172640;89457;"TRAJ_R1";"INTERVAL";"PROBE";1;63;0x00000b31;192;0;0;3510082;4689981;377;3510209;0;NOSTRESS
42393698220;1160363;"MAF";"INTERVAL";"PROBE";1;63;0x00000b31;193;7;6;47121728;60430665;9088;47123322;0;NOSTRESS
42393698244;112;"SENS_C1";"INTERVAL";"PROBE";1;63;0x00000b31;193;0;1;1452;2088;460;1456;0;NOSTRESS
42393698362;245;"LOC_C1";"INTERVAL";"PROBE";1;63;0x00000b31;193;0;1;4919;7274;545;4923;0;NOSTRESS
42393698615;33;"LOC_C2";"INTERVAL";"PROBE";1;63;0x00000b31;193;0;0;650;918;116;654;0;NOSTRESS
42393698657;319;"LOC_C3";"INTERVAL";"PROBE";1;63;0x00000b31;193;0;0;9805;13419;312;9809;0;NOSTRESS
42393698985;45;"LOC_C4";"INTERVAL";"PROBE";1;63;0x00000b31;193;0;0;584;904;128;588;0;NOSTRESS
42393699036;53854;"NEAR_P1";"INTERVAL";"PROBE";1;63;0x00000b31;193;3;1;2185215;2813562;1360;2185290;0;NOSTRESS
42393752898;53708;"NEAR_P1";"INTERVAL";"PROBE";1;63;0x00000b31;193;1;2;2184290;2809648;624;2184370;0;NOSTRESS
42393806614;53465;"NEAR_P1";"INTERVAL";"PROBE";1;63;0x00000b31;193;0;0;2176192;2792678;284;2176222;0;NOSTRESS
42393860096;53668;"NEAR_P1";"INTERVAL";"PROBE";1;63;0x00000b31;193;0;0;2184369;2811371;87;2184445;0;NOSTRESS
42393913771;53826;"NEAR_P1";"INTERVAL";"PROBE";1;63;0x00000b31;193;3;0;2185745;2815875;537;2185833;0;NOSTRESS
42393967605;53605;"NEAR_P1";"INTERVAL";"PROBE";1;63;0x00000b31;193;0;0;2180482;2803494;185;2180529;0;NOSTRESS
42394021223;53851;"NEAR_P1";"INTERVAL";"PROBE";1;63;0x00000b31;193;0;0;2186981;2819087;352;2187082;0;NOSTRESS
42394075082;53675;"NEAR_P1";"INTERVAL";"PROBE";1;63;0x00000b31;193;0;0;2184335;2812143;121;2184427;0;NOSTRESS
42394128764;53481;"NEAR_P1";"INTERVAL";"PROBE";1;63;0x00000b31;193;0;0;2180514;2790050;53;2180567;0;NOSTRESS
42394182252;53566;"NEAR_P1";"INTERVAL";"PROBE";1;63;0x00000b31;193;0;0;2184562;2775767;88;2184654;0;NOSTRESS
42394235825;53535;"NEAR_P1";"INTERVAL";"PROBE";1;63;0x00000b31;193;0;0;2184927;2783048;32;2185018;0;NOSTRESS
42394289367;53390;"NEAR_P1";"INTERVAL";"PROBE";1;63;0x00000b31;193;0;0;2179553;2775294;16;2179599;0;NOSTRESS
42394342764;53753;"NEAR_P1";"INTERVAL";"PROBE";1;63;0x00000b31;193;0;0;2186893;2777242;842;2186995;0;NOSTRESS
42394396526;53655;"NEAR_P1";"INTERVAL";"PROBE";1;63;0x00000b31;193;0;0;2184873;2788394;644;2184961;0;NOSTRESS
42394450189;53437;"NEAR_P1";"INTERVAL";"PROBE";1;63;0x00000b31;193;0;0;2179545;2773482;589;2179591;0;NOSTRESS
42394503633;53648;"NEAR_P1";"INTERVAL";"PROBE";1;63;0x00000b31;193;0;0;2184929;2785176;648;2185023;0;NOSTRESS
42394557288;53565;"NEAR_P1";"INTERVAL";"PROBE";1;63;0x00000b31;193;0;0;2184893;2786466;156;2184984;0;NOSTRESS
42394610877;53599;"NEAR_P1";"INTERVAL";"PROBE";1;63;0x00000b31;193;0;0;2185005;2785174;130;2185094;0;NOSTRESS
42394664483;53448;"NEAR_P1";"INTERVAL";"PROBE";1;63;0x00000b31;193;0;0;2179301;2774381;100;2179347;0;NOSTRESS
42394717938;53559;"NEAR_P1";"INTERVAL";"PROBE";1;63;0x00000b31;193;0;0;2184849;2784400;64;2184937;0;NOSTRESS
42394771524;87052;"TRAJ_R1";"INTERVAL";"PROBE";1;63;0x00000b31;193;0;0;3420644;4521892;427;3420777;0;NOSTRESS
42395298232;1157609;"MAF";"INTERVAL";"PROBE";1;63;0x00000b31;194;21;6;47035670;60130770;10094;47037228;0;NOSTRESS
42395298257;122;"SENS_C1";"INTERVAL";"PROBE";1;63;0x00000b31;194;0;3;1455;2099;476;1459;0;NOSTRESS
42395298387;252;"LOC_C1";"INTERVAL";"PROBE";1;63;0x00000b31;194;1;0;4918;7363;558;4922;0;NOSTRESS
42395298648;34;"LOC_C2";"INTERVAL";"PROBE";1;63;0x00000b31;194;0;0;650;900;104;654;0;NOSTRESS
42395298691;310;"LOC_C3";"INTERVAL";"PROBE";1;63;0x00000b31;194;0;0;9802;13118;316;9806;0;NOSTRESS
42395299010;45;"LOC_C4";"INTERVAL";"PROBE";1;63;0x00000b31;194;0;0;585;926;124;589;0;NOSTRESS
42395299061;54191;"NEAR_P1";"INTERVAL";"PROBE";1;63;0x00000b31;194;8;1;2187819;2793588;2376;2187928;0;NOSTRESS
42395353259;53633;"NEAR_P1";"INTERVAL";"PROBE";1;63;0x00000b31;194;0;0;2184465;2784041;696;2184545;0;NOSTRESS
42395406899;53501;"NEAR_P1";"INTERVAL";"PROBE";1;63;0x00000b31;194;0;0;2179381;2777274;352;2179423;0;NOSTRESS
42395460407;53555;"NEAR_P1";"INTERVAL";"PROBE";1;63;0x00000b31;194;0;0;2184477;2787793;33;2184555;0;NOSTRESS
42395513969;53560;"NEAR_P1";"INTERVAL";"PROBE";1;63;0x00000b31;194;0;0;2184447;2784207;27;2184523;0;NOSTRESS
42395567536;53394;"NEAR_P1";"INTERVAL";"PROBE";1;63;0x00000b31;194;0;0;2179355;2777498;8;2179397;0;NOSTRESS
42395620937;53561;"NEAR_P1";"INTERVAL";"PROBE";1;63;0x00000b31;194;0;0;2184614;2785799;21;2184700;0;NOSTRESS
42395674505;53757;"NEAR_P1";"INTERVAL";"PROBE";1;63;0x00000b31;194;12;2;2182474;2782673;1150;2182555;0;NOSTRESS
42395728269;53407;"NEAR_P1";"INTERVAL";"PROBE";1;63;0x00000b31;194;0;0;2179362;2774252;24;2179407;0;NOSTRESS
42395781683;53558;"NEAR_P1";"INTERVAL";"PROBE";1;63;0x00000b31;194;0;0;2184655;2789273;68;2184747;0;NOSTRESS
42395835248;53587;"NEAR_P1";"INTERVAL";"PROBE";1;63;0x00000b31;194;0;0;2185048;2786060;215;2185139;0;NOSTRESS
42395888842;53417;"NEAR_P1";"INTERVAL";"PROBE";1;63;0x00000b31;194;0;0;2179697;2774052;12;2179746;0;NOSTRESS
42395942266;53595;"NEAR_P1";"INTERVAL";"PROBE";1;63;0x00000b31;194;0;0;2185324;2786319;300;2185417;0;NOSTRESS
42395995870;53753;"NEAR_P1";"INTERVAL";"PROBE";1;63;0x00000b31;194;0;0;2186967;2789023;796;2187065;0;NOSTRESS
42396049633;53472;"NEAR_P1";"INTERVAL";"PROBE";1;63;0x00000b31;194;0;0;2179724;2774083;728;2179767;0;NOSTRESS
42396103115;53650;"NEAR_P1";"INTERVAL";"PROBE";1;63;0x00000b31;194;0;0;2185348;2790236;688;2185444;0;NOSTRESS
42396156772;53590;"NEAR_P1";"INTERVAL";"PROBE";1;63;0x00000b31;194;0;0;2184950;2784298;226;2185041;0;NOSTRESS
42396210379;53653;"NEAR_P1";"INTERVAL";"PROBE";1;63;0x00000b31;194;0;0;2186415;2791450;170;2186507;0;NOSTRESS
42396264041;53434;"NEAR_P1";"INTERVAL";"PROBE";1;63;0x00000b31;194;0;0;2179753;2776523;36;2179799;0;NOSTRESS
42396317482;53582;"NEAR_P1";"INTERVAL";"PROBE";1;63;0x00000b31;194;0;0;2185100;2787511;58;2185191;0;NOSTRESS
42396371079;84752;"TRAJ_R1";"INTERVAL";"PROBE";1;63;0x00000b31;194;0;0;3332664;4403032;368;3332755;0;NOSTRESS
42396898231;1155011;"MAF";"INTERVAL";"PROBE";1;63;0x00000b31;195;7;5;46952130;60015140;9261;46953659;0;NOSTRESS
42396898258;115;"SENS_C1";"INTERVAL";"PROBE";1;63;0x00000b31;195;0;2;1451;2063;464;1455;0;NOSTRESS
42396898381;239;"LOC_C1";"INTERVAL";"PROBE";1;63;0x00000b31;195;1;0;4921;7241;533;4925;0;NOSTRESS
42396898626;36;"LOC_C2";"INTERVAL";"PROBE";1;63;0x00000b31;195;0;0;650;900;120;654;0;NOSTRESS
42396898672;312;"LOC_C3";"INTERVAL";"PROBE";1;63;0x00000b31;195;0;0;9806;13275;320;9810;0;NOSTRESS
42396898994;44;"LOC_C4";"INTERVAL";"PROBE";1;63;0x00000b31;195;0;0;585;928;132;589;0;NOSTRESS
42396899044;53759;"NEAR_P1";"INTERVAL";"PROBE";1;63;0x00000b31;195;5;0;2185249;2787670;1172;2185328;0;NOSTRESS
42396952810;53653;"NEAR_P1";"INTERVAL";"PROBE";1;63;0x00000b31;195;1;2;2184655;2786378;496;2184735;0;NOSTRESS
42397006472;53454;"NEAR_P1";"INTERVAL";"PROBE";1;63;0x00000b31;195;0;0;2179669;2777465;243;2179709;0;NOSTRESS
42397059933;53572;"NEAR_P1";"INTERVAL";"PROBE";1;63;0x00000b31;195;0;0;2184570;2786752;80;2184648;0;NOSTRESS
42397113514;53633;"NEAR_P1";"INTERVAL";"PROBE";1;63;0x00000b31;195;0;0;2184547;2788572;1086;2184623;0;NOSTRESS
42397167154;53425;"NEAR_P1";"INTERVAL";"PROBE";1;63;0x00000b31;195;0;0;2179396;2773544;275;2179438;0;NOSTRESS
42397220603;53563;"NEAR_P1";"INTERVAL";"PROBE";1;63;0x00000b31;195;0;0;2184536;2785335;48;2184628;0;NOSTRESS
42397274173;53540;"NEAR_P1";"INTERVAL";"PROBE";1;63;0x00000b31;195;0;0;2184572;2787937;25;2184658;0;NOSTRESS
42397327720;53392;"NEAR_P1";"INTERVAL";"PROBE";1;63;0x00000b31;195;0;0;2179388;2773233;24;2179433;0;NOSTRESS
42397381119;53570;"NEAR_P1";"INTERVAL";"PROBE";1;63;0x00000b31;195;0;0;2184858;2785823;96;2184948;0;NOSTRESS
42397434696;53611;"NEAR_P1";"INTERVAL";"PROBE";1;63;0x00000b31;195;0;0;2185252;2786993;64;2185343;0;NOSTRESS
42397488314;53397;"NEAR_P1";"INTERVAL";"PROBE";1;63;0x00000b31;195;0;0;2179869;2776110;4;2179918;0;NOSTRESS
42397541719;53608;"NEAR_P1";"INTERVAL";"PROBE";1;63;0x00000b31;195;0;0;2185276;2787543;392;2185365;0;NOSTRESS
42397595334;53619;"NEAR_P1";"INTERVAL";"PROBE";1;63;0x00000b31;195;0;0;2185234;2785413;632;2185322;0;NOSTRESS
42397648960;53440;"NEAR_P1";"INTERVAL";"PROBE";1;63;0x00000b31;195;0;0;2179807;2778153;704;2179853;0;NOSTRESS
42397702407;53873;"NEAR_P1";"INTERVAL";"PROBE";1;63;0x00000b31;195;0;0;2187240;2790295;1140;2187339;0;NOSTRESS
42397756288;53588;"NEAR_P1";"INTERVAL";"PROBE";1;63;0x00000b31;195;0;0;2185237;2786505;148;2185328;0;NOSTRESS
42397809884;53433;"NEAR_P1";"INTERVAL";"PROBE";1;63;0x00000b31;195;0;0;2179921;2775737;60;2179971;0;NOSTRESS
42397863324;53619;"NEAR_P1";"INTERVAL";"PROBE";1;63;0x00000b31;195;0;0;2186439;2788660;212;2186534;0;NOSTRESS
42397916952;53584;"NEAR_P1";"INTERVAL";"PROBE";1;63;0x00000b31;195;0;0;2185167;2782892;88;2185255;0;NOSTRESS
42397970562;82670;"TRAJ_R1";"INTERVAL";"PROBE";1;63;0x00000b31;195;0;0;3247620;4292551;527;3247709;0;NOSTRESS
42398498291;1152887;"MAF";"INTERVAL";"PROBE";1;63;0x00000b31;196;21;9;46871622;59852090;8458;46873151;0;NOSTRESS
42398498316;121;"SENS_C1";"INTERVAL";"PROBE";1;63;0x00000b31;196;0;1;1454;2073;468;1458;0;NOSTRESS
42398498446;245;"LOC_C1";"INTERVAL";"PROBE";1;63;0x00000b31;196;1;0;4921;7339;538;4925;0;NOSTRESS
42398498697;35;"LOC_C2";"INTERVAL";"PROBE";1;63;0x00000b31;196;0;0;650;892;92;654;0;NOSTRESS
42398498741;310;"LOC_C3";"INTERVAL";"PROBE";1;63;0x00000b31;196;0;0;9797;13331;304;9801;0;NOSTRESS
42398499061;44;"LOC_C4";"INTERVAL";"PROBE";1;63;0x00000b31;196;0;0;586;931;124;590;0;NOSTRESS
42398499111;53845;"NEAR_P1";"INTERVAL";"PROBE";1;63;0x00000b31;196;8;4;2186825;2790677;1481;2186902;0;NOSTRESS
42398552964;53618;"NEAR_P1";"INTERVAL";"PROBE";1;63;0x00000b31;196;1;3;2184317;2783104;617;2184393;0;NOSTRESS
42398606589;53410;"NEAR_P1";"INTERVAL";"PROBE";1;63;0x00000b31;196;0;0;2179174;2774867;340;2179216;0;NOSTRESS
42398660006;53533;"NEAR_P1";"INTERVAL";"PROBE";1;63;0x00000b31;196;0;0;2184194;2782372;36;2184272;0;NOSTRESS
42398713547;53541;"NEAR_P1";"INTERVAL";"PROBE";1;63;0x00000b31;196;0;0;2184388;2782554;68;2184468;0;NOSTRESS
42398767095;53405;"NEAR_P1";"INTERVAL";"PROBE";1;63;0x00000b31;196;0;0;2179157;2773293;12;2179195;0;NOSTRESS
42398820507;53534;"NEAR_P1";"INTERVAL";"PROBE";1;63;0x00000b31;196;0;0;2184240;2781362;36;2184323;0;NOSTRESS
42398874048;53533;"NEAR_P1";"INTERVAL";"PROBE";1;63;0x00000b31;196;0;0;2184248;2785401;12;2184337;0;NOSTRESS
42398927588;53393;"NEAR_P1";"INTERVAL";"PROBE";1;63;0x00000b31;196;0;0;2179145;2773122;16;2179190;0;NOSTRESS
42398980988;53570;"NEAR_P1";"INTERVAL";"PROBE";1;63;0x00000b31;196;0;0;2184437;2784450;94;2184530;0;NOSTRESS
42399034566;53550;"NEAR_P1";"INTERVAL";"PROBE";1;63;0x00000b31;196;0;0;2184937;2783806;20;2185022;0;NOSTRESS
42399088124;53421;"NEAR_P1";"INTERVAL";"PROBE";1;63;0x00000b31;196;0;0;2179489;2775692;20;2179535;0;NOSTRESS
42399141552;53580;"NEAR_P1";"INTERVAL";"PROBE";1;63;0x00000b31;196;0;0;2185088;2784581;280;2185180;0;NOSTRESS
42399195142;53607;"NEAR_P1";"INTERVAL";"PROBE";1;63;0x00000b31;196;0;0;2184962;2787002;356;2185054;0;NOSTRESS
42399248756;53456;"NEAR_P1";"INTERVAL";"PROBE";1;63;0x00000b31;196;0;0;2179579;2770119;616;2179626;0;NOSTRESS
42399302219;53652;"NEAR_P1";"INTERVAL";"PROBE";1;63;0x00000b31;196;0;0;2185111;2783491;468;2185207;0;NOSTRESS
42399355879;53747;"NEAR_P1";"INTERVAL";"PROBE";1;63;0x00000b31;196;0;0;2186766;2789366;548;2186867;0;NOSTRESS
42399409633;53693;"NEAR_P1";"INTERVAL";"PROBE";1;63;0x00000b31;196;11;1;2180350;2773838;1216;2180406;0;NOSTRESS
42399463339;53546;"NEAR_P1";"INTERVAL";"PROBE";1;63;0x00000b31;196;0;0;2184870;2776839;52;2184961;0;NOSTRESS
42399516896;53567;"NEAR_P1";"INTERVAL";"PROBE";1;63;0x00000b31;196;0;0;2184892;2771406;88;2184977;0;NOSTRESS
42399570489;80681;"TRAJ_R1";"INTERVAL";"PROBE";1;63;0x00000b31;196;0;0;3171828;4192640;352;3171919;0;NOSTRESS
42400098267;1152867;"MAF";"INTERVAL";"PROBE";1;63;0x00000b31;197;24;25;46795899;60232090;9174;46797391;0;NOSTRESS
42400098293;119;"SENS_C1";"INTERVAL";"PROBE";1;63;0x00000b31;197;0;2;1451;2075;472;1455;0;NOSTRESS
42400098419;237;"LOC_C1";"INTERVAL";"PROBE";1;63;0x00000b31;197;2;3;4913;7245;557;4917;0;NOSTRESS
42400098665;33;"LOC_C2";"INTERVAL";"PROBE";1;63;0x00000b31;197;0;0;650;914;104;654;0;NOSTRESS
42400098707;310;"LOC_C3";"INTERVAL";"PROBE";1;63;0x00000b31;197;0;0;9805;13302;312;9809;0;NOSTRESS
42400099027;43;"LOC_C4";"INTERVAL";"PROBE";1;63;0x00000b31;197;0;0;584;878;128;588;0;NOSTRESS
42400099076;53818;"NEAR_P1";"INTERVAL";"PROBE";1;63;0x00000b31;197;8;7;2186416;2792902;1542;2186493;0;NOSTRESS
42400152901;53715;"NEAR_P1";"INTERVAL";"PROBE";1;63;0x00000b31;197;9;5;2186335;2789655;952;2186421;0;NOSTRESS
42400206623;53461;"NEAR_P1";"INTERVAL";"PROBE";1;63;0x00000b31;197;1;1;2179345;2773045;316;2179386;0;NOSTRESS
42400260093;53600;"NEAR_P1";"INTERVAL";"PROBE";1;63;0x00000b31;197;3;4;2184537;2795759;72;2184611;0;NOSTRESS
42400313701;53578;"NEAR_P1";"INTERVAL";"PROBE";1;63;0x00000b31;197;1;1;2181657;2794034;32;2181721;0;NOSTRESS
42400367287;53508;"NEAR_P1";"INTERVAL";"PROBE";1;63;0x00000b31;197;0;0;2179414;2799418;8;2179452;0;NOSTRESS
42400420802;53659;"NEAR_P1";"INTERVAL";"PROBE";1;63;0x00000b31;197;0;0;2184543;2810399;24;2184632;0;NOSTRESS
42400474469;53588;"NEAR_P1";"INTERVAL";"PROBE";1;63;0x00000b31;197;0;0;2181521;2803324;9;2181595;0;NOSTRESS
42400528064;53506;"NEAR_P1";"INTERVAL";"PROBE";1;63;0x00000b31;197;0;0;2179496;2799689;22;2179544;0;NOSTRESS
42400581577;53657;"NEAR_P1";"INTERVAL";"PROBE";1;63;0x00000b31;197;0;0;2184817;2812631;44;2184901;0;NOSTRESS
42400635241;53692;"NEAR_P1";"INTERVAL";"PROBE";1;63;0x00000b31;197;0;0;2184859;2810996;71;2184949;0;NOSTRESS
42400688940;53515;"NEAR_P1";"INTERVAL";"PROBE";1;63;0x00000b31;197;0;0;2179720;2792952;4;2179769;0;NOSTRESS
42400742462;53700;"NEAR_P1";"INTERVAL";"PROBE";1;63;0x00000b31;197;0;0;2185157;2813126;272;2185248;0;NOSTRESS
42400796172;53718;"NEAR_P1";"INTERVAL";"PROBE";1;63;0x00000b31;197;0;0;2185083;2809213;432;2185171;0;NOSTRESS
42400849901;53569;"NEAR_P1";"INTERVAL";"PROBE";1;63;0x00000b31;197;0;0;2179739;2801611;616;2179782;0;NOSTRESS
42400903479;53760;"NEAR_P1";"INTERVAL";"PROBE";1;63;0x00000b31;197;0;0;2185281;2812510;644;2185374;0;NOSTRESS
42400957246;53717;"NEAR_P1";"INTERVAL";"PROBE";1;63;0x00000b31;197;0;0;2185238;2814217;176;2185327;0;NOSTRESS
42401010970;53826;"NEAR_P1";"INTERVAL";"PROBE";1;63;0x00000b31;197;0;0;2186849;2814349;531;2186950;0;NOSTRESS
42401064803;53545;"NEAR_P1";"INTERVAL";"PROBE";1;63;0x00000b31;197;0;0;2179776;2801028;132;2179822;0;NOSTRESS
42401118357;53838;"NEAR_P1";"INTERVAL";"PROBE";1;63;0x00000b31;197;0;0;2186526;2815347;1118;2186616;0;NOSTRESS
42401172211;78912;"TRAJ_R1";"INTERVAL";"PROBE";1;63;0x00000b31;197;0;0;3095972;4124361;384;3096063;0;NOSTRESS
42401698297;1149693;"MAF";"INTERVAL";"PROBE";1;63;0x00000b31;198;12;7;46721869;59786172;11578;46723394;0;NOSTRESS
42401698324;125;"SENS_C1";"INTERVAL";"PROBE";1;63;0x00000b31;198;0;1;1454;2080;500;1458;0;NOSTRESS
42401698455;271;"LOC_C1";"INTERVAL";"PROBE";1;63;0x00000b31;198;1;3;4922;7323;650;4926;0;NOSTRESS
42401698733;43;"LOC_C2";"INTERVAL";"PROBE";1;63;0x00000b31;198;0;0;650;902;144;654;0;NOSTRESS
42401698785;310;"LOC_C3";"INTERVAL";"PROBE";1;63;0x00000b31;198;0;0;9808;13443;336;9812;0;NOSTRESS
42401699105;44;"LOC_C4";"INTERVAL";"PROBE";1;63;0x00000b31;198;0;0;586;914;124;590;0;NOSTRESS
42401699156;54049;"NEAR_P1";"INTERVAL";"PROBE";1;63;0x00000b31;198;11;2;2187687;2823075;3366;2187783;0;NOSTRESS
42401753213;53863;"NEAR_P1";"INTERVAL";"PROBE";1;63;0x00000b31;198;0;1;2187617;2819585;1722;2187708;0;NOSTRESS
42401807083;53464;"NEAR_P1";"INTERVAL";"PROBE";1;63;0x00000b31;198;0;0;2176170;2794680;696;2176200;0;NOSTRESS
42401860554;53809;"NEAR_P1";"INTERVAL";"PROBE";1;63;0x00000b31;198;0;0;2187562;2811401;409;2187654;0;NOSTRESS
42401914371;53558;"NEAR_P1";"INTERVAL";"PROBE";1;63;0x00000b31;198;0;0;2184291;2784565;92;2184371;0;NOSTRESS
42401967937;53386;"NEAR_P1";"INTERVAL";"PROBE";1;63;0x00000b31;198;0;0;2179194;2772788;16;2179232;0;NOSTRESS
42402021330;53529;"NEAR_P1";"INTERVAL";"PROBE";1;63;0x00000b31;198;0;0;2184271;2786263;12;2184357;0;NOSTRESS
42402074884;53562;"NEAR_P1";"INTERVAL";"PROBE";1;63;0x00000b31;198;0;0;2184279;2785356;16;2184362;0;NOSTRESS
42402128452;53387;"NEAR_P1";"INTERVAL";"PROBE";1;63;0x00000b31;198;0;0;2179169;2774040;12;2179214;0;NOSTRESS
42402181846;53494;"NEAR_P1";"INTERVAL";"PROBE";1;63;0x00000b31;198;0;0;2181702;2769061;45;2181780;0;NOSTRESS
42402235348;53536;"NEAR_P1";"INTERVAL";"PROBE";1;63;0x00000b31;198;0;0;2184918;2784037;12;2185012;0;NOSTRESS
42402288892;53394;"NEAR_P1";"INTERVAL";"PROBE";1;63;0x00000b31;198;0;0;2179514;2773365;4;2179563;0;NOSTRESS
42402342293;53619;"NEAR_P1";"INTERVAL";"PROBE";1;63;0x00000b31;198;0;0;2184736;2782748;394;2184822;0;NOSTRESS
42402395923;53645;"NEAR_P1";"INTERVAL";"PROBE";1;63;0x00000b31;198;0;0;2184744;2785090;504;2184829;0;NOSTRESS
42402449578;53449;"NEAR_P1";"INTERVAL";"PROBE";1;63;0x00000b31;198;0;0;2179536;2774323;656;2179585;0;NOSTRESS
42402503036;53670;"NEAR_P1";"INTERVAL";"PROBE";1;63;0x00000b31;198;0;0;2185051;2784753;508;2185140;0;NOSTRESS
42402556715;53575;"NEAR_P1";"INTERVAL";"PROBE";1;63;0x00000b31;198;0;0;2184916;2787563;156;2185004;0;NOSTRESS
42402610298;53421;"NEAR_P1";"INTERVAL";"PROBE";1;63;0x00000b31;198;0;0;2179560;2776173;56;2179603;0;NOSTRESS
42402663743;53705;"NEAR_P1";"INTERVAL";"PROBE";1;63;0x00000b31;198;0;0;2186787;2786876;428;2186885;0;NOSTRESS
42402717456;53620;"NEAR_P1";"INTERVAL";"PROBE";1;63;0x00000b31;198;0;0;2184901;2783403;116;2184992;0;NOSTRESS
42402771086;76896;"TRAJ_R1";"INTERVAL";"PROBE";1;63;0x00000b31;198;0;0;3021624;3994963;412;3021712;0;NOSTRESS
42403298299;1147601;"MAF";"INTERVAL";"PROBE";1;63;0x00000b31;199;37;10;46654655;59602546;9363;46656168;0;NOSTRESS
42403298325;122;"SENS_C1";"INTERVAL";"PROBE";1;63;0x00000b31;199;0;1;1450;2060;456;1454;0;NOSTRESS
42403298453;245;"LOC_C1";"INTERVAL";"PROBE";1;63;0x00000b31;199;0;0;4911;7280;552;4915;0;NOSTRESS
42403298706;33;"LOC_C2";"INTERVAL";"PROBE";1;63;0x00000b31;199;0;0;650;919;108;654;0;NOSTRESS
42403298748;311;"LOC_C3";"INTERVAL";"PROBE";1;63;0x00000b31;199;0;0;9810;13432;312;9814;0;NOSTRESS
42403299069;46;"LOC_C4";"INTERVAL";"PROBE";1;63;0x00000b31;199;0;0;586;913;132;590;0;NOSTRESS
42403299122;54114;"NEAR_P1";"INTERVAL";"PROBE";1;63;0x00000b31;199;28;7;2186467;2793082;2703;2186551;0;NOSTRESS
42403353246;53586;"NEAR_P1";"INTERVAL";"PROBE";1;63;0x00000b31;199;5;1;2184421;2785517;748;2184499;0;NOSTRESS
42403406842;53434;"NEAR_P1";"INTERVAL";"PROBE";1;63;0x00000b31;199;3;0;2179503;2775996;336;2179543;0;NOSTRESS
42403460283;53538;"NEAR_P1";"INTERVAL";"PROBE";1;63;0x00000b31;199;0;0;2184410;2784777;48;2184490;0;NOSTRESS
42403513829;53672;"NEAR_P1";"INTERVAL";"PROBE";1;63;0x00000b31;199;0;0;2186314;2790360;308;2186400;0;NOSTRESS
42403567525;53398;"NEAR_P1";"INTERVAL";"PROBE";1;63;0x00000b31;199;0;0;2179344;2775853;8;2179382;0;NOSTRESS
42403620930;53532;"NEAR_P1";"INTERVAL";"PROBE";1;63;0x00000b31;199;0;0;2184362;2783267;24;2184449;0;NOSTRESS
42403674469;53543;"NEAR_P1";"INTERVAL";"PROBE";1;63;0x00000b31;199;0;0;2184572;2785080;12;2184661;0;NOSTRESS
42403728019;53339;"NEAR_P1";"INTERVAL";"PROBE";1;63;0x00000b31;199;0;0;2176371;2759590;52;2176407;0;NOSTRESS
42403781365;53565;"NEAR_P1";"INTERVAL";"PROBE";1;63;0x00000b31;199;0;0;2184355;2784519;43;2184440;0;NOSTRESS
42403834937;53600;"NEAR_P1";"INTERVAL";"PROBE";1;63;0x00000b31;199;0;0;2185052;2785274;57;2185134;0;NOSTRESS
42403888544;53397;"NEAR_P1";"INTERVAL";"PROBE";1;63;0x00000b31;199;0;0;2179684;2774975;8;2179730;0;NOSTRESS
42403941948;53584;"NEAR_P1";"INTERVAL";"PROBE";1;63;0x00000b31;199;0;0;2185125;2785459;348;2185219;0;NOSTRESS
42403995541;53695;"NEAR_P1";"INTERVAL";"PROBE";1;63;0x00000b31;199;0;0;2185010;2784777;726;2185101;0;NOSTRESS
42404049245;53471;"NEAR_P1";"INTERVAL";"PROBE";1;63;0x00000b31;199;0;0;2179651;2773742;632;2179697;0;NOSTRESS
42404102725;53643;"NEAR_P1";"INTERVAL";"PROBE";1;63;0x00000b31;199;0;0;2185231;2785239;544;2185321;0;NOSTRESS
42404156376;53616;"NEAR_P1";"INTERVAL";"PROBE";1;63;0x00000b31;199;0;0;2184866;2783868;202;2184954;0;NOSTRESS
42404209999;53417;"NEAR_P1";"INTERVAL";"PROBE";1;63;0x00000b31;199;0;0;2179660;2775936;60;2179706;0;NOSTRESS
42404263423;53565;"NEAR_P1";"INTERVAL";"PROBE";1;63;0x00000b31;199;0;0;2185075;2785502;56;2185166;0;NOSTRESS
42404316995;53711;"NEAR_P1";"INTERVAL";"PROBE";1;63;0x00000b31;199;0;0;2186924;2789468;360;2187025;0;NOSTRESS
42404370716;75176;"TRAJ_R1";"INTERVAL";"PROBE";1;63;0x00000b31;199;0;0;2954630;3908282;352;2954719;0;NOSTRESS
42404898257;2085497;"MAF";"INTERVAL";"PROBE";1;63;0x00000b31;200;9;6;83447794;109083174;8492;83450573;0;NOSTRESS
42404898283;120;"SENS_C1";"INTERVAL";"PROBE";1;63;0x00000b31;200;0;2;1454;2048;456;1458;0;NOSTRESS
42404898411;247;"LOC_C1";"INTERVAL";"PROBE";1;63;0x00000b31;200;0;0;4921;7375;534;4925;0;NOSTRESS
42404898666;34;"LOC_C2";"INTERVAL";"PROBE";1;63;0x00000b31;200;0;0;650;886;96;654;0;NOSTRESS
42404898710;315;"LOC_C3";"INTERVAL";"PROBE";1;63;0x00000b31;200;0;0;9809;13319;320;9813;0;NOSTRESS
42404899037;40;"LOC_C4";"INTERVAL";"PROBE";1;63;0x00000b31;200;0;0;586;902;120;590;0;NOSTRESS
42404899083;53860;"NEAR_P1";"INTERVAL";"PROBE";1;63;0x00000b31;200;4;1;2185194;2814755;1204;2185271;0;NOSTRESS
42404952950;53709;"NEAR_P1";"INTERVAL";"PROBE";1;63;0x00000b31;200;4;2;2184674;2813770;552;2184750;0;NOSTRESS
42405006666;53547;"NEAR_P1";"INTERVAL";"PROBE";1;63;0x00000b31;200;0;0;2179346;2800083;324;2179388;0;NOSTRESS
42405060219;53672;"NEAR_P1";"INTERVAL";"PROBE";1;63;0x00000b31;200;0;0;2184407;2810715;94;2184483;0;NOSTRESS
42405113898;53683;"NEAR_P1";"INTERVAL";"PROBE";1;63;0x00000b31;200;0;0;2184172;2809688;193;2184244;0;NOSTRESS
42405167590;53662;"NEAR_P1";"INTERVAL";"PROBE";1;63;0x00000b31;200;0;0;2181113;2802938;297;2181163;0;NOSTRESS
42405221259;53652;"NEAR_P1";"INTERVAL";"PROBE";1;63;0x00000b31;200;0;0;2184332;2811439;46;2184424;0;NOSTRESS
42405274918;53642;"NEAR_P1";"INTERVAL";"PROBE";1;63;0x00000b31;200;0;0;2184397;2809848;8;2184483;0;NOSTRESS
42405328567;53502;"NEAR_P1";"INTERVAL";"PROBE";1;63;0x00000b31;200;0;0;2179304;2798988;28;2179349;0;NOSTRESS
42405382076;53696;"NEAR_P1";"INTERVAL";"PROBE";1;63;0x00000b31;200;0;0;2184599;2807767;92;2184686;0;NOSTRESS
42405435779;53717;"NEAR_P1";"INTERVAL";"PROBE";1;63;0x00000b31;200;0;0;2186318;2813529;73;2186404;0;NOSTRESS
42405489503;53572;"NEAR_P1";"INTERVAL";"PROBE";1;63;0x00000b31;200;0;0;2179489;2798938;60;2179532;0;NOSTRESS
42405543082;53704;"NEAR_P1";"INTERVAL";"PROBE";1;63;0x00000b31;200;0;0;2184918;2808192;312;2185001;0;NOSTRESS
42405596797;53750;"NEAR_P1";"INTERVAL";"PROBE";1;63;0x00000b31;200;0;0;2185110;2811342;572;2185202;0;NOSTRESS
42405650556;53748;"NEAR_P1";"INTERVAL";"PROBE";1;63;0x00000b31;200;0;0;2184520;2809916;833;2184614;0;NOSTRESS
42405704311;53563;"NEAR_P1";"INTERVAL";"PROBE";1;63;0x00000b31;200;0;0;2179458;2786331;388;2179501;0;NOSTRESS
42405757881;53583;"NEAR_P1";"INTERVAL";"PROBE";1;63;0x00000b31;200;0;0;2184910;2779517;180;2184995;0;NOSTRESS
42405811471;53555;"NEAR_P1";"INTERVAL";"PROBE";1;63;0x00000b31;200;0;0;2184931;2779967;92;2185016;0;NOSTRESS
42405865033;53387;"NEAR_P1";"INTERVAL";"PROBE";1;63;0x00000b31;200;0;0;2179520;2773311;56;2179569;0;NOSTRESS
42405918427;53571;"NEAR_P1";"INTERVAL";"PROBE";1;63;0x00000b31;200;0;0;2184938;2783120;52;2185029;0;NOSTRESS
42405972007;1011738;"TRAJ_R1";"INTERVAL";"PROBE";1;63;0x00000b31;200;0;1;39748509;53007268;1326;39749888;0;NOSTRESS
42406989073;2537523;"MAF";"INTERVAL";"PROBE";1;63;0x00000b31;201;34;10;101174794;132800392;10709;101178303;0;NOSTRESS
42406989095;117;"SENS_C1";"INTERVAL";"PROBE";1;63;0x00000b31;201;0;0;1451;2046;456;1455;0;NOSTRESS
42406989221;230;"LOC_C1";"INTERVAL";"PROBE";1;63;0x00000b31;201;1;0;4923;7416;524;4927;0;NOSTRESS
42406989459;39;"LOC_C2";"INTERVAL";"PROBE";1;63;0x00000b31;201;0;0;650;896;116;654;0;NOSTRESS
42406989507;311;"LOC_C3";"INTERVAL";"PROBE";1;63;0x00000b31;201;0;0;9812;13354;320;9816;0;NOSTRESS
42406989827;42;"LOC_C4";"INTERVAL";"PROBE";1;63;0x00000b31;201;0;0;585;902;132;589;0;NOSTRESS
42406989875;53784;"NEAR_P1";"INTERVAL";"PROBE";1;63;0x00000b31;201;11;1;2179608;2799834;1972;2179657;0;NOSTRESS
42407043667;53667;"NEAR_P1";"INTERVAL";"PROBE";1;63;0x00000b31;201;5;1;2185155;2810463;160;2185243;0;NOSTRESS
42407097360;53657;"NEAR_P1";"INTERVAL";"PROBE";1;63;0x00000b31;201;2;1;2184616;2798455;56;2184702;0;NOSTRESS
42407151025;53559;"NEAR_P1";"INTERVAL";"PROBE";1;63;0x00000b31;201;0;0;2179380;2797586;546;2179429;0;NOSTRESS
42407204592;53737;"NEAR_P1";"INTERVAL";"PROBE";1;63;0x00000b31;201;0;0;2185060;2812967;684;2185148;0;NOSTRESS
42407258336;53765;"NEAR_P1";"INTERVAL";"PROBE";1;63;0x00000b31;201;0;0;2185107;2810229;806;2185196;0;NOSTRESS
42407312109;53583;"NEAR_P1";"INTERVAL";"PROBE";1;63;0x00000b31;201;0;0;2179773;2800669;327;2179820;0;NOSTRESS
42407365712;53742;"NEAR_P1";"INTERVAL";"PROBE";1;63;0x00000b31;201;0;0;2185039;2810316;199;2185127;0;NOSTRESS
42407419461;53708;"NEAR_P1";"INTERVAL";"PROBE";1;63;0x00000b31;201;0;0;2185003;2809281;120;2185094;0;NOSTRESS
42407473180;53523;"NEAR_P1";"INTERVAL";"PROBE";1;63;0x00000b31;201;0;0;2179627;2800115;52;2179673;0;NOSTRESS
42407526735;54096;"NEAR_P1";"INTERVAL";"PROBE";1;63;0x00000b31;201;12;2;2187313;2816002;1434;2187409;0;NOSTRESS
42407580840;53679;"NEAR_P1";"INTERVAL";"PROBE";1;63;0x00000b31;201;1;3;2185014;2808338;64;2185105;0;NOSTRESS
42407634527;53783;"NEAR_P1";"INTERVAL";"PROBE";1;63;0x00000b31;201;2;2;2186923;2814674;320;2187021;0;NOSTRESS
42407688317;53530;"NEAR_P1";"INTERVAL";"PROBE";1;63;0x00000b31;201;0;0;2179579;2801227;64;2179625;0;NOSTRESS
42407741854;53689;"NEAR_P1";"INTERVAL";"PROBE";1;63;0x00000b31;201;0;0;2184841;2813026;71;2184932;0;NOSTRESS
42407795551;53666;"NEAR_P1";"INTERVAL";"PROBE";1;63;0x00000b31;201;0;0;2185014;2811712;28;2185099;0;NOSTRESS
42407849224;53538;"NEAR_P1";"INTERVAL";"PROBE";1;63;0x00000b31;201;0;0;2179583;2798225;48;2179626;0;NOSTRESS
42407902769;53690;"NEAR_P1";"INTERVAL";"PROBE";1;63;0x00000b31;201;0;0;2184988;2812108;44;2185079;0;NOSTRESS
42407956466;53705;"NEAR_P1";"INTERVAL";"PROBE";1;63;0x00000b31;201;0;0;2184597;2808455;47;2184684;0;NOSTRESS
42408010179;53539;"NEAR_P1";"INTERVAL";"PROBE";1;63;0x00000b31;201;0;0;2179624;2798750;44;2179667;0;NOSTRESS
42408063728;1462856;"TRAJ_R1";"INTERVAL";"PROBE";1;63;0x00000b31;201;0;0;57475308;76615817;1851;57477379;0;NOSTRESS
42409531785;2673589;"MAF";"INTERVAL";"PROBE";1;63;0x00000b31;202;24;10;106735463;138879153;12626;106739175;0;NOSTRESS
42409531814;131;"SENS_C1";"INTERVAL";"PROBE";1;63;0x00000b31;202;0;1;1454;2039;512;1458;0;NOSTRESS
42409531954;232;"LOC_C1";"INTERVAL";"PROBE";1;63;0x00000b31;202;0;1;4919;7440;552;4923;0;NOSTRESS
42409532194;37;"LOC_C2";"INTERVAL";"PROBE";1;63;0x00000b31;202;0;0;650;896;128;654;0;NOSTRESS
42409532240;307;"LOC_C3";"INTERVAL";"PROBE";1;63;0x00000b31;202;0;0;9796;13317;328;9800;0;NOSTRESS
42409532557;44;"LOC_C4";"INTERVAL";"PROBE";1;63;0x00000b31;202;0;0;586;910;132;590;0;NOSTRESS
42409532607;53917;"NEAR_P1";"INTERVAL";"PROBE";1;63;0x00000b31;202;11;4;2186133;2789056;3927;2186222;0;NOSTRESS
42409586532;53618;"NEAR_P1";"INTERVAL";"PROBE";1;63;0x00000b31;202;5;3;2184994;2784832;516;2185082;0;NOSTRESS
42409640158;53426;"NEAR_P1";"INTERVAL";"PROBE";1;63;0x00000b31;202;0;0;2179317;2773688;139;2179363;0;NOSTRESS
42409693590;53716;"NEAR_P1";"INTERVAL";"PROBE";1;63;0x00000b31;202;0;0;2188948;2791174;140;2189061;0;NOSTRESS
42409747314;53579;"NEAR_P1";"INTERVAL";"PROBE";1;63;0x00000b31;202;0;0;2184891;2784356;204;2184979;0;NOSTRESS
42409800902;53437;"NEAR_P1";"INTERVAL";"PROBE";1;63;0x00000b31;202;0;0;2179577;2772581;174;2179621;0;NOSTRESS
42409854348;53562;"NEAR_P1";"INTERVAL";"PROBE";1;63;0x00000b31;202;0;0;2184808;2782897;61;2184896;0;NOSTRESS
42409907932;53539;"NEAR_P1";"INTERVAL";"PROBE";1;63;0x00000b31;202;0;0;2184903;2782628;48;2184991;0;NOSTRESS
42409961483;53390;"NEAR_P1";"INTERVAL";"PROBE";1;63;0x00000b31;202;0;0;2179469;2772254;8;2179518;0;NOSTRESS
42410014880;53561;"NEAR_P1";"INTERVAL";"PROBE";1;63;0x00000b31;202;0;0;2184903;2781787;28;2184994;0;NOSTRESS
42410068448;53543;"NEAR_P1";"INTERVAL";"PROBE";1;63;0x00000b31;202;0;0;2184853;2773108;68;2184944;0;NOSTRESS
42410121998;53405;"NEAR_P1";"INTERVAL";"PROBE";1;63;0x00000b31;202;0;0;2179519;2766868;14;2179562;0;NOSTRESS
42410175410;53706;"NEAR_P1";"INTERVAL";"PROBE";1;63;0x00000b31;202;0;0;2186844;2785671;301;2186942;0;NOSTRESS
42410229123;53543;"NEAR_P1";"INTERVAL";"PROBE";1;63;0x00000b31;202;0;0;2184488;2781040;43;2184580;0;NOSTRESS
42410282673;53386;"NEAR_P1";"INTERVAL";"PROBE";1;63;0x00000b31;202;0;0;2179580;2773985;12;2179626;0;NOSTRESS
42410336067;53589;"NEAR_P1";"INTERVAL";"PROBE";1;63;0x00000b31;202;0;0;2184933;2785364;236;2185021;0;NOSTRESS
42410389665;53634;"NEAR_P1";"INTERVAL";"PROBE";1;63;0x00000b31;202;0;0;2184918;2781770;484;2185006;0;NOSTRESS
42410443309;53506;"NEAR_P1";"INTERVAL";"PROBE";1;63;0x00000b31;202;0;0;2179484;2772784;877;2179530;0;NOSTRESS
42410496822;53646;"NEAR_P1";"INTERVAL";"PROBE";1;63;0x00000b31;202;0;0;2185042;2782659;716;2185131;0;NOSTRESS
42410550475;53658;"NEAR_P1";"INTERVAL";"PROBE";1;63;0x00000b31;202;0;0;2185756;2786453;258;2185846;0;NOSTRESS
42410604150;1601214;"TRAJ_R1";"INTERVAL";"PROBE";1;63;0x00000b31;202;8;1;63028471;83222001;2492;63030682;0;NOSTRESS
42412210551;2225737;"MAF";"INTERVAL";"PROBE";1;63;0x00000b31;203;24;3;89090508;115634020;13632;89093612;0;NOSTRESS
42412210577;128;"SENS_C1";"INTERVAL";"PROBE";1;63;0x00000b31;203;0;0;1450;2010;484;1454;0;NOSTRESS
42412210714;236;"LOC_C1";"INTERVAL";"PROBE";1;63;0x00000b31;203;0;0;4914;7294;525;4918;0;NOSTRESS
42412210959;42;"LOC_C2";"INTERVAL";"PROBE";1;63;0x00000b31;203;0;0;650;915;152;654;0;NOSTRESS
42412211011;307;"LOC_C3";"INTERVAL";"PROBE";1;63;0x00000b31;203;0;0;9799;13422;320;9803;0;NOSTRESS
42412211328;44;"LOC_C4";"INTERVAL";"PROBE";1;63;0x00000b31;203;0;0;584;894;144;588;0;NOSTRESS
42412211378;53847;"NEAR_P1";"INTERVAL";"PROBE";1;63;0x00000b31;203;9;2;2185430;2790699;3901;2185509;0;NOSTRESS
42412265233;53433;"NEAR_P1";"INTERVAL";"PROBE";1;63;0x00000b31;203;1;0;2179963;2776832;612;2180009;0;NOSTRESS
42412318673;53632;"NEAR_P1";"INTERVAL";"PROBE";1;63;0x00000b31;203;0;0;2185220;2782066;300;2185307;0;NOSTRESS
42412372313;53570;"NEAR_P1";"INTERVAL";"PROBE";1;63;0x00000b31;203;0;0;2185425;2785769;88;2185510;0;NOSTRESS
42412425890;53433;"NEAR_P1";"INTERVAL";"PROBE";1;63;0x00000b31;203;0;0;2179979;2769890;40;2180028;0;NOSTRESS
42412479330;53576;"NEAR_P1";"INTERVAL";"PROBE";1;63;0x00000b31;203;0;0;2185402;2786698;48;2185490;0;NOSTRESS
42412532913;53553;"NEAR_P1";"INTERVAL";"PROBE";1;63;0x00000b31;203;0;0;2185352;2785447;36;2185443;0;NOSTRESS
42412586473;53423;"NEAR_P1";"INTERVAL";"PROBE";1;63;0x00000b31;203;0;0;2180000;2773077;36;2180049;0;NOSTRESS
42412639903;53660;"NEAR_P1";"INTERVAL";"PROBE";1;63;0x00000b31;203;0;0;2187312;2780940;280;2187416;0;NOSTRESS
42412693570;53571;"NEAR_P1";"INTERVAL";"PROBE";1;63;0x00000b31;203;0;0;2185442;2786580;60;2185527;0;NOSTRESS
42412747148;53445;"NEAR_P1";"INTERVAL";"PROBE";1;63;0x00000b31;203;0;0;2180008;2777545;56;2180054;0;NOSTRESS
42412800600;53556;"NEAR_P1";"INTERVAL";"PROBE";1;63;0x00000b31;203;0;0;2185368;2783505;32;2185462;0;NOSTRESS
42412854163;53701;"NEAR_P1";"INTERVAL";"PROBE";1;63;0x00000b31;203;0;0;2189478;2795749;100;2189600;0;NOSTRESS
42412907871;53414;"NEAR_P1";"INTERVAL";"PROBE";1;63;0x00000b31;203;0;0;2180021;2775015;48;2180067;0;NOSTRESS
42412961293;53593;"NEAR_P1";"INTERVAL";"PROBE";1;63;0x00000b31;203;0;0;2184914;2787135;343;2185001;0;NOSTRESS
42413014894;53569;"NEAR_P1";"INTERVAL";"PROBE";1;63;0x00000b31;203;0;0;2185467;2784467;136;2185559;0;NOSTRESS
42413068470;53424;"NEAR_P1";"INTERVAL";"PROBE";1;63;0x00000b31;203;0;0;2180002;2777840;40;2180048;0;NOSTRESS
42413121900;53662;"NEAR_P1";"INTERVAL";"PROBE";1;63;0x00000b31;203;0;0;2185271;2782931;1088;2185356;0;NOSTRESS
42413175572;53657;"NEAR_P1";"INTERVAL";"PROBE";1;63;0x00000b31;203;0;0;2185555;2788015;357;2185641;0;NOSTRESS
42413229236;53424;"NEAR_P1";"INTERVAL";"PROBE";1;63;0x00000b31;203;0;0;2180031;2776384;61;2180074;0;NOSTRESS
42413282668;1153607;"TRAJ_R1";"INTERVAL";"PROBE";1;63;0x00000b31;203;14;1;45381253;59935693;4169;45382901;0;NOSTRESS
42414441498;1392390;"MAF";"INTERVAL";"PROBE";1;63;0x00000b31;204;15;10;56315779;72289754;10655;56317688;0;NOSTRESS
42414441528;127;"SENS_C1";"INTERVAL";"PROBE";1;63;0x00000b31;204;0;2;1452;2028;476;1456;0;NOSTRESS
42414441664;235;"LOC_C1";"INTERVAL";"PROBE";1;63;0x00000b31;204;0;2;4924;7453;544;4928;0;NOSTRESS
42414441907;40;"LOC_C2";"INTERVAL";"PROBE";1;63;0x00000b31;204;0;0;650;930;132;654;0;NOSTRESS
42414441956;314;"LOC_C3";"INTERVAL";"PROBE";1;63;0x00000b31;204;0;0;9807;13358;352;9811;0;NOSTRESS
42414442279;44;"LOC_C4";"INTERVAL";"PROBE";1;63;0x00000b31;204;0;0;586;906;140;590;0;NOSTRESS
42414442329;53548;"NEAR_P1";"INTERVAL";"PROBE";1;63;0x00000b31;204;13;4;2179745;2772708;3602;2179785;0;NOSTRESS
42414495886;53814;"NEAR_P1";"INTERVAL";"PROBE";1;63;0x00000b31;204;2;0;2189277;2795422;675;2189396;0;NOSTRESS
42414549707;53568;"NEAR_P1";"INTERVAL";"PROBE";1;63;0x00000b31;204;0;0;2185151;2782642;328;2185242;0;NOSTRESS
42414603284;53447;"NEAR_P1";"INTERVAL";"PROBE";1;63;0x00000b31;204;0;0;2179777;2773269;304;2179823;0;NOSTRESS
42414656738;53587;"NEAR_P1";"INTERVAL";"PROBE";1;63;0x00000b31;204;0;0;2184965;2784232;117;2185056;0;NOSTRESS
42414710333;53543;"NEAR_P1";"INTERVAL";"PROBE";1;63;0x00000b31;204;0;0;2185120;2781454;44;2185205;0;NOSTRESS
42414763883;53389;"NEAR_P1";"INTERVAL";"PROBE";1;63;0x00000b31;204;0;0;2179780;2765468;12;2179826;0;NOSTRESS
42414817279;53570;"NEAR_P1";"INTERVAL";"PROBE";1;63;0x00000b31;204;0;0;2185212;2781447;58;2185301;0;NOSTRESS
42414870856;53557;"NEAR_P1";"INTERVAL";"PROBE";1;63;0x00000b31;204;0;0;2185157;2784927;24;2185248;0;NOSTRESS
42414924421;53390;"NEAR_P1";"INTERVAL";"PROBE";1;63;0x00000b31;204;0;0;2179766;2774626;4;2179809;0;NOSTRESS
42414977819;53545;"NEAR_P1";"INTERVAL";"PROBE";1;63;0x00000b31;204;0;0;2185198;2782624;36;2185290;0;NOSTRESS
42415031372;53575;"NEAR_P1";"INTERVAL";"PROBE";1;63;0x00000b31;204;0;0;2185216;2782113;16;2185307;0;NOSTRESS
42415084955;53383;"NEAR_P1";"INTERVAL";"PROBE";1;63;0x00000b31;204;0;0;2179744;2771749;8;2179790;0;NOSTRESS
42415138345;53680;"NEAR_P1";"INTERVAL";"PROBE";1;63;0x00000b31;204;0;0;2187084;2787393;540;2187185;0;NOSTRESS
42415192033;53651;"NEAR_P1";"INTERVAL";"PROBE";1;63;0x00000b31;204;0;0;2185253;2783299;684;2185342;0;NOSTRESS
42415245694;53429;"NEAR_P1";"INTERVAL";"PROBE";1;63;0x00000b31;204;0;0;2179731;2769355;756;2179777;0;NOSTRESS
42415299130;53651;"NEAR_P1";"INTERVAL";"PROBE";1;63;0x00000b31;204;0;0;2185138;2783898;696;2185229;0;NOSTRESS
42415352788;53601;"NEAR_P1";"INTERVAL";"PROBE";1;63;0x00000b31;204;0;0;2185226;2781272;236;2185315;0;NOSTRESS
42415406396;53419;"NEAR_P1";"INTERVAL";"PROBE";1;63;0x00000b31;204;0;0;2179702;2761427;56;2179748;0;NOSTRESS
42415459826;53572;"NEAR_P1";"INTERVAL";"PROBE";1;63;0x00000b31;204;0;0;2185114;2770078;57;2185205;0;NOSTRESS
42415513424;320457;"TRAJ_R1";"INTERVAL";"PROBE";1;63;0x00000b31;204;0;0;12610792;16667935;562;12611232;0;NOSTRESS
42415839017;1240666;"MAF";"INTERVAL";"PROBE";1;63;0x00000b31;205;12;6;50341522;64525019;7029;50343273;0;NOSTRESS
42415839038;106;"SENS_C1";"INTERVAL";"PROBE";1;63;0x00000b31;205;0;0;1450;2056;408;1454;0;NOSTRESS
42415839152;238;"LOC_C1";"INTERVAL";"PROBE";1;63;0x00000b31;205;1;0;4919;7347;524;4923;0;NOSTRESS
42415839399;36;"LOC_C2";"INTERVAL";"PROBE";1;63;0x00000b31;205;0;0;650;900;104;654;0;NOSTRESS
42415839444;310;"LOC_C3";"INTERVAL";"PROBE";1;63;0x00000b31;205;0;0;9807;13354;292;9811;0;NOSTRESS
42415839763;50;"LOC_C4";"INTERVAL";"PROBE";1;63;0x00000b31;205;0;0;585;925;140;589;0;NOSTRESS
42415839819;53765;"NEAR_P1";"INTERVAL";"PROBE";1;63;0x00000b31;205;9;4;2185434;2789431;1181;2185516;0;NOSTRESS
42415893592;53596;"NEAR_P1";"INTERVAL";"PROBE";1;63;0x00000b31;205;2;2;2185402;2788861;276;2185490;0;NOSTRESS
42415947196;53452;"NEAR_P1";"INTERVAL";"PROBE";1;63;0x00000b31;205;0;0;2180024;2777586;100;2180070;0;NOSTRESS
42416000655;53679;"NEAR_P1";"INTERVAL";"PROBE";1;63;0x00000b31;205;0;0;2187297;2794283;376;2187395;0;NOSTRESS
42416054341;53714;"NEAR_P1";"INTERVAL";"PROBE";1;63;0x00000b31;205;0;0;2189507;2799983;124;2189626;0;NOSTRESS
42416108062;53433;"NEAR_P1";"INTERVAL";"PROBE";1;63;0x00000b31;205;0;0;2180026;2774658;60;2180072;0;NOSTRESS
42416161504;53608;"NEAR_P1";"INTERVAL";"PROBE";1;63;0x00000b31;205;0;0;2185536;2789430;284;2185631;0;NOSTRESS
42416215119;53568;"NEAR_P1";"INTERVAL";"PROBE";1;63;0x00000b31;205;0;0;2185521;2786262;116;2185613;0;NOSTRESS
42416268695;53409;"NEAR_P1";"INTERVAL";"PROBE";1;63;0x00000b31;205;0;0;2180001;2774952;24;2180050;0;NOSTRESS
42416322110;53582;"NEAR_P1";"INTERVAL";"PROBE";1;63;0x00000b31;205;0;0;2185428;2785621;23;2185519;0;NOSTRESS
42416375699;53562;"NEAR_P1";"INTERVAL";"PROBE";1;63;0x00000b31;205;0;0;2185433;2787973;24;2185518;0;NOSTRESS
42416429278;53407;"NEAR_P1";"INTERVAL";"PROBE";1;63;0x00000b31;205;0;0;2180017;2776254;8;2180066;0;NOSTRESS
42416482692;53592;"NEAR_P1";"INTERVAL";"PROBE";1;63;0x00000b31;205;0;0;2185310;2787659;44;2185398;0;NOSTRESS
42416536292;53558;"NEAR_P1";"INTERVAL";"PROBE";1;63;0x00000b31;205;0;0;2185437;2789419;12;2185522;0;NOSTRESS
42416589857;53412;"NEAR_P1";"INTERVAL";"PROBE";1;63;0x00000b31;205;0;0;2180056;2779186;12;2180102;0;NOSTRESS
42416643277;53556;"NEAR_P1";"INTERVAL";"PROBE";1;63;0x00000b31;205;0;0;2185475;2790315;16;2185560;0;NOSTRESS
42416696840;53607;"NEAR_P1";"INTERVAL";"PROBE";1;63;0x00000b31;205;0;0;2186255;2789638;73;2186351;0;NOSTRESS
42416750455;53446;"NEAR_P1";"INTERVAL";"PROBE";1;63;0x00000b31;205;0;0;2180027;2776417;308;2180076;0;NOSTRESS
42416803911;53765;"NEAR_P1";"INTERVAL";"PROBE";1;63;0x00000b31;205;0;0;2187320;2790620;904;2187424;0;NOSTRESS
42416857685;53648;"NEAR_P1";"INTERVAL";"PROBE";1;63;0x00000b31;205;0;0;2185565;2787468;892;2185652;0;NOSTRESS
42416911347;168328;"TRAJ_R1";"INTERVAL";"PROBE";1;63;0x00000b31;205;0;0;6622823;8756639;520;6623048;0;NOSTRESS
42417084735;1251641;"MAF";"INTERVAL";"PROBE";1;63;0x00000b31;206;23;10;50765774;65043243;8736;50767508;0;NOSTRESS
42417084755;105;"SENS_C1";"INTERVAL";"PROBE";1;63;0x00000b31;206;0;1;1455;2029;424;1459;0;NOSTRESS
42417084871;226;"LOC_C1";"INTERVAL";"PROBE";1;63;0x00000b31;206;0;1;4909;7340;502;4913;0;NOSTRESS
42417085105;32;"LOC_C2";"INTERVAL";"PROBE";1;63;0x00000b31;206;0;0;650;914;92;654;0;NOSTRESS
42417085145;314;"LOC_C3";"INTERVAL";"PROBE";1;63;0x00000b31;206;0;0;9798;13258;300;9802;0;NOSTRESS
42417085469;48;"LOC_C4";"INTERVAL";"PROBE";1;63;0x00000b31;206;0;0;586;911;136;590;0;NOSTRESS
42417085524;53716;"NEAR_P1";"INTERVAL";"PROBE";1;63;0x00000b31;206;13;3;2185387;2790914;1420;2185467;0;NOSTRESS
42417139248;53693;"NEAR_P1";"INTERVAL";"PROBE";1;63;0x00000b31;206;0;3;2185362;2789660;1638;2185447;0;NOSTRESS
42417192952;53463;"NEAR_P1";"INTERVAL";"PROBE";1;63;0x00000b31;206;0;0;2180095;2780298;785;2180144;0;NOSTRESS
42417246422;53902;"NEAR_P1";"INTERVAL";"PROBE";1;63;0x00000b31;206;9;1;2186406;2787561;1430;2186507;0;NOSTRESS
42417300334;53601;"NEAR_P1";"INTERVAL";"PROBE";1;63;0x00000b31;206;0;0;2184864;2787130;201;2184951;0;NOSTRESS
42417353943;53446;"NEAR_P1";"INTERVAL";"PROBE";1;63;0x00000b31;206;0;0;2180132;2777230;68;2180176;0;NOSTRESS
42417407397;53570;"NEAR_P1";"INTERVAL";"PROBE";1;63;0x00000b31;206;0;0;2185470;2788274;60;2185561;0;NOSTRESS
42417460974;53575;"NEAR_P1";"INTERVAL";"PROBE";1;63;0x00000b31;206;0;0;2185452;2785649;16;2185543;0;NOSTRESS
42417514556;53424;"NEAR_P1";"INTERVAL";"PROBE";1;63;0x00000b31;206;0;0;2180049;2776518;36;2180095;0;NOSTRESS
42417567989;53606;"NEAR_P1";"INTERVAL";"PROBE";1;63;0x00000b31;206;0;0;2185449;2788648;32;2185543;0;NOSTRESS
42417621602;53718;"NEAR_P1";"INTERVAL";"PROBE";1;63;0x00000b31;206;0;0;2187337;2791091;332;2187435;0;NOSTRESS
42417675328;53536;"NEAR_P1";"INTERVAL";"PROBE";1;63;0x00000b31;206;0;0;2183985;2783985;84;2184047;0;NOSTRESS
42417728872;53623;"NEAR_P1";"INTERVAL";"PROBE";1;63;0x00000b31;206;0;0;2186737;2786890;186;2186826;0;NOSTRESS
42417782502;53595;"NEAR_P1";"INTERVAL";"PROBE";1;63;0x00000b31;206;0;0;2185479;2777613;250;2185564;0;NOSTRESS
42417836104;53411;"NEAR_P1";"INTERVAL";"PROBE";1;63;0x00000b31;206;0;0;2180051;2766702;80;2180100;0;NOSTRESS
42417889522;53557;"NEAR_P1";"INTERVAL";"PROBE";1;63;0x00000b31;206;0;0;2185419;2786766;16;2185513;0;NOSTRESS
42417943086;53564;"NEAR_P1";"INTERVAL";"PROBE";1;63;0x00000b31;206;0;0;2185440;2788611;37;2185531;0;NOSTRESS
42417996658;53408;"NEAR_P1";"INTERVAL";"PROBE";1;63;0x00000b31;206;0;0;2180029;2775925;20;2180078;0;NOSTRESS
42418050073;53589;"NEAR_P1";"INTERVAL";"PROBE";1;63;0x00000b31;206;0;0;2185511;2787143;12;2185600;0;NOSTRESS
42418103669;53576;"NEAR_P1";"INTERVAL";"PROBE";1;63;0x00000b31;206;0;0;2185474;2784472;9;2185565;0;NOSTRESS
42418157256;179112;"TRAJ_R1";"INTERVAL";"PROBE";1;63;0x00000b31;206;0;0;7048024;9310402;378;7048247;0;NOSTRESS
42418340881;1263672;"MAF";"INTERVAL";"PROBE";1;63;0x00000b31;207;11;6;51250978;65618956;8474;51252763;0;NOSTRESS
42418340899;114;"SENS_C1";"INTERVAL";"PROBE";1;63;0x00000b31;207;0;0;1451;2073;440;1455;0;NOSTRESS
42418341021;230;"LOC_C1";"INTERVAL";"PROBE";1;63;0x00000b31;207;1;2;4909;7360;492;4913;0;NOSTRESS
42418341258;35;"LOC_C2";"INTERVAL";"PROBE";1;63;0x00000b31;207;0;0;650;896;116;654;0;NOSTRESS
42418341302;311;"LOC_C3";"INTERVAL";"PROBE";1;63;0x00000b31;207;0;0;9806;13318;316;9810;0;NOSTRESS
42418341622;45;"LOC_C4";"INTERVAL";"PROBE";1;63;0x00000b31;207;0;0;585;908;124;589;0;NOSTRESS
42418341674;53729;"NEAR_P1";"INTERVAL";"PROBE";1;63;0x00000b31;207;8;4;2185485;2779404;1768;2185574;0;NOSTRESS
42418395413;53664;"NEAR_P1";"INTERVAL";"PROBE";1;63;0x00000b31;207;2;0;2185524;2785381;980;2185616;0;NOSTRESS
42418449086;53496;"NEAR_P1";"INTERVAL";"PROBE";1;63;0x00000b31;207;0;0;2180120;2772123;856;2180167;0;NOSTRESS
42418502589;53789;"NEAR_P1";"INTERVAL";"PROBE";1;63;0x00000b31;207;0;0;2187187;2786990;1130;2187286;0;NOSTRESS
42418556387;53601;"NEAR_P1";"INTERVAL";"PROBE";1;63;0x00000b31;207;0;0;2185555;2782557;277;2185641;0;NOSTRESS
42418609996;53415;"NEAR_P1";"INTERVAL";"PROBE";1;63;0x00000b31;207;0;0;2179939;2772265;104;2179985;0;NOSTRESS
42418663431;53577;"NEAR_P1";"INTERVAL";"PROBE";1;63;0x00000b31;207;0;0;2185369;2780661;88;2185457;0;NOSTRESS
42418717016;53582;"NEAR_P1";"INTERVAL";"PROBE";1;63;0x00000b31;207;0;0;2185350;2781067;36;2185435;0;NOSTRESS
42418770605;53575;"NEAR_P1";"INTERVAL";"PROBE";1;63;0x00000b31;207;0;0;2185391;2783399;134;2185482;0;NOSTRESS
42418824188;53442;"NEAR_P1";"INTERVAL";"PROBE";1;63;0x00000b31;207;0;0;2179987;2775766;71;2180030;0;NOSTRESS
42418877637;53556;"NEAR_P1";"INTERVAL";"PROBE";1;63;0x00000b31;207;0;0;2185326;2781918;52;2185414;0;NOSTRESS
42418931201;53572;"NEAR_P1";"INTERVAL";"PROBE";1;63;0x00000b31;207;0;0;2185372;2784188;78;2185460;0;NOSTRESS
42418984780;53409;"NEAR_P1";"INTERVAL";"PROBE";1;63;0x00000b31;207;0;0;2179822;2773981;64;2179868;0;NOSTRESS
42419038196;53550;"NEAR_P1";"INTERVAL";"PROBE";1;63;0x00000b31;207;0;0;2185355;2785224;32;2185443;0;NOSTRESS
42419091753;53560;"NEAR_P1";"INTERVAL";"PROBE";1;63;0x00000b31;207;0;0;2185462;2786515;48;2185554;0;NOSTRESS
42419145320;53392;"NEAR_P1";"INTERVAL";"PROBE";1;63;0x00000b31;207;0;0;2179934;2772885;32;2179980;0;NOSTRESS
42419198719;53575;"NEAR_P1";"INTERVAL";"PROBE";1;63;0x00000b31;207;0;0;2185343;2771973;76;2185431;0;NOSTRESS
42419252301;53690;"NEAR_P1";"INTERVAL";"PROBE";1;63;0x00000b31;207;0;0;2189380;2791733;132;2189502;0;NOSTRESS
42419305998;53509;"NEAR_P1";"INTERVAL";"PROBE";1;63;0x00000b31;207;0;0;2181841;2777061;180;2181900;0;NOSTRESS
42419359514;53575;"NEAR_P1";"INTERVAL";"PROBE";1;63;0x00000b31;207;0;0;2185426;2782019;240;2185517;0;NOSTRESS
42419413099;191447;"TRAJ_R1";"INTERVAL";"PROBE";1;63;0x00000b31;207;0;0;7534197;9959886;388;7534462;0;NOSTRESS
42419609622;1278184;"MAF";"INTERVAL";"PROBE";1;63;0x00000b31;208;16;5;51802785;66380750;8456;51804536;0;NOSTRESS
42419609642;111;"SENS_C1";"INTERVAL";"PROBE";1;63;0x00000b31;208;0;0;1454;2060;416;1458;0;NOSTRESS
42419609761;228;"LOC_C1";"INTERVAL";"PROBE";1;63;0x00000b31;208;1;0;4920;7361;506;4924;0;NOSTRESS
42419609996;35;"LOC_C2";"INTERVAL";"PROBE";1;63;0x00000b31;208;0;0;650;918;100;654;0;NOSTRESS
42419610041;312;"LOC_C3";"INTERVAL";"PROBE";1;63;0x00000b31;208;0;0;9802;13401;312;9806;0;NOSTRESS
42419610363;42;"LOC_C4";"INTERVAL";"PROBE";1;63;0x00000b31;208;0;0;586;897;120;590;0;NOSTRESS
42419610411;53784;"NEAR_P1";"INTERVAL";"PROBE";1;63;0x00000b31;208;6;3;2185486;2788306;1301;2185569;0;NOSTRESS
42419664203;53444;"NEAR_P1";"INTERVAL";"PROBE";1;63;0x00000b31;208;1;1;2180232;2766074;174;2180278;0;NOSTRESS
42419717654;53569;"NEAR_P1";"INTERVAL";"PROBE";1;63;0x00000b31;208;0;0;2185595;2787026;69;2185686;0;NOSTRESS
42419771231;53635;"NEAR_P1";"INTERVAL";"PROBE";1;63;0x00000b31;208;0;0;2187084;2792316;134;2187170;0;NOSTRESS
42419824874;53427;"NEAR_P1";"INTERVAL";"PROBE";1;63;0x00000b31;208;0;0;2180264;2777498;42;2180310;0;NOSTRESS
42419878322;53577;"NEAR_P1";"INTERVAL";"PROBE";1;63;0x00000b31;208;0;0;2185614;2786369;70;2185699;0;NOSTRESS
42419931906;53597;"NEAR_P1";"INTERVAL";"PROBE";1;63;0x00000b31;208;0;0;2185664;2790544;252;2185755;0;NOSTRESS
42419985517;53495;"NEAR_P1";"INTERVAL";"PROBE";1;63;0x00000b31;208;0;0;2180216;2777348;504;2180265;0;NOSTRESS
42420039021;53712;"NEAR_P1";"INTERVAL";"PROBE";1;63;0x00000b31;208;0;0;2185668;2765935;760;2185763;0;NOSTRESS
42420092741;53701;"NEAR_P1";"INTERVAL";"PROBE";1;63;0x00000b31;208;0;0;2185840;2787682;636;2185933;0;NOSTRESS
42420146450;53738;"NEAR_P1";"INTERVAL";"PROBE";1;63;0x00000b31;208;0;0;2187490;2790760;592;2187588;0;NOSTRESS
42420200196;53466;"NEAR_P1";"INTERVAL";"PROBE";1;63;0x00000b31;208;0;0;2180287;2774479;228;2180334;0;NOSTRESS
42420253669;53580;"NEAR_P1";"INTERVAL";"PROBE";1;63;0x00000b31;208;0;0;2185537;2784487;72;2185631;0;NOSTRESS
42420307256;53845;"NEAR_P1";"INTERVAL";"PROBE";1;63;0x00000b31;208;8;1;2186501;2787368;1160;2186596;0;NOSTRESS
42420361108;53450;"NEAR_P1";"INTERVAL";"PROBE";1;63;0x00000b31;208;0;0;2180243;2777347;54;2180286;0;NOSTRESS
42420414565;53594;"NEAR_P1";"INTERVAL";"PROBE";1;63;0x00000b31;208;0;0;2185611;2782661;92;2185702;0;NOSTRESS
42420468166;53575;"NEAR_P1";"INTERVAL";"PROBE";1;63;0x00000b31;208;0;0;2185566;2775933;79;2185651;0;NOSTRESS
42420521748;53412;"NEAR_P1";"INTERVAL";"PROBE";1;63;0x00000b31;208;0;0;2180235;2776369;40;2180281;0;NOSTRESS
42420575168;53558;"NEAR_P1";"INTERVAL";"PROBE";1;63;0x00000b31;208;0;0;2185598;2787393;44;2185689;0;NOSTRESS
42420628734;53582;"NEAR_P1";"INTERVAL";"PROBE";1;63;0x00000b31;208;0;0;2185634;2787369;55;2185722;0;NOSTRESS
42420682341;205457;"TRAJ_R1";"INTERVAL";"PROBE";1;63;0x00000b31;208;0;0;8084791;10685875;384;8085053;0;NOSTRESS
42420898206;1295729;"MAF";"INTERVAL";"PROBE";1;63;0x00000b31;209;4;9;52401501;67763618;7638;52403270;0;NOSTRESS
42420898227;113;"SENS_C1";"INTERVAL";"PROBE";1;63;0x00000b31;209;0;2;1452;2091;444;1456;0;NOSTRESS
42420898347;233;"LOC_C1";"INTERVAL";"PROBE";1;63;0x00000b31;209;0;2;4912;7255;509;4916;0;NOSTRESS
42420898588;33;"LOC_C2";"INTERVAL";"PROBE";1;63;0x00000b31;209;0;0;650;924;112;654;0;NOSTRESS
42420898631;314;"LOC_C3";"INTERVAL";"PROBE";1;63;0x00000b31;209;0;0;9797;13187;312;9801;0;NOSTRESS
42420898954;42;"LOC_C4";"INTERVAL";"PROBE";1;63;0x00000b31;209;0;0;584;893;124;588;0;NOSTRESS
42420899002;53767;"NEAR_P1";"INTERVAL";"PROBE";1;63;0x00000b31;209;4;5;2185477;2813168;842;2185564;0;NOSTRESS
42420952779;53833;"NEAR_P1";"INTERVAL";"PROBE";1;63;0x00000b31;209;0;0;2186966;2814337;724;2187071;0;NOSTRESS
42421006619;53533;"NEAR_P1";"INTERVAL";"PROBE";1;63;0x00000b31;209;0;0;2179848;2799378;280;2179896;0;NOSTRESS
42421060159;53677;"NEAR_P1";"INTERVAL";"PROBE";1;63;0x00000b31;209;0;0;2184892;2809317;72;2184978;0;NOSTRESS
42421113844;53673;"NEAR_P1";"INTERVAL";"PROBE";1;63;0x00000b31;209;0;0;2184945;2810503;20;2185034;0;NOSTRESS
42421167525;53464;"NEAR_P1";"INTERVAL";"PROBE";1;63;0x00000b31;209;0;0;2176875;2785365;271;2176908;0;NOSTRESS
42421220996;53684;"NEAR_P1";"INTERVAL";"PROBE";1;63;0x00000b31;209;0;0;2184969;2812504;114;2185058;0;NOSTRESS
42421274704;53688;"NEAR_P1";"INTERVAL";"PROBE";1;63;0x00000b31;209;0;0;2185171;2810671;20;2185260;0;NOSTRESS
42421328399;53517;"NEAR_P1";"INTERVAL";"PROBE";1;63;0x00000b31;209;0;0;2179909;2799829;8;2179954;0;NOSTRESS
42421381923;53604;"NEAR_P1";"INTERVAL";"PROBE";1;63;0x00000b31;209;0;0;2182375;2794027;40;2182453;0;NOSTRESS
42421435533;53694;"NEAR_P1";"INTERVAL";"PROBE";1;63;0x00000b31;209;0;0;2185144;2809183;44;2185233;0;NOSTRESS
42421489235;53535;"NEAR_P1";"INTERVAL";"PROBE";1;63;0x00000b31;209;0;0;2180002;2800580;67;2180045;0;NOSTRESS
42421542777;53741;"NEAR_P1";"INTERVAL";"PROBE";1;63;0x00000b31;209;0;0;2185520;2809319;472;2185603;0;NOSTRESS
42421596529;53739;"NEAR_P1";"INTERVAL";"PROBE";1;63;0x00000b31;209;0;0;2185590;2809233;504;2185678;0;NOSTRESS
42421650278;53764;"NEAR_P1";"INTERVAL";"PROBE";1;63;0x00000b31;209;0;0;2185543;2809366;728;2185631;0;NOSTRESS
42421704049;53542;"NEAR_P1";"INTERVAL";"PROBE";1;63;0x00000b31;209;0;0;2180165;2790915;320;2180211;0;NOSTRESS
42421757598;53755;"NEAR_P1";"INTERVAL";"PROBE";1;63;0x00000b31;209;0;0;2185578;2804897;152;2185672;0;NOSTRESS
42421811360;53890;"NEAR_P1";"INTERVAL";"PROBE";1;63;0x00000b31;209;0;0;2188649;2814922;682;2188745;0;NOSTRESS
42421865262;53560;"NEAR_P1";"INTERVAL";"PROBE";1;63;0x00000b31;209;0;0;2180183;2803441;92;2180229;0;NOSTRESS
42421918829;53704;"NEAR_P1";"INTERVAL";"PROBE";1;63;0x00000b31;209;0;0;2185578;2801204;88;2185669;0;NOSTRESS
42421972543;221384;"TRAJ_R1";"INTERVAL";"PROBE";1;63;0x00000b31;209;0;0;8694512;11610086;393;8694822;0;NOSTRESS
42422498285;1313458;"MAF";"INTERVAL";"PROBE";1;63;0x00000b31;210;15;7;53095582;68753528;7601;53097331;0;NOSTRESS
42422498313;117;"SENS_C1";"INTERVAL";"PROBE";1;63;0x00000b31;210;0;1;1455;2082;452;1459;0;NOSTRESS
42422498437;240;"LOC_C1";"INTERVAL";"PROBE";1;63;0x00000b31;210;1;2;4910;7337;542;4914;0;NOSTRESS
42422498684;33;"LOC_C2";"INTERVAL";"PROBE";1;63;0x00000b31;210;0;0;650;899;108;654;0;NOSTRESS
42422498726;314;"LOC_C3";"INTERVAL";"PROBE";1;63;0x00000b31;210;0;0;9811;13547;312;9815;0;NOSTRESS
42422499049;43;"LOC_C4";"INTERVAL";"PROBE";1;63;0x00000b31;210;0;0;585;895;124;589;0;NOSTRESS
42422499098;53868;"NEAR_P1";"INTERVAL";"PROBE";1;63;0x00000b31;210;7;2;2186008;2818964;1162;2186073;0;NOSTRESS
42422552975;53736;"NEAR_P1";"INTERVAL";"PROBE";1;63;0x00000b31;210;6;2;2185196;2814063;556;2185276;0;NOSTRESS
42422606718;53552;"NEAR_P1";"INTERVAL";"PROBE";1;63;0x00000b31;210;1;0;2180060;2804812;312;2180100;0;NOSTRESS
42422660278;53803;"NEAR_P1";"INTERVAL";"PROBE";1;63;0x00000b31;210;0;0;2187241;2805109;320;2187341;0;NOSTRESS
42422714088;53686;"NEAR_P1";"INTERVAL";"PROBE";1;63;0x00000b31;210;0;0;2185151;2811398;48;2185240;0;NOSTRESS
42422767781;53511;"NEAR_P1";"INTERVAL";"PROBE";1;63;0x00000b31;210;0;0;2180069;2800660;4;2180117;0;NOSTRESS
42422821300;53664;"NEAR_P1";"INTERVAL";"PROBE";1;63;0x00000b31;210;0;0;2185308;2814987;8;2185397;0;NOSTRESS
42422874971;53705;"NEAR_P1";"INTERVAL";"PROBE";1;63;0x00000b31;210;0;0;2185900;2812495;44;2185987;0;NOSTRESS
42422928683;53531;"NEAR_P1";"INTERVAL";"PROBE";1;63;0x00000b31;210;0;0;2180080;2801669;16;2180122;0;NOSTRESS
42422982221;53699;"NEAR_P1";"INTERVAL";"PROBE";1;63;0x00000b31;210;0;0;2185520;2800798;75;2185604;0;NOSTRESS
42423035929;53698;"NEAR_P1";"INTERVAL";"PROBE";1;63;0x00000b31;210;0;0;2185764;2809565;68;2185849;0;NOSTRESS
42423089634;53526;"NEAR_P1";"INTERVAL";"PROBE";1;63;0x00000b31;210;0;0;2180510;2802204;16;2180553;0;NOSTRESS
42423143168;53753;"NEAR_P1";"INTERVAL";"PROBE";1;63;0x00000b31;210;0;0;2185652;2815236;535;2185745;0;NOSTRESS
42423196931;53756;"NEAR_P1";"INTERVAL";"PROBE";1;63;0x00000b31;210;0;0;2185847;2812760;520;2185938;0;NOSTRESS
42423250696;53807;"NEAR_P1";"INTERVAL";"PROBE";1;63;0x00000b31;210;0;0;2185882;2812865;792;2185971;0;NOSTRESS
42423304511;53644;"NEAR_P1";"INTERVAL";"PROBE";1;63;0x00000b31;210;0;0;2180521;2804241;412;2180571;0;NOSTRESS
42423358162;53697;"NEAR_P1";"INTERVAL";"PROBE";1;63;0x00000b31;210;0;0;2185730;2811928;120;2185821;0;NOSTRESS
42423411866;53703;"NEAR_P1";"INTERVAL";"PROBE";1;63;0x00000b31;210;0;0;2185958;2812969;58;2186047;0;NOSTRESS
42423465576;53686;"NEAR_P1";"INTERVAL";"PROBE";1;63;0x00000b31;210;0;0;2182303;2808733;381;2182356;0;NOSTRESS
42423519269;53684;"NEAR_P1";"INTERVAL";"PROBE";1;63;0x00000b31;210;0;0;2185801;2813623;76;2185889;0;NOSTRESS
42423572979;238757;"TRAJ_R1";"INTERVAL";"PROBE";1;63;0x00000b31;210;0;0;9377462;12512504;388;9377769;0;NOSTRESS
42424098281;1330464;"MAF";"INTERVAL";"PROBE";1;63;0x00000b31;211;18;13;53841704;69255906;8914;53843524;0;NOSTRESS
42424098307;111;"SENS_C1";"INTERVAL";"PROBE";1;63;0x00000b31;211;0;1;1451;2087;452;1455;0;NOSTRESS
42424098426;501;"LOC_C1";"INTERVAL";"PROBE";1;63;0x00000b31;211;9;2;5807;9393;1553;5818;0;NOSTRESS
42424098937;32;"LOC_C2";"INTERVAL";"PROBE";1;63;0x00000b31;211;0;0;650;907;108;654;0;NOSTRESS
42424098980;319;"LOC_C3";"INTERVAL";"PROBE";1;63;0x00000b31;211;0;0;9812;13306;324;9816;0;NOSTRESS
42424099311;43;"LOC_C4";"INTERVAL";"PROBE";1;63;0x00000b31;211;0;0;585;879;124;589;0;NOSTRESS
42424099360;53853;"NEAR_P1";"INTERVAL";"PROBE";1;63;0x00000b31;211;4;8;2187260;2792293;1326;2187335;0;NOSTRESS
42424153224;53636;"NEAR_P1";"INTERVAL";"PROBE";1;63;0x00000b31;211;5;2;2185703;2784273;524;2185781;0;NOSTRESS
42424206867;53473;"NEAR_P1";"INTERVAL";"PROBE";1;63;0x00000b31;211;0;0;2180618;2776981;248;2180656;0;NOSTRESS
42424260347;53555;"NEAR_P1";"INTERVAL";"PROBE";1;63;0x00000b31;211;0;0;2185689;2786475;20;2185763;0;NOSTRESS
42424313909;53670;"NEAR_P1";"INTERVAL";"PROBE";1;63;0x00000b31;211;0;0;2187433;2787311;328;2187532;0;NOSTRESS
42424367587;53416;"NEAR_P1";"INTERVAL";"PROBE";1;63;0x00000b31;211;0;0;2180565;2775715;20;2180610;0;NOSTRESS
42424421011;53563;"NEAR_P1";"INTERVAL";"PROBE";1;63;0x00000b31;211;0;0;2185659;2783198;24;2185745;0;NOSTRESS
42424474582;53558;"NEAR_P1";"INTERVAL";"PROBE";1;63;0x00000b31;211;0;0;2185690;2786833;20;2185782;0;NOSTRESS
42424528147;53412;"NEAR_P1";"INTERVAL";"PROBE";1;63;0x00000b31;211;0;0;2180582;2773842;4;2180630;0;NOSTRESS
42424581566;53574;"NEAR_P1";"INTERVAL";"PROBE";1;63;0x00000b31;211;0;0;2185943;2788288;64;2186033;0;NOSTRESS
42424635147;53617;"NEAR_P1";"INTERVAL";"PROBE";1;63;0x00000b31;211;0;0;2186406;2787538;77;2186497;0;NOSTRESS
42424688771;53425;"NEAR_P1";"INTERVAL";"PROBE";1;63;0x00000b31;211;0;0;2180929;2776061;47;2180978;0;NOSTRESS
42424742203;53627;"NEAR_P1";"INTERVAL";"PROBE";1;63;0x00000b31;211;0;0;2186344;2789194;272;2186435;0;NOSTRESS
42424795841;53634;"NEAR_P1";"INTERVAL";"PROBE";1;63;0x00000b31;211;0;0;2186305;2787681;482;2186399;0;NOSTRESS
42424849485;53473;"NEAR_P1";"INTERVAL";"PROBE";1;63;0x00000b31;211;0;0;2181001;2777213;620;2181051;0;NOSTRESS
42424902965;53689;"NEAR_P1";"INTERVAL";"PROBE";1;63;0x00000b31;211;0;0;2186504;2787403;592;2186593;0;NOSTRESS
42424956661;53588;"NEAR_P1";"INTERVAL";"PROBE";1;63;0x00000b31;211;0;0;2186262;2786602;212;2186353;0;NOSTRESS
42425010256;53439;"NEAR_P1";"INTERVAL";"PROBE";1;63;0x00000b31;211;0;0;2180900;2773766;56;2180946;0;NOSTRESS
42425063704;53587;"NEAR_P1";"INTERVAL";"PROBE";1;63;0x00000b31;211;0;0;2186300;2783148;40;2186385;0;NOSTRESS
42425117298;53882;"NEAR_P1";"INTERVAL";"PROBE";1;63;0x00000b31;211;0;0;2189337;2812892;576;2189436;0;NOSTRESS
42425171193;257544;"TRAJ_R1";"INTERVAL";"PROBE";1;63;0x00000b31;211;0;0;10111772;13505019;597;10112129;0;NOSTRESS
42425698296;1350943;"MAF";"INTERVAL";"PROBE";1;63;0x00000b31;212;12;9;54621101;70376619;11277;54623001;0;NOSTRESS
42425698320;119;"SENS_C1";"INTERVAL";"PROBE";1;63;0x00000b31;212;0;2;1454;2072;456;1458;0;NOSTRESS
42425698446;242;"LOC_C1";"INTERVAL";"PROBE";1;63;0x00000b31;212;0;0;4916;7231;534;4920;0;NOSTRESS
42425698695;33;"LOC_C2";"INTERVAL";"PROBE";1;63;0x00000b31;212;0;0;650;898;108;654;0;NOSTRESS
42425698737;311;"LOC_C3";"INTERVAL";"PROBE";1;63;0x00000b31;212;0;0;9801;13301;304;9805;0;NOSTRESS
42425699059;43;"LOC_C4";"INTERVAL";"PROBE";1;63;0x00000b31;212;0;0;586;902;120;590;0;NOSTRESS
42425699110;53910;"NEAR_P1";"INTERVAL";"PROBE";1;63;0x00000b31;212;4;2;2186690;2819108;1994;2186755;0;NOSTRESS
42425753029;53908;"NEAR_P1";"INTERVAL";"PROBE";1;63;0x00000b31;212;6;5;2187450;2819496;1462;2187534;0;NOSTRESS
42425806948;53651;"NEAR_P1";"INTERVAL";"PROBE";1;63;0x00000b31;212;1;0;2180402;2802382;1139;2180443;0;NOSTRESS
42425860608;53745;"NEAR_P1";"INTERVAL";"PROBE";1;63;0x00000b31;212;1;0;2186288;2814974;321;2186369;0;NOSTRESS
42425914361;53920;"NEAR_P1";"INTERVAL";"PROBE";1;63;0x00000b31;212;0;0;2189519;2823882;310;2189627;0;NOSTRESS
42425968289;53688;"NEAR_P1";"INTERVAL";"PROBE";1;63;0x00000b31;212;0;0;2183023;2807239;395;2183078;0;NOSTRESS
42426021984;53768;"NEAR_P1";"INTERVAL";"PROBE";1;63;0x00000b31;212;0;0;2187472;2814961;79;2187569;0;NOSTRESS
42426075759;53785;"NEAR_P1";"INTERVAL";"PROBE";1;63;0x00000b31;212;0;0;2187256;2814989;62;2187349;0;NOSTRESS
42426129551;53538;"NEAR_P1";"INTERVAL";"PROBE";1;63;0x00000b31;212;0;0;2180962;2805368;28;2181007;0;NOSTRESS
42426183096;53648;"NEAR_P1";"INTERVAL";"PROBE";1;63;0x00000b31;212;0;0;2187817;2791644;92;2187915;0;NOSTRESS
42426236751;53593;"NEAR_P1";"INTERVAL";"PROBE";1;63;0x00000b31;212;0;0;2186801;2788744;50;2186889;0;NOSTRESS
42426290351;53436;"NEAR_P1";"INTERVAL";"PROBE";1;63;0x00000b31;212;0;0;2181357;2777451;34;2181403;0;NOSTRESS
42426343794;53630;"NEAR_P1";"INTERVAL";"PROBE";1;63;0x00000b31;212;0;0;2186176;2787304;670;2186262;0;NOSTRESS
42426397435;53670;"NEAR_P1";"INTERVAL";"PROBE";1;63;0x00000b31;212;0;0;2186802;2787650;520;2186896;0;NOSTRESS
42426451113;53705;"NEAR_P1";"INTERVAL";"PROBE";1;63;0x00000b31;212;0;0;2186256;2790587;905;2186347;0;NOSTRESS
42426504827;53495;"NEAR_P1";"INTERVAL";"PROBE";1;63;0x00000b31;212;0;0;2181518;2768005;316;2181565;0;NOSTRESS
42426558341;53652;"NEAR_P1";"INTERVAL";"PROBE";1;63;0x00000b31;212;0;0;2186909;2790291;160;2187004;0;NOSTRESS
42426612000;53595;"NEAR_P1";"INTERVAL";"PROBE";1;63;0x00000b31;212;0;0;2186782;2788944;60;2186870;0;NOSTRESS
42426665602;53447;"NEAR_P1";"INTERVAL";"PROBE";1;63;0x00000b31;212;0;0;2181361;2775809;48;2181407;0;NOSTRESS
42426719056;53598;"NEAR_P1";"INTERVAL";"PROBE";1;63;0x00000b31;212;0;0;2186896;2788891;48;2186988;0;NOSTRESS
42426772664;276566;"TRAJ_R1";"INTERVAL";"PROBE";1;63;0x00000b31;212;0;0;10879746;14366915;829;10880160;0;NOSTRESS
42427298290;1369270;"MAF";"INTERVAL";"PROBE";1;63;0x00000b31;213;33;16;55373517;71125703;10368;55375397;0;NOSTRESS
42427298315;123;"SENS_C1";"INTERVAL";"PROBE";1;63;0x00000b31;213;0;3;1452;2102;476;1456;0;NOSTRESS
42427298445;236;"LOC_C1";"INTERVAL";"PROBE";1;63;0x00000b31;213;0;0;4915;7370;540;4919;0;NOSTRESS
42427298689;29;"LOC_C2";"INTERVAL";"PROBE";1;63;0x00000b31;213;0;0;650;926;96;654;0;NOSTRESS
42427298727;308;"LOC_C3";"INTERVAL";"PROBE";1;63;0x00000b31;213;0;0;9813;13401;312;9817;0;NOSTRESS
42427299044;45;"LOC_C4";"INTERVAL";"PROBE";1;63;0x00000b31;213;0;0;584;899;128;588;0;NOSTRESS
42427299095;54272;"NEAR_P1";"INTERVAL";"PROBE";1;63;0x00000b31;213;16;5;2190147;2801063;2271;2190254;0;NOSTRESS
42427353376;53650;"NEAR_P1";"INTERVAL";"PROBE";1;63;0x00000b31;213;4;4;2185979;2787558;632;2186054;0;NOSTRESS
42427407035;53505;"NEAR_P1";"INTERVAL";"PROBE";1;63;0x00000b31;213;0;0;2180911;2779350;336;2180949;0;NOSTRESS
42427460547;53579;"NEAR_P1";"INTERVAL";"PROBE";1;63;0x00000b31;213;0;0;2186050;2791486;28;2186131;0;NOSTRESS
42427514133;53568;"NEAR_P1";"INTERVAL";"PROBE";1;63;0x00000b31;213;0;0;2185954;2787407;24;2186040;0;NOSTRESS
42427567709;53420;"NEAR_P1";"INTERVAL";"PROBE";1;63;0x00000b31;213;0;0;2180853;2775465;16;2180898;0;NOSTRESS
42427621154;53999;"NEAR_P1";"INTERVAL";"PROBE";1;63;0x00000b31;213;11;3;2188851;2796829;1412;2188954;0;NOSTRESS
42427675175;53600;"NEAR_P1";"INTERVAL";"PROBE";1;63;0x00000b31;213;1;1;2185940;2787209;24;2186029;0;NOSTRESS
42427728782;53425;"NEAR_P1";"INTERVAL";"PROBE";1;63;0x00000b31;213;0;0;2180875;2776189;4;2180923;0;NOSTRESS
42427782214;53595;"NEAR_P1";"INTERVAL";"PROBE";1;63;0x00000b31;213;0;0;2186367;2781819;94;2186454;0;NOSTRESS
42427835816;53595;"NEAR_P1";"INTERVAL";"PROBE";1;63;0x00000b31;213;0;0;2186688;2784508;79;2186779;0;NOSTRESS
42427889418;53425;"NEAR_P1";"INTERVAL";"PROBE";1;63;0x00000b31;213;0;0;2181206;2773744;16;2181252;0;NOSTRESS
42427942850;53615;"NEAR_P1";"INTERVAL";"PROBE";1;63;0x00000b31;213;0;0;2186266;2785530;435;2186356;0;NOSTRESS
42427996475;53692;"NEAR_P1";"INTERVAL";"PROBE";1;63;0x00000b31;213;0;0;2186011;2787213;716;2186101;0;NOSTRESS
42428050177;53497;"NEAR_P1";"INTERVAL";"PROBE";1;63;0x00000b31;213;0;0;2181333;2778497;736;2181380;0;NOSTRESS
42428103682;53673;"NEAR_P1";"INTERVAL";"PROBE";1;63;0x00000b31;213;0;0;2186703;2787554;622;2186792;0;NOSTRESS
42428157362;53681;"NEAR_P1";"INTERVAL";"PROBE";1;63;0x00000b31;213;0;0;2186638;2788569;216;2186729;0;NOSTRESS
42428211050;53630;"NEAR_P1";"INTERVAL";"PROBE";1;63;0x00000b31;213;0;0;2186728;2788684;112;2186820;0;NOSTRESS
42428264687;53450;"NEAR_P1";"INTERVAL";"PROBE";1;63;0x00000b31;213;0;0;2181191;2778644;72;2181240;0;NOSTRESS
42428318145;53627;"NEAR_P1";"INTERVAL";"PROBE";1;63;0x00000b31;213;0;0;2186782;2789719;56;2186871;0;NOSTRESS
42428371783;295768;"TRAJ_R1";"INTERVAL";"PROBE";1;63;0x00000b31;213;0;0;11638415;15366408;715;11638816;0;NOSTRESS
42428898265;1384900;"MAF";"INTERVAL";"PROBE";1;63;0x00000b31;214;7;7;56011772;71985970;8378;56013652;0;NOSTRESS
42428898288;121;"SENS_C1";"INTERVAL";"PROBE";1;63;0x00000b31;214;0;3;1454;2099;448;1458;0;NOSTRESS
42428898417;233;"LOC_C1";"INTERVAL";"PROBE";1;63;0x00000b31;214;0;1;4915;7233;526;4919;0;NOSTRESS
42428898657;32;"LOC_C2";"INTERVAL";"PROBE";1;63;0x00000b31;214;0;0;650;900;104;654;0;NOSTRESS
42428898698;310;"LOC_C3";"INTERVAL";"PROBE";1;63;0x00000b31;214;0;0;9796;13270;308;9800;0;NOSTRESS
42428899018;40;"LOC_C4";"INTERVAL";"PROBE";1;63;0x00000b31;214;0;0;586;899;116;590;0;NOSTRESS
42428899064;53817;"NEAR_P1";"INTERVAL";"PROBE";1;63;0x00000b31;214;4;3;2186849;2794506;1312;2186928;0;NOSTRESS
42428952891;53581;"NEAR_P1";"INTERVAL";"PROBE";1;63;0x00000b31;214;2;0;2183298;2783183;755;2183365;0;NOSTRESS
42429006481;53485;"NEAR_P1";"INTERVAL";"PROBE";1;63;0x00000b31;214;0;0;2181737;2780164;328;2181778;0;NOSTRESS
42429059973;53582;"NEAR_P1";"INTERVAL";"PROBE";1;63;0x00000b31;214;0;0;2186059;2788437;44;2186145;0;NOSTRESS
42429113562;53576;"NEAR_P1";"INTERVAL";"PROBE";1;63;0x00000b31;214;0;0;2186052;2786265;56;2186138;0;NOSTRESS
42429167146;53467;"NEAR_P1";"INTERVAL";"PROBE";1;63;0x00000b31;214;0;0;2180971;2777524;142;2181016;0;NOSTRESS
42429220620;53584;"NEAR_P1";"INTERVAL";"PROBE";1;63;0x00000b31;214;0;0;2186005;2787802;28;2186094;0;NOSTRESS
42429274212;53737;"NEAR_P1";"INTERVAL";"PROBE";1;63;0x00000b31;214;0;0;2187907;2793568;289;2188006;0;NOSTRESS
42429327957;53495;"NEAR_P1";"INTERVAL";"PROBE";1;63;0x00000b31;214;0;0;2182130;2777780;64;2182176;0;NOSTRESS
42429381459;53627;"NEAR_P1";"INTERVAL";"PROBE";1;63;0x00000b31;214;0;0;2186316;2788407;112;2186406;0;NOSTRESS
42429435093;53601;"NEAR_P1";"INTERVAL";"PROBE";1;63;0x00000b31;214;0;0;2186776;2791727;28;2186864;0;NOSTRESS
42429488705;53428;"NEAR_P1";"INTERVAL";"PROBE";1;63;0x00000b31;214;0;0;2181250;2766749;20;2181296;0;NOSTRESS
42429542141;53632;"NEAR_P1";"INTERVAL";"PROBE";1;63;0x00000b31;214;0;0;2186686;2789740;412;2186773;0;NOSTRESS
42429595781;53669;"NEAR_P1";"INTERVAL";"PROBE";1;63;0x00000b31;214;0;0;2186289;2787525;612;2186378;0;NOSTRESS
42429649459;53477;"NEAR_P1";"INTERVAL";"PROBE";1;63;0x00000b31;214;0;0;2180954;2778901;658;2180999;0;NOSTRESS
42429702944;53730;"NEAR_P1";"INTERVAL";"PROBE";1;63;0x00000b31;214;0;0;2186610;2788810;728;2186699;0;NOSTRESS
42429756682;53641;"NEAR_P1";"INTERVAL";"PROBE";1;63;0x00000b31;214;0;0;2186725;2790158;198;2186816;0;NOSTRESS
42429810330;53467;"NEAR_P1";"INTERVAL";"PROBE";1;63;0x00000b31;214;0;0;2181228;2779457;78;2181274;0;NOSTRESS
42429863804;53606;"NEAR_P1";"INTERVAL";"PROBE";1;63;0x00000b31;214;0;0;2186712;2788648;40;2186800;0;NOSTRESS
42429917417;53622;"NEAR_P1";"INTERVAL";"PROBE";1;63;0x00000b31;214;0;0;2186707;2787956;68;2186801;0;NOSTRESS
42429971064;312093;"TRAJ_R1";"INTERVAL";"PROBE";1;63;0x00000b31;214;0;0;12280890;16226668;668;12281333;0;NOSTRESS
42430498255;1396848;"MAF";"INTERVAL";"PROBE";1;63;0x00000b31;215;20;8;56441505;72745890;8682;56443382;0;NOSTRESS
42430498282;118;"SENS_C1";"INTERVAL";"PROBE";1;63;0x00000b31;215;0;2;1453;2107;464;1457;0;NOSTRESS
42430498406;233;"LOC_C1";"INTERVAL";"PROBE";1;63;0x00000b31;215;0;1;4916;7183;520;4920;0;NOSTRESS
42430498646;32;"LOC_C2";"INTERVAL";"PROBE";1;63;0x00000b31;215;0;0;650;888;100;654;0;NOSTRESS
42430498687;312;"LOC_C3";"INTERVAL";"PROBE";1;63;0x00000b31;215;0;0;9800;13402;312;9804;0;NOSTRESS
42430499009;43;"LOC_C4";"INTERVAL";"PROBE";1;63;0x00000b31;215;0;0;585;903;124;589;0;NOSTRESS
42430499058;53791;"NEAR_P1";"INTERVAL";"PROBE";1;63;0x00000b31;215;5;2;2186530;2792274;1155;2186595;0;NOSTRESS
42430552856;53630;"NEAR_P1";"INTERVAL";"PROBE";1;63;0x00000b31;215;0;0;2185932;2786855;516;2186010;0;NOSTRESS
42430606493;53378;"NEAR_P1";"INTERVAL";"PROBE";1;63;0x00000b31;215;0;0;2177744;2771551;298;2177770;0;NOSTRESS
42430659878;53584;"NEAR_P1";"INTERVAL";"PROBE";1;63;0x00000b31;215;0;0;2185900;2790648;58;2185986;0;NOSTRESS
42430713486;53569;"NEAR_P1";"INTERVAL";"PROBE";1;63;0x00000b31;215;0;0;2185843;2788333;40;2185929;0;NOSTRESS
42430767063;53438;"NEAR_P1";"INTERVAL";"PROBE";1;63;0x00000b31;215;0;0;2181025;2778891;20;2181070;0;NOSTRESS
42430820509;53575;"NEAR_P1";"INTERVAL";"PROBE";1;63;0x00000b31;215;0;0;2185795;2787485;4;2185884;0;NOSTRESS
42430874107;53567;"NEAR_P1";"INTERVAL";"PROBE";1;63;0x00000b31;215;0;0;2185789;2786897;4;2185875;0;NOSTRESS
42430927681;53417;"NEAR_P1";"INTERVAL";"PROBE";1;63;0x00000b31;215;0;0;2180746;2776482;8;2180791;0;NOSTRESS
42430981112;53732;"NEAR_P1";"INTERVAL";"PROBE";1;63;0x00000b31;215;0;0;2188036;2790475;322;2188130;0;NOSTRESS
42431034851;53568;"NEAR_P1";"INTERVAL";"PROBE";1;63;0x00000b31;215;0;0;2186244;2785268;40;2186333;0;NOSTRESS
42431088426;53459;"NEAR_P1";"INTERVAL";"PROBE";1;63;0x00000b31;215;0;0;2181074;2775805;16;2181123;0;NOSTRESS
42431141892;53633;"NEAR_P1";"INTERVAL";"PROBE";1;63;0x00000b31;215;0;0;2186394;2784778;296;2186488;0;NOSTRESS
42431195543;53644;"NEAR_P1";"INTERVAL";"PROBE";1;63;0x00000b31;215;0;0;2186486;2789200;436;2186574;0;NOSTRESS
42431249196;53473;"NEAR_P1";"INTERVAL";"PROBE";1;63;0x00000b31;215;0;0;2180692;2775608;648;2180737;0;NOSTRESS
42431302677;53743;"NEAR_P1";"INTERVAL";"PROBE";1;63;0x00000b31;215;0;0;2186083;2786775;610;2186176;0;NOSTRESS
42431356429;54059;"NEAR_P1";"INTERVAL";"PROBE";1;63;0x00000b31;215;12;2;2188501;2797345;1576;2188600;0;NOSTRESS
42431410495;53743;"NEAR_P1";"INTERVAL";"PROBE";1;63;0x00000b31;215;3;1;2186554;2814643;122;2186642;0;NOSTRESS
42431464246;53604;"NEAR_P1";"INTERVAL";"PROBE";1;63;0x00000b31;215;0;0;2181077;2805520;113;2181126;0;NOSTRESS
42431517857;53724;"NEAR_P1";"INTERVAL";"PROBE";1;63;0x00000b31;215;0;0;2186519;2812899;64;2186610;0;NOSTRESS
42431571591;323504;"TRAJ_R1";"INTERVAL";"PROBE";1;63;0x00000b31;215;0;0;12714920;16916188;612;12715366;0;NOSTRESS
42432098287;1401027;"MAF";"INTERVAL";"PROBE";1;63;0x00000b31;216;4;3;56550009;73315083;7878;56551905;0;NOSTRESS
42432098310;119;"SENS_C1";"INTERVAL";"PROBE";1;63;0x00000b31;216;0;2;1455;2029;464;1459;0;NOSTRESS
42432098435;231;"LOC_C1";"INTERVAL";"PROBE";1;63;0x00000b31;216;1;1;4911;7265;520;4915;0;NOSTRESS
42432098673;30;"LOC_C2";"INTERVAL";"PROBE";1;63;0x00000b31;216;0;0;650;893;92;654;0;NOSTRESS
42432098712;309;"LOC_C3";"INTERVAL";"PROBE";1;63;0x00000b31;216;0;0;9797;13249;313;9801;0;NOSTRESS
42432099031;42;"LOC_C4";"INTERVAL";"PROBE";1;63;0x00000b31;216;0;0;585;909;128;589;0;NOSTRESS
42432099079;53787;"NEAR_P1";"INTERVAL";"PROBE";1;63;0x00000b31;216;3;0;2186829;2790859;1138;2186904;0;NOSTRESS
42432152875;53628;"NEAR_P1";"INTERVAL";"PROBE";1;63;0x00000b31;216;0;0;2185888;2791504;573;2185966;0;NOSTRESS
42432206511;53575;"NEAR_P1";"INTERVAL";"PROBE";1;63;0x00000b31;216;0;0;2180905;2800872;252;2180947;0;NOSTRESS
42432260094;53687;"NEAR_P1";"INTERVAL";"PROBE";1;63;0x00000b31;216;0;0;2185996;2815278;33;2186085;0;NOSTRESS
42432313789;53618;"NEAR_P1";"INTERVAL";"PROBE";1;63;0x00000b31;216;0;0;2183328;2798063;30;2183405;0;NOSTRESS
42432367414;53538;"NEAR_P1";"INTERVAL";"PROBE";1;63;0x00000b31;216;0;0;2180872;2802754;12;2180917;0;NOSTRESS
42432420959;53700;"NEAR_P1";"INTERVAL";"PROBE";1;63;0x00000b31;216;0;0;2185959;2816461;16;2186051;0;NOSTRESS
42432474666;53676;"NEAR_P1";"INTERVAL";"PROBE";1;63;0x00000b31;216;0;0;2185911;2814277;16;2185994;0;NOSTRESS
42432528349;53533;"NEAR_P1";"INTERVAL";"PROBE";1;63;0x00000b31;216;0;0;2180861;2803548;8;2180903;0;NOSTRESS
42432581906;53695;"NEAR_P1";"INTERVAL";"PROBE";1;63;0x00000b31;216;0;0;2186272;2813843;60;2186365;0;NOSTRESS
42432635609;53818;"NEAR_P1";"INTERVAL";"PROBE";1;63;0x00000b31;216;0;0;2188580;2820201;256;2188678;0;NOSTRESS
42432689435;53522;"NEAR_P1";"INTERVAL";"PROBE";1;63;0x00000b31;216;0;0;2180729;2801992;8;2180773;0;NOSTRESS
42432742965;53719;"NEAR_P1";"INTERVAL";"PROBE";1;63;0x00000b31;216;0;0;2186655;2814913;312;2186743;0;NOSTRESS
42432796696;53799;"NEAR_P1";"INTERVAL";"PROBE";1;63;0x00000b31;216;0;0;2186620;2816298;520;2186711;0;NOSTRESS
42432850505;53761;"NEAR_P1";"INTERVAL";"PROBE";1;63;0x00000b31;216;0;0;2186700;2811566;860;2186790;0;NOSTRESS
42432904273;53604;"NEAR_P1";"INTERVAL";"PROBE";1;63;0x00000b31;216;0;0;2181346;2804301;428;2181393;0;NOSTRESS
42432957884;53754;"NEAR_P1";"INTERVAL";"PROBE";1;63;0x00000b31;216;0;0;2186542;2812804;218;2186630;0;NOSTRESS
42433011645;53714;"NEAR_P1";"INTERVAL";"PROBE";1;63;0x00000b31;216;0;0;2186542;2811512;57;2186630;0;NOSTRESS
42433065366;53562;"NEAR_P1";"INTERVAL";"PROBE";1;63;0x00000b31;216;0;0;2181173;2804082;60;2181222;0;NOSTRESS
42433118935;53724;"NEAR_P1";"INTERVAL";"PROBE";1;63;0x00000b31;216;0;0;2186420;2812213;72;2186514;0;NOSTRESS
42433172684;326622;"TRAJ_R1";"INTERVAL";"PROBE";1;63;0x00000b31;216;0;0;12822282;17106497;1260;12822739;0;NOSTRESS
42433698277;1395490;"MAF";"INTERVAL";"PROBE";1;63;0x00000b31;217;6;8;56328459;73043911;8675;56330331;0;NOSTRESS
42433698303;123;"SENS_C1";"INTERVAL";"PROBE";1;63;0x00000b31;217;0;2;1453;2054;480;1457;0;NOSTRESS
42433698434;238;"LOC_C1";"INTERVAL";"PROBE";1;63;0x00000b31;217;0;2;4911;7181;525;4915;0;NOSTRESS
42433698680;36;"LOC_C2";"INTERVAL";"PROBE";1;63;0x00000b31;217;0;0;650;902;132;654;0;NOSTRESS
42433698725;310;"LOC_C3";"INTERVAL";"PROBE";1;63;0x00000b31;217;0;0;9813;13332;312;9817;0;NOSTRESS
42433699045;41;"LOC_C4";"INTERVAL";"PROBE";1;63;0x00000b31;217;0;0;585;904;128;589;0;NOSTRESS
42433699092;53939;"NEAR_P1";"INTERVAL";"PROBE";1;63;0x00000b31;217;6;3;2186937;2821141;1944;2187014;0;NOSTRESS
42433753038;53823;"NEAR_P1";"INTERVAL";"PROBE";1;63;0x00000b31;217;0;1;2186202;2818326;1024;2186281;0;NOSTRESS
42433806868;53582;"NEAR_P1";"INTERVAL";"PROBE";1;63;0x00000b31;217;0;0;2181032;2803820;409;2181077;0;NOSTRESS
42433860457;53709;"NEAR_P1";"INTERVAL";"PROBE";1;63;0x00000b31;217;0;0;2186118;2818163;72;2186204;0;NOSTRESS
42433914188;53691;"NEAR_P1";"INTERVAL";"PROBE";1;63;0x00000b31;217;0;0;2186091;2817934;41;2186177;0;NOSTRESS
42433967886;53492;"NEAR_P1";"INTERVAL";"PROBE";1;63;0x00000b31;217;0;0;2178015;2801218;26;2178048;0;NOSTRESS
42434021384;53685;"NEAR_P1";"INTERVAL";"PROBE";1;63;0x00000b31;217;0;0;2186073;2814706;27;2186159;0;NOSTRESS
42434075077;53690;"NEAR_P1";"INTERVAL";"PROBE";1;63;0x00000b31;217;0;0;2186188;2817642;24;2186277;0;NOSTRESS
42434128791;53541;"NEAR_P1";"INTERVAL";"PROBE";1;63;0x00000b31;217;0;0;2180965;2802658;20;2181010;0;NOSTRESS
42434182339;53717;"NEAR_P1";"INTERVAL";"PROBE";1;63;0x00000b31;217;0;0;2186572;2817441;65;2186659;0;NOSTRESS
42434236063;53748;"NEAR_P1";"INTERVAL";"PROBE";1;63;0x00000b31;217;0;0;2186824;2815615;75;2186915;0;NOSTRESS
42434289818;53672;"NEAR_P1";"INTERVAL";"PROBE";1;63;0x00000b31;217;0;0;2183206;2812428;212;2183259;0;NOSTRESS
42434343497;53743;"NEAR_P1";"INTERVAL";"PROBE";1;63;0x00000b31;217;0;0;2186852;2815112;328;2186944;0;NOSTRESS
42434397252;53809;"NEAR_P1";"INTERVAL";"PROBE";1;63;0x00000b31;217;0;0;2186851;2803594;548;2186940;0;NOSTRESS
42434451070;53752;"NEAR_P1";"INTERVAL";"PROBE";1;63;0x00000b31;217;0;0;2186686;2800465;832;2186777;0;NOSTRESS
42434504829;53632;"NEAR_P1";"INTERVAL";"PROBE";1;63;0x00000b31;217;0;0;2181471;2805473;404;2181521;0;NOSTRESS
42434558468;53736;"NEAR_P1";"INTERVAL";"PROBE";1;63;0x00000b31;217;0;0;2186674;2815036;156;2186765;0;NOSTRESS
42434612212;53720;"NEAR_P1";"INTERVAL";"PROBE";1;63;0x00000b31;217;0;0;2186822;2818151;95;2186917;0;NOSTRESS
42434665939;53568;"NEAR_P1";"INTERVAL";"PROBE";1;63;0x00000b31;217;0;0;2181300;2806027;62;2181346;0;NOSTRESS
42434719514;53730;"NEAR_P1";"INTERVAL";"PROBE";1;63;0x00000b31;217;0;0;2186736;2815871;76;2186821;0;NOSTRESS
42434773269;320490;"TRAJ_R1";"INTERVAL";"PROBE";1;63;0x00000b31;217;0;0;12597213;16751373;478;12597643;0;NOSTRESS
42435298223;1379346;"MAF";"INTERVAL";"PROBE";1;63;0x00000b31;218;25;9;55797369;71629270;8841;55799201;0;NOSTRESS
42435298247;121;"SENS_C1";"INTERVAL";"PROBE";1;63;0x00000b31;218;0;1;1454;2077;468;1458;0;NOSTRESS
42435298374;235;"LOC_C1";"INTERVAL";"PROBE";1;63;0x00000b31;218;0;0;4921;7272;526;4925;0;NOSTRESS
42435298617;37;"LOC_C2";"INTERVAL";"PROBE";1;63;0x00000b31;218;0;0;650;916;108;654;0;NOSTRESS
42435298663;315;"LOC_C3";"INTERVAL";"PROBE";1;63;0x00000b31;218;0;0;9799;13332;312;9803;0;NOSTRESS
42435298987;316;"LOC_C4";"INTERVAL";"PROBE";1;63;0x00000b31;218;9;1;1477;3120;1156;1488;0;NOSTRESS
42435299310;53830;"NEAR_P1";"INTERVAL";"PROBE";1;63;0x00000b31;218;10;2;2186565;2791994;1404;2186632;0;NOSTRESS
42435353147;53710;"NEAR_P1";"INTERVAL";"PROBE";1;63;0x00000b31;218;5;4;2185672;2784929;672;2185747;0;NOSTRESS
42435406864;53424;"NEAR_P1";"INTERVAL";"PROBE";1;63;0x00000b31;218;1;1;2180640;2775196;328;2180685;0;NOSTRESS
42435460295;53557;"NEAR_P1";"INTERVAL";"PROBE";1;63;0x00000b31;218;0;0;2185772;2785323;41;2185861;0;NOSTRESS
42435513859;53482;"NEAR_P1";"INTERVAL";"PROBE";1;63;0x00000b31;218;0;0;2183008;2781317;22;2183082;0;NOSTRESS
42435567348;53450;"NEAR_P1";"INTERVAL";"PROBE";1;63;0x00000b31;218;0;0;2180653;2775350;20;2180695;0;NOSTRESS
42435620805;53486;"NEAR_P1";"INTERVAL";"PROBE";1;63;0x00000b31;218;0;0;2182793;2765494;17;2182870;0;NOSTRESS
42435674299;53558;"NEAR_P1";"INTERVAL";"PROBE";1;63;0x00000b31;218;0;0;2185856;2789143;23;2185942;0;NOSTRESS
42435727864;53412;"NEAR_P1";"INTERVAL";"PROBE";1;63;0x00000b31;218;0;0;2180722;2777429;4;2180767;0;NOSTRESS
42435781283;53584;"NEAR_P1";"INTERVAL";"PROBE";1;63;0x00000b31;218;0;0;2186068;2787440;61;2186155;0;NOSTRESS
42435834874;53570;"NEAR_P1";"INTERVAL";"PROBE";1;63;0x00000b31;218;0;0;2186477;2786259;40;2186568;0;NOSTRESS
42435888452;53438;"NEAR_P1";"INTERVAL";"PROBE";1;63;0x00000b31;218;0;0;2181317;2766649;12;2181363;0;NOSTRESS
42435941897;53705;"NEAR_P1";"INTERVAL";"PROBE";1;63;0x00000b31;218;0;0;2188463;2791624;488;2188565;0;NOSTRESS
42435995612;53680;"NEAR_P1";"INTERVAL";"PROBE";1;63;0x00000b31;218;0;0;2186508;2789603;750;2186600;0;NOSTRESS
42436049302;53468;"NEAR_P1";"INTERVAL";"PROBE";1;63;0x00000b31;218;0;0;2181038;2775734;708;2181087;0;NOSTRESS
42436102779;53677;"NEAR_P1";"INTERVAL";"PROBE";1;63;0x00000b31;218;0;0;2186573;2785945;532;2186665;0;NOSTRESS
42436156464;53700;"NEAR_P1";"INTERVAL";"PROBE";1;63;0x00000b31;218;0;0;2187570;2790021;322;2187662;0;NOSTRESS
42436210174;53425;"NEAR_P1";"INTERVAL";"PROBE";1;63;0x00000b31;218;0;0;2181031;2764541;64;2181074;0;NOSTRESS
42436263606;53567;"NEAR_P1";"INTERVAL";"PROBE";1;63;0x00000b31;218;0;0;2186036;2771235;76;2186129;0;NOSTRESS
42436317181;53625;"NEAR_P1";"INTERVAL";"PROBE";1;63;0x00000b31;218;0;0;2186320;2788760;75;2186414;0;NOSTRESS
42436370849;306711;"TRAJ_R1";"INTERVAL";"PROBE";1;63;0x00000b31;218;0;0;12073778;15951226;408;12074176;0;NOSTRESS
42436898244;1362673;"MAF";"INTERVAL";"PROBE";1;63;0x00000b31;219;13;17;55128016;70813922;9157;55129884;0;NOSTRESS
42436898269;120;"SENS_C1";"INTERVAL";"PROBE";1;63;0x00000b31;219;0;3;1452;2079;464;1456;0;NOSTRESS
42436898395;246;"LOC_C1";"INTERVAL";"PROBE";1;63;0x00000b31;219;1;0;4910;7264;549;4914;0;NOSTRESS
42436898649;33;"LOC_C2";"INTERVAL";"PROBE";1;63;0x00000b31;219;0;0;650;917;116;654;0;NOSTRESS
42436898691;313;"LOC_C3";"INTERVAL";"PROBE";1;63;0x00000b31;219;0;0;9807;13233;324;9811;0;NOSTRESS
42436899013;42;"LOC_C4";"INTERVAL";"PROBE";1;63;0x00000b31;219;0;0;584;891;120;588;0;NOSTRESS
42436899061;53813;"NEAR_P1";"INTERVAL";"PROBE";1;63;0x00000b31;219;7;7;2187223;2796782;1252;2187298;0;NOSTRESS
42436952881;53669;"NEAR_P1";"INTERVAL";"PROBE";1;63;0x00000b31;219;3;7;2186479;2788958;712;2186557;0;NOSTRESS
42437006559;53476;"NEAR_P1";"INTERVAL";"PROBE";1;63;0x00000b31;219;0;0;2181413;2778614;304;2181453;0;NOSTRESS
42437060042;53604;"NEAR_P1";"INTERVAL";"PROBE";1;63;0x00000b31;219;0;0;2186369;2787375;60;2186454;0;NOSTRESS
42437113668;53597;"NEAR_P1";"INTERVAL";"PROBE";1;63;0x00000b31;219;0;0;2186453;2788378;13;2186536;0;NOSTRESS
42437167272;53449;"NEAR_P1";"INTERVAL";"PROBE";1;63;0x00000b31;219;0;0;2181325;2774982;49;2181374;0;NOSTRESS
42437220728;53591;"NEAR_P1";"INTERVAL";"PROBE";1;63;0x00000b31;219;0;0;2186629;2786831;40;2186711;0;NOSTRESS
42437274326;53510;"NEAR_P1";"INTERVAL";"PROBE";1;63;0x00000b31;219;0;0;2183569;2781035;22;2183646;0;NOSTRESS
42437327843;53459;"NEAR_P1";"INTERVAL";"PROBE";1;63;0x00000b31;219;0;0;2181583;2770644;37;2181627;0;NOSTRESS
42437381309;53589;"NEAR_P1";"INTERVAL";"PROBE";1;63;0x00000b31;219;0;0;2186821;2787961;60;2186908;0;NOSTRESS
42437434905;53614;"NEAR_P1";"INTERVAL";"PROBE";1;63;0x00000b31;219;0;0;2187218;2786283;36;2187303;0;NOSTRESS
42437488526;53444;"NEAR_P1";"INTERVAL";"PROBE";1;63;0x00000b31;219;0;0;2181787;2771609;16;2181836;0;NOSTRESS
42437541977;53622;"NEAR_P1";"INTERVAL";"PROBE";1;63;0x00000b31;219;0;0;2186987;2791027;368;2187074;0;NOSTRESS
42437595610;53843;"NEAR_P1";"INTERVAL";"PROBE";1;63;0x00000b31;219;0;0;2189078;2795314;820;2189173;0;NOSTRESS
42437649461;53489;"NEAR_P1";"INTERVAL";"PROBE";1;63;0x00000b31;219;0;0;2181715;2779143;624;2181764;0;NOSTRESS
42437702958;53680;"NEAR_P1";"INTERVAL";"PROBE";1;63;0x00000b31;219;0;0;2187265;2789990;624;2187357;0;NOSTRESS
42437756645;53653;"NEAR_P1";"INTERVAL";"PROBE";1;63;0x00000b31;219;0;0;2187195;2788127;176;2187286;0;NOSTRESS
42437810306;53512;"NEAR_P1";"INTERVAL";"PROBE";1;63;0x00000b31;219;0;0;2183010;2780504;124;2183057;0;NOSTRESS
42437863826;53768;"NEAR_P1";"INTERVAL";"PROBE";1;63;0x00000b31;219;2;0;2188485;2792941;495;2188580;0;NOSTRESS
42437917601;53796;"NEAR_P1";"INTERVAL";"PROBE";1;63;0x00000b31;219;0;0;2189351;2794970;803;2189452;0;NOSTRESS
42437971409;289499;"TRAJ_R1";"INTERVAL";"PROBE";1;63;0x00000b31;219;0;0;11384439;15050650;765;11384870;0;NOSTRESS
42438498232;1345269;"MAF";"INTERVAL";"PROBE";1;63;0x00000b31;220;21;11;54347012;70381287;9260;54348802;0;NOSTRESS
42438498255;121;"SENS_C1";"INTERVAL";"PROBE";1;63;0x00000b31;220;0;3;1454;2044;468;1458;0;NOSTRESS
42438498384;233;"LOC_C1";"INTERVAL";"PROBE";1;63;0x00000b31;220;1;1;4908;7367;534;4912;0;NOSTRESS
42438498625;33;"LOC_C2";"INTERVAL";"PROBE";1;63;0x00000b31;220;0;0;650;911;104;654;0;NOSTRESS
42438498667;311;"LOC_C3";"INTERVAL";"PROBE";1;63;0x00000b31;220;0;0;9805;13185;320;9809;0;NOSTRESS
42438498987;44;"LOC_C4";"INTERVAL";"PROBE";1;63;0x00000b31;220;0;0;585;926;124;589;0;NOSTRESS
42438499037;53913;"NEAR_P1";"INTERVAL";"PROBE";1;63;0x00000b31;220;6;2;2187201;2817338;1556;2187280;0;NOSTRESS
42438552959;53750;"NEAR_P1";"INTERVAL";"PROBE";1;63;0x00000b31;220;3;0;2186870;2814356;841;2186946;0;NOSTRESS
42438606717;53581;"NEAR_P1";"INTERVAL";"PROBE";1;63;0x00000b31;220;0;0;2181464;2802874;412;2181504;0;NOSTRESS
42438660305;53624;"NEAR_P1";"INTERVAL";"PROBE";1;63;0x00000b31;220;0;0;2183547;2800946;104;2183624;0;NOSTRESS
42438713935;53697;"NEAR_P1";"INTERVAL";"PROBE";1;63;0x00000b31;220;0;0;2186654;2808867;31;2186740;0;NOSTRESS
42438767639;53541;"NEAR_P1";"INTERVAL";"PROBE";1;63;0x00000b31;220;0;0;2181519;2798510;32;2181564;0;NOSTRESS
42438821207;53688;"NEAR_P1";"INTERVAL";"PROBE";1;63;0x00000b31;220;0;0;2186562;2813998;39;2186651;0;NOSTRESS
42438874903;53703;"NEAR_P1";"INTERVAL";"PROBE";1;63;0x00000b31;220;0;0;2186606;2812967;28;2186692;0;NOSTRESS
42438928613;53537;"NEAR_P1";"INTERVAL";"PROBE";1;63;0x00000b31;220;0;0;2181448;2799961;8;2181493;0;NOSTRESS
42438982157;54021;"NEAR_P1";"INTERVAL";"PROBE";1;63;0x00000b31;220;9;2;2187850;2815691;1211;2187944;0;NOSTRESS
42439036196;53704;"NEAR_P1";"INTERVAL";"PROBE";1;63;0x00000b31;220;2;2;2187209;2812797;28;2187303;0;NOSTRESS
42439089907;53547;"NEAR_P1";"INTERVAL";"PROBE";1;63;0x00000b31;220;0;0;2181872;2799465;16;2181918;0;NOSTRESS
42439143461;53736;"NEAR_P1";"INTERVAL";"PROBE";1;63;0x00000b31;220;0;0;2187336;2813602;332;2187425;0;NOSTRESS
42439197206;53792;"NEAR_P1";"INTERVAL";"PROBE";1;63;0x00000b31;220;0;0;2187128;2811559;440;2187216;0;NOSTRESS
42439251007;53915;"NEAR_P1";"INTERVAL";"PROBE";1;63;0x00000b31;220;0;0;2189126;2820538;1140;2189224;0;NOSTRESS
42439304929;53631;"NEAR_P1";"INTERVAL";"PROBE";1;63;0x00000b31;220;0;0;2181603;2798614;388;2181649;0;NOSTRESS
42439358570;53795;"NEAR_P1";"INTERVAL";"PROBE";1;63;0x00000b31;220;0;0;2187184;2812792;148;2187269;0;NOSTRESS
42439412372;53700;"NEAR_P1";"INTERVAL";"PROBE";1;63;0x00000b31;220;0;0;2187188;2810222;64;2187282;0;NOSTRESS
42439466079;53631;"NEAR_P1";"INTERVAL";"PROBE";1;63;0x00000b31;220;0;0;2183078;2804046;178;2183125;0;NOSTRESS
42439519717;53715;"NEAR_P1";"INTERVAL";"PROBE";1;63;0x00000b31;220;0;0;2187166;2814532;112;2187257;0;NOSTRESS
42439573463;270030;"TRAJ_R1";"INTERVAL";"PROBE";1;63;0x00000b31;220;0;0;10604779;14145593;430;10605128;0;NOSTRESS
42440098278;1325413;"MAF";"INTERVAL";"PROBE";1;63;0x00000b31;221;8;7;53575238;69355526;7561;53576995;0;NOSTRESS
42440098299;114;"SENS_C1";"INTERVAL";"PROBE";1;63;0x00000b31;221;0;3;1451;2078;436;1455;0;NOSTRESS
42440098421;238;"LOC_C1";"INTERVAL";"PROBE";1;63;0x00000b31;221;1;1;4917;7299;533;4921;0;NOSTRESS
42440098667;33;"LOC_C2";"INTERVAL";"PROBE";1;63;0x00000b31;221;0;0;650;887;108;654;0;NOSTRESS
42440098709;311;"LOC_C3";"INTERVAL";"PROBE";1;63;0x00000b31;221;0;0;9811;13311;316;9815;0;NOSTRESS
42440099031;44;"LOC_C4";"INTERVAL";"PROBE";1;63;0x00000b31;221;0;0;584;898;132;588;0;NOSTRESS
42440099081;54018;"NEAR_P1";"INTERVAL";"PROBE";1;63;0x00000b31;221;6;2;2188954;2820272;1424;2189029;0;NOSTRESS
42440153108;53770;"NEAR_P1";"INTERVAL";"PROBE";1;63;0x00000b31;221;0;1;2186742;2819407;644;2186818;0;NOSTRESS
42440206886;53599;"NEAR_P1";"INTERVAL";"PROBE";1;63;0x00000b31;221;0;0;2181465;2790694;344;2181505;0;NOSTRESS
42440260492;53715;"NEAR_P1";"INTERVAL";"PROBE";1;63;0x00000b31;221;0;0;2186731;2802449;60;2186827;0;NOSTRESS
42440314214;53712;"NEAR_P1";"INTERVAL";"PROBE";1;63;0x00000b31;221;0;0;2186533;2814667;44;2186622;0;NOSTRESS
42440367934;53552;"NEAR_P1";"INTERVAL";"PROBE";1;63;0x00000b31;221;0;0;2181486;2802756;4;2181531;0;NOSTRESS
42440421493;53686;"NEAR_P1";"INTERVAL";"PROBE";1;63;0x00000b31;221;0;0;2186464;2810226;36;2186547;0;NOSTRESS
42440475186;53618;"NEAR_P1";"INTERVAL";"PROBE";1;63;0x00000b31;221;0;0;2183577;2810264;54;2183657;0;NOSTRESS
42440528812;53548;"NEAR_P1";"INTERVAL";"PROBE";1;63;0x00000b31;221;0;0;2181552;2804647;7;2181594;0;NOSTRESS
42440582367;53699;"NEAR_P1";"INTERVAL";"PROBE";1;63;0x00000b31;221;0;0;2186862;2813581;74;2186946;0;NOSTRESS
42440636084;53724;"NEAR_P1";"INTERVAL";"PROBE";1;63;0x00000b31;221;0;0;2187219;2811441;81;2187307;0;NOSTRESS
42440689816;53545;"NEAR_P1";"INTERVAL";"PROBE";1;63;0x00000b31;221;0;0;2181751;2802764;4;2181797;0;NOSTRESS
42440743368;53721;"NEAR_P1";"INTERVAL";"PROBE";1;63;0x00000b31;221;0;0;2187192;2813731;316;2187280;0;NOSTRESS
42440797098;53774;"NEAR_P1";"INTERVAL";"PROBE";1;63;0x00000b31;221;0;0;2187130;2814178;512;2187218;0;NOSTRESS
42440850879;53781;"NEAR_P1";"INTERVAL";"PROBE";1;63;0x00000b31;221;0;0;2187047;2816787;708;2187133;0;NOSTRESS
42440904667;53608;"NEAR_P1";"INTERVAL";"PROBE";1;63;0x00000b31;221;0;0;2181811;2806031;380;2181861;0;NOSTRESS
42440958282;53916;"NEAR_P1";"INTERVAL";"PROBE";1;63;0x00000b31;221;0;0;2189098;2810129;568;2189193;0;NOSTRESS
42441012209;53704;"NEAR_P1";"INTERVAL";"PROBE";1;63;0x00000b31;221;0;0;2187116;2814570;44;2187207;0;NOSTRESS
42441065920;53552;"NEAR_P1";"INTERVAL";"PROBE";1;63;0x00000b31;221;0;0;2181833;2793106;40;2181883;0;NOSTRESS
42441119479;53747;"NEAR_P1";"INTERVAL";"PROBE";1;63;0x00000b31;221;0;0;2187124;2813567;56;2187212;0;NOSTRESS
42441173235;250446;"TRAJ_R1";"INTERVAL";"PROBE";1;63;0x00000b31;221;0;0;9833932;13118587;480;9834263;0;NOSTRESS
42441698269;1305593;"MAF";"INTERVAL";"PROBE";1;63;0x00000b31;222;12;5;52864069;67958749;9873;52865825;0;NOSTRESS
42441698294;123;"SENS_C1";"INTERVAL";"PROBE";1;63;0x00000b31;222;0;2;1454;2066;464;1458;0;NOSTRESS
42441698423;239;"LOC_C1";"INTERVAL";"PROBE";1;63;0x00000b31;222;0;0;4907;7193;524;4911;0;NOSTRESS
42441698669;34;"LOC_C2";"INTERVAL";"PROBE";1;63;0x00000b31;222;0;0;650;900;100;654;0;NOSTRESS
42441698712;313;"LOC_C3";"INTERVAL";"PROBE";1;63;0x00000b31;222;0;0;9803;13197;324;9807;0;NOSTRESS
42441699034;43;"LOC_C4";"INTERVAL";"PROBE";1;63;0x00000b31;222;0;0;586;905;124;590;0;NOSTRESS
42441699084;53959;"NEAR_P1";"INTERVAL";"PROBE";1;63;0x00000b31;222;2;0;2188409;2820091;1715;2188484;0;NOSTRESS
42441753051;53848;"NEAR_P1";"INTERVAL";"PROBE";1;63;0x00000b31;222;1;2;2188613;2819665;1008;2188699;0;NOSTRESS
42441806908;53639;"NEAR_P1";"INTERVAL";"PROBE";1;63;0x00000b31;222;0;0;2181633;2803058;356;2181673;0;NOSTRESS
42441860555;53699;"NEAR_P1";"INTERVAL";"PROBE";1;63;0x00000b31;222;0;0;2186754;2816763;56;2186832;0;NOSTRESS
42441914261;53613;"NEAR_P1";"INTERVAL";"PROBE";1;63;0x00000b31;222;0;0;2183967;2806879;8;2184065;0;NOSTRESS
42441967881;53451;"NEAR_P1";"INTERVAL";"PROBE";1;63;0x00000b31;222;0;0;2181744;2781097;12;2181789;0;NOSTRESS
42442021340;53595;"NEAR_P1";"INTERVAL";"PROBE";1;63;0x00000b31;222;0;0;2186905;2791416;12;2186988;0;NOSTRESS
42442074948;53598;"NEAR_P1";"INTERVAL";"PROBE";1;63;0x00000b31;222;0;0;2186745;2787624;44;2186834;0;NOSTRESS
42442128553;53444;"NEAR_P1";"INTERVAL";"PROBE";1;63;0x00000b31;222;0;0;2181656;2777931;5;2181701;0;NOSTRESS
42442182004;53618;"NEAR_P1";"INTERVAL";"PROBE";1;63;0x00000b31;222;0;0;2187108;2783255;71;2187195;0;NOSTRESS
42442235629;53582;"NEAR_P1";"INTERVAL";"PROBE";1;63;0x00000b31;222;0;0;2186979;2790981;12;2187071;0;NOSTRESS
42442289218;53469;"NEAR_P1";"INTERVAL";"PROBE";1;63;0x00000b31;222;0;0;2181941;2779373;47;2181984;0;NOSTRESS
42442342695;53644;"NEAR_P1";"INTERVAL";"PROBE";1;63;0x00000b31;222;0;0;2187550;2789412;264;2187639;0;NOSTRESS
42442396347;53712;"NEAR_P1";"INTERVAL";"PROBE";1;63;0x00000b31;222;0;0;2187524;2792346;796;2187616;0;NOSTRESS
42442450069;53533;"NEAR_P1";"INTERVAL";"PROBE";1;63;0x00000b31;222;0;0;2182151;2779623;760;2182195;0;NOSTRESS
42442503610;53720;"NEAR_P1";"INTERVAL";"PROBE";1;63;0x00000b31;222;0;0;2187662;2787230;592;2187752;0;NOSTRESS
42442557337;53653;"NEAR_P1";"INTERVAL";"PROBE";1;63;0x00000b31;222;0;0;2187368;2790284;208;2187453;0;NOSTRESS
42442610997;53767;"NEAR_P1";"INTERVAL";"PROBE";1;63;0x00000b31;222;0;0;2189293;2795489;436;2189394;0;NOSTRESS
42442664772;53479;"NEAR_P1";"INTERVAL";"PROBE";1;63;0x00000b31;222;0;0;2182027;2777574;68;2182073;0;NOSTRESS
42442718259;53909;"NEAR_P1";"INTERVAL";"PROBE";1;63;0x00000b31;222;9;1;2188284;2790484;1236;2188382;0;NOSTRESS
42442772195;231657;"TRAJ_R1";"INTERVAL";"PROBE";1;63;0x00000b31;222;0;0;9116150;12046127;422;9116454;0;NOSTRESS
42443298267;1291224;"MAF";"INTERVAL";"PROBE";1;63;0x00000b31;223;16;8;52212547;67587994;9179;52214312;0;NOSTRESS
42443298289;117;"SENS_C1";"INTERVAL";"PROBE";1;63;0x00000b31;223;0;1;1450;2047;444;1454;0;NOSTRESS
42443298414;234;"LOC_C1";"INTERVAL";"PROBE";1;63;0x00000b31;223;1;2;4913;7278;545;4917;0;NOSTRESS
42443298656;37;"LOC_C2";"INTERVAL";"PROBE";1;63;0x00000b31;223;0;0;650;895;116;654;0;NOSTRESS
42443298702;313;"LOC_C3";"INTERVAL";"PROBE";1;63;0x00000b31;223;0;0;9808;13344;312;9812;0;NOSTRESS
42443299024;46;"LOC_C4";"INTERVAL";"PROBE";1;63;0x00000b31;223;0;0;584;878;128;588;0;NOSTRESS
42443299076;53915;"NEAR_P1";"INTERVAL";"PROBE";1;63;0x00000b31;223;6;0;2187209;2812031;1420;2187276;0;NOSTRESS
42443353000;53771;"NEAR_P1";"INTERVAL";"PROBE";1;63;0x00000b31;223;1;2;2186591;2815377;620;2186669;0;NOSTRESS
42443406780;53899;"NEAR_P1";"INTERVAL";"PROBE";1;63;0x00000b31;223;3;1;2184398;2800910;1120;2184482;0;NOSTRESS
42443460686;53841;"NEAR_P1";"INTERVAL";"PROBE";1;63;0x00000b31;223;3;0;2188673;2819336;340;2188757;0;NOSTRESS
42443514534;53699;"NEAR_P1";"INTERVAL";"PROBE";1;63;0x00000b31;223;2;2;2186556;2814003;28;2186642;0;NOSTRESS
42443568241;53551;"NEAR_P1";"INTERVAL";"PROBE";1;63;0x00000b31;223;0;0;2181518;2802956;20;2181563;0;NOSTRESS
42443621799;53689;"NEAR_P1";"INTERVAL";"PROBE";1;63;0x00000b31;223;0;0;2186568;2815001;32;2186654;0;NOSTRESS
42443675495;53704;"NEAR_P1";"INTERVAL";"PROBE";1;63;0x00000b31;223;0;0;2186489;2815663;16;2186574;0;NOSTRESS
42443729206;53613;"NEAR_P1";"INTERVAL";"PROBE";1;63;0x00000b31;223;0;0;2182739;2807465;68;2182785;0;NOSTRESS
42443782826;53727;"NEAR_P1";"INTERVAL";"PROBE";1;63;0x00000b31;223;0;0;2186857;2815615;77;2186944;0;NOSTRESS
42443836560;53715;"NEAR_P1";"INTERVAL";"PROBE";1;63;0x00000b31;223;0;0;2187292;2813279;47;2187377;0;NOSTRESS
42443890282;53551;"NEAR_P1";"INTERVAL";"PROBE";1;63;0x00000b31;223;0;0;2181848;2803134;16;2181891;0;NOSTRESS
42443943840;53801;"NEAR_P1";"INTERVAL";"PROBE";1;63;0x00000b31;223;0;0;2187038;2813949;524;2187128;0;NOSTRESS
42443997655;53781;"NEAR_P1";"INTERVAL";"PROBE";1;63;0x00000b31;223;0;0;2187203;2811955;616;2187288;0;NOSTRESS
42444051445;53808;"NEAR_P1";"INTERVAL";"PROBE";1;63;0x00000b31;223;0;0;2187234;2814837;848;2187322;0;NOSTRESS
42444105260;53655;"NEAR_P1";"INTERVAL";"PROBE";1;63;0x00000b31;223;0;0;2181900;2804574;392;2181950;0;NOSTRESS
42444158922;53798;"NEAR_P1";"INTERVAL";"PROBE";1;63;0x00000b31;223;0;0;2187054;2816147;257;2187142;0;NOSTRESS
42444212727;53773;"NEAR_P1";"INTERVAL";"PROBE";1;63;0x00000b31;223;0;0;2187388;2815418;145;2187474;0;NOSTRESS
42444266507;53706;"NEAR_P1";"INTERVAL";"PROBE";1;63;0x00000b31;223;0;0;2183664;2810434;424;2183723;0;NOSTRESS
42444320220;53729;"NEAR_P1";"INTERVAL";"PROBE";1;63;0x00000b31;223;0;0;2187220;2815336;60;2187308;0;NOSTRESS
42444373977;215505;"TRAJ_R1";"INTERVAL";"PROBE";1;63;0x00000b31;223;0;0;8463486;11298557;376;8463795;0;NOSTRESS
42444898274;1275490;"MAF";"INTERVAL";"PROBE";1;63;0x00000b31;224;4;2;51612598;66779811;7986;51614312;0;NOSTRESS
42444898297;112;"SENS_C1";"INTERVAL";"PROBE";1;63;0x00000b31;224;0;1;1454;2087;444;1458;0;NOSTRESS
42444898421;235;"LOC_C1";"INTERVAL";"PROBE";1;63;0x00000b31;224;0;1;4919;7344;542;4923;0;NOSTRESS
42444898665;32;"LOC_C2";"INTERVAL";"PROBE";1;63;0x00000b31;224;0;0;650;913;96;654;0;NOSTRESS
42444898707;314;"LOC_C3";"INTERVAL";"PROBE";1;63;0x00000b31;224;0;0;9802;13298;316;9806;0;NOSTRESS
42444899031;40;"LOC_C4";"INTERVAL";"PROBE";1;63;0x00000b31;224;0;0;586;887;116;590;0;NOSTRESS
42444899077;53901;"NEAR_P1";"INTERVAL";"PROBE";1;63;0x00000b31;224;3;0;2187671;2820501;1096;2187750;0;NOSTRESS
42444952987;53694;"NEAR_P1";"INTERVAL";"PROBE";1;63;0x00000b31;224;1;0;2183937;2807397;633;2184003;0;NOSTRESS
42445006690;53553;"NEAR_P1";"INTERVAL";"PROBE";1;63;0x00000b31;224;0;0;2181506;2805833;323;2181546;0;NOSTRESS
42445060250;53710;"NEAR_P1";"INTERVAL";"PROBE";1;63;0x00000b31;224;0;0;2186600;2816375;76;2186676;0;NOSTRESS
42445113967;53799;"NEAR_P1";"INTERVAL";"PROBE";1;63;0x00000b31;224;0;0;2188476;2821512;320;2188575;0;NOSTRESS
42445167773;53552;"NEAR_P1";"INTERVAL";"PROBE";1;63;0x00000b31;224;0;0;2181477;2803885;16;2181522;0;NOSTRESS
42445221332;53706;"NEAR_P1";"INTERVAL";"PROBE";1;63;0x00000b31;224;0;0;2186605;2803025;63;2186697;0;NOSTRESS
42445275045;53693;"NEAR_P1";"INTERVAL";"PROBE";1;63;0x00000b31;224;0;0;2186594;2814538;8;2186680;0;NOSTRESS
42445328745;53547;"NEAR_P1";"INTERVAL";"PROBE";1;63;0x00000b31;224;0;0;2181558;2804741;4;2181603;0;NOSTRESS
42445382300;53692;"NEAR_P1";"INTERVAL";"PROBE";1;63;0x00000b31;224;0;0;2186480;2815394;34;2186571;0;NOSTRESS
42445435999;53735;"NEAR_P1";"INTERVAL";"PROBE";1;63;0x00000b31;224;0;0;2187342;2815150;70;2187430;0;NOSTRESS
42445489742;53586;"NEAR_P1";"INTERVAL";"PROBE";1;63;0x00000b31;224;0;0;2181886;2804461;51;2181932;0;NOSTRESS
42445543337;53762;"NEAR_P1";"INTERVAL";"PROBE";1;63;0x00000b31;224;0;0;2186949;2813311;581;2187038;0;NOSTRESS
42445597107;53770;"NEAR_P1";"INTERVAL";"PROBE";1;63;0x00000b31;224;0;0;2187293;2813580;574;2187384;0;NOSTRESS
42445650886;53842;"NEAR_P1";"INTERVAL";"PROBE";1;63;0x00000b31;224;0;0;2187026;2815137;884;2187114;0;NOSTRESS
42445704735;53624;"NEAR_P1";"INTERVAL";"PROBE";1;63;0x00000b31;224;0;0;2181865;2805491;352;2181914;0;NOSTRESS
42445758366;53818;"NEAR_P1";"INTERVAL";"PROBE";1;63;0x00000b31;224;0;0;2188458;2805506;306;2188550;0;NOSTRESS
42445812191;53723;"NEAR_P1";"INTERVAL";"PROBE";1;63;0x00000b31;224;0;0;2187203;2817493;96;2187291;0;NOSTRESS
42445865922;53564;"NEAR_P1";"INTERVAL";"PROBE";1;63;0x00000b31;224;0;0;2181796;2803244;60;2181845;0;NOSTRESS
42445919493;53857;"NEAR_P1";"INTERVAL";"PROBE";1;63;0x00000b31;224;0;0;2189073;2817039;348;2189174;0;NOSTRESS
42445973360;200396;"TRAJ_R1";"INTERVAL";"PROBE";1;63;0x00000b31;224;0;0;7869179;10504292;389;7869447;0;NOSTRESS
42446498263;1260466;"MAF";"INTERVAL";"PROBE";1;63;0x00000b31;225;27;10;51096991;65550480;8579;51098695;0;NOSTRESS
42446498289;117;"SENS_C1";"INTERVAL";"PROBE";1;63;0x00000b31;225;0;3;1451;2059;468;1455;0;NOSTRESS
42446498414;237;"LOC_C1";"INTERVAL";"PROBE";1;63;0x00000b31;225;0;0;4923;7354;532;4927;0;NOSTRESS
42446498659;32;"LOC_C2";"INTERVAL";"PROBE";1;63;0x00000b31;225;0;0;650;925;100;654;0;NOSTRESS
42446498700;310;"LOC_C3";"INTERVAL";"PROBE";1;63;0x00000b31;225;0;0;9811;13228;320;9815;0;NOSTRESS
42446499021;41;"LOC_C4";"INTERVAL";"PROBE";1;63;0x00000b31;225;0;0;585;892;128;589;0;NOSTRESS
42446499068;53889;"NEAR_P1";"INTERVAL";"PROBE";1;63;0x00000b31;225;4;1;2187300;2818384;1147;2187381;0;NOSTRESS
42446552970;53776;"NEAR_P1";"INTERVAL";"PROBE";1;63;0x00000b31;225;1;2;2186558;2806122;584;2186638;0;NOSTRESS
42446606756;53774;"NEAR_P1";"INTERVAL";"PROBE";1;63;0x00000b31;225;14;1;2182297;2771129;1384;2182342;0;NOSTRESS
42446660538;53624;"NEAR_P1";"INTERVAL";"PROBE";1;63;0x00000b31;225;4;2;2186784;2789129;104;2186862;0;NOSTRESS
42446714170;53616;"NEAR_P1";"INTERVAL";"PROBE";1;63;0x00000b31;225;3;1;2186534;2789668;42;2186618;0;NOSTRESS
42446767793;53540;"NEAR_P1";"INTERVAL";"PROBE";1;63;0x00000b31;225;0;0;2183302;2781667;252;2183357;0;NOSTRESS
42446821340;53600;"NEAR_P1";"INTERVAL";"PROBE";1;63;0x00000b31;225;0;0;2186467;2788864;24;2186550;0;NOSTRESS
42446874948;53582;"NEAR_P1";"INTERVAL";"PROBE";1;63;0x00000b31;225;0;0;2186468;2790475;4;2186557;0;NOSTRESS
42446928538;53430;"NEAR_P1";"INTERVAL";"PROBE";1;63;0x00000b31;225;0;0;2181331;2778882;24;2181376;0;NOSTRESS
42446981975;53608;"NEAR_P1";"INTERVAL";"PROBE";1;63;0x00000b31;225;0;0;2186829;2786558;48;2186919;0;NOSTRESS
42447035590;53596;"NEAR_P1";"INTERVAL";"PROBE";1;63;0x00000b31;225;0;0;2187201;2789021;40;2187286;0;NOSTRESS
42447089193;53440;"NEAR_P1";"INTERVAL";"PROBE";1;63;0x00000b31;225;0;0;2181762;2779387;4;2181808;0;NOSTRESS
42447142640;53647;"NEAR_P1";"INTERVAL";"PROBE";1;63;0x00000b31;225;0;0;2186767;2787965;378;2186850;0;NOSTRESS
42447196304;53816;"NEAR_P1";"INTERVAL";"PROBE";1;63;0x00000b31;225;0;0;2188473;2795575;652;2188562;0;NOSTRESS
42447250129;53479;"NEAR_P1";"INTERVAL";"PROBE";1;63;0x00000b31;225;0;0;2181429;2777707;504;2181471;0;NOSTRESS
42447303614;53737;"NEAR_P1";"INTERVAL";"PROBE";1;63;0x00000b31;225;0;0;2186970;2789896;756;2187061;0;NOSTRESS
42447357359;53632;"NEAR_P1";"INTERVAL";"PROBE";1;63;0x00000b31;225;0;0;2187202;2791133;132;2187290;0;NOSTRESS
42447410998;53630;"NEAR_P1";"INTERVAL";"PROBE";1;63;0x00000b31;225;0;0;2187104;2789100;88;2187195;0;NOSTRESS
42447464635;53484;"NEAR_P1";"INTERVAL";"PROBE";1;63;0x00000b31;225;0;0;2181775;2779347;32;2181818;0;NOSTRESS
42447518143;53599;"NEAR_P1";"INTERVAL";"PROBE";1;63;0x00000b31;225;0;0;2187176;2789892;24;2187267;0;NOSTRESS
42447571769;186953;"TRAJ_R1";"INTERVAL";"PROBE";1;63;0x00000b31;225;0;0;7353622;9728769;636;7353901;0;NOSTRESS
42448098287;1248109;"MAF";"INTERVAL";"PROBE";1;63;0x00000b31;226;9;6;50635266;64890256;7080;50636899;0;NOSTRESS
42448098313;120;"SENS_C1";"INTERVAL";"PROBE";1;63;0x00000b31;226;0;1;1455;2083;456;1459;0;NOSTRESS
42448098440;240;"LOC_C1";"INTERVAL";"PROBE";1;63;0x00000b31;226;2;1;4919;7335;518;4923;0;NOSTRESS
42448098687;34;"LOC_C2";"INTERVAL";"PROBE";1;63;0x00000b31;226;0;0;650;932;96;654;0;NOSTRESS
42448098730;310;"LOC_C3";"INTERVAL";"PROBE";1;63;0x00000b31;226;0;0;9796;13143;312;9800;0;NOSTRESS
42448099049;43;"LOC_C4";"INTERVAL";"PROBE";1;63;0x00000b31;226;0;0;585;916;120;589;0;NOSTRESS
42448099098;53793;"NEAR_P1";"INTERVAL";"PROBE";1;63;0x00000b31;226;5;3;2187316;2794254;1123;2187383;0;NOSTRESS
42448152900;53626;"NEAR_P1";"INTERVAL";"PROBE";1;63;0x00000b31;226;2;1;2186652;2790825;460;2186730;0;NOSTRESS
42448206533;53455;"NEAR_P1";"INTERVAL";"PROBE";1;63;0x00000b31;226;0;0;2181597;2777901;268;2181639;0;NOSTRESS
42448259996;53617;"NEAR_P1";"INTERVAL";"PROBE";1;63;0x00000b31;226;0;0;2186955;2787825;52;2187033;0;NOSTRESS
42448313635;53597;"NEAR_P1";"INTERVAL";"PROBE";1;63;0x00000b31;226;0;0;2186878;2790843;40;2186959;0;NOSTRESS
42448367239;53442;"NEAR_P1";"INTERVAL";"PROBE";1;63;0x00000b31;226;0;0;2181578;2778310;16;2181620;0;NOSTRESS
42448420688;53726;"NEAR_P1";"INTERVAL";"PROBE";1;63;0x00000b31;226;0;0;2188587;2794305;236;2188683;0;NOSTRESS
42448474421;53592;"NEAR_P1";"INTERVAL";"PROBE";1;63;0x00000b31;226;0;0;2186703;2791136;24;2186789;0;NOSTRESS
42448528020;53445;"NEAR_P1";"INTERVAL";"PROBE";1;63;0x00000b31;226;0;0;2181653;2780446;8;2181698;0;NOSTRESS
42448581471;53604;"NEAR_P1";"INTERVAL";"PROBE";1;63;0x00000b31;226;0;0;2187053;2789034;64;2187140;0;NOSTRESS
42448635082;53594;"NEAR_P1";"INTERVAL";"PROBE";1;63;0x00000b31;226;0;0;2187417;2791176;4;2187502;0;NOSTRESS
42448688684;53439;"NEAR_P1";"INTERVAL";"PROBE";1;63;0x00000b31;226;0;0;2181903;2776759;16;2181949;0;NOSTRESS
42448742130;53608;"NEAR_P1";"INTERVAL";"PROBE";1;63;0x00000b31;226;0;0;2187094;2788408;300;2187187;0;NOSTRESS
42448795748;53696;"NEAR_P1";"INTERVAL";"PROBE";1;63;0x00000b31;226;0;0;2186762;2789130;616;2186852;0;NOSTRESS
42448849452;53501;"NEAR_P1";"INTERVAL";"PROBE";1;63;0x00000b31;226;0;0;2181992;2777761;484;2182039;0;NOSTRESS
42448902960;53748;"NEAR_P1";"INTERVAL";"PROBE";1;63;0x00000b31;226;0;0;2187261;2787964;449;2187349;0;NOSTRESS
42448956715;53656;"NEAR_P1";"INTERVAL";"PROBE";1;63;0x00000b31;226;0;0;2187267;2790108;208;2187356;0;NOSTRESS
42449010378;53638;"NEAR_P1";"INTERVAL";"PROBE";1;63;0x00000b31;226;0;0;2187342;2787054;200;2187430;0;NOSTRESS
42449064026;53461;"NEAR_P1";"INTERVAL";"PROBE";1;63;0x00000b31;226;0;0;2181926;2777646;32;2181969;0;NOSTRESS
42449117494;53606;"NEAR_P1";"INTERVAL";"PROBE";1;63;0x00000b31;226;0;0;2187272;2786796;68;2187360;0;NOSTRESS
42449171108;175280;"TRAJ_R1";"INTERVAL";"PROBE";1;63;0x00000b31;226;0;0;6890436;9111084;754;6890664;0;NOSTRESS
42449698281;1182612;"MAF";"INTERVAL";"PROBE";1;63;0x00000b31;227;25;12;48033541;61441890;10705;48035121;0;NOSTRESS
42449698306;120;"SENS_C1";"INTERVAL";"PROBE";1;63;0x00000b31;227;0;1;1451;2057;460;1455;0;NOSTRESS
42449698432;237;"LOC_C1";"INTERVAL";"PROBE";1;63;0x00000b31;227;0;1;4924;7457;513;4928;0;NOSTRESS
42449698676;35;"LOC_C2";"INTERVAL";"PROBE";1;63;0x00000b31;227;0;0;650;897;116;654;0;NOSTRESS
42449698720;310;"LOC_C3";"INTERVAL";"PROBE";1;63;0x00000b31;227;0;0;9807;13463;316;9811;0;NOSTRESS
42449699040;43;"LOC_C4";"INTERVAL";"PROBE";1;63;0x00000b31;227;0;0;584;909;124;588;0;NOSTRESS
42449699089;53829;"NEAR_P1";"INTERVAL";"PROBE";1;63;0x00000b31;227;6;2;2187883;2793881;1453;2187958;0;NOSTRESS
42449752926;53646;"NEAR_P1";"INTERVAL";"PROBE";1;63;0x00000b31;227;4;4;2187109;2790750;680;2187189;0;NOSTRESS
42449806581;53373;"NEAR_P1";"INTERVAL";"PROBE";1;63;0x00000b31;227;1;0;2179007;2763743;252;2179035;0;NOSTRESS
42449859967;53595;"NEAR_P1";"INTERVAL";"PROBE";1;63;0x00000b31;227;0;0;2187119;2790576;44;2187197;0;NOSTRESS
42449913569;53752;"NEAR_P1";"INTERVAL";"PROBE";1;63;0x00000b31;227;2;0;2188435;2792127;458;2188524;0;NOSTRESS
42449967328;53524;"NEAR_P1";"INTERVAL";"PROBE";1;63;0x00000b31;227;0;0;2183167;2780598;214;2183216;0;NOSTRESS
42450020860;53816;"NEAR_P1";"INTERVAL";"PROBE";1;63;0x00000b31;227;0;0;2189661;2792735;591;2189760;0;NOSTRESS
42450074683;53750;"NEAR_P1";"INTERVAL";"PROBE";1;63;0x00000b31;227;0;0;2188912;2784294;402;2189008;0;NOSTRESS
42450128451;53469;"NEAR_P1";"INTERVAL";"PROBE";1;63;0x00000b31;227;0;0;2181326;2779688;75;2181366;0;NOSTRESS
42450181928;53606;"NEAR_P1";"INTERVAL";"PROBE";1;63;0x00000b31;227;0;0;2185466;2785047;176;2185545;0;NOSTRESS
42450235542;53692;"NEAR_P1";"INTERVAL";"PROBE";1;63;0x00000b31;227;0;0;2188596;2792361;117;2188687;0;NOSTRESS
42450289246;53518;"NEAR_P1";"INTERVAL";"PROBE";1;63;0x00000b31;227;0;0;2183246;2779960;76;2183298;0;NOSTRESS
42450342771;53993;"NEAR_P1";"INTERVAL";"PROBE";1;63;0x00000b31;227;10;2;2189858;2794586;1629;2189963;0;NOSTRESS
42450396775;53712;"NEAR_P1";"INTERVAL";"PROBE";1;63;0x00000b31;227;2;1;2187673;2788165;832;2187761;0;NOSTRESS
42450450496;53688;"NEAR_P1";"INTERVAL";"PROBE";1;63;0x00000b31;227;0;0;2187722;2790106;820;2187811;0;NOSTRESS
42450504191;53507;"NEAR_P1";"INTERVAL";"PROBE";1;63;0x00000b31;227;0;0;2182426;2781900;393;2182473;0;NOSTRESS
42450557705;53636;"NEAR_P1";"INTERVAL";"PROBE";1;63;0x00000b31;227;0;0;2187708;2789263;83;2187802;0;NOSTRESS
42450611349;53659;"NEAR_P1";"INTERVAL";"PROBE";1;63;0x00000b31;227;0;0;2187530;2790537;100;2187615;0;NOSTRESS
42450665016;53465;"NEAR_P1";"INTERVAL";"PROBE";1;63;0x00000b31;227;0;0;2182252;2780535;36;2182301;0;NOSTRESS
42450718489;53597;"NEAR_P1";"INTERVAL";"PROBE";1;63;0x00000b31;227;0;0;2187658;2789368;52;2187746;0;NOSTRESS
42450772113;108772;"TRAJ_R1";"INTERVAL";"PROBE";1;63;0x00000b31;227;0;0;4277148;5659366;473;4277281;0;NOSTRESS
42451298273;1140302;"MAF";"INTERVAL";"PROBE";1;63;0x00000b31;228;16;10;46390050;59236838;7695;46391556;0;NOSTRESS
42451298296;118;"SENS_C1";"INTERVAL";"PROBE";1;63;0x00000b31;228;0;2;1454;2086;468;1458;0;NOSTRESS
42451298422;244;"LOC_C1";"INTERVAL";"PROBE";1;63;0x00000b31;228;1;1;4916;7332;572;4920;0;NOSTRESS
42451298674;32;"LOC_C2";"INTERVAL";"PROBE";1;63;0x00000b31;228;0;0;650;899;92;654;0;NOSTRESS
42451298715;310;"LOC_C3";"INTERVAL";"PROBE";1;63;0x00000b31;228;0;0;9805;13460;316;9809;0;NOSTRESS
42451299035;40;"LOC_C4";"INTERVAL";"PROBE";1;63;0x00000b31;228;0;0;586;913;120;590;0;NOSTRESS
42451299082;53837;"NEAR_P1";"INTERVAL";"PROBE";1;63;0x00000b31;228;8;3;2187717;2793628;1369;2187784;0;NOSTRESS
42451352927;53635;"NEAR_P1";"INTERVAL";"PROBE";1;63;0x00000b31;228;5;3;2186814;2786789;704;2186892;0;NOSTRESS
42451406573;53487;"NEAR_P1";"INTERVAL";"PROBE";1;63;0x00000b31;228;0;1;2181704;2776641;350;2181746;0;NOSTRESS
42451460067;53511;"NEAR_P1";"INTERVAL";"PROBE";1;63;0x00000b31;228;0;0;2183929;2770323;68;2183995;0;NOSTRESS
42451513585;53598;"NEAR_P1";"INTERVAL";"PROBE";1;63;0x00000b31;228;0;0;2186809;2787736;8;2186885;0;NOSTRESS
42451567190;53430;"NEAR_P1";"INTERVAL";"PROBE";1;63;0x00000b31;228;0;0;2181688;2778305;8;2181736;0;NOSTRESS
42451620627;53587;"NEAR_P1";"INTERVAL";"PROBE";1;63;0x00000b31;228;0;0;2186814;2787686;32;2186900;0;NOSTRESS
42451674221;53580;"NEAR_P1";"INTERVAL";"PROBE";1;63;0x00000b31;228;0;0;2186818;2774788;44;2186904;0;NOSTRESS
42451727808;53444;"NEAR_P1";"INTERVAL";"PROBE";1;63;0x00000b31;228;0;0;2181948;2767645;4;2182005;0;NOSTRESS
42451781259;53728;"NEAR_P1";"INTERVAL";"PROBE";1;63;0x00000b31;228;0;0;2189034;2794723;268;2189134;0;NOSTRESS
42451834994;53648;"NEAR_P1";"INTERVAL";"PROBE";1;63;0x00000b31;228;0;0;2187085;2789244;36;2187171;0;NOSTRESS
42451888650;53447;"NEAR_P1";"INTERVAL";"PROBE";1;63;0x00000b31;228;0;0;2182064;2777209;8;2182113;0;NOSTRESS
42451942104;53711;"NEAR_P1";"INTERVAL";"PROBE";1;63;0x00000b31;228;0;0;2188941;2791547;435;2189034;0;NOSTRESS
42451995824;53783;"NEAR_P1";"INTERVAL";"PROBE";1;63;0x00000b31;228;0;0;2187412;2788688;512;2187500;0;NOSTRESS
42452049616;53492;"NEAR_P1";"INTERVAL";"PROBE";1;63;0x00000b31;228;0;0;2181778;2781229;508;2181826;0;NOSTRESS
42452103115;53688;"NEAR_P1";"INTERVAL";"PROBE";1;63;0x00000b31;228;0;0;2187503;2789966;590;2187591;0;NOSTRESS
42452156810;53666;"NEAR_P1";"INTERVAL";"PROBE";1;63;0x00000b31;228;0;0;2187434;2786413;268;2187522;0;NOSTRESS
42452210484;53607;"NEAR_P1";"INTERVAL";"PROBE";1;63;0x00000b31;228;0;0;2187405;2790562;142;2187496;0;NOSTRESS
42452264098;53502;"NEAR_P1";"INTERVAL";"PROBE";1;63;0x00000b31;228;0;0;2181908;2782473;107;2181954;0;NOSTRESS
42452317607;53622;"NEAR_P1";"INTERVAL";"PROBE";1;63;0x00000b31;228;0;0;2187450;2791846;65;2187539;0;NOSTRESS
42452371257;67310;"TRAJ_R1";"INTERVAL";"PROBE";1;63;0x00000b31;228;0;0;2644164;3497202;417;2644252;0;NOSTRESS
42452898222;1144430;"MAF";"INTERVAL";"PROBE";1;63;0x00000b31;229;10;11;46460035;59853615;7729;46461541;0;NOSTRESS
42452898244;125;"SENS_C1";"INTERVAL";"PROBE";1;63;0x00000b31;229;0;2;1452;2034;464;1456;0;NOSTRESS
42452898375;243;"LOC_C1";"INTERVAL";"PROBE";1;63;0x00000b31;229;0;0;4917;7310;545;4921;0;NOSTRESS
42452898627;34;"LOC_C2";"INTERVAL";"PROBE";1;63;0x00000b31;229;0;0;650;903;120;654;0;NOSTRESS
42452898670;313;"LOC_C3";"INTERVAL";"PROBE";1;63;0x00000b31;229;0;0;9807;13281;324;9811;0;NOSTRESS
42452898992;41;"LOC_C4";"INTERVAL";"PROBE";1;63;0x00000b31;229;0;0;585;893;120;589;0;NOSTRESS
42452899039;53906;"NEAR_P1";"INTERVAL";"PROBE";1;63;0x00000b31;229;6;3;2187735;2808499;1276;2187812;0;NOSTRESS
42452952952;53814;"NEAR_P1";"INTERVAL";"PROBE";1;63;0x00000b31;229;4;6;2187246;2813103;683;2187324;0;NOSTRESS
42453006773;53598;"NEAR_P1";"INTERVAL";"PROBE";1;63;0x00000b31;229;0;0;2181891;2806000;320;2181931;0;NOSTRESS
42453060378;53747;"NEAR_P1";"INTERVAL";"PROBE";1;63;0x00000b31;229;0;0;2187031;2815765;73;2187111;0;NOSTRESS
42453114132;53628;"NEAR_P1";"INTERVAL";"PROBE";1;63;0x00000b31;229;0;0;2184228;2807291;27;2184294;0;NOSTRESS
42453167767;53466;"NEAR_P1";"INTERVAL";"PROBE";1;63;0x00000b31;229;0;0;2178768;2788542;30;2178793;0;NOSTRESS
42453221240;53732;"NEAR_P1";"INTERVAL";"PROBE";1;63;0x00000b31;229;0;0;2187374;2811078;103;2187474;0;NOSTRESS
42453274979;53702;"NEAR_P1";"INTERVAL";"PROBE";1;63;0x00000b31;229;0;0;2186973;2815501;24;2187062;0;NOSTRESS
42453328688;53553;"NEAR_P1";"INTERVAL";"PROBE";1;63;0x00000b31;229;0;0;2181878;2792898;32;2181923;0;NOSTRESS
42453382248;53749;"NEAR_P1";"INTERVAL";"PROBE";1;63;0x00000b31;229;0;0;2187348;2814597;104;2187435;0;NOSTRESS
42453436004;53844;"NEAR_P1";"INTERVAL";"PROBE";1;63;0x00000b31;229;0;0;2189621;2821449;304;2189719;0;NOSTRESS
42453489856;53583;"NEAR_P1";"INTERVAL";"PROBE";1;63;0x00000b31;229;0;0;2182270;2805276;52;2182319;0;NOSTRESS
42453543446;53745;"NEAR_P1";"INTERVAL";"PROBE";1;63;0x00000b31;229;0;0;2187509;2815367;368;2187598;0;NOSTRESS
42453597201;53829;"NEAR_P1";"INTERVAL";"PROBE";1;63;0x00000b31;229;0;0;2188931;2809385;618;2189024;0;NOSTRESS
42453651038;53809;"NEAR_P1";"INTERVAL";"PROBE";1;63;0x00000b31;229;0;0;2187520;2813883;772;2187605;0;NOSTRESS
42453704855;53644;"NEAR_P1";"INTERVAL";"PROBE";1;63;0x00000b31;229;0;0;2182238;2805468;436;2182287;0;NOSTRESS
42453758507;53759;"NEAR_P1";"INTERVAL";"PROBE";1;63;0x00000b31;229;0;0;2187646;2814249;181;2187740;0;NOSTRESS
42453812273;53789;"NEAR_P1";"INTERVAL";"PROBE";1;63;0x00000b31;229;0;0;2187498;2813035;116;2187586;0;NOSTRESS
42453866070;53565;"NEAR_P1";"INTERVAL";"PROBE";1;63;0x00000b31;229;0;0;2182254;2808000;44;2182300;0;NOSTRESS
42453919642;53772;"NEAR_P1";"INTERVAL";"PROBE";1;63;0x00000b31;229;0;0;2187459;2798048;85;2187553;0;NOSTRESS
42453973439;69204;"TRAJ_R1";"INTERVAL";"PROBE";1;63;0x00000b31;229;0;0;2712998;3624303;352;2713086;0;NOSTRESS
42454498253;1146455;"MAF";"INTERVAL";"PROBE";1;63;0x00000b31;230;19;12;46532240;60035517;8229;46533766;0;NOSTRESS
42454498277;391;"SENS_C1";"INTERVAL";"PROBE";1;63;0x00000b31;230;10;4;2349;4199;1484;2360;0;NOSTRESS
42454498676;237;"LOC_C1";"INTERVAL";"PROBE";1;63;0x00000b31;230;0;1;4921;7309;518;4925;0;NOSTRESS
42454498922;35;"LOC_C2";"INTERVAL";"PROBE";1;63;0x00000b31;230;0;0;650;896;100;654;0;NOSTRESS
42454498966;311;"LOC_C3";"INTERVAL";"PROBE";1;63;0x00000b31;230;0;0;9806;13242;320;9810;0;NOSTRESS
42454499287;41;"LOC_C4";"INTERVAL";"PROBE";1;63;0x00000b31;230;0;0;586;910;116;590;0;NOSTRESS
42454499334;53919;"NEAR_P1";"INTERVAL";"PROBE";1;63;0x00000b31;230;5;4;2187824;2821476;1212;2187901;0;NOSTRESS
42454553264;53794;"NEAR_P1";"INTERVAL";"PROBE";1;63;0x00000b31;230;4;3;2186990;2816389;600;2187068;0;NOSTRESS
42454607065;53505;"NEAR_P1";"INTERVAL";"PROBE";1;63;0x00000b31;230;0;0;2178994;2791732;264;2179022;0;NOSTRESS
42454660577;53726;"NEAR_P1";"INTERVAL";"PROBE";1;63;0x00000b31;230;0;0;2187071;2818142;64;2187149;0;NOSTRESS
42454714311;53718;"NEAR_P1";"INTERVAL";"PROBE";1;63;0x00000b31;230;0;0;2187046;2817216;31;2187126;0;NOSTRESS
42454768037;53566;"NEAR_P1";"INTERVAL";"PROBE";1;63;0x00000b31;230;0;0;2182003;2808183;27;2182045;0;NOSTRESS
42454821610;53733;"NEAR_P1";"INTERVAL";"PROBE";1;63;0x00000b31;230;0;0;2187067;2815208;75;2187153;0;NOSTRESS
42454875351;53703;"NEAR_P1";"INTERVAL";"PROBE";1;63;0x00000b31;230;0;0;2187135;2817176;16;2187224;0;NOSTRESS
42454929061;53572;"NEAR_P1";"INTERVAL";"PROBE";1;63;0x00000b31;230;0;0;2181945;2804196;12;2181990;0;NOSTRESS
42454982640;53715;"NEAR_P1";"INTERVAL";"PROBE";1;63;0x00000b31;230;0;0;2187408;2813888;60;2187501;0;NOSTRESS
42455036380;53760;"NEAR_P1";"INTERVAL";"PROBE";1;63;0x00000b31;230;0;0;2187739;2816990;52;2187831;0;NOSTRESS
42455090147;53680;"NEAR_P1";"INTERVAL";"PROBE";1;63;0x00000b31;230;0;0;2184199;2810095;208;2184255;0;NOSTRESS
42455143834;53765;"NEAR_P1";"INTERVAL";"PROBE";1;63;0x00000b31;230;0;0;2187741;2814282;296;2187830;0;NOSTRESS
42455197616;53798;"NEAR_P1";"INTERVAL";"PROBE";1;63;0x00000b31;230;0;0;2187667;2816678;456;2187761;0;NOSTRESS
42455251423;53863;"NEAR_P1";"INTERVAL";"PROBE";1;63;0x00000b31;230;0;0;2189107;2821235;1008;2189203;0;NOSTRESS
42455305296;53614;"NEAR_P1";"INTERVAL";"PROBE";1;63;0x00000b31;230;0;0;2182260;2805930;432;2182306;0;NOSTRESS
42455358917;53760;"NEAR_P1";"INTERVAL";"PROBE";1;63;0x00000b31;230;0;0;2187688;2816767;176;2187773;0;NOSTRESS
42455412684;53753;"NEAR_P1";"INTERVAL";"PROBE";1;63;0x00000b31;230;0;0;2187718;2818720;61;2187809;0;NOSTRESS
42455466448;53597;"NEAR_P1";"INTERVAL";"PROBE";1;63;0x00000b31;230;0;0;2182119;2806086;55;2182165;0;NOSTRESS
42455520052;53718;"NEAR_P1";"INTERVAL";"PROBE";1;63;0x00000b31;230;0;0;2187693;2817527;8;2187784;0;NOSTRESS
42455573798;70902;"TRAJ_R1";"INTERVAL";"PROBE";1;63;0x00000b31;230;0;0;2780295;3713606;361;2780386;0;NOSTRESS
42456098225;1147820;"MAF";"INTERVAL";"PROBE";1;63;0x00000b31;231;8;7;46601243;60120737;7351;46602723;0;NOSTRESS
42456098249;125;"SENS_C1";"INTERVAL";"PROBE";1;63;0x00000b31;231;0;0;1451;2084;460;1455;0;NOSTRESS
42456098381;243;"LOC_C1";"INTERVAL";"PROBE";1;63;0x00000b31;231;0;2;4914;7319;545;4918;0;NOSTRESS
42456098632;34;"LOC_C2";"INTERVAL";"PROBE";1;63;0x00000b31;231;0;0;650;902;116;654;0;NOSTRESS
42456098675;310;"LOC_C3";"INTERVAL";"PROBE";1;63;0x00000b31;231;0;0;9809;13505;320;9813;0;NOSTRESS
42456098994;40;"LOC_C4";"INTERVAL";"PROBE";1;63;0x00000b31;231;0;0;584;925;120;588;0;NOSTRESS
42456099040;53900;"NEAR_P1";"INTERVAL";"PROBE";1;63;0x00000b31;231;5;2;2187588;2818296;1136;2187655;0;NOSTRESS
42456152947;53736;"NEAR_P1";"INTERVAL";"PROBE";1;63;0x00000b31;231;2;2;2186986;2815931;637;2187062;0;NOSTRESS
42456206692;53587;"NEAR_P1";"INTERVAL";"PROBE";1;63;0x00000b31;231;0;0;2181903;2805012;345;2181945;0;NOSTRESS
42456260286;53705;"NEAR_P1";"INTERVAL";"PROBE";1;63;0x00000b31;231;0;0;2186877;2814869;37;2186955;0;NOSTRESS
42456314007;53646;"NEAR_P1";"INTERVAL";"PROBE";1;63;0x00000b31;231;0;0;2184020;2812374;39;2184082;0;NOSTRESS
42456367660;53570;"NEAR_P1";"INTERVAL";"PROBE";1;63;0x00000b31;231;0;0;2181960;2804380;12;2182000;0;NOSTRESS
42456421238;53641;"NEAR_P1";"INTERVAL";"PROBE";1;63;0x00000b31;231;0;0;2184031;2810395;40;2184105;0;NOSTRESS
42456474886;53706;"NEAR_P1";"INTERVAL";"PROBE";1;63;0x00000b31;231;0;0;2187018;2815755;8;2187110;0;NOSTRESS
42456528599;53560;"NEAR_P1";"INTERVAL";"PROBE";1;63;0x00000b31;231;0;0;2181931;2807738;20;2181979;0;NOSTRESS
42456582167;53709;"NEAR_P1";"INTERVAL";"PROBE";1;63;0x00000b31;231;0;0;2187314;2814384;52;2187407;0;NOSTRESS
42456635883;53751;"NEAR_P1";"INTERVAL";"PROBE";1;63;0x00000b31;231;0;0;2187711;2818259;48;2187799;0;NOSTRESS
42456689641;53564;"NEAR_P1";"INTERVAL";"PROBE";1;63;0x00000b31;231;0;0;2182241;2806207;24;2182287;0;NOSTRESS
42456743212;53874;"NEAR_P1";"INTERVAL";"PROBE";1;63;0x00000b31;231;0;0;2189707;2821411;488;2189803;0;NOSTRESS
42456797104;53808;"NEAR_P1";"INTERVAL";"PROBE";1;63;0x00000b31;231;0;0;2187598;2816478;540;2187689;0;NOSTRESS
42456850923;53822;"NEAR_P1";"INTERVAL";"PROBE";1;63;0x00000b31;231;0;0;2187755;2816978;900;2187851;0;NOSTRESS
42456904752;53613;"NEAR_P1";"INTERVAL";"PROBE";1;63;0x00000b31;231;0;0;2182293;2807154;308;2182340;0;NOSTRESS
42456958372;53835;"NEAR_P1";"INTERVAL";"PROBE";1;63;0x00000b31;231;0;0;2188966;2819390;354;2189053;0;NOSTRESS
42457012214;53732;"NEAR_P1";"INTERVAL";"PROBE";1;63;0x00000b31;231;0;0;2187717;2821079;88;2187803;0;NOSTRESS
42457065954;53564;"NEAR_P1";"INTERVAL";"PROBE";1;63;0x00000b31;231;0;0;2182091;2803158;72;2182137;0;NOSTRESS
42457119525;53739;"NEAR_P1";"INTERVAL";"PROBE";1;63;0x00000b31;231;0;0;2187581;2817277;70;2187672;0;NOSTRESS
42457173291;72743;"TRAJ_R1";"INTERVAL";"PROBE";1;63;0x00000b31;231;0;0;2854331;3802287;415;2854419;0;NOSTRESS
42457698204;1148499;"MAF";"INTERVAL";"PROBE";1;63;0x00000b31;232;20;15;46680148;59831414;10782;46681676;0;NOSTRESS
42457698234;134;"SENS_C1";"INTERVAL";"PROBE";1;63;0x00000b31;232;0;3;1454;2058;488;1458;0;NOSTRESS
42457698375;260;"LOC_C1";"INTERVAL";"PROBE";1;63;0x00000b31;232;1;0;4922;7356;624;4926;0;NOSTRESS
42457698642;34;"LOC_C2";"INTERVAL";"PROBE";1;63;0x00000b31;232;0;0;650;913;100;654;0;NOSTRESS
42457698685;311;"LOC_C3";"INTERVAL";"PROBE";1;63;0x00000b31;232;0;0;9808;13429;340;9812;0;NOSTRESS
42457699007;43;"LOC_C4";"INTERVAL";"PROBE";1;63;0x00000b31;232;0;0;586;914;120;590;0;NOSTRESS
42457699056;53926;"NEAR_P1";"INTERVAL";"PROBE";1;63;0x00000b31;232;5;1;2187689;2822182;2297;2187768;0;NOSTRESS
42457752989;53852;"NEAR_P1";"INTERVAL";"PROBE";1;63;0x00000b31;232;1;0;2187032;2816644;1084;2187110;0;NOSTRESS
42457806851;53596;"NEAR_P1";"INTERVAL";"PROBE";1;63;0x00000b31;232;0;0;2181986;2806851;392;2182026;0;NOSTRESS
42457860454;53711;"NEAR_P1";"INTERVAL";"PROBE";1;63;0x00000b31;232;0;0;2186984;2816577;64;2187062;0;NOSTRESS
42457914173;53712;"NEAR_P1";"INTERVAL";"PROBE";1;63;0x00000b31;232;0;0;2187017;2818878;22;2187097;0;NOSTRESS
42457967909;53732;"NEAR_P1";"INTERVAL";"PROBE";1;63;0x00000b31;232;10;5;2182761;2781469;1123;2182810;0;NOSTRESS
42458021648;53609;"NEAR_P1";"INTERVAL";"PROBE";1;63;0x00000b31;232;2;3;2186971;2791078;48;2187060;0;NOSTRESS
42458075265;53618;"NEAR_P1";"INTERVAL";"PROBE";1;63;0x00000b31;232;1;1;2187006;2790575;66;2187095;0;NOSTRESS
42458128895;53446;"NEAR_P1";"INTERVAL";"PROBE";1;63;0x00000b31;232;0;0;2181880;2780240;16;2181928;0;NOSTRESS
42458182348;53610;"NEAR_P1";"INTERVAL";"PROBE";1;63;0x00000b31;232;0;0;2187350;2790542;72;2187440;0;NOSTRESS
42458235965;53613;"NEAR_P1";"INTERVAL";"PROBE";1;63;0x00000b31;232;0;0;2187773;2791660;48;2187861;0;NOSTRESS
42458289586;53455;"NEAR_P1";"INTERVAL";"PROBE";1;63;0x00000b31;232;0;0;2182291;2780818;16;2182337;0;NOSTRESS
42458343048;53656;"NEAR_P1";"INTERVAL";"PROBE";1;63;0x00000b31;232;0;0;2187726;2794908;312;2187812;0;NOSTRESS
42458396712;53775;"NEAR_P1";"INTERVAL";"PROBE";1;63;0x00000b31;232;0;0;2189470;2794825;772;2189568;0;NOSTRESS
42458450496;53697;"NEAR_P1";"INTERVAL";"PROBE";1;63;0x00000b31;232;0;0;2187631;2795434;848;2187720;0;NOSTRESS
42458504202;53526;"NEAR_P1";"INTERVAL";"PROBE";1;63;0x00000b31;232;0;0;2182346;2780946;586;2182390;0;NOSTRESS
42458557736;53674;"NEAR_P1";"INTERVAL";"PROBE";1;63;0x00000b31;232;0;0;2187617;2789231;363;2187708;0;NOSTRESS
42458611418;53699;"NEAR_P1";"INTERVAL";"PROBE";1;63;0x00000b31;232;0;0;2188845;2794406;250;2188937;0;NOSTRESS
42458665124;53473;"NEAR_P1";"INTERVAL";"PROBE";1;63;0x00000b31;232;0;0;2182279;2780122;48;2182322;0;NOSTRESS
42458718604;53617;"NEAR_P1";"INTERVAL";"PROBE";1;63;0x00000b31;232;0;0;2187622;2790607;80;2187716;0;NOSTRESS
42458772233;74462;"TRAJ_R1";"INTERVAL";"PROBE";1;63;0x00000b31;232;0;0;2926237;3871137;431;2926328;0;NOSTRESS
42459298218;1152687;"MAF";"INTERVAL";"PROBE";1;63;0x00000b31;233;10;11;46753624;60298224;16631;46755158;0;NOSTRESS
42459298246;121;"SENS_C1";"INTERVAL";"PROBE";1;63;0x00000b31;233;0;1;1452;2082;472;1456;0;NOSTRESS
42459298376;238;"LOC_C1";"INTERVAL";"PROBE";1;63;0x00000b31;233;0;0;4911;7256;544;4915;0;NOSTRESS
42459298621;34;"LOC_C2";"INTERVAL";"PROBE";1;63;0x00000b31;233;0;0;650;895;108;654;0;NOSTRESS
42459298664;307;"LOC_C3";"INTERVAL";"PROBE";1;63;0x00000b31;233;0;0;9808;13171;320;9812;0;NOSTRESS
42459298980;44;"LOC_C4";"INTERVAL";"PROBE";1;63;0x00000b31;233;0;0;584;887;124;588;0;NOSTRESS
42459299030;54149;"NEAR_P1";"INTERVAL";"PROBE";1;63;0x00000b31;233;9;5;2189845;2822489;2300;2189942;0;NOSTRESS
42459353188;53790;"NEAR_P1";"INTERVAL";"PROBE";1;63;0x00000b31;233;1;4;2186776;2815795;764;2186850;0;NOSTRESS
42459406987;53641;"NEAR_P1";"INTERVAL";"PROBE";1;63;0x00000b31;233;0;0;2181698;2793364;408;2181736;0;NOSTRESS
42459460645;53699;"NEAR_P1";"INTERVAL";"PROBE";1;63;0x00000b31;233;0;0;2186712;2814032;72;2186788;0;NOSTRESS
42459514351;53716;"NEAR_P1";"INTERVAL";"PROBE";1;63;0x00000b31;233;0;0;2186751;2815310;8;2186831;0;NOSTRESS
42459568074;53546;"NEAR_P1";"INTERVAL";"PROBE";1;63;0x00000b31;233;0;0;2181609;2803932;13;2181651;0;NOSTRESS
42459621627;53644;"NEAR_P1";"INTERVAL";"PROBE";1;63;0x00000b31;233;0;0;2183736;2808417;26;2183816;0;NOSTRESS
42459675278;53707;"NEAR_P1";"INTERVAL";"PROBE";1;63;0x00000b31;233;0;0;2186744;2818747;11;2186830;0;NOSTRESS
42459728992;53561;"NEAR_P1";"INTERVAL";"PROBE";1;63;0x00000b31;233;0;0;2181599;2801078;21;2181647;0;NOSTRESS
42459782560;53715;"NEAR_P1";"INTERVAL";"PROBE";1;63;0x00000b31;233;0;0;2187107;2815301;96;2187200;0;NOSTRESS
42459836282;53717;"NEAR_P1";"INTERVAL";"PROBE";1;63;0x00000b31;233;0;0;2187430;2815132;24;2187518;0;NOSTRESS
42459890007;53550;"NEAR_P1";"INTERVAL";"PROBE";1;63;0x00000b31;233;0;0;2181986;2802882;8;2182035;0;NOSTRESS
42459943564;53736;"NEAR_P1";"INTERVAL";"PROBE";1;63;0x00000b31;233;0;0;2187500;2817130;308;2187589;0;NOSTRESS
42459997308;53753;"NEAR_P1";"INTERVAL";"PROBE";1;63;0x00000b31;233;0;0;2187401;2814830;456;2187489;0;NOSTRESS
42460051072;53923;"NEAR_P1";"INTERVAL";"PROBE";1;63;0x00000b31;233;0;0;2189435;2820314;1188;2189535;0;NOSTRESS
42460105001;53651;"NEAR_P1";"INTERVAL";"PROBE";1;63;0x00000b31;233;0;0;2181956;2806697;396;2182002;0;NOSTRESS
42460158660;53860;"NEAR_P1";"INTERVAL";"PROBE";1;63;0x00000b31;233;0;0;2187404;2814789;1006;2187495;0;NOSTRESS
42460212538;54182;"NEAR_P1";"INTERVAL";"PROBE";1;63;0x00000b31;233;0;0;2187168;2815655;3930;2187253;0;NOSTRESS
42460266741;53725;"NEAR_P1";"INTERVAL";"PROBE";1;63;0x00000b31;233;0;0;2183317;2809428;2535;2183362;0;NOSTRESS
42460320473;53758;"NEAR_P1";"INTERVAL";"PROBE";1;63;0x00000b31;233;0;0;2187393;2818015;780;2187484;0;NOSTRESS
42460374242;76654;"TRAJ_R1";"INTERVAL";"PROBE";1;63;0x00000b31;233;0;0;3006431;4003188;356;3006533;0;NOSTRESS
42460898273;1153559;"MAF";"INTERVAL";"PROBE";1;63;0x00000b31;234;127;51;46843494;60137507;9797;46844995;0;NOSTRESS
42460898298;115;"SENS_C1";"INTERVAL";"PROBE";1;63;0x00000b31;234;0;1;1454;2055;448;1458;0;NOSTRESS
42460898422;247;"LOC_C1";"INTERVAL";"PROBE";1;63;0x00000b31;234;1;0;4923;7312;550;4927;0;NOSTRESS
42460898677;35;"LOC_C2";"INTERVAL";"PROBE";1;63;0x00000b31;234;0;0;650;908;104;654;0;NOSTRESS
42460898721;308;"LOC_C3";"INTERVAL";"PROBE";1;63;0x00000b31;234;0;0;9808;13358;300;9812;0;NOSTRESS
42460899038;45;"LOC_C4";"INTERVAL";"PROBE";1;63;0x00000b31;234;0;0;586;897;124;590;0;NOSTRESS
42460899089;54045;"NEAR_P1";"INTERVAL";"PROBE";1;63;0x00000b31;234;5;3;2189773;2825244;1828;2189860;0;NOSTRESS
42460953141;53773;"NEAR_P1";"INTERVAL";"PROBE";1;63;0x00000b31;234;4;2;2187083;2819376;664;2187159;0;NOSTRESS
42461006921;53587;"NEAR_P1";"INTERVAL";"PROBE";1;63;0x00000b31;234;0;0;2181878;2804224;328;2181918;0;NOSTRESS
42461060515;53704;"NEAR_P1";"INTERVAL";"PROBE";1;63;0x00000b31;234;0;0;2186951;2814563;36;2187027;0;NOSTRESS
42461114227;53718;"NEAR_P1";"INTERVAL";"PROBE";1;63;0x00000b31;234;0;0;2186946;2814353;44;2187022;0;NOSTRESS
42461167953;53570;"NEAR_P1";"INTERVAL";"PROBE";1;63;0x00000b31;234;0;0;2181792;2805434;28;2181829;0;NOSTRESS
42461221530;53852;"NEAR_P1";"INTERVAL";"PROBE";1;63;0x00000b31;234;82;37;2186975;2804497;307;2187064;0;NOSTRESS
42461275391;53720;"NEAR_P1";"INTERVAL";"PROBE";1;63;0x00000b31;234;3;0;2186981;2815050;93;2187067;0;NOSTRESS
42461329135;53562;"NEAR_P1";"INTERVAL";"PROBE";1;63;0x00000b31;234;0;0;2181926;2804903;17;2181971;0;NOSTRESS
42461382705;53680;"NEAR_P1";"INTERVAL";"PROBE";1;63;0x00000b31;234;0;0;2184435;2807763;133;2184510;0;NOSTRESS
42461436393;53746;"NEAR_P1";"INTERVAL";"PROBE";1;63;0x00000b31;234;0;0;2187748;2817066;59;2187842;0;NOSTRESS
42461490160;53496;"NEAR_P1";"INTERVAL";"PROBE";1;63;0x00000b31;234;0;0;2182199;2788248;16;2182245;0;NOSTRESS
42461543663;53672;"NEAR_P1";"INTERVAL";"PROBE";1;63;0x00000b31;234;0;0;2187128;2785754;402;2187214;0;NOSTRESS
42461597345;53719;"NEAR_P1";"INTERVAL";"PROBE";1;63;0x00000b31;234;0;0;2187634;2789860;476;2187723;0;NOSTRESS
42461651073;53675;"NEAR_P1";"INTERVAL";"PROBE";1;63;0x00000b31;234;0;0;2187151;2783384;752;2187236;0;NOSTRESS
42461704756;53799;"NEAR_P1";"INTERVAL";"PROBE";1;63;0x00000b31;234;21;1;2183067;2778579;1604;2183120;0;NOSTRESS
42461758564;53818;"NEAR_P1";"INTERVAL";"PROBE";1;63;0x00000b31;234;7;1;2189386;2778927;656;2189484;0;NOSTRESS
42461812389;53620;"NEAR_P1";"INTERVAL";"PROBE";1;63;0x00000b31;234;0;0;2187549;2789716;84;2187640;0;NOSTRESS
42461866017;53454;"NEAR_P1";"INTERVAL";"PROBE";1;63;0x00000b31;234;0;0;2182229;2777810;68;2182276;0;NOSTRESS
42461919478;53643;"NEAR_P1";"INTERVAL";"PROBE";1;63;0x00000b31;234;0;0;2187517;2788238;68;2187608;0;NOSTRESS
42461973147;78678;"TRAJ_R1";"INTERVAL";"PROBE";1;63;0x00000b31;234;1;3;3093508;4092450;408;3093596;0;NOSTRESS
42462498352;1153899;"MAF";"INTERVAL";"PROBE";1;63;0x00000b31;235;8;8;46930451;59924851;9946;46931941;0;NOSTRESS
42462498381;131;"SENS_C1";"INTERVAL";"PROBE";1;63;0x00000b31;235;1;2;1451;2097;516;1455;0;NOSTRESS
42462498520;265;"LOC_C1";"INTERVAL";"PROBE";1;63;0x00000b31;235;1;2;4918;7347;656;4922;0;NOSTRESS
42462498793;38;"LOC_C2";"INTERVAL";"PROBE";1;63;0x00000b31;235;0;2;650;925;124;654;0;NOSTRESS
42462498842;311;"LOC_C3";"INTERVAL";"PROBE";1;63;0x00000b31;235;1;0;9786;13044;324;9790;0;NOSTRESS
42462499163;42;"LOC_C4";"INTERVAL";"PROBE";1;63;0x00000b31;235;0;0;584;886;128;588;0;NOSTRESS
42462499211;53883;"NEAR_P1";"INTERVAL";"PROBE";1;63;0x00000b31;235;5;2;2189230;2796667;2773;2189315;0;NOSTRESS
42462553103;53774;"NEAR_P1";"INTERVAL";"PROBE";1;63;0x00000b31;235;0;0;2188912;2794120;1377;2188998;0;NOSTRESS
42462606884;53481;"NEAR_P1";"INTERVAL";"PROBE";1;63;0x00000b31;235;0;0;2181975;2778908;564;2182015;0;NOSTRESS
42462660372;53611;"NEAR_P1";"INTERVAL";"PROBE";1;63;0x00000b31;235;0;0;2187044;2787451;60;2187120;0;NOSTRESS
42462713990;53581;"NEAR_P1";"INTERVAL";"PROBE";1;63;0x00000b31;235;0;0;2187039;2775403;8;2187117;0;NOSTRESS
42462767579;53441;"NEAR_P1";"INTERVAL";"PROBE";1;63;0x00000b31;235;0;0;2181978;2774187;24;2182020;0;NOSTRESS
42462821031;53581;"NEAR_P1";"INTERVAL";"PROBE";1;63;0x00000b31;235;0;0;2187025;2788416;16;2187111;0;NOSTRESS
42462874619;53522;"NEAR_P1";"INTERVAL";"PROBE";1;63;0x00000b31;235;0;0;2184171;2773494;38;2184245;0;NOSTRESS
42462928148;53457;"NEAR_P1";"INTERVAL";"PROBE";1;63;0x00000b31;235;0;0;2182010;2779973;21;2182055;0;NOSTRESS
42462981612;53559;"NEAR_P1";"INTERVAL";"PROBE";1;63;0x00000b31;235;0;0;2184484;2781398;99;2184559;0;NOSTRESS
42463035178;53592;"NEAR_P1";"INTERVAL";"PROBE";1;63;0x00000b31;235;0;0;2187503;2790175;28;2187592;0;NOSTRESS
42463088777;53466;"NEAR_P1";"INTERVAL";"PROBE";1;63;0x00000b31;235;0;0;2182273;2777416;26;2182316;0;NOSTRESS
42463142251;53649;"NEAR_P1";"INTERVAL";"PROBE";1;63;0x00000b31;235;0;0;2187802;2779294;324;2187891;0;NOSTRESS
42463195910;53651;"NEAR_P1";"INTERVAL";"PROBE";1;63;0x00000b31;235;0;0;2187690;2787945;500;2187781;0;NOSTRESS
42463249568;53493;"NEAR_P1";"INTERVAL";"PROBE";1;63;0x00000b31;235;0;0;2182307;2774904;540;2182353;0;NOSTRESS
42463303070;53720;"NEAR_P1";"INTERVAL";"PROBE";1;63;0x00000b31;235;0;0;2187698;2787892;560;2187786;0;NOSTRESS
42463356797;53696;"NEAR_P1";"INTERVAL";"PROBE";1;63;0x00000b31;235;0;0;2187627;2789294;172;2187715;0;NOSTRESS
42463410500;53744;"NEAR_P1";"INTERVAL";"PROBE";1;63;0x00000b31;235;0;0;2189619;2792486;412;2189717;0;NOSTRESS
42463464251;53487;"NEAR_P1";"INTERVAL";"PROBE";1;63;0x00000b31;235;0;0;2182333;2778090;60;2182382;0;NOSTRESS
42463517745;53600;"NEAR_P1";"INTERVAL";"PROBE";1;63;0x00000b31;235;0;0;2187719;2783483;64;2187807;0;NOSTRESS
42463571365;80876;"TRAJ_R1";"INTERVAL";"PROBE";1;63;0x00000b31;235;0;0;3180406;4201914;336;3180494;0;NOSTRESS
42464098281;1156421;"MAF";"INTERVAL";"PROBE";1;63;0x00000b31;236;7;6;47027551;60088174;7858;47029059;0;NOSTRESS
42464098306;114;"SENS_C1";"INTERVAL";"PROBE";1;63;0x00000b31;236;0;2;1455;2070;432;1459;0;NOSTRESS
42464098429;241;"LOC_C1";"INTERVAL";"PROBE";1;63;0x00000b31;236;0;1;4915;7288;550;4919;0;NOSTRESS
42464098678;37;"LOC_C2";"INTERVAL";"PROBE";1;63;0x00000b31;236;0;0;650;895;116;654;0;NOSTRESS
42464098724;308;"LOC_C3";"INTERVAL";"PROBE";1;63;0x00000b31;236;0;0;9798;13250;308;9802;0;NOSTRESS
42464099042;44;"LOC_C4";"INTERVAL";"PROBE";1;63;0x00000b31;236;0;0;585;896;124;589;0;NOSTRESS
42464099092;53835;"NEAR_P1";"INTERVAL";"PROBE";1;63;0x00000b31;236;6;1;2188123;2796384;1270;2188200;0;NOSTRESS
42464152936;53634;"NEAR_P1";"INTERVAL";"PROBE";1;63;0x00000b31;236;1;2;2187351;2778383;452;2187429;0;NOSTRESS
42464206577;53518;"NEAR_P1";"INTERVAL";"PROBE";1;63;0x00000b31;236;0;0;2183535;2779873;334;2183576;0;NOSTRESS
42464260106;53735;"NEAR_P1";"INTERVAL";"PROBE";1;63;0x00000b31;236;0;0;2189187;2792174;332;2189273;0;NOSTRESS
42464313848;53608;"NEAR_P1";"INTERVAL";"PROBE";1;63;0x00000b31;236;0;0;2187377;2791394;4;2187455;0;NOSTRESS
42464367463;53452;"NEAR_P1";"INTERVAL";"PROBE";1;63;0x00000b31;236;0;0;2182216;2777939;8;2182256;0;NOSTRESS
42464420923;53548;"NEAR_P1";"INTERVAL";"PROBE";1;63;0x00000b31;236;0;0;2184236;2779401;22;2184309;0;NOSTRESS
42464474478;53610;"NEAR_P1";"INTERVAL";"PROBE";1;63;0x00000b31;236;0;0;2187271;2774070;33;2187359;0;NOSTRESS
42464528096;53454;"NEAR_P1";"INTERVAL";"PROBE";1;63;0x00000b31;236;0;0;2182185;2780907;4;2182233;0;NOSTRESS
42464581557;53634;"NEAR_P1";"INTERVAL";"PROBE";1;63;0x00000b31;236;0;0;2187192;2788533;80;2187274;0;NOSTRESS
42464635199;53649;"NEAR_P1";"INTERVAL";"PROBE";1;63;0x00000b31;236;0;0;2187895;2792388;187;2187983;0;NOSTRESS
42464688855;53479;"NEAR_P1";"INTERVAL";"PROBE";1;63;0x00000b31;236;0;0;2182572;2770479;16;2182615;0;NOSTRESS
42464742341;53687;"NEAR_P1";"INTERVAL";"PROBE";1;63;0x00000b31;236;0;0;2187854;2794531;438;2187941;0;NOSTRESS
42464796037;53683;"NEAR_P1";"INTERVAL";"PROBE";1;63;0x00000b31;236;0;0;2187995;2792760;644;2188081;0;NOSTRESS
42464849729;53506;"NEAR_P1";"INTERVAL";"PROBE";1;63;0x00000b31;236;0;0;2182566;2782145;660;2182612;0;NOSTRESS
42464903243;53718;"NEAR_P1";"INTERVAL";"PROBE";1;63;0x00000b31;236;0;0;2188107;2792644;580;2188193;0;NOSTRESS
42464956968;53654;"NEAR_P1";"INTERVAL";"PROBE";1;63;0x00000b31;236;0;0;2188032;2793582;152;2188117;0;NOSTRESS
42465010629;53635;"NEAR_P1";"INTERVAL";"PROBE";1;63;0x00000b31;236;0;0;2187984;2790935;44;2188075;0;NOSTRESS
42465064271;53601;"NEAR_P1";"INTERVAL";"PROBE";1;63;0x00000b31;236;0;0;2184616;2776105;372;2184690;0;NOSTRESS
42465117879;53627;"NEAR_P1";"INTERVAL";"PROBE";1;63;0x00000b31;236;0;0;2187969;2791759;112;2188060;0;NOSTRESS
42465171531;83163;"TRAJ_R1";"INTERVAL";"PROBE";1;63;0x00000b31;236;0;0;3269664;4320016;388;3269758;0;NOSTRESS
42465698289;1159331;"MAF";"INTERVAL";"PROBE";1;63;0x00000b31;237;19;7;47129646;60200832;11095;47131210;0;NOSTRESS
42465698320;129;"SENS_C1";"INTERVAL";"PROBE";1;63;0x00000b31;237;0;2;1452;2049;504;1456;0;NOSTRESS
42465698456;273;"LOC_C1";"INTERVAL";"PROBE";1;63;0x00000b31;237;0;0;4921;7364;657;4925;0;NOSTRESS
42465698737;40;"LOC_C2";"INTERVAL";"PROBE";1;63;0x00000b31;237;0;0;650;895;140;654;0;NOSTRESS
42465698787;585;"LOC_C3";"INTERVAL";"PROBE";1;63;0x00000b31;237;9;1;10705;15472;1349;10716;0;NOSTRESS
42465699381;44;"LOC_C4";"INTERVAL";"PROBE";1;63;0x00000b31;237;0;0;585;891;136;589;0;NOSTRESS
42465699431;53824;"NEAR_P1";"INTERVAL";"PROBE";1;63;0x00000b31;237;6;2;2187742;2793209;2627;2187817;0;NOSTRESS
42465753263;53650;"NEAR_P1";"INTERVAL";"PROBE";1;63;0x00000b31;237;2;2;2187017;2790236;1096;2187091;0;NOSTRESS
42465806920;53509;"NEAR_P1";"INTERVAL";"PROBE";1;63;0x00000b31;237;0;0;2181961;2776712;584;2182001;0;NOSTRESS
42465860436;53598;"NEAR_P1";"INTERVAL";"PROBE";1;63;0x00000b31;237;0;0;2187006;2781929;76;2187086;0;NOSTRESS
42465914042;53727;"NEAR_P1";"INTERVAL";"PROBE";1;63;0x00000b31;237;0;0;2189105;2792047;296;2189193;0;NOSTRESS
42465967776;53470;"NEAR_P1";"INTERVAL";"PROBE";1;63;0x00000b31;237;0;0;2181829;2779724;20;2181868;0;NOSTRESS
42466021266;53600;"NEAR_P1";"INTERVAL";"PROBE";1;63;0x00000b31;237;0;0;2186929;2775836;32;2187018;0;NOSTRESS
42466074873;53582;"NEAR_P1";"INTERVAL";"PROBE";1;63;0x00000b31;237;0;0;2186958;2788340;28;2187047;0;NOSTRESS
42466128462;53441;"NEAR_P1";"INTERVAL";"PROBE";1;63;0x00000b31;237;0;0;2181947;2777327;4;2181992;0;NOSTRESS
42466181910;53609;"NEAR_P1";"INTERVAL";"PROBE";1;63;0x00000b31;237;0;0;2187347;2788759;48;2187437;0;NOSTRESS
42466235526;53636;"NEAR_P1";"INTERVAL";"PROBE";1;63;0x00000b31;237;0;0;2187714;2787890;37;2187799;0;NOSTRESS
42466289169;53458;"NEAR_P1";"INTERVAL";"PROBE";1;63;0x00000b31;237;0;0;2182317;2777272;47;2182363;0;NOSTRESS
42466342634;53628;"NEAR_P1";"INTERVAL";"PROBE";1;63;0x00000b31;237;0;0;2187743;2787738;276;2187831;0;NOSTRESS
42466396271;53702;"NEAR_P1";"INTERVAL";"PROBE";1;63;0x00000b31;237;0;0;2187595;2788711;560;2187686;0;NOSTRESS
42466449982;53512;"NEAR_P1";"INTERVAL";"PROBE";1;63;0x00000b31;237;0;0;2182281;2777582;688;2182325;0;NOSTRESS
42466503501;53739;"NEAR_P1";"INTERVAL";"PROBE";1;63;0x00000b31;237;0;0;2187753;2788665;577;2187848;0;NOSTRESS
42466557248;53661;"NEAR_P1";"INTERVAL";"PROBE";1;63;0x00000b31;237;0;0;2187592;2787170;184;2187680;0;NOSTRESS
42466610917;53615;"NEAR_P1";"INTERVAL";"PROBE";1;63;0x00000b31;237;0;0;2187637;2785358;40;2187722;0;NOSTRESS
42466664540;53458;"NEAR_P1";"INTERVAL";"PROBE";1;63;0x00000b31;237;0;0;2182244;2768839;24;2182293;0;NOSTRESS
42466718005;53722;"NEAR_P1";"INTERVAL";"PROBE";1;63;0x00000b31;237;0;0;2189468;2790493;404;2189572;0;NOSTRESS
42466771746;85865;"TRAJ_R1";"INTERVAL";"PROBE";1;63;0x00000b31;237;0;0;3374931;4462663;477;3375058;0;NOSTRESS
42467298285;1164229;"MAF";"INTERVAL";"PROBE";1;63;0x00000b31;238;4;5;47232795;60940464;8214;47234347;0;NOSTRESS
42467298311;118;"SENS_C1";"INTERVAL";"PROBE";1;63;0x00000b31;238;0;3;1455;2052;456;1459;0;NOSTRESS
42467298438;240;"LOC_C1";"INTERVAL";"PROBE";1;63;0x00000b31;238;1;1;4920;7230;544;4924;0;NOSTRESS
42467298685;35;"LOC_C2";"INTERVAL";"PROBE";1;63;0x00000b31;238;0;0;650;890;96;654;0;NOSTRESS
42467298729;312;"LOC_C3";"INTERVAL";"PROBE";1;63;0x00000b31;238;0;0;9802;13259;308;9806;0;NOSTRESS
42467299051;45;"LOC_C4";"INTERVAL";"PROBE";1;63;0x00000b31;238;0;0;586;891;128;590;0;NOSTRESS
42467299102;53970;"NEAR_P1";"INTERVAL";"PROBE";1;63;0x00000b31;238;2;1;2188462;2820293;1404;2188529;0;NOSTRESS
42467353079;53807;"NEAR_P1";"INTERVAL";"PROBE";1;63;0x00000b31;238;1;0;2187159;2817628;676;2187233;0;NOSTRESS
42467406894;53627;"NEAR_P1";"INTERVAL";"PROBE";1;63;0x00000b31;238;0;0;2182177;2803734;384;2182219;0;NOSTRESS
42467460528;53725;"NEAR_P1";"INTERVAL";"PROBE";1;63;0x00000b31;238;0;0;2187384;2817792;60;2187464;0;NOSTRESS
42467514261;53705;"NEAR_P1";"INTERVAL";"PROBE";1;63;0x00000b31;238;0;0;2187066;2814722;24;2187144;0;NOSTRESS
42467567973;53664;"NEAR_P1";"INTERVAL";"PROBE";1;63;0x00000b31;238;0;0;2183904;2809193;260;2183952;0;NOSTRESS
42467621644;53724;"NEAR_P1";"INTERVAL";"PROBE";1;63;0x00000b31;238;0;0;2187113;2813364;24;2187199;0;NOSTRESS
42467675375;53697;"NEAR_P1";"INTERVAL";"PROBE";1;63;0x00000b31;238;0;0;2187080;2814213;12;2187166;0;NOSTRESS
42467729079;53559;"NEAR_P1";"INTERVAL";"PROBE";1;63;0x00000b31;238;0;0;2182206;2802644;4;2182251;0;NOSTRESS
42467782646;53743;"NEAR_P1";"INTERVAL";"PROBE";1;63;0x00000b31;238;0;0;2187492;2814288;108;2187579;0;NOSTRESS
42467836396;53766;"NEAR_P1";"INTERVAL";"PROBE";1;63;0x00000b31;238;0;0;2187812;2816287;36;2187903;0;NOSTRESS
42467890170;53558;"NEAR_P1";"INTERVAL";"PROBE";1;63;0x00000b31;238;0;0;2182359;2803961;8;2182405;0;NOSTRESS
42467943735;53776;"NEAR_P1";"INTERVAL";"PROBE";1;63;0x00000b31;238;0;0;2187395;2813188;389;2187484;0;NOSTRESS
42467997521;53796;"NEAR_P1";"INTERVAL";"PROBE";1;63;0x00000b31;238;0;0;2187956;2815832;500;2188045;0;NOSTRESS
42468051326;53801;"NEAR_P1";"INTERVAL";"PROBE";1;63;0x00000b31;238;0;0;2187289;2815455;925;2187374;0;NOSTRESS
42468105134;53607;"NEAR_P1";"INTERVAL";"PROBE";1;63;0x00000b31;238;0;0;2182398;2805864;448;2182441;0;NOSTRESS
42468158747;53849;"NEAR_P1";"INTERVAL";"PROBE";1;63;0x00000b31;238;0;0;2187753;2813536;168;2187844;0;NOSTRESS
42468212603;53785;"NEAR_P1";"INTERVAL";"PROBE";1;63;0x00000b31;238;0;0;2187689;2816316;138;2187781;0;NOSTRESS
42468266395;53598;"NEAR_P1";"INTERVAL";"PROBE";1;63;0x00000b31;238;0;0;2182365;2797656;80;2182411;0;NOSTRESS
42468320000;53815;"NEAR_P1";"INTERVAL";"PROBE";1;63;0x00000b31;238;0;0;2189182;2819003;170;2189274;0;NOSTRESS
42468373829;88677;"TRAJ_R1";"INTERVAL";"PROBE";1;63;0x00000b31;238;0;0;3476925;4643731;664;3477074;0;NOSTRESS
42468898288;1165157;"MAF";"INTERVAL";"PROBE";1;63;0x00000b31;239;24;3;47339924;60656685;9601;47341486;0;NOSTRESS
42468898314;111;"SENS_C1";"INTERVAL";"PROBE";1;63;0x00000b31;239;0;1;1452;2066;440;1456;0;NOSTRESS
42468898433;245;"LOC_C1";"INTERVAL";"PROBE";1;63;0x00000b31;239;1;0;4922;7369;537;4926;0;NOSTRESS
42468898685;36;"LOC_C2";"INTERVAL";"PROBE";1;63;0x00000b31;239;0;0;650;897;120;654;0;NOSTRESS
42468898730;313;"LOC_C3";"INTERVAL";"PROBE";1;63;0x00000b31;239;0;0;9810;13313;324;9814;0;NOSTRESS
42468899053;42;"LOC_C4";"INTERVAL";"PROBE";1;63;0x00000b31;239;0;0;584;901;128;588;0;NOSTRESS
42468899102;53946;"NEAR_P1";"INTERVAL";"PROBE";1;63;0x00000b31;239;7;0;2188077;2820898;1250;2188152;0;NOSTRESS
42468953056;53766;"NEAR_P1";"INTERVAL";"PROBE";1;63;0x00000b31;239;0;0;2187259;2817292;616;2187335;0;NOSTRESS
42469006830;53615;"NEAR_P1";"INTERVAL";"PROBE";1;63;0x00000b31;239;0;0;2182202;2795996;304;2182244;0;NOSTRESS
42469060452;53717;"NEAR_P1";"INTERVAL";"PROBE";1;63;0x00000b31;239;0;0;2187246;2809201;20;2187324;0;NOSTRESS
42469114176;53629;"NEAR_P1";"INTERVAL";"PROBE";1;63;0x00000b31;239;0;0;2187319;2795468;20;2187399;0;NOSTRESS
42469167813;53445;"NEAR_P1";"INTERVAL";"PROBE";1;63;0x00000b31;239;0;0;2182141;2779707;20;2182183;0;NOSTRESS
42469221265;53783;"NEAR_P1";"INTERVAL";"PROBE";1;63;0x00000b31;239;0;0;2189093;2802075;595;2189195;0;NOSTRESS
42469275055;53753;"NEAR_P1";"INTERVAL";"PROBE";1;63;0x00000b31;239;0;0;2187290;2816756;260;2187376;0;NOSTRESS
42469328815;53746;"NEAR_P1";"INTERVAL";"PROBE";1;63;0x00000b31;239;13;1;2183067;2780275;1141;2183116;0;NOSTRESS
42469382568;53620;"NEAR_P1";"INTERVAL";"PROBE";1;63;0x00000b31;239;2;0;2187558;2789162;92;2187647;0;NOSTRESS
42469436196;53602;"NEAR_P1";"INTERVAL";"PROBE";1;63;0x00000b31;239;0;0;2187961;2789192;36;2188049;0;NOSTRESS
42469489805;53449;"NEAR_P1";"INTERVAL";"PROBE";1;63;0x00000b31;239;0;0;2182496;2779553;8;2182542;0;NOSTRESS
42469543261;53704;"NEAR_P1";"INTERVAL";"PROBE";1;63;0x00000b31;239;0;0;2188072;2782729;709;2188162;0;NOSTRESS
42469596973;53704;"NEAR_P1";"INTERVAL";"PROBE";1;63;0x00000b31;239;0;0;2187915;2791960;698;2188000;0;NOSTRESS
42469650685;53708;"NEAR_P1";"INTERVAL";"PROBE";1;63;0x00000b31;239;0;0;2187870;2791439;820;2187964;0;NOSTRESS
42469704401;53520;"NEAR_P1";"INTERVAL";"PROBE";1;63;0x00000b31;239;0;0;2182488;2776658;513;2182534;0;NOSTRESS
42469757928;53658;"NEAR_P1";"INTERVAL";"PROBE";1;63;0x00000b31;239;0;0;2188014;2790840;246;2188100;0;NOSTRESS
42469811593;53623;"NEAR_P1";"INTERVAL";"PROBE";1;63;0x00000b31;239;0;0;2187895;2792862;56;2187983;0;NOSTRESS
42469865224;53455;"NEAR_P1";"INTERVAL";"PROBE";1;63;0x00000b31;239;0;0;2182458;2778425;36;2182507;0;NOSTRESS
42469918686;53654;"NEAR_P1";"INTERVAL";"PROBE";1;63;0x00000b31;239;0;0;2187826;2788654;96;2187917;0;NOSTRESS
42469972350;91086;"TRAJ_R1";"INTERVAL";"PROBE";1;63;0x00000b31;239;0;0;3582037;4735675;356;3582171;0;NOSTRESS
42470498247;1166813;"MAF";"INTERVAL";"PROBE";1;63;0x00000b31;240;7;5;47442215;60633505;7297;47443753;0;NOSTRESS
42470498269;119;"SENS_C1";"INTERVAL";"PROBE";1;63;0x00000b31;240;0;1;1454;2081;476;1458;0;NOSTRESS
42470498396;245;"LOC_C1";"INTERVAL";"PROBE";1;63;0x00000b31;240;1;1;4914;7486;542;4918;0;NOSTRESS
42470498648;34;"LOC_C2";"INTERVAL";"PROBE";1;63;0x00000b31;240;0;0;650;910;100;654;0;NOSTRESS
42470498692;307;"LOC_C3";"INTERVAL";"PROBE";1;63;0x00000b31;240;0;0;9804;13345;320;9808;0;NOSTRESS
42470499008;42;"LOC_C4";"INTERVAL";"PROBE";1;63;0x00000b31;240;0;0;586;924;120;590;0;NOSTRESS
42470499056;53798;"NEAR_P1";"INTERVAL";"PROBE";1;63;0x00000b31;240;5;2;2188149;2793698;1154;2188222;0;NOSTRESS
42470552865;53638;"NEAR_P1";"INTERVAL";"PROBE";1;63;0x00000b31;240;0;0;2187208;2791109;568;2187284;0;NOSTRESS
42470606512;53459;"NEAR_P1";"INTERVAL";"PROBE";1;63;0x00000b31;240;0;0;2182082;2774736;352;2182124;0;NOSTRESS
42470659978;53589;"NEAR_P1";"INTERVAL";"PROBE";1;63;0x00000b31;240;0;0;2187162;2787933;44;2187240;0;NOSTRESS
42470713575;53602;"NEAR_P1";"INTERVAL";"PROBE";1;63;0x00000b31;240;0;0;2187186;2789811;20;2187264;0;NOSTRESS
42470767185;53439;"NEAR_P1";"INTERVAL";"PROBE";1;63;0x00000b31;240;0;0;2182079;2778626;8;2182119;0;NOSTRESS
42470820631;53611;"NEAR_P1";"INTERVAL";"PROBE";1;63;0x00000b31;240;0;0;2187306;2790786;16;2187398;0;NOSTRESS
42470874249;53707;"NEAR_P1";"INTERVAL";"PROBE";1;63;0x00000b31;240;0;0;2189190;2790193;208;2189289;0;NOSTRESS
42470927963;53452;"NEAR_P1";"INTERVAL";"PROBE";1;63;0x00000b31;240;0;0;2182027;2778412;26;2182072;0;NOSTRESS
42470981422;53526;"NEAR_P1";"INTERVAL";"PROBE";1;63;0x00000b31;240;0;0;2184262;2775402;32;2184335;0;NOSTRESS
42471034956;53618;"NEAR_P1";"INTERVAL";"PROBE";1;63;0x00000b31;240;0;0;2187905;2790470;44;2187993;0;NOSTRESS
42471088581;53480;"NEAR_P1";"INTERVAL";"PROBE";1;63;0x00000b31;240;0;0;2182395;2779935;44;2182441;0;NOSTRESS
42471142070;53625;"NEAR_P1";"INTERVAL";"PROBE";1;63;0x00000b31;240;0;0;2187836;2789783;316;2187930;0;NOSTRESS
42471195705;53660;"NEAR_P1";"INTERVAL";"PROBE";1;63;0x00000b31;240;0;0;2187824;2790427;572;2187915;0;NOSTRESS
42471249374;53589;"NEAR_P1";"INTERVAL";"PROBE";1;63;0x00000b31;240;0;0;2182294;2782373;737;2182339;0;NOSTRESS
42471302972;53778;"NEAR_P1";"INTERVAL";"PROBE";1;63;0x00000b31;240;0;0;2187613;2788536;756;2187698;0;NOSTRESS
42471356757;53680;"NEAR_P1";"INTERVAL";"PROBE";1;63;0x00000b31;240;0;0;2187945;2782226;142;2188034;0;NOSTRESS
42471410444;53624;"NEAR_P1";"INTERVAL";"PROBE";1;63;0x00000b31;240;0;0;2187753;2786919;88;2187841;0;NOSTRESS
42471464075;53496;"NEAR_P1";"INTERVAL";"PROBE";1;63;0x00000b31;240;0;0;2182372;2777010;56;2182421;0;NOSTRESS
42471517579;53638;"NEAR_P1";"INTERVAL";"PROBE";1;63;0x00000b31;240;0;0;2187754;2788183;36;2187842;0;NOSTRESS
42471571227;93825;"TRAJ_R1";"INTERVAL";"PROBE";1;63;0x00000b31;240;0;0;3690245;4874935;372;3690378;0;NOSTRESS
42472098232;1171993;"MAF";"INTERVAL";"PROBE";1;63;0x00000b31;241;21;8;47559246;61294312;8120;47560785;0;NOSTRESS
42472098258;117;"SENS_C1";"INTERVAL";"PROBE";1;63;0x00000b31;241;0;1;1452;2086;448;1456;0;NOSTRESS
42472098383;243;"LOC_C1";"INTERVAL";"PROBE";1;63;0x00000b31;241;1;1;4915;7282;528;4919;0;NOSTRESS
42472098633;30;"LOC_C2";"INTERVAL";"PROBE";1;63;0x00000b31;241;0;0;650;910;100;654;0;NOSTRESS
42472098672;311;"LOC_C3";"INTERVAL";"PROBE";1;63;0x00000b31;241;0;0;9809;13426;312;9813;0;NOSTRESS
42472098993;43;"LOC_C4";"INTERVAL";"PROBE";1;63;0x00000b31;241;0;0;584;924;132;588;0;NOSTRESS
42472099042;53909;"NEAR_P1";"INTERVAL";"PROBE";1;63;0x00000b31;241;6;2;2188059;2821310;1217;2188136;0;NOSTRESS
42472152959;53743;"NEAR_P1";"INTERVAL";"PROBE";1;63;0x00000b31;241;0;1;2187128;2816651;492;2187204;0;NOSTRESS
42472206711;53563;"NEAR_P1";"INTERVAL";"PROBE";1;63;0x00000b31;241;0;0;2182044;2805187;301;2182086;0;NOSTRESS
42472260286;53650;"NEAR_P1";"INTERVAL";"PROBE";1;63;0x00000b31;241;0;0;2184488;2812214;71;2184552;0;NOSTRESS
42472313943;53709;"NEAR_P1";"INTERVAL";"PROBE";1;63;0x00000b31;241;0;0;2187094;2816708;16;2187174;0;NOSTRESS
42472367659;53559;"NEAR_P1";"INTERVAL";"PROBE";1;63;0x00000b31;241;0;0;2181996;2805509;4;2182036;0;NOSTRESS
42472421242;53724;"NEAR_P1";"INTERVAL";"PROBE";1;63;0x00000b31;241;0;0;2187129;2816997;12;2187221;0;NOSTRESS
42472474973;53701;"NEAR_P1";"INTERVAL";"PROBE";1;63;0x00000b31;241;0;0;2187142;2815602;8;2187231;0;NOSTRESS
42472528681;53562;"NEAR_P1";"INTERVAL";"PROBE";1;63;0x00000b31;241;0;0;2182056;2804469;12;2182098;0;NOSTRESS
42472582250;53829;"NEAR_P1";"INTERVAL";"PROBE";1;63;0x00000b31;241;0;0;2189359;2818037;248;2189456;0;NOSTRESS
42472636086;53704;"NEAR_P1";"INTERVAL";"PROBE";1;63;0x00000b31;241;0;0;2187419;2815841;24;2187508;0;NOSTRESS
42472689797;53561;"NEAR_P1";"INTERVAL";"PROBE";1;63;0x00000b31;241;0;0;2182359;2804691;20;2182402;0;NOSTRESS
42472743365;53799;"NEAR_P1";"INTERVAL";"PROBE";1;63;0x00000b31;241;0;0;2189116;2819257;400;2189206;0;NOSTRESS
42472797175;53777;"NEAR_P1";"INTERVAL";"PROBE";1;63;0x00000b31;241;0;0;2187889;2815644;544;2187979;0;NOSTRESS
42472850959;53782;"NEAR_P1";"INTERVAL";"PROBE";1;63;0x00000b31;241;0;0;2187686;2814461;792;2187777;0;NOSTRESS
42472904749;53650;"NEAR_P1";"INTERVAL";"PROBE";1;63;0x00000b31;241;0;0;2182327;2801891;378;2182370;0;NOSTRESS
42472958406;53785;"NEAR_P1";"INTERVAL";"PROBE";1;63;0x00000b31;241;0;0;2187735;2816979;167;2187821;0;NOSTRESS
42473012198;53777;"NEAR_P1";"INTERVAL";"PROBE";1;63;0x00000b31;241;0;0;2187722;2814806;77;2187807;0;NOSTRESS
42473065983;53781;"NEAR_P1";"INTERVAL";"PROBE";1;63;0x00000b31;241;14;3;2183263;2783387;1186;2183316;0;NOSTRESS
42473119771;53632;"NEAR_P1";"INTERVAL";"PROBE";1;63;0x00000b31;241;0;0;2187808;2791956;76;2187896;0;NOSTRESS
42473173427;96790;"TRAJ_R1";"INTERVAL";"PROBE";1;63;0x00000b31;241;0;0;3805817;5030649;399;3805953;0;NOSTRESS
42473698240;1174185;"MAF";"INTERVAL";"PROBE";1;63;0x00000b31;242;13;8;47687264;60966287;11324;47688840;0;NOSTRESS
42473698265;117;"SENS_C1";"INTERVAL";"PROBE";1;63;0x00000b31;242;0;1;1455;2122;452;1459;0;NOSTRESS
42473698392;243;"LOC_C1";"INTERVAL";"PROBE";1;63;0x00000b31;242;1;0;4905;7412;538;4909;0;NOSTRESS
42473698643;38;"LOC_C2";"INTERVAL";"PROBE";1;63;0x00000b31;242;0;0;650;916;124;654;0;NOSTRESS
42473698690;312;"LOC_C3";"INTERVAL";"PROBE";1;63;0x00000b31;242;0;0;9808;13447;316;9812;0;NOSTRESS
42473699011;45;"LOC_C4";"INTERVAL";"PROBE";1;63;0x00000b31;242;0;0;586;913;124;590;0;NOSTRESS
42473699062;53964;"NEAR_P1";"INTERVAL";"PROBE";1;63;0x00000b31;242;6;6;2187832;2817259;1716;2187911;0;NOSTRESS
42473753034;53764;"NEAR_P1";"INTERVAL";"PROBE";1;63;0x00000b31;242;0;1;2187189;2811795;877;2187267;0;NOSTRESS
42473806807;53382;"NEAR_P1";"INTERVAL";"PROBE";1;63;0x00000b31;242;0;0;2179096;2771061;436;2179122;0;NOSTRESS
42473860206;53621;"NEAR_P1";"INTERVAL";"PROBE";1;63;0x00000b31;242;0;0;2187187;2786237;62;2187261;0;NOSTRESS
42473913834;53521;"NEAR_P1";"INTERVAL";"PROBE";1;63;0x00000b31;242;0;0;2184550;2771811;47;2184614;0;NOSTRESS
42473967362;53453;"NEAR_P1";"INTERVAL";"PROBE";1;63;0x00000b31;242;0;0;2182104;2776852;16;2182144;0;NOSTRESS
42474020831;53585;"NEAR_P1";"INTERVAL";"PROBE";1;63;0x00000b31;242;0;0;2187164;2786200;4;2187253;0;NOSTRESS
42474074423;53599;"NEAR_P1";"INTERVAL";"PROBE";1;63;0x00000b31;242;0;0;2187135;2787603;54;2187227;0;NOSTRESS
42474128031;53620;"NEAR_P1";"INTERVAL";"PROBE";1;63;0x00000b31;242;3;0;2183433;2782834;326;2183482;0;NOSTRESS
42474181658;53848;"NEAR_P1";"INTERVAL";"PROBE";1;63;0x00000b31;242;0;0;2190266;2795817;916;2190372;0;NOSTRESS
42474235515;53856;"NEAR_P1";"INTERVAL";"PROBE";1;63;0x00000b31;242;3;0;2190705;2795165;564;2190812;0;NOSTRESS
42474289378;53550;"NEAR_P1";"INTERVAL";"PROBE";1;63;0x00000b31;242;0;0;2183241;2779880;127;2183289;0;NOSTRESS
42474342935;53796;"NEAR_P1";"INTERVAL";"PROBE";1;63;0x00000b31;242;0;0;2190369;2793971;721;2190471;0;NOSTRESS
42474396742;53794;"NEAR_P1";"INTERVAL";"PROBE";1;63;0x00000b31;242;0;0;2189151;2792097;845;2189240;0;NOSTRESS
42474450544;53887;"NEAR_P1";"INTERVAL";"PROBE";1;63;0x00000b31;242;0;0;2188960;2792166;1240;2189058;0;NOSTRESS
42474504440;53560;"NEAR_P1";"INTERVAL";"PROBE";1;63;0x00000b31;242;0;0;2182508;2779088;456;2182551;0;NOSTRESS
42474558007;53637;"NEAR_P1";"INTERVAL";"PROBE";1;63;0x00000b31;242;0;0;2187853;2783686;205;2187941;0;NOSTRESS
42474611652;53651;"NEAR_P1";"INTERVAL";"PROBE";1;63;0x00000b31;242;0;0;2187876;2778442;104;2187965;0;NOSTRESS
42474665312;53512;"NEAR_P1";"INTERVAL";"PROBE";1;63;0x00000b31;242;0;0;2182363;2776402;165;2182412;0;NOSTRESS
42474718833;53642;"NEAR_P1";"INTERVAL";"PROBE";1;63;0x00000b31;242;0;0;2187339;2769714;264;2187426;0;NOSTRESS
42474772502;99913;"TRAJ_R1";"INTERVAL";"PROBE";1;63;0x00000b31;242;0;0;3927323;5185903;417;3927456;0;NOSTRESS
42475298259;1177364;"MAF";"INTERVAL";"PROBE";1;63;0x00000b31;243;28;8;47819243;61326496;8878;47820842;0;NOSTRESS
42475298283;124;"SENS_C1";"INTERVAL";"PROBE";1;63;0x00000b31;243;0;2;1451;2067;472;1455;0;NOSTRESS
42475298415;238;"LOC_C1";"INTERVAL";"PROBE";1;63;0x00000b31;243;0;2;4905;7321;548;4909;0;NOSTRESS
42475298663;33;"LOC_C2";"INTERVAL";"PROBE";1;63;0x00000b31;243;0;0;650;913;104;654;0;NOSTRESS
42475298705;316;"LOC_C3";"INTERVAL";"PROBE";1;63;0x00000b31;243;0;0;9809;13482;320;9813;0;NOSTRESS
42475299031;40;"LOC_C4";"INTERVAL";"PROBE";1;63;0x00000b31;243;0;0;584;909;124;588;0;NOSTRESS
42475299077;53824;"NEAR_P1";"INTERVAL";"PROBE";1;63;0x00000b31;243;6;3;2188137;2793022;1428;2188204;0;NOSTRESS
42475352909;53687;"NEAR_P1";"INTERVAL";"PROBE";1;63;0x00000b31;243;1;0;2187643;2791625;752;2187721;0;NOSTRESS
42475406603;53809;"NEAR_P1";"INTERVAL";"PROBE";1;63;0x00000b31;243;20;1;2185228;2782932;1309;2185296;0;NOSTRESS
42475460429;53613;"NEAR_P1";"INTERVAL";"PROBE";1;63;0x00000b31;243;0;0;2187606;2787672;139;2187684;0;NOSTRESS
42475514049;53600;"NEAR_P1";"INTERVAL";"PROBE";1;63;0x00000b31;243;0;0;2187607;2791555;13;2187681;0;NOSTRESS
42475567655;53477;"NEAR_P1";"INTERVAL";"PROBE";1;63;0x00000b31;243;0;0;2182503;2777189;43;2182541;0;NOSTRESS
42475621139;53607;"NEAR_P1";"INTERVAL";"PROBE";1;63;0x00000b31;243;0;0;2187601;2789915;28;2187693;0;NOSTRESS
42475674753;53587;"NEAR_P1";"INTERVAL";"PROBE";1;63;0x00000b31;243;0;0;2187522;2789323;12;2187614;0;NOSTRESS
42475728347;53457;"NEAR_P1";"INTERVAL";"PROBE";1;63;0x00000b31;243;0;0;2182513;2780623;4;2182561;0;NOSTRESS
42475781811;53612;"NEAR_P1";"INTERVAL";"PROBE";1;63;0x00000b31;243;0;0;2187977;2777920;68;2188067;0;NOSTRESS
42475835430;53646;"NEAR_P1";"INTERVAL";"PROBE";1;63;0x00000b31;243;0;0;2188269;2789568;32;2188357;0;NOSTRESS
42475889083;53558;"NEAR_P1";"INTERVAL";"PROBE";1;63;0x00000b31;243;0;0;2184765;2783455;208;2184821;0;NOSTRESS
42475942649;53638;"NEAR_P1";"INTERVAL";"PROBE";1;63;0x00000b31;243;0;0;2188500;2790540;300;2188607;0;NOSTRESS
42475996302;53757;"NEAR_P1";"INTERVAL";"PROBE";1;63;0x00000b31;243;0;0;2188489;2791181;480;2188576;0;NOSTRESS
42476050071;53501;"NEAR_P1";"INTERVAL";"PROBE";1;63;0x00000b31;243;0;0;2182953;2779231;588;2183000;0;NOSTRESS
42476103589;53896;"NEAR_P1";"INTERVAL";"PROBE";1;63;0x00000b31;243;0;0;2189736;2818573;802;2189833;0;NOSTRESS
42476157492;53795;"NEAR_P1";"INTERVAL";"PROBE";1;63;0x00000b31;243;0;0;2188220;2815619;282;2188314;0;NOSTRESS
42476211296;53725;"NEAR_P1";"INTERVAL";"PROBE";1;63;0x00000b31;243;0;0;2188166;2813835;118;2188257;0;NOSTRESS
42476265029;53577;"NEAR_P1";"INTERVAL";"PROBE";1;63;0x00000b31;243;0;0;2182769;2807842;76;2182812;0;NOSTRESS
42476318613;53743;"NEAR_P1";"INTERVAL";"PROBE";1;63;0x00000b31;243;0;0;2188202;2814321;60;2188290;0;NOSTRESS
42476372366;103249;"TRAJ_R1";"INTERVAL";"PROBE";1;63;0x00000b31;243;0;0;4051215;5408200;404;4051345;0;NOSTRESS
42476898221;1179888;"MAF";"INTERVAL";"PROBE";1;63;0x00000b31;244;20;9;47943283;61348762;8811;47944832;0;NOSTRESS
42476898243;116;"SENS_C1";"INTERVAL";"PROBE";1;63;0x00000b31;244;0;2;1454;2068;468;1458;0;NOSTRESS
42476898367;247;"LOC_C1";"INTERVAL";"PROBE";1;63;0x00000b31;244;1;0;4913;7215;558;4917;0;NOSTRESS
42476898621;33;"LOC_C2";"INTERVAL";"PROBE";1;63;0x00000b31;244;0;0;650;895;100;654;0;NOSTRESS
42476898663;312;"LOC_C3";"INTERVAL";"PROBE";1;63;0x00000b31;244;0;0;9806;13396;308;9810;0;NOSTRESS
42476898984;40;"LOC_C4";"INTERVAL";"PROBE";1;63;0x00000b31;244;0;0;585;911;120;589;0;NOSTRESS
42476899030;53908;"NEAR_P1";"INTERVAL";"PROBE";1;63;0x00000b31;244;8;3;2188783;2823434;1208;2188860;0;NOSTRESS
42476952946;53995;"NEAR_P1";"INTERVAL";"PROBE";1;63;0x00000b31;244;10;3;2189049;2793252;1875;2189132;0;NOSTRESS
42477006949;53487;"NEAR_P1";"INTERVAL";"PROBE";1;63;0x00000b31;244;1;0;2182794;2780173;344;2182832;0;NOSTRESS
42477060443;53618;"NEAR_P1";"INTERVAL";"PROBE";1;63;0x00000b31;244;0;0;2187883;2788742;46;2187961;0;NOSTRESS
42477114069;53611;"NEAR_P1";"INTERVAL";"PROBE";1;63;0x00000b31;244;0;0;2187934;2790985;27;2188012;0;NOSTRESS
42477167687;53471;"NEAR_P1";"INTERVAL";"PROBE";1;63;0x00000b31;244;0;0;2182873;2783036;12;2182915;0;NOSTRESS
42477221164;53620;"NEAR_P1";"INTERVAL";"PROBE";1;63;0x00000b31;244;0;0;2187933;2789823;52;2188025;0;NOSTRESS
42477274792;53630;"NEAR_P1";"INTERVAL";"PROBE";1;63;0x00000b31;244;0;0;2187910;2789833;59;2187996;0;NOSTRESS
42477328429;53463;"NEAR_P1";"INTERVAL";"PROBE";1;63;0x00000b31;244;0;0;2182830;2777045;20;2182875;0;NOSTRESS
42477381899;53627;"NEAR_P1";"INTERVAL";"PROBE";1;63;0x00000b31;244;0;0;2188336;2791452;52;2188423;0;NOSTRESS
42477435533;53646;"NEAR_P1";"INTERVAL";"PROBE";1;63;0x00000b31;244;0;0;2188715;2790932;56;2188800;0;NOSTRESS
42477489186;53464;"NEAR_P1";"INTERVAL";"PROBE";1;63;0x00000b31;244;0;0;2183219;2780706;8;2183262;0;NOSTRESS
42477542657;53749;"NEAR_P1";"INTERVAL";"PROBE";1;63;0x00000b31;244;0;0;2190245;2792949;600;2190344;0;NOSTRESS
42477596422;53736;"NEAR_P1";"INTERVAL";"PROBE";1;63;0x00000b31;244;0;0;2188576;2788213;464;2188664;0;NOSTRESS
42477650168;53525;"NEAR_P1";"INTERVAL";"PROBE";1;63;0x00000b31;244;0;0;2183029;2780749;606;2183075;0;NOSTRESS
42477703702;53774;"NEAR_P1";"INTERVAL";"PROBE";1;63;0x00000b31;244;0;0;2188676;2790321;601;2188765;0;NOSTRESS
42477757483;53780;"NEAR_P1";"INTERVAL";"PROBE";1;63;0x00000b31;244;0;0;2189758;2794008;412;2189847;0;NOSTRESS
42477811273;53635;"NEAR_P1";"INTERVAL";"PROBE";1;63;0x00000b31;244;0;0;2188486;2788979;112;2188574;0;NOSTRESS
42477864915;53465;"NEAR_P1";"INTERVAL";"PROBE";1;63;0x00000b31;244;0;0;2183170;2780159;48;2183216;0;NOSTRESS
42477918387;53633;"NEAR_P1";"INTERVAL";"PROBE";1;63;0x00000b31;244;0;0;2188590;2789972;76;2188678;0;NOSTRESS
42477972045;106057;"TRAJ_R1";"INTERVAL";"PROBE";1;63;0x00000b31;244;0;0;4170869;5512399;403;4171005;0;NOSTRESS
42478498230;1184420;"MAF";"INTERVAL";"PROBE";1;63;0x00000b31;245;12;15;48063584;61850787;7579;48065138;0;NOSTRESS
42478498256;118;"SENS_C1";"INTERVAL";"PROBE";1;63;0x00000b31;245;0;2;1450;2095;476;1454;0;NOSTRESS
42478498380;242;"LOC_C1";"INTERVAL";"PROBE";1;63;0x00000b31;245;0;2;4922;7256;540;4926;0;NOSTRESS
42478498628;34;"LOC_C2";"INTERVAL";"PROBE";1;63;0x00000b31;245;0;0;650;915;116;654;0;NOSTRESS
42478498671;311;"LOC_C3";"INTERVAL";"PROBE";1;63;0x00000b31;245;0;0;9810;13315;332;9814;0;NOSTRESS
42478498992;41;"LOC_C4";"INTERVAL";"PROBE";1;63;0x00000b31;245;0;0;584;894;120;588;0;NOSTRESS
42478499039;53924;"NEAR_P1";"INTERVAL";"PROBE";1;63;0x00000b31;245;7;4;2188249;2817225;1248;2188316;0;NOSTRESS
42478552970;53838;"NEAR_P1";"INTERVAL";"PROBE";1;63;0x00000b31;245;3;4;2187694;2806543;648;2187772;0;NOSTRESS
42478606818;53583;"NEAR_P1";"INTERVAL";"PROBE";1;63;0x00000b31;245;1;1;2182605;2807393;268;2182643;0;NOSTRESS
42478660408;53742;"NEAR_P1";"INTERVAL";"PROBE";1;63;0x00000b31;245;1;1;2187676;2817840;36;2187754;0;NOSTRESS
42478714157;53743;"NEAR_P1";"INTERVAL";"PROBE";1;63;0x00000b31;245;0;0;2187665;2805360;29;2187743;0;NOSTRESS
42478767907;53574;"NEAR_P1";"INTERVAL";"PROBE";1;63;0x00000b31;245;0;0;2182644;2794989;21;2182686;0;NOSTRESS
42478821492;53723;"NEAR_P1";"INTERVAL";"PROBE";1;63;0x00000b31;245;0;0;2187705;2819242;20;2187791;0;NOSTRESS
42478875222;53736;"NEAR_P1";"INTERVAL";"PROBE";1;63;0x00000b31;245;0;0;2187653;2819328;25;2187742;0;NOSTRESS
42478928965;53574;"NEAR_P1";"INTERVAL";"PROBE";1;63;0x00000b31;245;0;0;2182592;2805912;24;2182640;0;NOSTRESS
42478982561;53753;"NEAR_P1";"INTERVAL";"PROBE";1;63;0x00000b31;245;0;0;2188115;2816460;107;2188202;0;NOSTRESS
42479036321;53739;"NEAR_P1";"INTERVAL";"PROBE";1;63;0x00000b31;245;0;0;2188367;2818237;44;2188455;0;NOSTRESS
42479090067;53592;"NEAR_P1";"INTERVAL";"PROBE";1;63;0x00000b31;245;0;0;2182907;2808395;32;2182953;0;NOSTRESS
42479143666;53747;"NEAR_P1";"INTERVAL";"PROBE";1;63;0x00000b31;245;0;0;2188354;2817148;288;2188445;0;NOSTRESS
42479197423;53932;"NEAR_P1";"INTERVAL";"PROBE";1;63;0x00000b31;245;0;0;2190146;2820148;848;2190250;0;NOSTRESS
42479251362;53853;"NEAR_P1";"INTERVAL";"PROBE";1;63;0x00000b31;245;0;0;2188156;2819693;941;2188242;0;NOSTRESS
42479305222;53553;"NEAR_P1";"INTERVAL";"PROBE";1;63;0x00000b31;245;0;0;2183010;2781557;344;2183056;0;NOSTRESS
42479358783;53669;"NEAR_P1";"INTERVAL";"PROBE";1;63;0x00000b31;245;0;0;2188420;2793929;164;2188514;0;NOSTRESS
42479412465;53717;"NEAR_P1";"INTERVAL";"PROBE";1;63;0x00000b31;245;0;0;2189633;2793478;238;2189728;0;NOSTRESS
42479466189;53507;"NEAR_P1";"INTERVAL";"PROBE";1;63;0x00000b31;245;0;0;2182995;2779209;44;2183041;0;NOSTRESS
42479519709;53644;"NEAR_P1";"INTERVAL";"PROBE";1;63;0x00000b31;245;0;0;2188386;2792039;68;2188474;0;NOSTRESS
42479573370;109273;"TRAJ_R1";"INTERVAL";"PROBE";1;63;0x00000b31;245;0;0;4296976;5664672;378;4297109;0;NOSTRESS
42480098223;1186054;"MAF";"INTERVAL";"PROBE";1;63;0x00000b31;246;20;7;48191105;61614889;8191;48192635;0;NOSTRESS
42480098249;119;"SENS_C1";"INTERVAL";"PROBE";1;63;0x00000b31;246;0;2;1455;2060;472;1459;0;NOSTRESS
42480098375;237;"LOC_C1";"INTERVAL";"PROBE";1;63;0x00000b31;246;1;0;4922;7359;514;4926;0;NOSTRESS
42480098619;34;"LOC_C2";"INTERVAL";"PROBE";1;63;0x00000b31;246;0;0;650;914;92;654;0;NOSTRESS
42480098662;309;"LOC_C3";"INTERVAL";"PROBE";1;63;0x00000b31;246;0;0;9803;13429;332;9807;0;NOSTRESS
42480098981;46;"LOC_C4";"INTERVAL";"PROBE";1;63;0x00000b31;246;0;0;586;900;124;590;0;NOSTRESS
42480099033;53799;"NEAR_P1";"INTERVAL";"PROBE";1;63;0x00000b31;246;4;2;2188522;2793077;1000;2188601;0;NOSTRESS
42480152841;53658;"NEAR_P1";"INTERVAL";"PROBE";1;63;0x00000b31;246;1;2;2187899;2792767;532;2187975;0;NOSTRESS
42480206506;53523;"NEAR_P1";"INTERVAL";"PROBE";1;63;0x00000b31;246;1;0;2182852;2776232;284;2182893;0;NOSTRESS
42480260037;53642;"NEAR_P1";"INTERVAL";"PROBE";1;63;0x00000b31;246;0;0;2187917;2791754;36;2187993;0;NOSTRESS
42480313686;53606;"NEAR_P1";"INTERVAL";"PROBE";1;63;0x00000b31;246;0;0;2187680;2788178;58;2187756;0;NOSTRESS
42480367299;53482;"NEAR_P1";"INTERVAL";"PROBE";1;63;0x00000b31;246;0;0;2182795;2778529;24;2182837;0;NOSTRESS
42480420788;53552;"NEAR_P1";"INTERVAL";"PROBE";1;63;0x00000b31;246;0;0;2184931;2773360;13;2185005;0;NOSTRESS
42480474347;53600;"NEAR_P1";"INTERVAL";"PROBE";1;63;0x00000b31;246;0;0;2187938;2790334;19;2188027;0;NOSTRESS
42480527954;53467;"NEAR_P1";"INTERVAL";"PROBE";1;63;0x00000b31;246;0;0;2182830;2783524;9;2182878;0;NOSTRESS
42480581428;53571;"NEAR_P1";"INTERVAL";"PROBE";1;63;0x00000b31;246;0;0;2185337;2773628;75;2185415;0;NOSTRESS
42480635006;53619;"NEAR_P1";"INTERVAL";"PROBE";1;63;0x00000b31;246;0;0;2188628;2793017;20;2188719;0;NOSTRESS
42480688632;53774;"NEAR_P1";"INTERVAL";"PROBE";1;63;0x00000b31;246;13;1;2184046;2782515;1084;2184096;0;NOSTRESS
42480742413;53648;"NEAR_P1";"INTERVAL";"PROBE";1;63;0x00000b31;246;0;0;2188621;2792044;324;2188712;0;NOSTRESS
42480796071;53695;"NEAR_P1";"INTERVAL";"PROBE";1;63;0x00000b31;246;0;0;2188562;2790648;576;2188650;0;NOSTRESS
42480849773;53512;"NEAR_P1";"INTERVAL";"PROBE";1;63;0x00000b31;246;0;0;2183101;2777973;568;2183147;0;NOSTRESS
42480903292;53883;"NEAR_P1";"INTERVAL";"PROBE";1;63;0x00000b31;246;0;0;2190458;2797295;1008;2190559;0;NOSTRESS
42480957181;53679;"NEAR_P1";"INTERVAL";"PROBE";1;63;0x00000b31;246;0;0;2188547;2791936;172;2188632;0;NOSTRESS
42481010867;53646;"NEAR_P1";"INTERVAL";"PROBE";1;63;0x00000b31;246;0;0;2188523;2791267;52;2188608;0;NOSTRESS
42481064520;53557;"NEAR_P1";"INTERVAL";"PROBE";1;63;0x00000b31;246;0;0;2184409;2786346;158;2184456;0;NOSTRESS
42481118084;53667;"NEAR_P1";"INTERVAL";"PROBE";1;63;0x00000b31;246;0;0;2188564;2783675;84;2188655;0;NOSTRESS
42481171778;112492;"TRAJ_R1";"INTERVAL";"PROBE";1;63;0x00000b31;246;0;0;4425309;5834936;401;4425439;0;NOSTRESS
42481698263;1189015;"MAF";"INTERVAL";"PROBE";1;63;0x00000b31;247;10;7;48317470;61790729;8060;48319017;0;NOSTRESS
42481698288;128;"SENS_C1";"INTERVAL";"PROBE";1;63;0x00000b31;247;0;1;1451;2095;476;1455;0;NOSTRESS
42481698423;253;"LOC_C1";"INTERVAL";"PROBE";1;63;0x00000b31;247;1;1;4915;7273;560;4919;0;NOSTRESS
42481698684;30;"LOC_C2";"INTERVAL";"PROBE";1;63;0x00000b31;247;0;0;650;900;92;654;0;NOSTRESS
42481698723;310;"LOC_C3";"INTERVAL";"PROBE";1;63;0x00000b31;247;0;0;9817;13460;324;9821;0;NOSTRESS
42481699043;44;"LOC_C4";"INTERVAL";"PROBE";1;63;0x00000b31;247;0;0;585;917;140;589;0;NOSTRESS
42481699093;53969;"NEAR_P1";"INTERVAL";"PROBE";1;63;0x00000b31;247;6;3;2190323;2799280;1723;2190407;0;NOSTRESS
42481753069;53675;"NEAR_P1";"INTERVAL";"PROBE";1;63;0x00000b31;247;2;1;2187817;2791492;796;2187897;0;NOSTRESS
42481806751;53433;"NEAR_P1";"INTERVAL";"PROBE";1;63;0x00000b31;247;1;0;2179727;2772303;436;2179753;0;NOSTRESS
42481860191;53625;"NEAR_P1";"INTERVAL";"PROBE";1;63;0x00000b31;247;0;0;2187867;2789767;44;2187945;0;NOSTRESS
42481913823;53620;"NEAR_P1";"INTERVAL";"PROBE";1;63;0x00000b31;247;0;0;2187763;2779706;8;2187839;0;NOSTRESS
42481967450;53457;"NEAR_P1";"INTERVAL";"PROBE";1;63;0x00000b31;247;0;0;2182690;2780055;20;2182728;0;NOSTRESS
42482020914;53597;"NEAR_P1";"INTERVAL";"PROBE";1;63;0x00000b31;247;0;0;2187719;2788907;8;2187811;0;NOSTRESS
42482074518;53546;"NEAR_P1";"INTERVAL";"PROBE";1;63;0x00000b31;247;0;0;2184995;2783799;13;2185075;0;NOSTRESS
42482128076;53456;"NEAR_P1";"INTERVAL";"PROBE";1;63;0x00000b31;247;0;0;2182730;2781566;11;2182775;0;NOSTRESS
42482181539;53625;"NEAR_P1";"INTERVAL";"PROBE";1;63;0x00000b31;247;0;0;2188121;2789734;87;2188214;0;NOSTRESS
42482235171;53647;"NEAR_P1";"INTERVAL";"PROBE";1;63;0x00000b31;247;0;0;2188446;2778382;61;2188537;0;NOSTRESS
42482288825;53464;"NEAR_P1";"INTERVAL";"PROBE";1;63;0x00000b31;247;0;0;2183020;2777587;24;2183066;0;NOSTRESS
42482342298;53665;"NEAR_P1";"INTERVAL";"PROBE";1;63;0x00000b31;247;0;0;2188484;2790740;320;2188576;0;NOSTRESS
42482395975;53716;"NEAR_P1";"INTERVAL";"PROBE";1;63;0x00000b31;247;0;0;2188395;2794831;464;2188483;0;NOSTRESS
42482449701;53515;"NEAR_P1";"INTERVAL";"PROBE";1;63;0x00000b31;247;0;0;2182990;2779479;556;2183039;0;NOSTRESS
42482503223;53701;"NEAR_P1";"INTERVAL";"PROBE";1;63;0x00000b31;247;0;0;2188503;2789668;544;2188589;0;NOSTRESS
42482556931;53772;"NEAR_P1";"INTERVAL";"PROBE";1;63;0x00000b31;247;0;0;2190308;2794503;560;2190406;0;NOSTRESS
42482610710;53646;"NEAR_P1";"INTERVAL";"PROBE";1;63;0x00000b31;247;0;0;2188588;2793096;92;2188680;0;NOSTRESS
42482664363;53463;"NEAR_P1";"INTERVAL";"PROBE";1;63;0x00000b31;247;0;0;2182998;2777253;52;2183044;0;NOSTRESS
42482717833;53629;"NEAR_P1";"INTERVAL";"PROBE";1;63;0x00000b31;247;0;0;2188372;2790241;64;2188460;0;NOSTRESS
42482771480;115791;"TRAJ_R1";"INTERVAL";"PROBE";1;63;0x00000b31;247;0;0;4553979;6016285;413;4554112;0;NOSTRESS
42483298281;1192698;"MAF";"INTERVAL";"PROBE";1;63;0x00000b31;248;8;3;48459971;61972005;7332;48461533;0;NOSTRESS
42483298307;121;"SENS_C1";"INTERVAL";"PROBE";1;63;0x00000b31;248;0;1;1454;2082;460;1458;0;NOSTRESS
42483298435;241;"LOC_C1";"INTERVAL";"PROBE";1;63;0x00000b31;248;1;0;4901;7161;540;4905;0;NOSTRESS
42483298685;29;"LOC_C2";"INTERVAL";"PROBE";1;63;0x00000b31;248;0;0;650;899;84;654;0;NOSTRESS
42483298723;316;"LOC_C3";"INTERVAL";"PROBE";1;63;0x00000b31;248;0;0;9812;13354;312;9816;0;NOSTRESS
42483299049;44;"LOC_C4";"INTERVAL";"PROBE";1;63;0x00000b31;248;0;0;585;900;128;589;0;NOSTRESS
42483299099;53815;"NEAR_P1";"INTERVAL";"PROBE";1;63;0x00000b31;248;5;1;2188866;2796625;1268;2188933;0;NOSTRESS
42483352921;53612;"NEAR_P1";"INTERVAL";"PROBE";1;63;0x00000b31;248;2;0;2185409;2786124;517;2185475;0;NOSTRESS
42483406541;53603;"NEAR_P1";"INTERVAL";"PROBE";1;63;0x00000b31;248;0;0;2185077;2783430;528;2185127;0;NOSTRESS
42483460151;53620;"NEAR_P1";"INTERVAL";"PROBE";1;63;0x00000b31;248;0;0;2188236;2790029;72;2188312;0;NOSTRESS
42483513778;53627;"NEAR_P1";"INTERVAL";"PROBE";1;63;0x00000b31;248;0;0;2188366;2783507;32;2188446;0;NOSTRESS
42483567412;53480;"NEAR_P1";"INTERVAL";"PROBE";1;63;0x00000b31;248;0;0;2183148;2781180;20;2183188;0;NOSTRESS
42483620916;53613;"NEAR_P1";"INTERVAL";"PROBE";1;63;0x00000b31;248;0;0;2188214;2789900;16;2188297;0;NOSTRESS
42483674536;53686;"NEAR_P1";"INTERVAL";"PROBE";1;63;0x00000b31;248;0;0;2189536;2793643;56;2189626;0;NOSTRESS
42483728229;53483;"NEAR_P1";"INTERVAL";"PROBE";1;63;0x00000b31;248;0;0;2183230;2782433;21;2183272;0;NOSTRESS
42483781719;53579;"NEAR_P1";"INTERVAL";"PROBE";1;63;0x00000b31;248;0;0;2185780;2779162;88;2185858;0;NOSTRESS
42483835305;53644;"NEAR_P1";"INTERVAL";"PROBE";1;63;0x00000b31;248;0;0;2188694;2792540;28;2188780;0;NOSTRESS
42483888957;53485;"NEAR_P1";"INTERVAL";"PROBE";1;63;0x00000b31;248;0;0;2183559;2770994;19;2183602;0;NOSTRESS
42483942449;53668;"NEAR_P1";"INTERVAL";"PROBE";1;63;0x00000b31;248;0;0;2189036;2791657;353;2189126;0;NOSTRESS
42483996139;53724;"NEAR_P1";"INTERVAL";"PROBE";1;63;0x00000b31;248;0;0;2188985;2781470;416;2189073;0;NOSTRESS
42484049873;53532;"NEAR_P1";"INTERVAL";"PROBE";1;63;0x00000b31;248;0;0;2183644;2779951;552;2183688;0;NOSTRESS
42484103412;53770;"NEAR_P1";"INTERVAL";"PROBE";1;63;0x00000b31;248;0;0;2189027;2791911;468;2189116;0;NOSTRESS
42484157189;53683;"NEAR_P1";"INTERVAL";"PROBE";1;63;0x00000b31;248;0;0;2188812;2794387;173;2188900;0;NOSTRESS
42484210879;53759;"NEAR_P1";"INTERVAL";"PROBE";1;63;0x00000b31;248;0;0;2190810;2793554;416;2190911;0;NOSTRESS
42484264645;53502;"NEAR_P1";"INTERVAL";"PROBE";1;63;0x00000b31;248;0;0;2183516;2779796;120;2183559;0;NOSTRESS
42484318154;53659;"NEAR_P1";"INTERVAL";"PROBE";1;63;0x00000b31;248;0;0;2188906;2780352;83;2188997;0;NOSTRESS
42484371821;119150;"TRAJ_R1";"INTERVAL";"PROBE";1;63;0x00000b31;248;0;0;4685504;6197689;390;4685685;0;NOSTRESS
42484898295;1195828;"MAF";"INTERVAL";"PROBE";1;63;0x00000b31;249;27;11;48576256;62115654;9383;48577860;0;NOSTRESS
42484898582;122;"SENS_C1";"INTERVAL";"PROBE";1;63;0x00000b31;249;0;0;1452;2055;480;1456;0;NOSTRESS
42484898712;232;"LOC_C1";"INTERVAL";"PROBE";1;63;0x00000b31;249;0;3;4907;7194;525;4911;0;NOSTRESS
42484898952;35;"LOC_C2";"INTERVAL";"PROBE";1;63;0x00000b31;249;0;0;650;916;124;654;0;NOSTRESS
42484898997;312;"LOC_C3";"INTERVAL";"PROBE";1;63;0x00000b31;249;0;0;9810;13383;308;9814;0;NOSTRESS
42484899318;41;"LOC_C4";"INTERVAL";"PROBE";1;63;0x00000b31;249;0;0;585;909;132;589;0;NOSTRESS
42484899365;53819;"NEAR_P1";"INTERVAL";"PROBE";1;63;0x00000b31;249;10;5;2188975;2793711;1354;2189054;0;NOSTRESS
42484953191;53679;"NEAR_P1";"INTERVAL";"PROBE";1;63;0x00000b31;249;3;3;2188028;2790415;544;2188104;0;NOSTRESS
42485006877;53476;"NEAR_P1";"INTERVAL";"PROBE";1;63;0x00000b31;249;0;0;2182896;2764246;280;2182936;0;NOSTRESS
42485060359;53739;"NEAR_P1";"INTERVAL";"PROBE";1;63;0x00000b31;249;0;0;2190073;2794279;324;2190159;0;NOSTRESS
42485114105;53621;"NEAR_P1";"INTERVAL";"PROBE";1;63;0x00000b31;249;0;0;2188180;2788218;57;2188256;0;NOSTRESS
42485167733;53503;"NEAR_P1";"INTERVAL";"PROBE";1;63;0x00000b31;249;0;0;2182918;2778612;42;2182960;0;NOSTRESS
42485221243;53605;"NEAR_P1";"INTERVAL";"PROBE";1;63;0x00000b31;249;0;0;2188034;2787621;24;2188126;0;NOSTRESS
42485274857;53638;"NEAR_P1";"INTERVAL";"PROBE";1;63;0x00000b31;249;0;0;2187994;2788736;258;2188086;0;NOSTRESS
42485328504;53458;"NEAR_P1";"INTERVAL";"PROBE";1;63;0x00000b31;249;0;0;2182913;2778474;36;2182961;0;NOSTRESS
42485381969;53639;"NEAR_P1";"INTERVAL";"PROBE";1;63;0x00000b31;249;0;0;2188011;2787364;116;2188097;0;NOSTRESS
42485435617;53661;"NEAR_P1";"INTERVAL";"PROBE";1;63;0x00000b31;249;0;0;2188601;2788999;171;2188689;0;NOSTRESS
42485489285;53458;"NEAR_P1";"INTERVAL";"PROBE";1;63;0x00000b31;249;0;0;2183243;2776545;12;2183289;0;NOSTRESS
42485542750;53665;"NEAR_P1";"INTERVAL";"PROBE";1;63;0x00000b31;249;0;0;2188533;2790425;363;2188617;0;NOSTRESS
42485596425;53719;"NEAR_P1";"INTERVAL";"PROBE";1;63;0x00000b31;249;0;0;2188621;2788886;569;2188706;0;NOSTRESS
42485650152;53509;"NEAR_P1";"INTERVAL";"PROBE";1;63;0x00000b31;249;0;0;2183244;2777930;620;2183293;0;NOSTRESS
42485703672;53680;"NEAR_P1";"INTERVAL";"PROBE";1;63;0x00000b31;249;0;0;2188661;2786938;501;2188746;0;NOSTRESS
42485757359;53742;"NEAR_P1";"INTERVAL";"PROBE";1;63;0x00000b31;249;0;0;2189913;2791286;338;2190005;0;NOSTRESS
42485811109;53627;"NEAR_P1";"INTERVAL";"PROBE";1;63;0x00000b31;249;0;0;2188611;2787080;56;2188702;0;NOSTRESS
42485864743;53469;"NEAR_P1";"INTERVAL";"PROBE";1;63;0x00000b31;249;0;0;2183224;2779878;36;2183270;0;NOSTRESS
42485918227;53821;"NEAR_P1";"INTERVAL";"PROBE";1;63;0x00000b31;249;0;0;2190501;2792840;557;2190596;0;NOSTRESS
42485972057;122058;"TRAJ_R1";"INTERVAL";"PROBE";1;63;0x00000b31;249;0;0;4800571;6348820;372;4800744;0;NOSTRESS
42486498275;1182850;"MAF";"INTERVAL";"PROBE";1;63;0x00000b31;250;16;8;48060006;61484457;11342;48061576;0;NOSTRESS
42486498303;135;"SENS_C1";"INTERVAL";"PROBE";1;63;0x00000b31;250;0;3;1453;2054;504;1457;0;NOSTRESS
42486498446;268;"LOC_C1";"INTERVAL";"PROBE";1;63;0x00000b31;250;1;0;4918;7312;670;4922;0;NOSTRESS
42486498723;35;"LOC_C2";"INTERVAL";"PROBE";1;63;0x00000b31;250;0;0;650;941;116;654;0;NOSTRESS
42486498767;312;"LOC_C3";"INTERVAL";"PROBE";1;63;0x00000b31;250;0;0;9812;13357;324;9816;0;NOSTRESS
42486499088;44;"LOC_C4";"INTERVAL";"PROBE";1;63;0x00000b31;250;0;0;587;901;132;591;0;NOSTRESS
42486499138;54003;"NEAR_P1";"INTERVAL";"PROBE";1;63;0x00000b31;250;13;2;2191433;2802866;3076;2191515;0;NOSTRESS
42486553148;53714;"NEAR_P1";"INTERVAL";"PROBE";1;63;0x00000b31;250;2;1;2188355;2787738;1264;2188433;0;NOSTRESS
42486606869;53603;"NEAR_P1";"INTERVAL";"PROBE";1;63;0x00000b31;250;0;0;2184638;2785378;668;2184686;0;NOSTRESS
42486660480;53651;"NEAR_P1";"INTERVAL";"PROBE";1;63;0x00000b31;250;0;0;2188370;2794807;64;2188448;0;NOSTRESS
42486714148;53740;"NEAR_P1";"INTERVAL";"PROBE";1;63;0x00000b31;250;0;0;2190222;2795470;328;2190312;0;NOSTRESS
42486767896;53484;"NEAR_P1";"INTERVAL";"PROBE";1;63;0x00000b31;250;0;0;2183244;2784764;28;2183282;0;NOSTRESS
42486821387;53644;"NEAR_P1";"INTERVAL";"PROBE";1;63;0x00000b31;250;0;0;2188527;2782202;24;2188615;0;NOSTRESS
42486875038;53618;"NEAR_P1";"INTERVAL";"PROBE";1;63;0x00000b31;250;0;0;2188337;2793445;24;2188426;0;NOSTRESS
42486928663;53470;"NEAR_P1";"INTERVAL";"PROBE";1;63;0x00000b31;250;0;0;2183291;2781823;8;2183336;0;NOSTRESS
42486982140;53637;"NEAR_P1";"INTERVAL";"PROBE";1;63;0x00000b31;250;0;0;2188251;2790875;52;2188342;0;NOSTRESS
42487035784;53664;"NEAR_P1";"INTERVAL";"PROBE";1;63;0x00000b31;250;0;0;2188659;2794031;112;2188749;0;NOSTRESS
42487089455;53512;"NEAR_P1";"INTERVAL";"PROBE";1;63;0x00000b31;250;0;0;2183443;2779497;132;2183486;0;NOSTRESS
42487142974;53672;"NEAR_P1";"INTERVAL";"PROBE";1;63;0x00000b31;250;0;0;2189113;2787235;340;2189199;0;NOSTRESS
42487196655;53717;"NEAR_P1";"INTERVAL";"PROBE";1;63;0x00000b31;250;0;0;2188837;2792453;640;2188929;0;NOSTRESS
42487250381;53742;"NEAR_P1";"INTERVAL";"PROBE";1;63;0x00000b31;250;0;0;2188978;2794307;945;2189064;0;NOSTRESS
42487304130;53555;"NEAR_P1";"INTERVAL";"PROBE";1;63;0x00000b31;250;0;0;2183695;2780768;468;2183739;0;NOSTRESS
42487357693;53672;"NEAR_P1";"INTERVAL";"PROBE";1;63;0x00000b31;250;0;0;2188969;2792655;156;2189054;0;NOSTRESS
42487411372;53630;"NEAR_P1";"INTERVAL";"PROBE";1;63;0x00000b31;250;0;0;2188970;2790577;20;2189058;0;NOSTRESS
42487465009;53486;"NEAR_P1";"INTERVAL";"PROBE";1;63;0x00000b31;250;0;0;2183534;2778728;64;2183580;0;NOSTRESS
42487518502;53665;"NEAR_P1";"INTERVAL";"PROBE";1;63;0x00000b31;250;0;0;2188961;2790624;52;2189052;0;NOSTRESS
42487572192;108924;"TRAJ_R1";"INTERVAL";"PROBE";1;63;0x00000b31;250;0;1;4278542;5652156;931;4278688;0;NOSTRESS
42488098309;1187191;"MAF";"INTERVAL";"PROBE";1;63;0x00000b31;251;21;12;48230155;61720309;8491;48231712;0;NOSTRESS
42488098333;118;"SENS_C1";"INTERVAL";"PROBE";1;63;0x00000b31;251;0;1;1452;2060;468;1456;0;NOSTRESS
42488098458;237;"LOC_C1";"INTERVAL";"PROBE";1;63;0x00000b31;251;0;1;4912;7287;544;4916;0;NOSTRESS
42488098702;31;"LOC_C2";"INTERVAL";"PROBE";1;63;0x00000b31;251;0;0;650;904;100;654;0;NOSTRESS
42488098742;310;"LOC_C3";"INTERVAL";"PROBE";1;63;0x00000b31;251;0;0;9804;13208;320;9808;0;NOSTRESS
42488099061;43;"LOC_C4";"INTERVAL";"PROBE";1;63;0x00000b31;251;0;0;586;933;128;590;0;NOSTRESS
42488099110;53854;"NEAR_P1";"INTERVAL";"PROBE";1;63;0x00000b31;251;5;3;2189473;2798419;1196;2189548;0;NOSTRESS
42488152972;53690;"NEAR_P1";"INTERVAL";"PROBE";1;63;0x00000b31;251;3;3;2188510;2794191;552;2188588;0;NOSTRESS
42488206669;53556;"NEAR_P1";"INTERVAL";"PROBE";1;63;0x00000b31;251;0;0;2183291;2779899;276;2183333;0;NOSTRESS
42488260232;53623;"NEAR_P1";"INTERVAL";"PROBE";1;63;0x00000b31;251;0;0;2188349;2793840;24;2188423;0;NOSTRESS
42488313862;53918;"NEAR_P1";"INTERVAL";"PROBE";1;63;0x00000b31;251;12;4;2189222;2793963;1089;2189305;0;NOSTRESS
42488367787;53500;"NEAR_P1";"INTERVAL";"PROBE";1;63;0x00000b31;251;1;0;2183279;2781673;43;2183321;0;NOSTRESS
42488421294;53788;"NEAR_P1";"INTERVAL";"PROBE";1;63;0x00000b31;251;0;0;2191507;2799729;316;2191604;0;NOSTRESS
42488475089;53623;"NEAR_P1";"INTERVAL";"PROBE";1;63;0x00000b31;251;0;0;2188355;2794525;36;2188438;0;NOSTRESS
42488528719;53486;"NEAR_P1";"INTERVAL";"PROBE";1;63;0x00000b31;251;0;0;2183313;2781576;24;2183358;0;NOSTRESS
42488582212;53636;"NEAR_P1";"INTERVAL";"PROBE";1;63;0x00000b31;251;0;0;2188723;2793436;48;2188807;0;NOSTRESS
42488635855;53656;"NEAR_P1";"INTERVAL";"PROBE";1;63;0x00000b31;251;0;0;2189001;2792318;48;2189092;0;NOSTRESS
42488689518;53476;"NEAR_P1";"INTERVAL";"PROBE";1;63;0x00000b31;251;0;0;2183609;2781018;8;2183652;0;NOSTRESS
42488743001;53680;"NEAR_P1";"INTERVAL";"PROBE";1;63;0x00000b31;251;0;0;2188664;2790803;438;2188750;0;NOSTRESS
42488796689;53758;"NEAR_P1";"INTERVAL";"PROBE";1;63;0x00000b31;251;0;0;2189079;2787939;476;2189171;0;NOSTRESS
42488850456;53715;"NEAR_P1";"INTERVAL";"PROBE";1;63;0x00000b31;251;0;0;2189056;2793256;748;2189146;0;NOSTRESS
42488904178;53576;"NEAR_P1";"INTERVAL";"PROBE";1;63;0x00000b31;251;0;0;2183458;2781684;524;2183501;0;NOSTRESS
42488957761;53676;"NEAR_P1";"INTERVAL";"PROBE";1;63;0x00000b31;251;0;0;2189079;2792515;164;2189170;0;NOSTRESS
42489011444;53667;"NEAR_P1";"INTERVAL";"PROBE";1;63;0x00000b31;251;0;0;2189072;2794486;76;2189167;0;NOSTRESS
42489065118;53497;"NEAR_P1";"INTERVAL";"PROBE";1;63;0x00000b31;251;0;0;2183563;2782355;44;2183609;0;NOSTRESS
42489118622;53682;"NEAR_P1";"INTERVAL";"PROBE";1;63;0x00000b31;251;0;0;2188989;2781731;56;2189074;0;NOSTRESS
42489172329;113163;"TRAJ_R1";"INTERVAL";"PROBE";1;63;0x00000b31;251;0;0;4448943;5879261;625;4449089;0;NOSTRESS
42489698200;2315108;"MAF";"INTERVAL";"PROBE";1;63;0x00000b31;252;41;50;121041380;179184337;14243;121044809;0;CPUTHEFT
42489698226;121;"SENS_C1";"INTERVAL";"PROBE";1;63;0x00000b31;252;0;1;1455;2107;476;1459;0;CPUTHEFT
42489698353;258;"LOC_C1";"INTERVAL";"PROBE";1;63;0x00000b31;252;1;2;4912;7321;610;4916;0;CPUTHEFT
42489698618;37;"LOC_C2";"INTERVAL";"PROBE";1;63;0x00000b31;252;0;0;650;905;120;654;0;CPUTHEFT
42489698664;308;"LOC_C3";"INTERVAL";"PROBE";1;63;0x00000b31;252;0;0;9810;13340;320;9814;0;CPUTHEFT
42489698982;41;"LOC_C4";"INTERVAL";"PROBE";1;63;0x00000b31;252;0;0;586;903;116;590;0;CPUTHEFT
42489699029;54004;"NEAR_P1";"INTERVAL";"PROBE";1;63;0x00000b31;252;7;2;2188557;2819738;1690;2188643;0;CPUTHEFT
42489753040;85830;"NEAR_P1";"INTERVAL";"PROBE";1;63;0x00000b31;252;3;3;4261040;6147953;1125;4261173;0;CPUTHEFT
42489838877;85656;"NEAR_P1";"INTERVAL";"PROBE";1;63;0x00000b31;252;1;1;4258258;6140047;488;4258349;0;CPUTHEFT
42489924540;117749;"NEAR_P1";"INTERVAL";"PROBE";1;63;0x00000b31;252;1;1;6339393;9486835;84;6339579;0;CPUTHEFT
42490042296;117874;"NEAR_P1";"INTERVAL";"PROBE";1;63;0x00000b31;252;2;2;6340820;9489735;340;6341013;0;CPUTHEFT
42490160177;85629;"NEAR_P1";"INTERVAL";"PROBE";1;63;0x00000b31;252;1;1;4258983;6139302;172;4259079;0;CPUTHEFT
42490245813;117789;"NEAR_P1";"INTERVAL";"PROBE";1;63;0x00000b31;252;1;1;6337452;9480542;215;6337644;0;CPUTHEFT
42490363611;117896;"NEAR_P1";"INTERVAL";"PROBE";1;63;0x00000b31;252;2;2;6335367;9477224;1727;6335558;0;CPUTHEFT
42490481516;85764;"NEAR_P1";"INTERVAL";"PROBE";1;63;0x00000b31;252;1;1;4254500;6134838;1411;4254598;0;CPUTHEFT
42490567290;117872;"NEAR_P1";"INTERVAL";"PROBE";1;63;0x00000b31;252;1;1;6340183;9485938;547;6340367;0;CPUTHEFT
42490685169;117778;"NEAR_P1";"INTERVAL";"PROBE";1;63;0x00000b31;252;2;2;6340005;9483681;271;6340193;0;CPUTHEFT
42490802954;117886;"NEAR_P1";"INTERVAL";"PROBE";1;63;0x00000b31;252;2;2;6340288;9485901;585;6340482;0;CPUTHEFT
42490920847;85623;"NEAR_P1";"INTERVAL";"PROBE";1;63;0x00000b31;252;0;1;4258727;6143498;164;4258823;0;CPUTHEFT
42491006477;117772;"NEAR_P1";"INTERVAL";"PROBE";1;63;0x00000b31;252;2;1;6338454;9479898;203;6338641;0;CPUTHEFT
42491124256;117758;"NEAR_P1";"INTERVAL";"PROBE";1;63;0x00000b31;252;2;2;6339908;9484681;169;6340096;0;CPUTHEFT
42491242021;85913;"NEAR_P1";"INTERVAL";"PROBE";1;63;0x00000b31;252;3;1;4255257;6139529;1238;4255396;0;CPUTHEFT
42491327941;117812;"NEAR_P1";"INTERVAL";"PROBE";1;63;0x00000b31;252;4;1;6339138;9480831;703;6339324;0;CPUTHEFT
42491445767;117802;"NEAR_P1";"INTERVAL";"PROBE";1;63;0x00000b31;252;0;4;6340082;9483584;306;6340268;0;CPUTHEFT
42491563577;85597;"NEAR_P1";"INTERVAL";"PROBE";1;63;0x00000b31;252;1;2;4258194;6138699;133;4258292;0;CPUTHEFT
42491649182;117869;"NEAR_P1";"INTERVAL";"PROBE";1;63;0x00000b31;252;1;2;6341956;9480858;184;6342154;0;CPUTHEFT
42491767077;246221;"TRAJ_R1";"INTERVAL";"PROBE";1;63;0x00000b31;252;0;0;12941173;19528361;636;12941546;0;CPUTHEFT
42492018267;2383415;"MAF";"INTERVAL";"PROBE";1;63;0x00000b31;253;54;58;125385462;185863799;17850;125388936;0;CPUTHEFT
42492018292;125;"SENS_C1";"INTERVAL";"PROBE";1;63;0x00000b31;253;0;1;1452;2075;476;1456;0;CPUTHEFT
42492018425;237;"LOC_C1";"INTERVAL";"PROBE";1;63;0x00000b31;253;0;0;4919;7310;553;4923;0;CPUTHEFT
42492018668;40;"LOC_C2";"INTERVAL";"PROBE";1;63;0x00000b31;253;0;0;650;898;156;654;0;CPUTHEFT
42492018717;312;"LOC_C3";"INTERVAL";"PROBE";1;63;0x00000b31;253;0;0;9810;13400;324;9814;0;CPUTHEFT
42492019040;44;"LOC_C4";"INTERVAL";"PROBE";1;63;0x00000b31;253;0;0;584;899;140;588;0;CPUTHEFT
42492019090;117986;"NEAR_P1";"INTERVAL";"PROBE";1;63;0x00000b31;253;13;2;6327849;9468375;4676;6328026;0;CPUTHEFT
42492137086;85769;"NEAR_P1";"INTERVAL";"PROBE";1;63;0x00000b31;253;4;2;4259139;6143699;1595;4259235;0;CPUTHEFT
42492222862;117840;"NEAR_P1";"INTERVAL";"PROBE";1;63;0x00000b31;253;2;2;6337705;9480022;571;6337890;0;CPUTHEFT
42492340710;117795;"NEAR_P1";"INTERVAL";"PROBE";1;63;0x00000b31;253;2;2;6338460;9481596;178;6338644;0;CPUTHEFT
42492458512;85632;"NEAR_P1";"INTERVAL";"PROBE";1;63;0x00000b31;253;0;2;4259406;6141922;104;4259504;0;CPUTHEFT
42492544166;117933;"NEAR_P1";"INTERVAL";"PROBE";1;63;0x00000b31;253;1;0;6339510;9488065;530;6339709;0;CPUTHEFT
42492662106;117765;"NEAR_P1";"INTERVAL";"PROBE";1;63;0x00000b31;253;2;2;6340777;9488344;132;6340963;0;CPUTHEFT
42492779878;85623;"NEAR_P1";"INTERVAL";"PROBE";1;63;0x00000b31;253;1;2;4259290;6142122;140;4259386;0;CPUTHEFT
42492865508;117807;"NEAR_P1";"INTERVAL";"PROBE";1;63;0x00000b31;253;1;0;6335695;9479939;392;6335915;0;CPUTHEFT
42492983324;117854;"NEAR_P1";"INTERVAL";"PROBE";1;63;0x00000b31;253;2;2;6338923;9482931;826;6339110;0;CPUTHEFT
42493101187;85620;"NEAR_P1";"INTERVAL";"PROBE";1;63;0x00000b31;253;1;2;4259397;6142659;120;4259493;0;CPUTHEFT
42493186815;117778;"NEAR_P1";"INTERVAL";"PROBE";1;63;0x00000b31;253;1;0;6338889;9481577;192;6339075;0;CPUTHEFT
42493304601;117875;"NEAR_P1";"INTERVAL";"PROBE";1;63;0x00000b31;253;2;2;6339788;9485053;377;6339982;0;CPUTHEFT
42493422484;85606;"NEAR_P1";"INTERVAL";"PROBE";1;63;0x00000b31;253;2;2;4258813;6140597;88;4258913;0;CPUTHEFT
42493508097;118035;"NEAR_P1";"INTERVAL";"PROBE";1;63;0x00000b31;253;10;5;6339320;9456820;2021;6339516;0;CPUTHEFT
42493626144;117768;"NEAR_P1";"INTERVAL";"PROBE";1;63;0x00000b31;253;2;2;6336881;9441300;1856;6337067;0;CPUTHEFT
42493743923;85552;"NEAR_P1";"INTERVAL";"PROBE";1;63;0x00000b31;253;2;2;4257393;6109412;736;4257486;0;CPUTHEFT
42493829482;117688;"NEAR_P1";"INTERVAL";"PROBE";1;63;0x00000b31;253;2;2;6338948;9455007;355;6339134;0;CPUTHEFT
42493947177;117662;"NEAR_P1";"INTERVAL";"PROBE";1;63;0x00000b31;253;2;2;6339190;9458212;187;6339375;0;CPUTHEFT
42494064846;85516;"NEAR_P1";"INTERVAL";"PROBE";1;63;0x00000b31;253;2;2;4259295;6114316;81;4259389;0;CPUTHEFT
42494150383;251291;"TRAJ_R1";"INTERVAL";"PROBE";1;63;0x00000b31;253;0;2;13147151;19729375;792;13147535;0;CPUTHEFT
42494406833;2419001;"MAF";"INTERVAL";"PROBE";1;63;0x00000b31;254;50;66;127700754;189148707;11642;127704327;0;CPUTHEFT
42494406855;114;"SENS_C1";"INTERVAL";"PROBE";1;63;0x00000b31;254;0;2;1454;2075;444;1458;0;CPUTHEFT
42494406976;224;"LOC_C1";"INTERVAL";"PROBE";1;63;0x00000b31;254;0;0;4904;7217;486;4908;0;CPUTHEFT
42494407208;36;"LOC_C2";"INTERVAL";"PROBE";1;63;0x00000b31;254;0;0;650;908;108;654;0;CPUTHEFT
42494407253;308;"LOC_C3";"INTERVAL";"PROBE";1;63;0x00000b31;254;0;0;9803;13418;304;9807;0;CPUTHEFT
42494407570;45;"LOC_C4";"INTERVAL";"PROBE";1;63;0x00000b31;254;0;0;585;934;136;589;0;CPUTHEFT
42494407621;117740;"NEAR_P1";"INTERVAL";"PROBE";1;63;0x00000b31;254;11;3;6332922;9450028;1428;6333133;0;CPUTHEFT
42494525372;117770;"NEAR_P1";"INTERVAL";"PROBE";1;63;0x00000b31;254;3;5;6335180;9449461;1239;6335372;0;CPUTHEFT
42494643154;117674;"NEAR_P1";"INTERVAL";"PROBE";1;63;0x00000b31;254;2;2;6340077;9455936;550;6340264;0;CPUTHEFT
42494760835;85495;"NEAR_P1";"INTERVAL";"PROBE";1;63;0x00000b31;254;2;2;4259563;6114241;40;4259654;0;CPUTHEFT
42494846338;117636;"NEAR_P1";"INTERVAL";"PROBE";1;63;0x00000b31;254;2;2;6340494;9457005;68;6340682;0;CPUTHEFT
42494963981;117755;"NEAR_P1";"INTERVAL";"PROBE";1;63;0x00000b31;254;2;2;6342123;9460477;332;6342321;0;CPUTHEFT
42495081743;85488;"NEAR_P1";"INTERVAL";"PROBE";1;63;0x00000b31;254;2;2;4257727;6113013;220;4257825;0;CPUTHEFT
42495167240;117756;"NEAR_P1";"INTERVAL";"PROBE";1;63;0x00000b31;254;2;2;6337732;9448036;1432;6337921;0;CPUTHEFT
42495285009;117757;"NEAR_P1";"INTERVAL";"PROBE";1;63;0x00000b31;254;2;2;6339001;9447449;1121;6339184;0;CPUTHEFT
42495402774;85529;"NEAR_P1";"INTERVAL";"PROBE";1;63;0x00000b31;254;2;2;4257239;6108882;405;4257334;0;CPUTHEFT
42495488311;117656;"NEAR_P1";"INTERVAL";"PROBE";1;63;0x00000b31;254;2;2;6339569;9453039;173;6339755;0;CPUTHEFT
42495605976;117744;"NEAR_P1";"INTERVAL";"PROBE";1;63;0x00000b31;254;2;2;6338837;9470892;190;6339023;0;CPUTHEFT
42495723728;85562;"NEAR_P1";"INTERVAL";"PROBE";1;63;0x00000b31;254;2;2;4259585;6127602;84;4259680;0;CPUTHEFT
42495809297;117741;"NEAR_P1";"INTERVAL";"PROBE";1;63;0x00000b31;254;2;2;6342231;9460105;328;6342431;0;CPUTHEFT
42495927049;117675;"NEAR_P1";"INTERVAL";"PROBE";1;63;0x00000b31;254;2;2;6340065;9454478;108;6340249;0;CPUTHEFT
42496044731;85521;"NEAR_P1";"INTERVAL";"PROBE";1;63;0x00000b31;254;2;2;4259090;6111118;124;4259186;0;CPUTHEFT
42496130260;117703;"NEAR_P1";"INTERVAL";"PROBE";1;63;0x00000b31;254;2;2;6338706;9454446;527;6338887;0;CPUTHEFT
42496247975;117668;"NEAR_P1";"INTERVAL";"PROBE";1;63;0x00000b31;254;2;2;6338433;9456499;422;6338620;0;CPUTHEFT
42496365650;85486;"NEAR_P1";"INTERVAL";"PROBE";1;63;0x00000b31;254;2;2;4259150;6113406;76;4259248;0;CPUTHEFT
42496451144;117632;"NEAR_P1";"INTERVAL";"PROBE";1;63;0x00000b31;254;2;2;6338428;9454388;77;6338614;0;CPUTHEFT
42496568804;257021;"TRAJ_R1";"INTERVAL";"PROBE";1;63;0x00000b31;254;0;0;13370971;20035894;939;13371367;0;CPUTHEFT
42496830829;2427691;"MAF";"INTERVAL";"PROBE";1;63;0x00000b31;255;55;58;127912497;189755245;19780;127916098;0;CPUTHEFT
42496830858;121;"SENS_C1";"INTERVAL";"PROBE";1;63;0x00000b31;255;0;0;1451;2058;476;1455;0;CPUTHEFT
42496830988;233;"LOC_C1";"INTERVAL";"PROBE";1;63;0x00000b31;255;0;2;4915;7348;516;4919;0;CPUTHEFT
42496831228;37;"LOC_C2";"INTERVAL";"PROBE";1;63;0x00000b31;255;0;0;650;918;132;654;0;CPUTHEFT
42496831274;308;"LOC_C3";"INTERVAL";"PROBE";1;63;0x00000b31;255;0;0;9808;13529;304;9812;0;CPUTHEFT
42496831591;44;"LOC_C4";"INTERVAL";"PROBE";1;63;0x00000b31;255;0;0;584;907;132;588;0;CPUTHEFT
42496831641;118155;"NEAR_P1";"INTERVAL";"PROBE";1;63;0x00000b31;255;12;5;6331348;9471390;4393;6331536;0;CPUTHEFT
42496949805;117858;"NEAR_P1";"INTERVAL";"PROBE";1;63;0x00000b31;255;6;5;6339936;9485214;1134;6340124;0;CPUTHEFT
42497067670;85616;"NEAR_P1";"INTERVAL";"PROBE";1;63;0x00000b31;255;3;1;4258948;6138645;246;4259043;0;CPUTHEFT
42497153293;117784;"NEAR_P1";"INTERVAL";"PROBE";1;63;0x00000b31;255;2;2;6340076;9480092;216;6340264;0;CPUTHEFT
42497271085;117784;"NEAR_P1";"INTERVAL";"PROBE";1;63;0x00000b31;255;1;1;6339598;9483415;290;6339782;0;CPUTHEFT
42497388877;85614;"NEAR_P1";"INTERVAL";"PROBE";1;63;0x00000b31;255;1;2;4259204;6139399;124;4259302;0;CPUTHEFT
42497474498;117888;"NEAR_P1";"INTERVAL";"PROBE";1;63;0x00000b31;255;2;2;6341645;9480568;384;6341843;0;CPUTHEFT
42497592393;117759;"NEAR_P1";"INTERVAL";"PROBE";1;63;0x00000b31;255;2;0;6333436;9467324;188;6333633;0;CPUTHEFT
42497710159;85623;"NEAR_P1";"INTERVAL";"PROBE";1;63;0x00000b31;255;2;1;4258879;6139391;328;4258975;0;CPUTHEFT
42497795791;117848;"NEAR_P1";"INTERVAL";"PROBE";1;63;0x00000b31;255;0;2;6338419;9480112;698;6338606;0;CPUTHEFT
42497913647;117752;"NEAR_P1";"INTERVAL";"PROBE";1;63;0x00000b31;255;2;3;6339549;9481174;136;6339741;0;CPUTHEFT
42498031421;85614;"NEAR_P1";"INTERVAL";"PROBE";1;63;0x00000b31;255;0;2;4258802;6139971;79;4258900;0;CPUTHEFT
42498117043;117775;"NEAR_P1";"INTERVAL";"PROBE";1;63;0x00000b31;255;1;2;6340532;9483414;60;6340721;0;CPUTHEFT
42498234826;117906;"NEAR_P1";"INTERVAL";"PROBE";1;63;0x00000b31;255;3;1;6340837;9480704;462;6341033;0;CPUTHEFT
42498352740;85914;"NEAR_P1";"INTERVAL";"PROBE";1;63;0x00000b31;255;4;2;4249673;6103380;3274;4249792;0;CPUTHEFT
42498438673;118119;"NEAR_P1";"INTERVAL";"PROBE";1;63;0x00000b31;255;1;1;6334839;9449623;3184;6335046;0;CPUTHEFT
42498556803;117847;"NEAR_P1";"INTERVAL";"PROBE";1;63;0x00000b31;255;1;0;6337589;9454681;1039;6337789;0;CPUTHEFT
42498674660;117738;"NEAR_P1";"INTERVAL";"PROBE";1;63;0x00000b31;255;1;2;6336436;9450308;581;6336620;0;CPUTHEFT
42498792408;85527;"NEAR_P1";"INTERVAL";"PROBE";1;63;0x00000b31;255;0;1;4258359;6102471;184;4258450;0;CPUTHEFT
42498877942;117718;"NEAR_P1";"INTERVAL";"PROBE";1;63;0x00000b31;255;1;1;6339786;9456928;259;6339967;0;CPUTHEFT
42498995670;262841;"TRAJ_R1";"INTERVAL";"PROBE";1;63;0x00000b31;255;1;1;13600970;20334265;625;13601349;0;CPUTHEFT
42499263642;2431941;"MAF";"INTERVAL";"PROBE";1;63;0x00000b31;256;50;56;128189649;189709818;14001;128193236;0;CPUTHEFT
42499263660;113;"SENS_C1";"INTERVAL";"PROBE";1;63;0x00000b31;256;0;2;1454;2045;436;1458;0;CPUTHEFT
42499263782;224;"LOC_C1";"INTERVAL";"PROBE";1;63;0x00000b31;256;0;1;4918;7369;490;4922;0;CPUTHEFT
42499264014;303;"LOC_C2";"INTERVAL";"PROBE";1;63;0x00000b31;256;10;1;1542;3091;1106;1553;0;CPUTHEFT
42499264326;309;"LOC_C3";"INTERVAL";"PROBE";1;63;0x00000b31;256;0;0;9807;13422;304;9811;0;CPUTHEFT
42499264645;43;"LOC_C4";"INTERVAL";"PROBE";1;63;0x00000b31;256;0;0;585;901;124;589;0;CPUTHEFT
42499264694;117839;"NEAR_P1";"INTERVAL";"PROBE";1;63;0x00000b31;256;8;4;6330727;9436972;1936;6330945;0;CPUTHEFT
42499382545;117789;"NEAR_P1";"INTERVAL";"PROBE";1;63;0x00000b31;256;2;2;6339806;9453533;1116;6339991;0;CPUTHEFT
42499500341;85527;"NEAR_P1";"INTERVAL";"PROBE";1;63;0x00000b31;256;2;2;4258926;6113989;177;4259018;0;CPUTHEFT
42499585876;117642;"NEAR_P1";"INTERVAL";"PROBE";1;63;0x00000b31;256;2;2;6337913;9452690;128;6338103;0;CPUTHEFT
42499703525;117677;"NEAR_P1";"INTERVAL";"PROBE";1;63;0x00000b31;256;2;2;6338404;9453171;240;6338594;0;CPUTHEFT
42499821226;85485;"NEAR_P1";"INTERVAL";"PROBE";1;63;0x00000b31;256;2;2;4259275;6110953;96;4259371;0;CPUTHEFT
42499906735;117693;"NEAR_P1";"INTERVAL";"PROBE";1;63;0x00000b31;256;2;2;6339982;9454617;672;6340172;0;CPUTHEFT
42500024442;117900;"NEAR_P1";"INTERVAL";"PROBE";1;63;0x00000b31;256;2;1;6340226;9455290;2217;6340424;0;CPUTHEFT
42500142349;85591;"NEAR_P1";"INTERVAL";"PROBE";1;63;0x00000b31;256;1;1;4259299;6101352;887;4259394;0;CPUTHEFT
42500227948;117708;"NEAR_P1";"INTERVAL";"PROBE";1;63;0x00000b31;256;1;1;6338097;9451506;408;6338282;0;CPUTHEFT
42500345663;117715;"NEAR_P1";"INTERVAL";"PROBE";1;63;0x00000b31;256;2;2;6338591;9454719;216;6338774;0;CPUTHEFT
42500463402;85519;"NEAR_P1";"INTERVAL";"PROBE";1;63;0x00000b31;256;1;1;4257813;6100791;174;4257911;0;CPUTHEFT
42500548928;117715;"NEAR_P1";"INTERVAL";"PROBE";1;63;0x00000b31;256;1;1;6339899;9455056;220;6340085;0;CPUTHEFT
42500666651;117660;"NEAR_P1";"INTERVAL";"PROBE";1;63;0x00000b31;256;2;2;6337230;9448927;224;6337417;0;CPUTHEFT
42500784321;85503;"NEAR_P1";"INTERVAL";"PROBE";1;63;0x00000b31;256;1;1;4258985;6105692;132;4259081;0;CPUTHEFT
42500869848;117806;"NEAR_P1";"INTERVAL";"PROBE";1;63;0x00000b31;256;1;1;6341596;9457359;496;6341796;0;CPUTHEFT
42500987663;117737;"NEAR_P1";"INTERVAL";"PROBE";1;63;0x00000b31;256;2;2;6339738;9455778;692;6339926;0;CPUTHEFT
42501105409;85493;"NEAR_P1";"INTERVAL";"PROBE";1;63;0x00000b31;256;2;2;4259218;6110611;128;4259313;0;CPUTHEFT
42501190910;117627;"NEAR_P1";"INTERVAL";"PROBE";1;63;0x00000b31;256;2;2;6340264;9453939;50;6340455;0;CPUTHEFT
42501308545;117681;"NEAR_P1";"INTERVAL";"PROBE";1;63;0x00000b31;256;2;2;6339277;9454290;201;6339470;0;CPUTHEFT
42501426237;269334;"TRAJ_R1";"INTERVAL";"PROBE";1;63;0x00000b31;256;0;0;13859841;20674019;811;13860219;0;CPUTHEFT
42501700776;2473541;"MAF";"INTERVAL";"PROBE";1;63;0x00000b31;257;40;54;130559883;194069404;14395;130563529;0;CPUTHEFT
42501700805;121;"SENS_C1";"INTERVAL";"PROBE";1;63;0x00000b31;257;0;3;1450;2033;476;1454;0;CPUTHEFT
42501700935;235;"LOC_C1";"INTERVAL";"PROBE";1;63;0x00000b31;257;0;1;4916;7265;536;4920;0;CPUTHEFT
42501701178;37;"LOC_C2";"INTERVAL";"PROBE";1;63;0x00000b31;257;0;0;650;916;132;654;0;CPUTHEFT
42501701224;309;"LOC_C3";"INTERVAL";"PROBE";1;63;0x00000b31;257;0;0;9809;13384;328;9813;0;CPUTHEFT
42501701543;44;"LOC_C4";"INTERVAL";"PROBE";1;63;0x00000b31;257;0;0;585;904;136;589;0;CPUTHEFT
42501701593;118204;"NEAR_P1";"INTERVAL";"PROBE";1;63;0x00000b31;257;9;4;6333536;9459440;4716;6333728;0;CPUTHEFT
42501819809;117855;"NEAR_P1";"INTERVAL";"PROBE";1;63;0x00000b31;257;2;1;6337589;9478202;685;6337779;0;CPUTHEFT
42501937672;85607;"NEAR_P1";"INTERVAL";"PROBE";1;63;0x00000b31;257;1;2;4259145;6140346;176;4259237;0;CPUTHEFT
42502023287;117836;"NEAR_P1";"INTERVAL";"PROBE";1;63;0x00000b31;257;1;2;6337849;9481303;283;6338033;0;CPUTHEFT
42502141131;117776;"NEAR_P1";"INTERVAL";"PROBE";1;63;0x00000b31;257;1;2;6339862;9479709;223;6340048;0;CPUTHEFT
42502258915;117801;"NEAR_P1";"INTERVAL";"PROBE";1;63;0x00000b31;257;1;2;6340515;9482820;170;6340702;0;CPUTHEFT
42502376723;85664;"NEAR_P1";"INTERVAL";"PROBE";1;63;0x00000b31;257;0;2;4259587;6140118;132;4259683;0;CPUTHEFT
42502462394;117873;"NEAR_P1";"INTERVAL";"PROBE";1;63;0x00000b31;257;1;0;6338176;9482051;527;6338387;0;CPUTHEFT
42502580275;117767;"NEAR_P1";"INTERVAL";"PROBE";1;63;0x00000b31;257;2;2;6340498;9483108;644;6340686;0;CPUTHEFT
42502698050;85604;"NEAR_P1";"INTERVAL";"PROBE";1;63;0x00000b31;257;0;2;4258815;6140384;136;4258911;0;CPUTHEFT
42502783661;117787;"NEAR_P1";"INTERVAL";"PROBE";1;63;0x00000b31;257;2;0;6339122;9482060;153;6339313;0;CPUTHEFT
42502901455;117766;"NEAR_P1";"INTERVAL";"PROBE";1;63;0x00000b31;257;2;2;6339142;9480744;96;6339329;0;CPUTHEFT
42503019237;85629;"NEAR_P1";"INTERVAL";"PROBE";1;63;0x00000b31;257;0;2;4259647;6136104;84;4259745;0;CPUTHEFT
42503104873;117858;"NEAR_P1";"INTERVAL";"PROBE";1;63;0x00000b31;257;2;0;6339648;9476963;654;6339841;0;CPUTHEFT
42503222749;117876;"NEAR_P1";"INTERVAL";"PROBE";1;63;0x00000b31;257;2;2;6338659;9475406;1596;6338848;0;CPUTHEFT
42503340632;85795;"NEAR_P1";"INTERVAL";"PROBE";1;63;0x00000b31;257;0;2;4261250;6142462;1068;4261359;0;CPUTHEFT
42503426434;117804;"NEAR_P1";"INTERVAL";"PROBE";1;63;0x00000b31;257;2;0;6340080;9482566;312;6340268;0;CPUTHEFT
42503544247;117780;"NEAR_P1";"INTERVAL";"PROBE";1;63;0x00000b31;257;2;2;6341188;9485193;120;6341378;0;CPUTHEFT
42503662035;85622;"NEAR_P1";"INTERVAL";"PROBE";1;63;0x00000b31;257;2;2;4259787;6136725;129;4259881;0;CPUTHEFT
42503747665;117782;"NEAR_P1";"INTERVAL";"PROBE";1;63;0x00000b31;257;2;2;6339542;9480620;171;6339723;0;CPUTHEFT
42503865473;308835;"TRAJ_R1";"INTERVAL";"PROBE";1;63;0x00000b31;257;0;1;16222621;24470839;432;16223079;0;CPUTHEFT
42504179433;2449351;"MAF";"INTERVAL";"PROBE";1;63;0x00000b31;258;58;65;128777177;191140998;14042;128780754;0;CPUTHEFT
42504179456;119;"SENS_C1";"INTERVAL";"PROBE";1;63;0x00000b31;258;0;1;1455;2080;472;1459;0;CPUTHEFT
42504179582;236;"LOC_C1";"INTERVAL";"PROBE";1;63;0x00000b31;258;0;0;4915;7231;510;4919;0;CPUTHEFT
42504179825;33;"LOC_C2";"INTERVAL";"PROBE";1;63;0x00000b31;258;0;0;650;904;104;654;0;CPUTHEFT
42504179867;309;"LOC_C3";"INTERVAL";"PROBE";1;63;0x00000b31;258;0;0;9805;13465;304;9809;0;CPUTHEFT
42504180185;45;"LOC_C4";"INTERVAL";"PROBE";1;63;0x00000b31;258;0;0;585;890;124;589;0;CPUTHEFT
42504180236;118176;"NEAR_P1";"INTERVAL";"PROBE";1;63;0x00000b31;258;9;8;6336597;9481179;2724;6336790;0;CPUTHEFT
42504298421;85644;"NEAR_P1";"INTERVAL";"PROBE";1;63;0x00000b31;258;6;2;4259921;6139445;232;4260012;0;CPUTHEFT
42504384073;117768;"NEAR_P1";"INTERVAL";"PROBE";1;63;0x00000b31;258;4;4;6340978;9483940;52;6341170;0;CPUTHEFT
42504501849;117793;"NEAR_P1";"INTERVAL";"PROBE";1;63;0x00000b31;258;2;2;6339838;9482668;113;6340029;0;CPUTHEFT
42504619650;85632;"NEAR_P1";"INTERVAL";"PROBE";1;63;0x00000b31;258;1;2;4259812;6139651;44;4259908;0;CPUTHEFT
42504705289;117883;"NEAR_P1";"INTERVAL";"PROBE";1;63;0x00000b31;258;1;0;6338205;9480126;752;6338395;0;CPUTHEFT
42504823189;117892;"NEAR_P1";"INTERVAL";"PROBE";1;63;0x00000b31;258;2;2;6336045;9477806;2048;6336230;0;CPUTHEFT
42504941091;86063;"NEAR_P1";"INTERVAL";"PROBE";1;63;0x00000b31;258;7;2;4259375;6135564;1956;4259475;0;CPUTHEFT
42505027162;117903;"NEAR_P1";"INTERVAL";"PROBE";1;63;0x00000b31;258;2;2;6342143;9484055;589;6342341;0;CPUTHEFT
42505145073;117789;"NEAR_P1";"INTERVAL";"PROBE";1;63;0x00000b31;258;2;2;6340659;9482649;172;6340844;0;CPUTHEFT
42505262870;85627;"NEAR_P1";"INTERVAL";"PROBE";1;63;0x00000b31;258;2;2;4259914;6139694;152;4260005;0;CPUTHEFT
42505348504;117779;"NEAR_P1";"INTERVAL";"PROBE";1;63;0x00000b31;258;2;2;6338641;9479182;395;6338829;0;CPUTHEFT
42505466291;117816;"NEAR_P1";"INTERVAL";"PROBE";1;63;0x00000b31;258;2;2;6340893;9482111;287;6341073;0;CPUTHEFT
42505584115;85615;"NEAR_P1";"INTERVAL";"PROBE";1;63;0x00000b31;258;2;2;4258887;6140205;133;4258983;0;CPUTHEFT
42505669738;117776;"NEAR_P1";"INTERVAL";"PROBE";1;63;0x00000b31;258;2;2;6336251;9478987;304;6336469;0;CPUTHEFT
42505787522;117927;"NEAR_P1";"INTERVAL";"PROBE";1;63;0x00000b31;258;2;2;6341725;9485817;829;6341926;0;CPUTHEFT
42505905457;85646;"NEAR_P1";"INTERVAL";"PROBE";1;63;0x00000b31;258;1;2;4259598;6139326;136;4259694;0;CPUTHEFT
42505991111;117793;"NEAR_P1";"INTERVAL";"PROBE";1;63;0x00000b31;258;1;2;6340712;9480425;60;6340902;0;CPUTHEFT
42506108912;117786;"NEAR_P1";"INTERVAL";"PROBE";1;63;0x00000b31;258;1;2;6340310;9481715;70;6340498;0;CPUTHEFT
42506226706;117767;"NEAR_P1";"INTERVAL";"PROBE";1;63;0x00000b31;258;1;2;6339612;9480447;138;6339801;0;CPUTHEFT
42506344484;284292;"TRAJ_R1";"INTERVAL";"PROBE";1;63;0x00000b31;258;0;1;14433426;21513374;1094;14433799;0;CPUTHEFT
42506666109;2455527;"MAF";"INTERVAL";"PROBE";1;63;0x00000b31;259;51;57;129087276;191089953;15538;129090883;0;CPUTHEFT
42506666133;132;"SENS_C1";"INTERVAL";"PROBE";1;63;0x00000b31;259;0;1;1451;2064;492;1455;0;CPUTHEFT
42506666274;235;"LOC_C1";"INTERVAL";"PROBE";1;63;0x00000b31;259;1;1;4920;7379;532;4924;0;CPUTHEFT
42506666517;38;"LOC_C2";"INTERVAL";"PROBE";1;63;0x00000b31;259;0;0;650;898;148;654;0;CPUTHEFT
42506666565;313;"LOC_C3";"INTERVAL";"PROBE";1;63;0x00000b31;259;0;0;9814;13459;316;9818;0;CPUTHEFT
42506666887;42;"LOC_C4";"INTERVAL";"PROBE";1;63;0x00000b31;259;0;0;585;903;124;589;0;CPUTHEFT
42506666935;86073;"NEAR_P1";"INTERVAL";"PROBE";1;63;0x00000b31;259;8;1;4259028;6141072;3692;4259127;0;CPUTHEFT
42506753018;117877;"NEAR_P1";"INTERVAL";"PROBE";1;63;0x00000b31;259;4;3;6340029;9482748;858;6340217;0;CPUTHEFT
42506870904;117727;"NEAR_P1";"INTERVAL";"PROBE";1;63;0x00000b31;259;2;2;6337473;9460233;665;6337659;0;CPUTHEFT
42506988639;85538;"NEAR_P1";"INTERVAL";"PROBE";1;63;0x00000b31;259;0;1;4259655;6113436;210;4259749;0;CPUTHEFT
42507074184;117679;"NEAR_P1";"INTERVAL";"PROBE";1;63;0x00000b31;259;2;1;6339759;9454622;163;6339946;0;CPUTHEFT
42507191874;117701;"NEAR_P1";"INTERVAL";"PROBE";1;63;0x00000b31;259;2;2;6333185;9449462;289;6333399;0;CPUTHEFT
42507309583;85516;"NEAR_P1";"INTERVAL";"PROBE";1;63;0x00000b31;259;2;2;4259628;6115099;280;4259724;0;CPUTHEFT
42507395106;118034;"NEAR_P1";"INTERVAL";"PROBE";1;63;0x00000b31;259;6;1;6342820;9461831;1448;6343038;0;CPUTHEFT
42507513148;117797;"NEAR_P1";"INTERVAL";"PROBE";1;63;0x00000b31;259;2;2;6342054;9462477;304;6342252;0;CPUTHEFT
42507630953;85509;"NEAR_P1";"INTERVAL";"PROBE";1;63;0x00000b31;259;2;2;4259885;6116890;48;4259981;0;CPUTHEFT
42507716469;117676;"NEAR_P1";"INTERVAL";"PROBE";1;63;0x00000b31;259;2;2;6340208;9456955;92;6340398;0;CPUTHEFT
42507834152;117684;"NEAR_P1";"INTERVAL";"PROBE";1;63;0x00000b31;259;2;2;6336778;9452940;307;6336968;0;CPUTHEFT
42507951845;85566;"NEAR_P1";"INTERVAL";"PROBE";1;63;0x00000b31;259;2;2;4256476;6109248;1181;4256566;0;CPUTHEFT
42508037422;117818;"NEAR_P1";"INTERVAL";"PROBE";1;63;0x00000b31;259;2;2;6338183;9455113;1979;6338363;0;CPUTHEFT
42508155247;117778;"NEAR_P1";"INTERVAL";"PROBE";1;63;0x00000b31;259;2;2;6338546;9453249;550;6338732;0;CPUTHEFT
42508273032;85533;"NEAR_P1";"INTERVAL";"PROBE";1;63;0x00000b31;259;2;2;4259857;6113888;144;4259955;0;CPUTHEFT
42508358572;117772;"NEAR_P1";"INTERVAL";"PROBE";1;63;0x00000b31;259;2;1;6342500;9459287;464;6342693;0;CPUTHEFT
42508476353;117658;"NEAR_P1";"INTERVAL";"PROBE";1;63;0x00000b31;259;2;2;6339228;9451368;158;6339417;0;CPUTHEFT
42508594019;85507;"NEAR_P1";"INTERVAL";"PROBE";1;63;0x00000b31;259;2;1;4259926;6114416;76;4260020;0;CPUTHEFT
42508679533;117691;"NEAR_P1";"INTERVAL";"PROBE";1;63;0x00000b31;259;0;1;6341138;9454949;156;6341330;0;CPUTHEFT
42508797254;324372;"TRAJ_R1";"INTERVAL";"PROBE";1;63;0x00000b31;259;1;2;16827280;25258000;622;16827763;0;CPUTHEFT
42509126828;2561421;"MAF";"INTERVAL";"PROBE";1;63;0x00000b31;260;49;54;135615051;201825879;19641;135618901;0;CPUTHEFT
42509126846;116;"SENS_C1";"INTERVAL";"PROBE";1;63;0x00000b31;260;0;2;1455;2060;456;1459;0;CPUTHEFT
42509126970;232;"LOC_C1";"INTERVAL";"PROBE";1;63;0x00000b31;260;0;0;4917;7377;514;4921;0;CPUTHEFT
42509127209;37;"LOC_C2";"INTERVAL";"PROBE";1;63;0x00000b31;260;0;0;650;898;128;654;0;CPUTHEFT
42509127255;314;"LOC_C3";"INTERVAL";"PROBE";1;63;0x00000b31;260;0;0;9806;13424;308;9810;0;CPUTHEFT
42509127579;46;"LOC_C4";"INTERVAL";"PROBE";1;63;0x00000b31;260;0;0;586;915;124;590;0;CPUTHEFT
42509127631;149969;"NEAR_P1";"INTERVAL";"PROBE";1;63;0x00000b31;260;8;3;8406908;12807958;2559;8407145;0;CPUTHEFT
42509277608;117829;"NEAR_P1";"INTERVAL";"PROBE";1;63;0x00000b31;260;1;2;6340767;9484867;538;6340956;0;CPUTHEFT
42509395445;117854;"NEAR_P1";"INTERVAL";"PROBE";1;63;0x00000b31;260;1;2;6340795;9488612;233;6340989;0;CPUTHEFT
42509513307;85681;"NEAR_P1";"INTERVAL";"PROBE";1;63;0x00000b31;260;0;2;4259030;6140989;667;4259127;0;CPUTHEFT
42509598998;117931;"NEAR_P1";"INTERVAL";"PROBE";1;63;0x00000b31;260;1;0;6339184;9483679;2034;6339376;0;CPUTHEFT
42509716939;117873;"NEAR_P1";"INTERVAL";"PROBE";1;63;0x00000b31;260;1;2;6338357;9480574;1118;6338543;0;CPUTHEFT
42509834820;85685;"NEAR_P1";"INTERVAL";"PROBE";1;63;0x00000b31;260;0;2;4260029;6139721;337;4260122;0;CPUTHEFT
42509920512;117800;"NEAR_P1";"INTERVAL";"PROBE";1;63;0x00000b31;260;1;0;6340235;9484589;196;6340419;0;CPUTHEFT
42510038320;117805;"NEAR_P1";"INTERVAL";"PROBE";1;63;0x00000b31;260;1;2;6334887;9476601;396;6335079;0;CPUTHEFT
42510156133;85615;"NEAR_P1";"INTERVAL";"PROBE";1;63;0x00000b31;260;0;2;4259607;6140243;128;4259700;0;CPUTHEFT
42510241756;117830;"NEAR_P1";"INTERVAL";"PROBE";1;63;0x00000b31;260;1;0;6340954;9484313;124;6341140;0;CPUTHEFT
42510359594;117950;"NEAR_P1";"INTERVAL";"PROBE";1;63;0x00000b31;260;3;3;6334637;9479790;952;6334835;0;CPUTHEFT
42510477555;85827;"NEAR_P1";"INTERVAL";"PROBE";1;63;0x00000b31;260;2;2;4259783;6145120;1382;4259912;0;CPUTHEFT
42510563391;117935;"NEAR_P1";"INTERVAL";"PROBE";1;63;0x00000b31;260;2;2;6335498;9455492;1798;6335711;0;CPUTHEFT
42510681335;117729;"NEAR_P1";"INTERVAL";"PROBE";1;63;0x00000b31;260;2;2;6338273;9457789;352;6338473;0;CPUTHEFT
42510799072;85505;"NEAR_P1";"INTERVAL";"PROBE";1;63;0x00000b31;260;4;2;4259725;6115735;92;4259821;0;CPUTHEFT
42510884588;117814;"NEAR_P1";"INTERVAL";"PROBE";1;63;0x00000b31;260;0;1;6336305;9441856;407;6336501;0;CPUTHEFT
42511002427;117977;"NEAR_P1";"INTERVAL";"PROBE";1;63;0x00000b31;260;9;3;6340739;9463147;1165;6340937;0;CPUTHEFT
42511120413;85623;"NEAR_P1";"INTERVAL";"PROBE";1;63;0x00000b31;260;2;1;4259902;6117509;596;4259992;0;CPUTHEFT
42511206048;117856;"NEAR_P1";"INTERVAL";"PROBE";1;63;0x00000b31;260;0;1;6338303;9456491;2080;6338483;0;CPUTHEFT
42511323919;364322;"TRAJ_R1";"INTERVAL";"PROBE";1;63;0x00000b31;260;1;2;19217495;29027986;581;19218056;0;CPUTHEFT
42511693368;2505508;"MAF";"INTERVAL";"PROBE";1;63;0x00000b31;261;43;52;131809364;195760960;12666;131813027;0;CPUTHEFT
42511693391;122;"SENS_C1";"INTERVAL";"PROBE";1;63;0x00000b31;261;0;1;1451;2077;448;1455;0;CPUTHEFT
42511693522;231;"LOC_C1";"INTERVAL";"PROBE";1;63;0x00000b31;261;1;0;4915;7224;496;4919;0;CPUTHEFT
42511693762;37;"LOC_C2";"INTERVAL";"PROBE";1;63;0x00000b31;261;0;0;650;910;124;654;0;CPUTHEFT
42511693808;311;"LOC_C3";"INTERVAL";"PROBE";1;63;0x00000b31;261;0;0;9816;13463;320;9820;0;CPUTHEFT
42511694128;44;"LOC_C4";"INTERVAL";"PROBE";1;63;0x00000b31;261;0;0;584;889;124;588;0;CPUTHEFT
42511694178;85753;"NEAR_P1";"INTERVAL";"PROBE";1;63;0x00000b31;261;10;2;4250736;6129848;2264;4250838;0;CPUTHEFT
42511779940;117819;"NEAR_P1";"INTERVAL";"PROBE";1;63;0x00000b31;261;2;4;6340698;9474021;484;6340884;0;CPUTHEFT
42511897768;117788;"NEAR_P1";"INTERVAL";"PROBE";1;63;0x00000b31;261;2;2;6340799;9487086;196;6340986;0;CPUTHEFT
42512015581;85811;"NEAR_P1";"INTERVAL";"PROBE";1;63;0x00000b31;261;2;2;4263519;6143214;255;4263645;0;CPUTHEFT
42512101410;117809;"NEAR_P1";"INTERVAL";"PROBE";1;63;0x00000b31;261;2;2;6340285;9475186;540;6340471;0;CPUTHEFT
42512219233;117818;"NEAR_P1";"INTERVAL";"PROBE";1;63;0x00000b31;261;2;2;6337676;9480554;567;6337856;0;CPUTHEFT
42512337075;85616;"NEAR_P1";"INTERVAL";"PROBE";1;63;0x00000b31;261;2;2;4260017;6139009;76;4260111;0;CPUTHEFT
42512422698;117765;"NEAR_P1";"INTERVAL";"PROBE";1;63;0x00000b31;261;2;2;6341252;9485400;60;6341436;0;CPUTHEFT
42512540487;117826;"NEAR_P1";"INTERVAL";"PROBE";1;63;0x00000b31;261;2;1;6335081;9480170;393;6335281;0;CPUTHEFT
42512658322;117828;"NEAR_P1";"INTERVAL";"PROBE";1;63;0x00000b31;261;2;2;6340678;9475851;229;6340872;0;CPUTHEFT
42512776159;85718;"NEAR_P1";"INTERVAL";"PROBE";1;63;0x00000b31;261;0;2;4259571;6142521;1184;4259667;0;CPUTHEFT
42512861884;117900;"NEAR_P1";"INTERVAL";"PROBE";1;63;0x00000b31;261;2;0;6339442;9485376;1467;6339631;0;CPUTHEFT
42512979792;117901;"NEAR_P1";"INTERVAL";"PROBE";1;63;0x00000b31;261;2;2;6340757;9484563;652;6340951;0;CPUTHEFT
42513097701;85668;"NEAR_P1";"INTERVAL";"PROBE";1;63;0x00000b31;261;0;2;4259995;6145266;176;4260090;0;CPUTHEFT
42513183376;117775;"NEAR_P1";"INTERVAL";"PROBE";1;63;0x00000b31;261;2;0;6341075;9486426;88;6341262;0;CPUTHEFT
42513301159;117846;"NEAR_P1";"INTERVAL";"PROBE";1;63;0x00000b31;261;2;2;6334089;9475695;616;6334282;0;CPUTHEFT
42513419013;85639;"NEAR_P1";"INTERVAL";"PROBE";1;63;0x00000b31;261;0;2;4258418;6141433;168;4258512;0;CPUTHEFT
42513504668;117775;"NEAR_P1";"INTERVAL";"PROBE";1;63;0x00000b31;261;2;0;6340790;9485509;168;6340979;0;CPUTHEFT
42513622450;117793;"NEAR_P1";"INTERVAL";"PROBE";1;63;0x00000b31;261;2;2;6340599;9483423;162;6340785;0;CPUTHEFT
42513740250;85724;"NEAR_P1";"INTERVAL";"PROBE";1;63;0x00000b31;261;0;2;4259888;6132423;480;4259984;0;CPUTHEFT
42513825987;372880;"TRAJ_R1";"INTERVAL";"PROBE";1;63;0x00000b31;261;0;0;19550357;29475340;617;19550916;0;CPUTHEFT
42514203999;2546275;"MAF";"INTERVAL";"PROBE";1;63;0x00000b31;262;42;46;134210914;199576865;14585;134214647;0;CPUTHEFT
42514204017;118;"SENS_C1";"INTERVAL";"PROBE";1;63;0x00000b31;262;0;1;1455;2065;436;1459;0;CPUTHEFT
42514204143;231;"LOC_C1";"INTERVAL";"PROBE";1;63;0x00000b31;262;1;0;4923;7355;504;4927;0;CPUTHEFT
42514204381;35;"LOC_C2";"INTERVAL";"PROBE";1;63;0x00000b31;262;0;0;650;930;112;654;0;CPUTHEFT
42514204425;306;"LOC_C3";"INTERVAL";"PROBE";1;63;0x00000b31;262;0;0;9806;13372;300;9810;0;CPUTHEFT
42514204742;44;"LOC_C4";"INTERVAL";"PROBE";1;63;0x00000b31;262;0;0;586;913;128;590;0;CPUTHEFT
42514204792;117960;"NEAR_P1";"INTERVAL";"PROBE";1;63;0x00000b31;262;12;3;6331010;9474050;1476;6331205;0;CPUTHEFT
42514322760;117881;"NEAR_P1";"INTERVAL";"PROBE";1;63;0x00000b31;262;5;3;6340219;9475997;1068;6340403;0;CPUTHEFT
42514440659;85764;"NEAR_P1";"INTERVAL";"PROBE";1;63;0x00000b31;262;1;1;4258818;6139602;1888;4258908;0;CPUTHEFT
42514526433;117938;"NEAR_P1";"INTERVAL";"PROBE";1;63;0x00000b31;262;1;1;6338617;9485649;1019;6338798;0;CPUTHEFT
42514644379;117833;"NEAR_P1";"INTERVAL";"PROBE";1;63;0x00000b31;262;2;2;6339399;9484087;256;6339579;0;CPUTHEFT
42514762219;85621;"NEAR_P1";"INTERVAL";"PROBE";1;63;0x00000b31;262;1;1;4258132;6140546;201;4258223;0;CPUTHEFT
42514847848;117791;"NEAR_P1";"INTERVAL";"PROBE";1;63;0x00000b31;262;1;1;6341316;9486421;84;6341502;0;CPUTHEFT
42514965646;117850;"NEAR_P1";"INTERVAL";"PROBE";1;63;0x00000b31;262;2;2;6337250;9481997;426;6337446;0;CPUTHEFT
42515083504;85643;"NEAR_P1";"INTERVAL";"PROBE";1;63;0x00000b31;262;1;1;4258570;6140389;116;4258663;0;CPUTHEFT
42515169154;117812;"NEAR_P1";"INTERVAL";"PROBE";1;63;0x00000b31;262;1;1;6340843;9488049;149;6341027;0;CPUTHEFT
42515286974;118048;"NEAR_P1";"INTERVAL";"PROBE";1;63;0x00000b31;262;2;2;6344078;9495477;593;6344292;0;CPUTHEFT
42515405034;85666;"NEAR_P1";"INTERVAL";"PROBE";1;63;0x00000b31;262;1;1;4259580;6138789;544;4259674;0;CPUTHEFT
42515490722;117771;"NEAR_P1";"INTERVAL";"PROBE";1;63;0x00000b31;262;1;1;6341008;9486843;90;6341192;0;CPUTHEFT
42515608517;117767;"NEAR_P1";"INTERVAL";"PROBE";1;63;0x00000b31;262;2;2;6340940;9485886;40;6341130;0;CPUTHEFT
42515726291;85642;"NEAR_P1";"INTERVAL";"PROBE";1;63;0x00000b31;262;2;1;4259824;6144239;40;4259918;0;CPUTHEFT
42515811941;117794;"NEAR_P1";"INTERVAL";"PROBE";1;63;0x00000b31;262;0;1;6336147;9479810;276;6336347;0;CPUTHEFT
42515929743;117888;"NEAR_P1";"INTERVAL";"PROBE";1;63;0x00000b31;262;2;2;6340307;9486223;888;6340495;0;CPUTHEFT
42516047645;85763;"NEAR_P1";"INTERVAL";"PROBE";1;63;0x00000b31;262;2;1;4258904;6142723;1600;4259001;0;CPUTHEFT
42516133416;117892;"NEAR_P1";"INTERVAL";"PROBE";1;63;0x00000b31;262;0;1;6338995;9481394;981;6339182;0;CPUTHEFT
42516251316;117835;"NEAR_P1";"INTERVAL";"PROBE";1;63;0x00000b31;262;2;2;6340619;9485526;300;6340806;0;CPUTHEFT
42516369170;381096;"TRAJ_R1";"INTERVAL";"PROBE";1;63;0x00000b31;262;0;1;19872677;29900553;726;19873249;0;CPUTHEFT
42516755448;2553902;"MAF";"INTERVAL";"PROBE";1;63;0x00000b31;263;58;57;134521214;199894381;14334;134524972;0;CPUTHEFT
42516755469;117;"SENS_C1";"INTERVAL";"PROBE";1;63;0x00000b31;263;0;1;1452;2071;452;1456;0;CPUTHEFT
42516755594;231;"LOC_C1";"INTERVAL";"PROBE";1;63;0x00000b31;263;0;0;4921;7278;504;4925;0;CPUTHEFT
42516755833;35;"LOC_C2";"INTERVAL";"PROBE";1;63;0x00000b31;263;0;0;650;910;124;654;0;CPUTHEFT
42516755877;312;"LOC_C3";"INTERVAL";"PROBE";1;63;0x00000b31;263;0;0;9808;13351;292;9812;0;CPUTHEFT
42516756198;43;"LOC_C4";"INTERVAL";"PROBE";1;63;0x00000b31;263;0;0;585;909;124;589;0;CPUTHEFT
42516756247;118187;"NEAR_P1";"INTERVAL";"PROBE";1;63;0x00000b31;263;19;5;6335877;9482430;2452;6336070;0;CPUTHEFT
42516874443;85829;"NEAR_P1";"INTERVAL";"PROBE";1;63;0x00000b31;263;7;2;4264256;6142488;520;4264375;0;CPUTHEFT
42516960281;117884;"NEAR_P1";"INTERVAL";"PROBE";1;63;0x00000b31;263;1;1;6339931;9482265;1118;6340117;0;CPUTHEFT
42517078173;117844;"NEAR_P1";"INTERVAL";"PROBE";1;63;0x00000b31;263;2;2;6341273;9487940;307;6341459;0;CPUTHEFT
42517196025;85622;"NEAR_P1";"INTERVAL";"PROBE";1;63;0x00000b31;263;1;2;4258449;6138453;74;4258540;0;CPUTHEFT
42517281655;117765;"NEAR_P1";"INTERVAL";"PROBE";1;63;0x00000b31;263;1;0;6339991;9484410;136;6340180;0;CPUTHEFT
42517399428;117776;"NEAR_P1";"INTERVAL";"PROBE";1;63;0x00000b31;263;2;2;6341000;9484327;65;6341190;0;CPUTHEFT
42517517211;85671;"NEAR_P1";"INTERVAL";"PROBE";1;63;0x00000b31;263;0;2;4254401;6122680;728;4254501;0;CPUTHEFT
42517602893;117873;"NEAR_P1";"INTERVAL";"PROBE";1;63;0x00000b31;263;1;0;6339239;9483062;1949;6339427;0;CPUTHEFT
42517720778;117992;"NEAR_P1";"INTERVAL";"PROBE";1;63;0x00000b31;263;1;2;6339797;9481563;872;6339991;0;CPUTHEFT
42517838778;85709;"NEAR_P1";"INTERVAL";"PROBE";1;63;0x00000b31;263;1;2;4258724;6131232;408;4258818;0;CPUTHEFT
42517924495;117835;"NEAR_P1";"INTERVAL";"PROBE";1;63;0x00000b31;263;1;2;6340636;9481250;368;6340825;0;CPUTHEFT
42518042338;117855;"NEAR_P1";"INTERVAL";"PROBE";1;63;0x00000b31;263;1;2;6340057;9487649;282;6340246;0;CPUTHEFT
42518160201;85613;"NEAR_P1";"INTERVAL";"PROBE";1;63;0x00000b31;263;1;2;4260160;6145627;108;4260256;0;CPUTHEFT
42518245822;117809;"NEAR_P1";"INTERVAL";"PROBE";1;63;0x00000b31;263;1;2;6341250;9485816;160;6341438;0;CPUTHEFT
42518363639;117781;"NEAR_P1";"INTERVAL";"PROBE";1;63;0x00000b31;263;1;2;6335183;9477834;396;6335379;0;CPUTHEFT
42518481428;85615;"NEAR_P1";"INTERVAL";"PROBE";1;63;0x00000b31;263;1;2;4259833;6139646;92;4259927;0;CPUTHEFT
42518567052;117906;"NEAR_P1";"INTERVAL";"PROBE";1;63;0x00000b31;263;1;2;6340693;9477828;844;6340881;0;CPUTHEFT
42518684967;117839;"NEAR_P1";"INTERVAL";"PROBE";1;63;0x00000b31;263;1;2;6340696;9485072;223;6340883;0;CPUTHEFT
42518802814;117791;"NEAR_P1";"INTERVAL";"PROBE";1;63;0x00000b31;263;1;2;6339968;9482287;92;6340155;0;CPUTHEFT
42518920616;388723;"TRAJ_R1";"INTERVAL";"PROBE";1;63;0x00000b31;263;0;1;20176130;30258018;1348;20176698;0;CPUTHEFT
42519314550;2557729;"MAF";"INTERVAL";"PROBE";1;63;0x00000b31;264;43;52;134799492;199671942;14012;134803258;0;CPUTHEFT
42519314579;123;"SENS_C1";"INTERVAL";"PROBE";1;63;0x00000b31;264;0;1;1455;2067;488;1459;0;CPUTHEFT
42519314711;234;"LOC_C1";"INTERVAL";"PROBE";1;63;0x00000b31;264;0;2;4909;7144;542;4913;0;CPUTHEFT
42519314951;41;"LOC_C2";"INTERVAL";"PROBE";1;63;0x00000b31;264;0;0;650;936;136;654;0;CPUTHEFT
42519315001;314;"LOC_C3";"INTERVAL";"PROBE";1;63;0x00000b31;264;0;0;9808;13507;332;9812;0;CPUTHEFT
42519315325;45;"LOC_C4";"INTERVAL";"PROBE";1;63;0x00000b31;264;0;0;586;907;136;590;0;CPUTHEFT
42519315376;117897;"NEAR_P1";"INTERVAL";"PROBE";1;63;0x00000b31;264;11;3;6333643;9448739;4125;6333833;0;CPUTHEFT
42519433282;85562;"NEAR_P1";"INTERVAL";"PROBE";1;63;0x00000b31;264;3;0;4259884;6115663;540;4259982;0;CPUTHEFT
42519518851;117717;"NEAR_P1";"INTERVAL";"PROBE";1;63;0x00000b31;264;2;2;6340300;9446382;400;6340488;0;CPUTHEFT
42519636592;117682;"NEAR_P1";"INTERVAL";"PROBE";1;63;0x00000b31;264;2;2;6340688;9458238;148;6340876;0;CPUTHEFT
42519754281;85519;"NEAR_P1";"INTERVAL";"PROBE";1;63;0x00000b31;264;1;2;4260080;6117122;120;4260175;0;CPUTHEFT
42519839807;117682;"NEAR_P1";"INTERVAL";"PROBE";1;63;0x00000b31;264;1;0;6341345;9460445;80;6341531;0;CPUTHEFT
42519957496;117696;"NEAR_P1";"INTERVAL";"PROBE";1;63;0x00000b31;264;2;2;6336181;9453962;336;6336379;0;CPUTHEFT
42520075199;85643;"NEAR_P1";"INTERVAL";"PROBE";1;63;0x00000b31;264;1;2;4264597;6122267;184;4264720;0;CPUTHEFT
42520160849;117769;"NEAR_P1";"INTERVAL";"PROBE";1;63;0x00000b31;264;1;0;6341338;9459869;802;6341532;0;CPUTHEFT
42520278630;117686;"NEAR_P1";"INTERVAL";"PROBE";1;63;0x00000b31;264;2;2;6340378;9458168;161;6340563;0;CPUTHEFT
42520396324;85510;"NEAR_P1";"INTERVAL";"PROBE";1;63;0x00000b31;264;1;2;4260185;6115864;64;4260283;0;CPUTHEFT
42520481842;117662;"NEAR_P1";"INTERVAL";"PROBE";1;63;0x00000b31;264;1;0;6340484;9444850;75;6340672;0;CPUTHEFT
42520599512;117690;"NEAR_P1";"INTERVAL";"PROBE";1;63;0x00000b31;264;2;2;6341287;9459275;173;6341481;0;CPUTHEFT
42520717209;85555;"NEAR_P1";"INTERVAL";"PROBE";1;63;0x00000b31;264;1;2;4260079;6114225;376;4260176;0;CPUTHEFT
42520802774;117810;"NEAR_P1";"INTERVAL";"PROBE";1;63;0x00000b31;264;1;0;6334418;9446831;2160;6334610;0;CPUTHEFT
42520920595;117735;"NEAR_P1";"INTERVAL";"PROBE";1;63;0x00000b31;264;2;2;6339242;9454412;872;6339429;0;CPUTHEFT
42521038338;85508;"NEAR_P1";"INTERVAL";"PROBE";1;63;0x00000b31;264;2;2;4260221;6114547;172;4260314;0;CPUTHEFT
42521123877;117754;"NEAR_P1";"INTERVAL";"PROBE";1;63;0x00000b31;264;2;2;6341554;9461155;310;6341741;0;CPUTHEFT
42521241639;117709;"NEAR_P1";"INTERVAL";"PROBE";1;63;0x00000b31;264;2;2;6340462;9443505;251;6340652;0;CPUTHEFT
42521359355;85508;"NEAR_P1";"INTERVAL";"PROBE";1;63;0x00000b31;264;2;2;4259355;6114056;129;4259449;0;CPUTHEFT
42521444889;427379;"TRAJ_R1";"INTERVAL";"PROBE";1;63;0x00000b31;264;0;2;22530124;33909775;636;22530779;0;CPUTHEFT
42521877394;2564501;"MAF";"INTERVAL";"PROBE";1;63;0x00000b31;265;63;52;134962584;200069935;19520;134966406;0;CPUTHEFT
42521877415;122;"SENS_C1";"INTERVAL";"PROBE";1;63;0x00000b31;265;0;0;1451;2053;456;1455;0;CPUTHEFT
42521877546;236;"LOC_C1";"INTERVAL";"PROBE";1;63;0x00000b31;265;0;0;4917;7282;500;4921;0;CPUTHEFT
42521877790;37;"LOC_C2";"INTERVAL";"PROBE";1;63;0x00000b31;265;0;0;650;924;128;654;0;CPUTHEFT
42521877836;308;"LOC_C3";"INTERVAL";"PROBE";1;63;0x00000b31;265;0;0;9812;13419;304;9816;0;CPUTHEFT
42521878154;43;"LOC_C4";"INTERVAL";"PROBE";1;63;0x00000b31;265;0;0;585;917;132;589;0;CPUTHEFT
42521878203;117891;"NEAR_P1";"INTERVAL";"PROBE";1;63;0x00000b31;265;13;4;6335142;9456345;2267;6335321;0;CPUTHEFT
42521996102;85526;"NEAR_P1";"INTERVAL";"PROBE";1;63;0x00000b31;265;6;3;4259266;6114465;345;4259360;0;CPUTHEFT
42522081636;117656;"NEAR_P1";"INTERVAL";"PROBE";1;63;0x00000b31;265;3;0;6341118;9461526;97;6341301;0;CPUTHEFT
42522199300;117722;"NEAR_P1";"INTERVAL";"PROBE";1;63;0x00000b31;265;2;2;6339705;9458959;177;6339892;0;CPUTHEFT
42522317029;85543;"NEAR_P1";"INTERVAL";"PROBE";1;63;0x00000b31;265;0;1;4259794;6121495;400;4259890;0;CPUTHEFT
42522402583;117842;"NEAR_P1";"INTERVAL";"PROBE";1;63;0x00000b31;265;2;1;6339497;9457783;2043;6339684;0;CPUTHEFT
42522520435;117996;"NEAR_P1";"INTERVAL";"PROBE";1;63;0x00000b31;265;4;2;6323706;9435995;3200;6323923;0;CPUTHEFT
42522638443;85758;"NEAR_P1";"INTERVAL";"PROBE";1;63;0x00000b31;265;2;1;4258112;6130469;1103;4258220;0;CPUTHEFT
42522724209;117933;"NEAR_P1";"INTERVAL";"PROBE";1;63;0x00000b31;265;0;1;6339256;9489233;539;6339455;0;CPUTHEFT
42522842150;117758;"NEAR_P1";"INTERVAL";"PROBE";1;63;0x00000b31;265;2;2;6337254;9460953;460;6337445;0;CPUTHEFT
42522959917;85821;"NEAR_P1";"INTERVAL";"PROBE";1;63;0x00000b31;265;10;2;4259675;6117315;1383;4259775;0;CPUTHEFT
42523045746;117723;"NEAR_P1";"INTERVAL";"PROBE";1;63;0x00000b31;265;2;2;6340285;9450305;532;6340469;0;CPUTHEFT
42523163477;117742;"NEAR_P1";"INTERVAL";"PROBE";1;63;0x00000b31;265;2;2;6342355;9462121;334;6342546;0;CPUTHEFT
42523281227;85824;"NEAR_P1";"INTERVAL";"PROBE";1;63;0x00000b31;265;5;2;4248441;6129709;1193;4248597;0;CPUTHEFT
42523367058;117899;"NEAR_P1";"INTERVAL";"PROBE";1;63;0x00000b31;265;2;2;6333639;9475808;1148;6333828;0;CPUTHEFT
42523484965;117756;"NEAR_P1";"INTERVAL";"PROBE";1;63;0x00000b31;265;2;2;6341096;9479282;168;6341287;0;CPUTHEFT
42523602741;117683;"NEAR_P1";"INTERVAL";"PROBE";1;63;0x00000b31;265;2;2;6340823;9459178;139;6341007;0;CPUTHEFT
42523720431;85498;"NEAR_P1";"INTERVAL";"PROBE";1;63;0x00000b31;265;0;2;4259888;6115783;56;4259986;0;CPUTHEFT
42523805936;117670;"NEAR_P1";"INTERVAL";"PROBE";1;63;0x00000b31;265;2;0;6339682;9458007;163;6339872;0;CPUTHEFT
42523923614;117741;"NEAR_P1";"INTERVAL";"PROBE";1;63;0x00000b31;265;2;2;6340760;9454431;760;6340950;0;CPUTHEFT
42524041371;400516;"TRAJ_R1";"INTERVAL";"PROBE";1;63;0x00000b31;265;0;1;20649437;30828181;1149;20649999;0;CPUTHEFT
42524447146;2566637;"MAF";"INTERVAL";"PROBE";1;63;0x00000b31;266;45;61;135113962;200091878;15313;135117746;0;CPUTHEFT
42524447170;121;"SENS_C1";"INTERVAL";"PROBE";1;63;0x00000b31;266;0;1;1455;2055;464;1459;0;CPUTHEFT
42524447299;226;"LOC_C1";"INTERVAL";"PROBE";1;63;0x00000b31;266;0;2;4921;7399;516;4925;0;CPUTHEFT
42524447531;36;"LOC_C2";"INTERVAL";"PROBE";1;63;0x00000b31;266;0;0;650;893;116;654;0;CPUTHEFT
42524447577;308;"LOC_C3";"INTERVAL";"PROBE";1;63;0x00000b31;266;0;0;9804;13440;320;9808;0;CPUTHEFT
42524447894;43;"LOC_C4";"INTERVAL";"PROBE";1;63;0x00000b31;266;0;0;585;899;124;589;0;CPUTHEFT
42524447943;117956;"NEAR_P1";"INTERVAL";"PROBE";1;63;0x00000b31;266;11;2;6335940;9453824;3394;6336125;0;CPUTHEFT
42524565909;117714;"NEAR_P1";"INTERVAL";"PROBE";1;63;0x00000b31;266;3;2;6339193;9456689;653;6339375;0;CPUTHEFT
42524683630;85506;"NEAR_P1";"INTERVAL";"PROBE";1;63;0x00000b31;266;1;5;4258440;6108758;255;4258538;0;CPUTHEFT
42524769143;117665;"NEAR_P1";"INTERVAL";"PROBE";1;63;0x00000b31;266;2;2;6340487;9451126;168;6340675;0;CPUTHEFT
42524886815;117832;"NEAR_P1";"INTERVAL";"PROBE";1;63;0x00000b31;266;3;3;6343773;9463164;420;6343974;0;CPUTHEFT
42525004655;85513;"NEAR_P1";"INTERVAL";"PROBE";1;63;0x00000b31;266;2;2;4253743;6108519;1064;4253848;0;CPUTHEFT
42525090175;117633;"NEAR_P1";"INTERVAL";"PROBE";1;63;0x00000b31;266;2;2;6339284;9453337;144;6339472;0;CPUTHEFT
42525207816;117709;"NEAR_P1";"INTERVAL";"PROBE";1;63;0x00000b31;266;3;1;6340655;9458865;170;6340844;0;CPUTHEFT
42525325533;85513;"NEAR_P1";"INTERVAL";"PROBE";1;63;0x00000b31;266;1;1;4258379;6110725;130;4258475;0;CPUTHEFT
42525411056;117662;"NEAR_P1";"INTERVAL";"PROBE";1;63;0x00000b31;266;1;1;6340125;9455500;87;6340314;0;CPUTHEFT
42525528740;117751;"NEAR_P1";"INTERVAL";"PROBE";1;63;0x00000b31;266;1;2;6338294;9453786;1069;6338481;0;CPUTHEFT
42525646507;85601;"NEAR_P1";"INTERVAL";"PROBE";1;63;0x00000b31;266;1;2;4257430;6109368;1768;4257525;0;CPUTHEFT
42525732117;117851;"NEAR_P1";"INTERVAL";"PROBE";1;63;0x00000b31;266;1;1;6338549;9448801;716;6338734;0;CPUTHEFT
42525849976;117704;"NEAR_P1";"INTERVAL";"PROBE";1;63;0x00000b31;266;1;2;6333008;9448148;619;6333201;0;CPUTHEFT
42525967688;85533;"NEAR_P1";"INTERVAL";"PROBE";1;63;0x00000b31;266;1;1;4258436;6115064;205;4258530;0;CPUTHEFT
42526053229;117713;"NEAR_P1";"INTERVAL";"PROBE";1;63;0x00000b31;266;1;2;6338970;9452015;310;6339158;0;CPUTHEFT
42526170949;117729;"NEAR_P1";"INTERVAL";"PROBE";1;63;0x00000b31;266;1;2;6339650;9454382;394;6339836;0;CPUTHEFT
42526288686;85525;"NEAR_P1";"INTERVAL";"PROBE";1;63;0x00000b31;266;2;2;4259943;6110795;172;4260039;0;CPUTHEFT
42526374218;117654;"NEAR_P1";"INTERVAL";"PROBE";1;63;0x00000b31;266;2;2;6338927;9452409;171;6339115;0;CPUTHEFT
42526491879;117673;"NEAR_P1";"INTERVAL";"PROBE";1;63;0x00000b31;266;2;2;6339304;9454999;380;6339489;0;CPUTHEFT
42526609565;404210;"TRAJ_R1";"INTERVAL";"PROBE";1;63;0x00000b31;266;0;0;20787780;31018864;1176;20788400;0;CPUTHEFT
42527050452;2567880;"MAF";"INTERVAL";"PROBE";1;63;0x00000b31;267;52;57;135153445;200142302;17383;135157197;0;CPUTHEFT
42527050472;120;"SENS_C1";"INTERVAL";"PROBE";1;63;0x00000b31;267;0;1;1451;2081;456;1455;0;CPUTHEFT
42527050600;233;"LOC_C1";"INTERVAL";"PROBE";1;63;0x00000b31;267;1;0;4920;7344;492;4924;0;CPUTHEFT
42527050839;36;"LOC_C2";"INTERVAL";"PROBE";1;63;0x00000b31;267;0;0;650;907;132;654;0;CPUTHEFT
42527050884;310;"LOC_C3";"INTERVAL";"PROBE";1;63;0x00000b31;267;0;0;9812;13474;317;9816;0;CPUTHEFT
42527051203;46;"LOC_C4";"INTERVAL";"PROBE";1;63;0x00000b31;267;0;0;585;936;144;589;0;CPUTHEFT
42527051256;85810;"NEAR_P1";"INTERVAL";"PROBE";1;63;0x00000b31;267;6;1;4256288;6113114;1960;4256384;0;CPUTHEFT
42527137074;117921;"NEAR_P1";"INTERVAL";"PROBE";1;63;0x00000b31;267;3;1;6336485;9451865;2513;6336666;0;CPUTHEFT
42527255011;117977;"NEAR_P1";"INTERVAL";"PROBE";1;63;0x00000b31;267;2;2;6339032;9456572;2280;6339216;0;CPUTHEFT
42527372999;85571;"NEAR_P1";"INTERVAL";"PROBE";1;63;0x00000b31;267;1;2;4258735;6112802;528;4258828;0;CPUTHEFT
42527458577;117669;"NEAR_P1";"INTERVAL";"PROBE";1;63;0x00000b31;267;1;0;6333420;9445345;536;6333618;0;CPUTHEFT
42527576253;117685;"NEAR_P1";"INTERVAL";"PROBE";1;63;0x00000b31;267;2;2;6340310;9457107;144;6340500;0;CPUTHEFT
42527693945;85513;"NEAR_P1";"INTERVAL";"PROBE";1;63;0x00000b31;267;2;2;4259410;6111084;145;4259507;0;CPUTHEFT
42527779465;117702;"NEAR_P1";"INTERVAL";"PROBE";1;63;0x00000b31;267;2;2;6340277;9454939;152;6340469;0;CPUTHEFT
42527897174;117673;"NEAR_P1";"INTERVAL";"PROBE";1;63;0x00000b31;267;2;2;6340444;9447327;128;6340635;0;CPUTHEFT
42528014854;85650;"NEAR_P1";"INTERVAL";"PROBE";1;63;0x00000b31;267;2;2;4263199;6123038;213;4263322;0;CPUTHEFT
42528100512;117690;"NEAR_P1";"INTERVAL";"PROBE";1;63;0x00000b31;267;2;2;6340429;9454853;420;6340618;0;CPUTHEFT
42528218211;117687;"NEAR_P1";"INTERVAL";"PROBE";1;63;0x00000b31;267;2;2;6340305;9458933;444;6340486;0;CPUTHEFT
42528335905;85512;"NEAR_P1";"INTERVAL";"PROBE";1;63;0x00000b31;267;2;2;4253811;6098734;256;4253914;0;CPUTHEFT
42528421425;117636;"NEAR_P1";"INTERVAL";"PROBE";1;63;0x00000b31;267;2;2;6340538;9453153;24;6340725;0;CPUTHEFT
42528539068;117660;"NEAR_P1";"INTERVAL";"PROBE";1;63;0x00000b31;267;2;2;6340706;9457922;52;6340898;0;CPUTHEFT
42528656736;85506;"NEAR_P1";"INTERVAL";"PROBE";1;63;0x00000b31;267;2;2;4259030;6112653;118;4259127;0;CPUTHEFT
42528742251;117761;"NEAR_P1";"INTERVAL";"PROBE";1;63;0x00000b31;267;2;2;6339508;9453828;1314;6339694;0;CPUTHEFT
42528860023;117799;"NEAR_P1";"INTERVAL";"PROBE";1;63;0x00000b31;267;2;2;6337209;9454682;1594;6337392;0;CPUTHEFT
42528977831;85569;"NEAR_P1";"INTERVAL";"PROBE";1;63;0x00000b31;267;2;2;4259185;6115504;292;4259279;0;CPUTHEFT
42529063408;117647;"NEAR_P1";"INTERVAL";"PROBE";1;63;0x00000b31;267;2;2;6340358;9455826;120;6340549;0;CPUTHEFT
42529181065;437256;"TRAJ_R1";"INTERVAL";"PROBE";1;63;0x00000b31;267;8;1;22901112;34400249;2297;22901770;0;CPUTHEFT
42529623551;2566369;"MAF";"INTERVAL";"PROBE";1;63;0x00000b31;268;62;70;135071471;200211298;15602;135075196;0;CPUTHEFT
42529623581;124;"SENS_C1";"INTERVAL";"PROBE";1;63;0x00000b31;268;0;1;1453;2065;456;1457;0;CPUTHEFT
42529623713;235;"LOC_C1";"INTERVAL";"PROBE";1;63;0x00000b31;268;0;1;4911;7250;510;4915;0;CPUTHEFT
42529623954;35;"LOC_C2";"INTERVAL";"PROBE";1;63;0x00000b31;268;0;0;650;907;112;654;0;CPUTHEFT
42529623999;306;"LOC_C3";"INTERVAL";"PROBE";1;63;0x00000b31;268;0;0;9810;13465;316;9814;0;CPUTHEFT
42529624315;44;"LOC_C4";"INTERVAL";"PROBE";1;63;0x00000b31;268;0;0;585;887;128;589;0;CPUTHEFT
42529624365;117955;"NEAR_P1";"INTERVAL";"PROBE";1;63;0x00000b31;268;13;11;6336674;9443655;2882;6336869;0;CPUTHEFT
42529742330;85575;"NEAR_P1";"INTERVAL";"PROBE";1;63;0x00000b31;268;6;2;4258932;6114650;1252;4259025;0;CPUTHEFT
42529827915;117664;"NEAR_P1";"INTERVAL";"PROBE";1;63;0x00000b31;268;4;4;6340352;9455814;548;6340538;0;CPUTHEFT
42529945587;117669;"NEAR_P1";"INTERVAL";"PROBE";1;63;0x00000b31;268;2;3;6334162;9450708;573;6334355;0;CPUTHEFT
42530063264;85479;"NEAR_P1";"INTERVAL";"PROBE";1;63;0x00000b31;268;1;0;4259278;6103331;28;4259371;0;CPUTHEFT
42530148751;117670;"NEAR_P1";"INTERVAL";"PROBE";1;63;0x00000b31;268;2;2;6339926;9454288;105;6340117;0;CPUTHEFT
42530266428;117750;"NEAR_P1";"INTERVAL";"PROBE";1;63;0x00000b31;268;2;2;6339594;9454692;390;6339781;0;CPUTHEFT
42530384187;85638;"NEAR_P1";"INTERVAL";"PROBE";1;63;0x00000b31;268;2;2;4258375;6111503;1160;4258469;0;CPUTHEFT
42530469835;117765;"NEAR_P1";"INTERVAL";"PROBE";1;63;0x00000b31;268;2;2;6336556;9452715;1424;6336734;0;CPUTHEFT
42530587610;117674;"NEAR_P1";"INTERVAL";"PROBE";1;63;0x00000b31;268;2;2;6340757;9457071;340;6340947;0;CPUTHEFT
42530705292;85517;"NEAR_P1";"INTERVAL";"PROBE";1;63;0x00000b31;268;2;2;4259430;6112930;80;4259524;0;CPUTHEFT
42530790816;117697;"NEAR_P1";"INTERVAL";"PROBE";1;63;0x00000b31;268;2;2;6332417;9442180;493;6332615;0;CPUTHEFT
42530908520;117664;"NEAR_P1";"INTERVAL";"PROBE";1;63;0x00000b31;268;2;2;6340588;9455157;148;6340775;0;CPUTHEFT
42531026191;85510;"NEAR_P1";"INTERVAL";"PROBE";1;63;0x00000b31;268;2;2;4259135;6113272;88;4259226;0;CPUTHEFT
42531111708;117672;"NEAR_P1";"INTERVAL";"PROBE";1;63;0x00000b31;268;2;2;6339895;9454801;198;6340077;0;CPUTHEFT
42531229388;117664;"NEAR_P1";"INTERVAL";"PROBE";1;63;0x00000b31;268;2;2;6339938;9455965;176;6340124;0;CPUTHEFT
42531347061;117783;"NEAR_P1";"INTERVAL";"PROBE";1;63;0x00000b31;268;2;2;6338897;9458609;966;6339086;0;CPUTHEFT
42531464854;85631;"NEAR_P1";"INTERVAL";"PROBE";1;63;0x00000b31;268;1;2;4259033;6136138;252;4259126;0;CPUTHEFT
42531550492;117781;"NEAR_P1";"INTERVAL";"PROBE";1;63;0x00000b31;268;1;0;6340768;9481481;36;6340955;0;CPUTHEFT
42531668280;117751;"NEAR_P1";"INTERVAL";"PROBE";1;63;0x00000b31;268;2;2;6336284;9476647;280;6336475;0;CPUTHEFT
42531786057;403854;"TRAJ_R1";"INTERVAL";"PROBE";1;63;0x00000b31;268;5;2;20746845;31073346;2397;20747426;0;CPUTHEFT
42532195145;2564641;"MAF";"INTERVAL";"PROBE";1;63;0x00000b31;269;50;59;134937259;200406645;15741;134941054;0;CPUTHEFT
42532195172;129;"SENS_C1";"INTERVAL";"PROBE";1;63;0x00000b31;269;0;2;1451;2053;484;1455;0;CPUTHEFT
42532195309;241;"LOC_C1";"INTERVAL";"PROBE";1;63;0x00000b31;269;0;1;4911;7196;536;4915;0;CPUTHEFT
42532195558;39;"LOC_C2";"INTERVAL";"PROBE";1;63;0x00000b31;269;0;0;650;917;132;654;0;CPUTHEFT
42532195607;308;"LOC_C3";"INTERVAL";"PROBE";1;63;0x00000b31;269;0;0;9810;13461;316;9814;0;CPUTHEFT
42532195924;45;"LOC_C4";"INTERVAL";"PROBE";1;63;0x00000b31;269;0;0;584;902;132;588;0;CPUTHEFT
42532195975;118080;"NEAR_P1";"INTERVAL";"PROBE";1;63;0x00000b31;269;10;2;6334858;9460666;4162;6335049;0;CPUTHEFT
42532314062;117757;"NEAR_P1";"INTERVAL";"PROBE";1;63;0x00000b31;269;3;0;6340232;9456066;748;6340417;0;CPUTHEFT
42532431826;85662;"NEAR_P1";"INTERVAL";"PROBE";1;63;0x00000b31;269;3;2;4260348;6130902;233;4260447;0;CPUTHEFT
42532517495;117815;"NEAR_P1";"INTERVAL";"PROBE";1;63;0x00000b31;269;2;1;6333805;9474565;509;6334000;0;CPUTHEFT
42532635317;117788;"NEAR_P1";"INTERVAL";"PROBE";1;63;0x00000b31;269;2;2;6340885;9479260;156;6341075;0;CPUTHEFT
42532753113;85643;"NEAR_P1";"INTERVAL";"PROBE";1;63;0x00000b31;269;2;2;4259098;6127507;181;4259189;0;CPUTHEFT
42532838763;117947;"NEAR_P1";"INTERVAL";"PROBE";1;63;0x00000b31;269;2;2;6344135;9491604;267;6344352;0;CPUTHEFT
42532956717;117833;"NEAR_P1";"INTERVAL";"PROBE";1;63;0x00000b31;269;2;2;6338863;9479363;828;6339050;0;CPUTHEFT
42533074558;117791;"NEAR_P1";"INTERVAL";"PROBE";1;63;0x00000b31;269;2;2;6340617;9483517;144;6340803;0;CPUTHEFT
42533192372;85600;"NEAR_P1";"INTERVAL";"PROBE";1;63;0x00000b31;269;2;2;4259745;6140948;20;4259843;0;CPUTHEFT
42533277979;117785;"NEAR_P1";"INTERVAL";"PROBE";1;63;0x00000b31;269;1;2;6335502;9478752;341;6335700;0;CPUTHEFT
42533395771;117835;"NEAR_P1";"INTERVAL";"PROBE";1;63;0x00000b31;269;2;2;6341696;9489749;173;6341884;0;CPUTHEFT
42533513614;85668;"NEAR_P1";"INTERVAL";"PROBE";1;63;0x00000b31;269;2;2;4258609;6139535;484;4258699;0;CPUTHEFT
42533599292;117922;"NEAR_P1";"INTERVAL";"PROBE";1;63;0x00000b31;269;2;2;6338439;9479971;1802;6338630;0;CPUTHEFT
42533717223;117927;"NEAR_P1";"INTERVAL";"PROBE";1;63;0x00000b31;269;2;2;6339016;9477889;869;6339203;0;CPUTHEFT
42533835157;85658;"NEAR_P1";"INTERVAL";"PROBE";1;63;0x00000b31;269;2;2;4259315;6138878;258;4259411;0;CPUTHEFT
42533920823;117754;"NEAR_P1";"INTERVAL";"PROBE";1;63;0x00000b31;269;2;2;6341147;9484479;148;6341334;0;CPUTHEFT
42534038585;117814;"NEAR_P1";"INTERVAL";"PROBE";1;63;0x00000b31;269;2;2;6339753;9480545;233;6339943;0;CPUTHEFT
42534156407;85624;"NEAR_P1";"INTERVAL";"PROBE";1;63;0x00000b31;269;2;2;4253068;6130398;428;4253170;0;CPUTHEFT
42534242038;117785;"NEAR_P1";"INTERVAL";"PROBE";1;63;0x00000b31;269;2;2;6340003;9485037;203;6340196;0;CPUTHEFT
42534359856;399920;"TRAJ_R1";"INTERVAL";"PROBE";1;63;0x00000b31;269;0;0;20604485;30844837;1670;20605073;0;CPUTHEFT
42534796755;2532525;"MAF";"INTERVAL";"PROBE";1;63;0x00000b31;270;57;66;133011290;197346179;17865;133015033;0;CPUTHEFT
42534796782;127;"SENS_C1";"INTERVAL";"PROBE";1;63;0x00000b31;270;0;4;1453;2052;472;1457;0;CPUTHEFT
42534796917;239;"LOC_C1";"INTERVAL";"PROBE";1;63;0x00000b31;270;1;0;4913;7327;518;4917;0;CPUTHEFT
42534797164;36;"LOC_C2";"INTERVAL";"PROBE";1;63;0x00000b31;270;0;0;650;910;136;654;0;CPUTHEFT
42534797211;313;"LOC_C3";"INTERVAL";"PROBE";1;63;0x00000b31;270;0;0;9802;13392;308;9806;0;CPUTHEFT
42534797533;44;"LOC_C4";"INTERVAL";"PROBE";1;63;0x00000b31;270;0;0;585;914;128;589;0;CPUTHEFT
42534797583;85857;"NEAR_P1";"INTERVAL";"PROBE";1;63;0x00000b31;270;11;2;4250021;6128591;3285;4250119;0;CPUTHEFT
42534883448;117938;"NEAR_P1";"INTERVAL";"PROBE";1;63;0x00000b31;270;2;1;6339120;9476588;651;6339324;0;CPUTHEFT
42535001397;117723;"NEAR_P1";"INTERVAL";"PROBE";1;63;0x00000b31;270;2;2;6334993;9449218;587;6335196;0;CPUTHEFT
42535119127;85862;"NEAR_P1";"INTERVAL";"PROBE";1;63;0x00000b31;270;8;4;4259609;6118781;1810;4259711;0;CPUTHEFT
42535205004;117865;"NEAR_P1";"INTERVAL";"PROBE";1;63;0x00000b31;270;2;2;6338281;9453019;2200;6338472;0;CPUTHEFT
42535322879;117813;"NEAR_P1";"INTERVAL";"PROBE";1;63;0x00000b31;270;2;2;6338936;9454948;1240;6339127;0;CPUTHEFT
42535440700;85502;"NEAR_P1";"INTERVAL";"PROBE";1;63;0x00000b31;270;2;2;4259377;6115871;242;4259473;0;CPUTHEFT
42535526226;117846;"NEAR_P1";"INTERVAL";"PROBE";1;63;0x00000b31;270;2;2;6339132;9478919;368;6339318;0;CPUTHEFT
42535644079;117838;"NEAR_P1";"INTERVAL";"PROBE";1;63;0x00000b31;270;2;2;6340345;9484703;140;6340537;0;CPUTHEFT
42535761924;85600;"NEAR_P1";"INTERVAL";"PROBE";1;63;0x00000b31;270;2;2;4259373;6139558;104;4259471;0;CPUTHEFT
42535847532;117770;"NEAR_P1";"INTERVAL";"PROBE";1;63;0x00000b31;270;2;2;6335400;9477885;372;6335598;0;CPUTHEFT
42535965309;117798;"NEAR_P1";"INTERVAL";"PROBE";1;63;0x00000b31;270;2;2;6340344;9480151;124;6340534;0;CPUTHEFT
42536083115;91656;"NEAR_P1";"INTERVAL";"PROBE";1;63;0x00000b31;270;2;2;4640864;6757211;379;4641015;0;CPUTHEFT
42536174778;85670;"NEAR_P1";"INTERVAL";"PROBE";1;63;0x00000b31;270;2;2;4256333;6133417;811;4256421;0;CPUTHEFT
42536260455;117785;"NEAR_P1";"INTERVAL";"PROBE";1;63;0x00000b31;270;2;2;6340501;9483007;237;6340690;0;CPUTHEFT
42536378248;117763;"NEAR_P1";"INTERVAL";"PROBE";1;63;0x00000b31;270;2;2;6340732;9482705;104;6340924;0;CPUTHEFT
42536496018;85607;"NEAR_P1";"INTERVAL";"PROBE";1;63;0x00000b31;270;2;2;4259532;6139285;8;4259628;0;CPUTHEFT
42536581633;117874;"NEAR_P1";"INTERVAL";"PROBE";1;63;0x00000b31;270;2;2;6342862;9489131;292;6343064;0;CPUTHEFT
42536699531;117858;"NEAR_P1";"INTERVAL";"PROBE";1;63;0x00000b31;270;1;2;6338420;9480381;679;6338610;0;CPUTHEFT
42536817402;85696;"NEAR_P1";"INTERVAL";"PROBE";1;63;0x00000b31;270;1;1;4258830;6141468;1536;4258927;0;CPUTHEFT
42536903110;426161;"TRAJ_R1";"INTERVAL";"PROBE";1;63;0x00000b31;270;1;2;22464653;33928827;758;22465296;0;CPUTHEFT
42537334442;2550484;"MAF";"INTERVAL";"PROBE";1;63;0x00000b31;271;54;50;134419899;199294908;16686;134423753;0;CPUTHEFT
42537334465;117;"SENS_C1";"INTERVAL";"PROBE";1;63;0x00000b31;271;0;2;1452;2065;456;1456;0;CPUTHEFT
42537334591;235;"LOC_C1";"INTERVAL";"PROBE";1;63;0x00000b31;271;0;1;4919;7358;512;4923;0;CPUTHEFT
42537334834;38;"LOC_C2";"INTERVAL";"PROBE";1;63;0x00000b31;271;0;0;650;917;132;654;0;CPUTHEFT
42537334881;308;"LOC_C3";"INTERVAL";"PROBE";1;63;0x00000b31;271;0;0;9808;13485;312;9812;0;CPUTHEFT
42537335198;42;"LOC_C4";"INTERVAL";"PROBE";1;63;0x00000b31;271;0;0;586;905;128;590;0;CPUTHEFT
42537335246;117867;"NEAR_P1";"INTERVAL";"PROBE";1;63;0x00000b31;271;7;1;6336204;9475772;2409;6336390;0;CPUTHEFT
42537453123;85799;"NEAR_P1";"INTERVAL";"PROBE";1;63;0x00000b31;271;5;1;4261442;6143036;900;4261548;0;CPUTHEFT
42537538929;117776;"NEAR_P1";"INTERVAL";"PROBE";1;63;0x00000b31;271;3;2;6338025;9472891;268;6338214;0;CPUTHEFT
42537656713;117681;"NEAR_P1";"INTERVAL";"PROBE";1;63;0x00000b31;271;2;2;6335745;9451980;360;6335955;0;CPUTHEFT
42537774403;85557;"NEAR_P1";"INTERVAL";"PROBE";1;63;0x00000b31;271;2;2;4258649;6112005;706;4258744;0;CPUTHEFT
42537859968;117660;"NEAR_P1";"INTERVAL";"PROBE";1;63;0x00000b31;271;2;2;6340561;9445211;209;6340742;0;CPUTHEFT
42537977636;117678;"NEAR_P1";"INTERVAL";"PROBE";1;63;0x00000b31;271;2;2;6340723;9455620;122;6340910;0;CPUTHEFT
42538095321;85499;"NEAR_P1";"INTERVAL";"PROBE";1;63;0x00000b31;271;2;2;4258112;6110656;95;4258202;0;CPUTHEFT
42538180827;117682;"NEAR_P1";"INTERVAL";"PROBE";1;63;0x00000b31;271;2;2;6341017;9456826;112;6341208;0;CPUTHEFT
42538298517;117832;"NEAR_P1";"INTERVAL";"PROBE";1;63;0x00000b31;271;2;1;6341039;9457857;840;6341239;0;CPUTHEFT
42538416362;85611;"NEAR_P1";"INTERVAL";"PROBE";1;63;0x00000b31;271;2;1;4258990;6114933;1540;4259086;0;CPUTHEFT
42538501982;117829;"NEAR_P1";"INTERVAL";"PROBE";1;63;0x00000b31;271;0;1;6338026;9451485;948;6338213;0;CPUTHEFT
42538619818;117818;"NEAR_P1";"INTERVAL";"PROBE";1;63;0x00000b31;271;2;2;6337412;9473325;446;6337604;0;CPUTHEFT
42538737643;85649;"NEAR_P1";"INTERVAL";"PROBE";1;63;0x00000b31;271;2;1;4258581;6136228;256;4258674;0;CPUTHEFT
42538823300;117927;"NEAR_P1";"INTERVAL";"PROBE";1;63;0x00000b31;271;2;1;6333657;9465396;792;6333855;0;CPUTHEFT
42538941235;117896;"NEAR_P1";"INTERVAL";"PROBE";1;63;0x00000b31;271;3;4;6333950;9449645;589;6334164;0;CPUTHEFT
42539059138;117828;"NEAR_P1";"INTERVAL";"PROBE";1;63;0x00000b31;271;1;1;6340101;9459024;552;6340300;0;CPUTHEFT
42539176974;85528;"NEAR_P1";"INTERVAL";"PROBE";1;63;0x00000b31;271;1;1;4256669;6106110;486;4256767;0;CPUTHEFT
42539262509;117708;"NEAR_P1";"INTERVAL";"PROBE";1;63;0x00000b31;271;1;1;6340651;9455116;308;6340839;0;CPUTHEFT
42539380225;118031;"NEAR_P1";"INTERVAL";"PROBE";1;63;0x00000b31;271;7;2;6341838;9450269;1777;6342058;0;CPUTHEFT
42539498268;386650;"TRAJ_R1";"INTERVAL";"PROBE";1;63;0x00000b31;271;1;0;20094857;30098704;1121;20095445;0;CPUTHEFT
42539889437;2509638;"MAF";"INTERVAL";"PROBE";1;63;0x00000b31;272;56;55;132038712;195428421;18500;132042429;0;CPUTHEFT
42539889455;114;"SENS_C1";"INTERVAL";"PROBE";1;63;0x00000b31;272;0;3;1452;2090;436;1456;0;CPUTHEFT
42539889578;225;"LOC_C1";"INTERVAL";"PROBE";1;63;0x00000b31;272;1;2;4912;7304;498;4916;0;CPUTHEFT
42539889811;34;"LOC_C2";"INTERVAL";"PROBE";1;63;0x00000b31;272;0;0;650;924;100;654;0;CPUTHEFT
42539889854;313;"LOC_C3";"INTERVAL";"PROBE";1;63;0x00000b31;272;0;0;9799;13412;308;9803;0;CPUTHEFT
42539890177;44;"LOC_C4";"INTERVAL";"PROBE";1;63;0x00000b31;272;0;0;585;897;124;589;0;CPUTHEFT
42539890227;117914;"NEAR_P1";"INTERVAL";"PROBE";1;63;0x00000b31;272;14;3;6335001;9452829;2368;6335205;0;CPUTHEFT
42540008160;85742;"NEAR_P1";"INTERVAL";"PROBE";1;63;0x00000b31;272;3;1;4258865;6112514;2516;4258959;0;CPUTHEFT
42540093913;117763;"NEAR_P1";"INTERVAL";"PROBE";1;63;0x00000b31;272;3;2;6339048;9449712;1380;6339234;0;CPUTHEFT
42540211684;117704;"NEAR_P1";"INTERVAL";"PROBE";1;63;0x00000b31;272;1;2;6340306;9455954;704;6340489;0;CPUTHEFT
42540329396;85524;"NEAR_P1";"INTERVAL";"PROBE";1;63;0x00000b31;272;0;1;4259744;6116549;279;4259838;0;CPUTHEFT
42540414927;117702;"NEAR_P1";"INTERVAL";"PROBE";1;63;0x00000b31;272;1;1;6341232;9456449;327;6341421;0;CPUTHEFT
42540532637;117842;"NEAR_P1";"INTERVAL";"PROBE";1;63;0x00000b31;272;1;2;6332069;9445424;708;6332278;0;CPUTHEFT
42540650487;85547;"NEAR_P1";"INTERVAL";"PROBE";1;63;0x00000b31;272;0;1;4257520;6113041;321;4257620;0;CPUTHEFT
42540736042;117799;"NEAR_P1";"INTERVAL";"PROBE";1;63;0x00000b31;272;1;1;6340417;9458080;506;6340613;0;CPUTHEFT
42540853848;117670;"NEAR_P1";"INTERVAL";"PROBE";1;63;0x00000b31;272;1;2;6335758;9441747;276;6335976;0;CPUTHEFT
42540971527;85579;"NEAR_P1";"INTERVAL";"PROBE";1;63;0x00000b31;272;0;1;4260083;6114419;588;4260178;0;CPUTHEFT
42541057113;117684;"NEAR_P1";"INTERVAL";"PROBE";1;63;0x00000b31;272;1;1;6341452;9453730;197;6341635;0;CPUTHEFT
42541174805;117673;"NEAR_P1";"INTERVAL";"PROBE";1;63;0x00000b31;272;1;2;6339346;9456388;139;6339536;0;CPUTHEFT
42541292486;85828;"NEAR_P1";"INTERVAL";"PROBE";1;63;0x00000b31;272;8;2;4259744;6115611;1203;4259846;0;CPUTHEFT
42541378338;117684;"NEAR_P1";"INTERVAL";"PROBE";1;63;0x00000b31;272;1;2;6339964;9454030;233;6340155;0;CPUTHEFT
42541496030;117708;"NEAR_P1";"INTERVAL";"PROBE";1;63;0x00000b31;272;1;2;6338837;9453694;526;6339022;0;CPUTHEFT
42541613750;85726;"NEAR_P1";"INTERVAL";"PROBE";1;63;0x00000b31;272;1;2;4260878;6117985;1919;4260998;0;CPUTHEFT
42541699485;117819;"NEAR_P1";"INTERVAL";"PROBE";1;63;0x00000b31;272;2;2;6335347;9449166;1458;6335535;0;CPUTHEFT
42541817315;117691;"NEAR_P1";"INTERVAL";"PROBE";1;63;0x00000b31;272;2;2;6341109;9455989;252;6341301;0;CPUTHEFT
42541935014;85520;"NEAR_P1";"INTERVAL";"PROBE";1;63;0x00000b31;272;2;2;4259845;6112881;133;4259936;0;CPUTHEFT
42542020560;378507;"TRAJ_R1";"INTERVAL";"PROBE";1;63;0x00000b31;272;0;0;19788525;29689765;592;19789086;0;CPUTHEFT
42542404314;2533435;"MAF";"INTERVAL";"PROBE";1;63;0x00000b31;273;42;46;133803415;198505904;12620;133807157;0;CPUTHEFT
42542404335;116;"SENS_C1";"INTERVAL";"PROBE";1;63;0x00000b31;273;0;2;1452;2058;456;1456;0;CPUTHEFT
42542404459;234;"LOC_C1";"INTERVAL";"PROBE";1;63;0x00000b31;273;1;1;4908;7297;513;4912;0;CPUTHEFT
42542404699;35;"LOC_C2";"INTERVAL";"PROBE";1;63;0x00000b31;273;0;0;650;903;108;654;0;CPUTHEFT
42542404744;307;"LOC_C3";"INTERVAL";"PROBE";1;63;0x00000b31;273;0;0;9802;13442;300;9806;0;CPUTHEFT
42542405060;46;"LOC_C4";"INTERVAL";"PROBE";1;63;0x00000b31;273;0;0;584;891;128;588;0;CPUTHEFT
42542405113;117904;"NEAR_P1";"INTERVAL";"PROBE";1;63;0x00000b31;273;11;4;6333090;9456501;1787;6333297;0;CPUTHEFT
42542523031;117814;"NEAR_P1";"INTERVAL";"PROBE";1;63;0x00000b31;273;4;2;6337421;9451646;1221;6337606;0;CPUTHEFT
42542640856;85589;"NEAR_P1";"INTERVAL";"PROBE";1;63;0x00000b31;273;1;1;4259725;6115290;556;4259818;0;CPUTHEFT
42542726453;117697;"NEAR_P1";"INTERVAL";"PROBE";1;63;0x00000b31;273;1;1;6341218;9461579;101;6341406;0;CPUTHEFT
42542844158;117691;"NEAR_P1";"INTERVAL";"PROBE";1;63;0x00000b31;273;2;1;6339473;9460990;111;6339663;0;CPUTHEFT
42542961856;85553;"NEAR_P1";"INTERVAL";"PROBE";1;63;0x00000b31;273;1;0;4258915;6115490;114;4259009;0;CPUTHEFT
42543047416;117674;"NEAR_P1";"INTERVAL";"PROBE";1;63;0x00000b31;273;0;2;6341188;9460104;68;6341379;0;CPUTHEFT
42543165097;117834;"NEAR_P1";"INTERVAL";"PROBE";1;63;0x00000b31;273;1;2;6338898;9454229;1327;6339088;0;CPUTHEFT
42543282942;117967;"NEAR_P1";"INTERVAL";"PROBE";1;63;0x00000b31;273;2;0;6339116;9457373;1814;6339308;0;CPUTHEFT
42543400918;85567;"NEAR_P1";"INTERVAL";"PROBE";1;63;0x00000b31;273;0;2;4260121;6115310;276;4260214;0;CPUTHEFT
42543486493;117677;"NEAR_P1";"INTERVAL";"PROBE";1;63;0x00000b31;273;2;0;6339887;9458013;261;6340075;0;CPUTHEFT
42543604178;117714;"NEAR_P1";"INTERVAL";"PROBE";1;63;0x00000b31;273;1;1;6341137;9462005;190;6341325;0;CPUTHEFT
42543721899;85542;"NEAR_P1";"INTERVAL";"PROBE";1;63;0x00000b31;273;2;1;4257740;6112632;250;4257837;0;CPUTHEFT
42543807449;117722;"NEAR_P1";"INTERVAL";"PROBE";1;63;0x00000b31;273;1;0;6339904;9458455;178;6340093;0;CPUTHEFT
42543925181;117685;"NEAR_P1";"INTERVAL";"PROBE";1;63;0x00000b31;273;2;2;6339915;9456994;128;6340107;0;CPUTHEFT
42544042875;85540;"NEAR_P1";"INTERVAL";"PROBE";1;63;0x00000b31;273;2;1;4259965;6118007;138;4260058;0;CPUTHEFT
42544128423;117826;"NEAR_P1";"INTERVAL";"PROBE";1;63;0x00000b31;273;2;2;6342143;9463933;772;6342342;0;CPUTHEFT
42544246261;117686;"NEAR_P1";"INTERVAL";"PROBE";1;63;0x00000b31;273;1;0;6340820;9460018;248;6341006;0;CPUTHEFT
42544363954;85508;"NEAR_P1";"INTERVAL";"PROBE";1;63;0x00000b31;273;1;2;4260089;6116666;36;4260185;0;CPUTHEFT
42544449469;117692;"NEAR_P1";"INTERVAL";"PROBE";1;63;0x00000b31;273;1;0;6339300;9458987;112;6339485;0;CPUTHEFT
42544567171;370569;"TRAJ_R1";"INTERVAL";"PROBE";1;63;0x00000b31;273;0;1;19459707;29339083;1115;19460267;0;CPUTHEFT
42544942886;2495537;"MAF";"INTERVAL";"PROBE";1;63;0x00000b31;274;55;67;131390003;195063268;19292;131393759;0;CPUTHEFT
42544942915;130;"SENS_C1";"INTERVAL";"PROBE";1;63;0x00000b31;274;0;2;1455;2079;492;1459;0;CPUTHEFT
42544943054;234;"LOC_C1";"INTERVAL";"PROBE";1;63;0x00000b31;274;0;0;4908;7210;522;4912;0;CPUTHEFT
42544943297;41;"LOC_C2";"INTERVAL";"PROBE";1;63;0x00000b31;274;0;0;650;900;148;654;0;CPUTHEFT
42544943347;310;"LOC_C3";"INTERVAL";"PROBE";1;63;0x00000b31;274;0;0;9805;13381;328;9809;0;CPUTHEFT
42544943666;43;"LOC_C4";"INTERVAL";"PROBE";1;63;0x00000b31;274;0;0;585;888;120;589;0;CPUTHEFT
42544943715;85977;"NEAR_P1";"INTERVAL";"PROBE";1;63;0x00000b31;274;13;5;4256425;6140720;4184;4256527;0;CPUTHEFT
42545029702;117865;"NEAR_P1";"INTERVAL";"PROBE";1;63;0x00000b31;274;4;5;6339795;9474159;720;6339985;0;CPUTHEFT
42545147574;117804;"NEAR_P1";"INTERVAL";"PROBE";1;63;0x00000b31;274;2;2;6341426;9476518;208;6341616;0;CPUTHEFT
42545265385;85655;"NEAR_P1";"INTERVAL";"PROBE";1;63;0x00000b31;274;2;2;4260310;6143477;94;4260405;0;CPUTHEFT
42545351047;117802;"NEAR_P1";"INTERVAL";"PROBE";1;63;0x00000b31;274;2;2;6340027;9475153;322;6340216;0;CPUTHEFT
42545468856;117826;"NEAR_P1";"INTERVAL";"PROBE";1;63;0x00000b31;274;2;2;6340445;9485113;321;6340628;0;CPUTHEFT
42545586689;117783;"NEAR_P1";"INTERVAL";"PROBE";1;63;0x00000b31;274;2;2;6337387;9484930;156;6337603;0;CPUTHEFT
42545704479;85634;"NEAR_P1";"INTERVAL";"PROBE";1;63;0x00000b31;274;1;2;4260562;6143460;232;4260656;0;CPUTHEFT
42545790122;117964;"NEAR_P1";"INTERVAL";"PROBE";1;63;0x00000b31;274;2;2;6340806;9489100;890;6341007;0;CPUTHEFT
42545908093;117807;"NEAR_P1";"INTERVAL";"PROBE";1;63;0x00000b31;274;2;2;6341271;9487888;64;6341458;0;CPUTHEFT
42546025908;85630;"NEAR_P1";"INTERVAL";"PROBE";1;63;0x00000b31;274;2;2;4260121;6135398;40;4260213;0;CPUTHEFT
42546111546;117974;"NEAR_P1";"INTERVAL";"PROBE";1;63;0x00000b31;274;5;3;6341927;9488908;621;6342121;0;CPUTHEFT
42546229529;117932;"NEAR_P1";"INTERVAL";"PROBE";1;63;0x00000b31;274;2;2;6336287;9484496;478;6336495;0;CPUTHEFT
42546347470;85747;"NEAR_P1";"INTERVAL";"PROBE";1;63;0x00000b31;274;2;2;4257830;6137557;1004;4257925;0;CPUTHEFT
42546433226;117990;"NEAR_P1";"INTERVAL";"PROBE";1;63;0x00000b31;274;2;2;6339160;9481875;1662;6339346;0;CPUTHEFT
42546551225;117977;"NEAR_P1";"INTERVAL";"PROBE";1;63;0x00000b31;274;2;2;6343056;9490909;961;6343256;0;CPUTHEFT
42546669210;85763;"NEAR_P1";"INTERVAL";"PROBE";1;63;0x00000b31;274;2;2;4255708;6135836;895;4255819;0;CPUTHEFT
42546754983;117931;"NEAR_P1";"INTERVAL";"PROBE";1;63;0x00000b31;274;2;2;6332430;9455007;2144;6332629;0;CPUTHEFT
42546872922;117817;"NEAR_P1";"INTERVAL";"PROBE";1;63;0x00000b31;274;2;2;6336476;9459052;965;6336682;0;CPUTHEFT
42546990747;85646;"NEAR_P1";"INTERVAL";"PROBE";1;63;0x00000b31;274;2;2;4260294;6119583;539;4260398;0;CPUTHEFT
42547076403;362010;"TRAJ_R1";"INTERVAL";"PROBE";1;63;0x00000b31;274;0;0;19134626;28822019;862;19135194;0;CPUTHEFT
42547443530;2452247;"MAF";"INTERVAL";"PROBE";1;63;0x00000b31;275;54;54;128985252;190805567;15962;128988811;0;CPUTHEFT
42547443552;121;"SENS_C1";"INTERVAL";"PROBE";1;63;0x00000b31;275;0;1;1450;2092;460;1454;0;CPUTHEFT
42547443682;489;"LOC_C1";"INTERVAL";"PROBE";1;63;0x00000b31;275;7;2;5808;9374;1519;5819;0;CPUTHEFT
42547444178;40;"LOC_C2";"INTERVAL";"PROBE";1;63;0x00000b31;275;0;0;650;914;136;654;0;CPUTHEFT
42547444227;309;"LOC_C3";"INTERVAL";"PROBE";1;63;0x00000b31;275;0;0;9802;13330;332;9806;0;CPUTHEFT
42547444547;42;"LOC_C4";"INTERVAL";"PROBE";1;63;0x00000b31;275;0;0;585;924;120;589;0;CPUTHEFT
42547444596;118007;"NEAR_P1";"INTERVAL";"PROBE";1;63;0x00000b31;275;13;3;6337620;9453689;3256;6337811;0;CPUTHEFT
42547562611;85529;"NEAR_P1";"INTERVAL";"PROBE";1;63;0x00000b31;275;2;2;4260054;6114640;400;4260147;0;CPUTHEFT
42547648148;117650;"NEAR_P1";"INTERVAL";"PROBE";1;63;0x00000b31;275;2;1;6341132;9457574;64;6341315;0;CPUTHEFT
42547765806;117736;"NEAR_P1";"INTERVAL";"PROBE";1;63;0x00000b31;275;3;1;6336085;9451188;398;6336274;0;CPUTHEFT
42547883551;85527;"NEAR_P1";"INTERVAL";"PROBE";1;63;0x00000b31;275;2;2;4259796;6115741;180;4259889;0;CPUTHEFT
42547969090;117814;"NEAR_P1";"INTERVAL";"PROBE";1;63;0x00000b31;275;2;2;6338365;9453792;1971;6338547;0;CPUTHEFT
42548086916;117784;"NEAR_P1";"INTERVAL";"PROBE";1;63;0x00000b31;275;1;2;6338188;9450303;1268;6338378;0;CPUTHEFT
42548204708;85576;"NEAR_P1";"INTERVAL";"PROBE";1;63;0x00000b31;275;0;2;4258207;6113402;557;4258303;0;CPUTHEFT
42548290293;117790;"NEAR_P1";"INTERVAL";"PROBE";1;63;0x00000b31;275;2;2;6342877;9464113;660;6343073;0;CPUTHEFT
42548408091;117696;"NEAR_P1";"INTERVAL";"PROBE";1;63;0x00000b31;275;2;1;6339082;9455553;266;6339269;0;CPUTHEFT
42548525796;85509;"NEAR_P1";"INTERVAL";"PROBE";1;63;0x00000b31;275;1;1;4259087;6113504;160;4259183;0;CPUTHEFT
42548611314;117698;"NEAR_P1";"INTERVAL";"PROBE";1;63;0x00000b31;275;0;2;6340175;9454158;217;6340358;0;CPUTHEFT
42548729019;117700;"NEAR_P1";"INTERVAL";"PROBE";1;63;0x00000b31;275;2;2;6340111;9457444;210;6340299;0;CPUTHEFT
42548846736;85526;"NEAR_P1";"INTERVAL";"PROBE";1;63;0x00000b31;275;3;2;4252804;6104317;252;4252929;0;CPUTHEFT
42548932286;117759;"NEAR_P1";"INTERVAL";"PROBE";1;63;0x00000b31;275;0;1;6339214;9452427;772;6339403;0;CPUTHEFT
42549050057;117802;"NEAR_P1";"INTERVAL";"PROBE";1;63;0x00000b31;275;2;2;6343020;9463110;444;6343218;0;CPUTHEFT
42549167866;85496;"NEAR_P1";"INTERVAL";"PROBE";1;63;0x00000b31;275;1;2;4259556;6110163;84;4259647;0;CPUTHEFT
42549253377;117643;"NEAR_P1";"INTERVAL";"PROBE";1;63;0x00000b31;275;1;2;6341595;9457141;36;6341785;0;CPUTHEFT
42549371028;117670;"NEAR_P1";"INTERVAL";"PROBE";1;63;0x00000b31;275;1;2;6338784;9454019;369;6338967;0;CPUTHEFT
42549488705;85511;"NEAR_P1";"INTERVAL";"PROBE";1;63;0x00000b31;275;1;1;4259233;6114921;223;4259327;0;CPUTHEFT
42549574229;321537;"TRAJ_R1";"INTERVAL";"PROBE";1;63;0x00000b31;275;1;1;16725731;25039790;1260;16726200;0;CPUTHEFT
42549933099;2447154;"MAF";"INTERVAL";"PROBE";1;63;0x00000b31;276;49;55;128694167;191024898;14752;128697739;0;CPUTHEFT
42549933127;124;"SENS_C1";"INTERVAL";"PROBE";1;63;0x00000b31;276;0;1;1456;2075;472;1460;0;CPUTHEFT
42549933260;233;"LOC_C1";"INTERVAL";"PROBE";1;63;0x00000b31;276;0;0;4902;7197;530;4906;0;CPUTHEFT
42549933500;39;"LOC_C2";"INTERVAL";"PROBE";1;63;0x00000b31;276;0;0;650;906;136;654;0;CPUTHEFT
42549933550;306;"LOC_C3";"INTERVAL";"PROBE";1;63;0x00000b31;276;0;0;9806;13627;316;9810;0;CPUTHEFT
42549933865;48;"LOC_C4";"INTERVAL";"PROBE";1;63;0x00000b31;276;0;0;585;891;136;589;0;CPUTHEFT
42549933921;85934;"NEAR_P1";"INTERVAL";"PROBE";1;63;0x00000b31;276;15;4;4257368;6139996;3763;4257474;0;CPUTHEFT
42550019863;117864;"NEAR_P1";"INTERVAL";"PROBE";1;63;0x00000b31;276;5;4;6340644;9485122;676;6340834;0;CPUTHEFT
42550137734;117802;"NEAR_P1";"INTERVAL";"PROBE";1;63;0x00000b31;276;2;2;6339280;9468763;305;6339458;0;CPUTHEFT
42550255543;85655;"NEAR_P1";"INTERVAL";"PROBE";1;63;0x00000b31;276;2;2;4260266;6146077;234;4260362;0;CPUTHEFT
42550341206;117876;"NEAR_P1";"INTERVAL";"PROBE";1;63;0x00000b31;276;2;2;6339866;9472319;246;6340053;0;CPUTHEFT
42550459089;117810;"NEAR_P1";"INTERVAL";"PROBE";1;63;0x00000b31;276;2;2;6336597;9478540;308;6336815;0;CPUTHEFT
42550576907;85705;"NEAR_P1";"INTERVAL";"PROBE";1;63;0x00000b31;276;2;2;4259928;6140888;724;4260026;0;CPUTHEFT
42550662619;117802;"NEAR_P1";"INTERVAL";"PROBE";1;63;0x00000b31;276;2;2;6341231;9485332;248;6341421;0;CPUTHEFT
42550780432;117889;"NEAR_P1";"INTERVAL";"PROBE";1;63;0x00000b31;276;2;2;6342904;9489625;272;6343095;0;CPUTHEFT
42550898329;117794;"NEAR_P1";"INTERVAL";"PROBE";1;63;0x00000b31;276;2;2;6339886;9483941;154;6340078;0;CPUTHEFT
42551016132;85645;"NEAR_P1";"INTERVAL";"PROBE";1;63;0x00000b31;276;1;2;4260331;6140574;60;4260426;0;CPUTHEFT
42551101784;117832;"NEAR_P1";"INTERVAL";"PROBE";1;63;0x00000b31;276;1;0;6337165;9479830;761;6337348;0;CPUTHEFT
42551219628;117937;"NEAR_P1";"INTERVAL";"PROBE";1;63;0x00000b31;276;2;2;6338456;9481328;1937;6338648;0;CPUTHEFT
42551337579;85728;"NEAR_P1";"INTERVAL";"PROBE";1;63;0x00000b31;276;1;2;4259698;6136416;817;4259790;0;CPUTHEFT
42551423314;117827;"NEAR_P1";"INTERVAL";"PROBE";1;63;0x00000b31;276;1;0;6341400;9482641;371;6341588;0;CPUTHEFT
42551541150;117942;"NEAR_P1";"INTERVAL";"PROBE";1;63;0x00000b31;276;2;2;6342390;9487702;569;6342590;0;CPUTHEFT
42551659099;85645;"NEAR_P1";"INTERVAL";"PROBE";1;63;0x00000b31;276;1;2;4260086;6132348;176;4260184;0;CPUTHEFT
42551744751;117864;"NEAR_P1";"INTERVAL";"PROBE";1;63;0x00000b31;276;1;0;6341225;9482526;128;6341412;0;CPUTHEFT
42551862623;117837;"NEAR_P1";"INTERVAL";"PROBE";1;63;0x00000b31;276;2;2;6337885;9479785;239;6338073;0;CPUTHEFT
42551980484;85663;"NEAR_P1";"INTERVAL";"PROBE";1;63;0x00000b31;276;1;2;4258561;6140997;176;4258652;0;CPUTHEFT
42552066163;314081;"TRAJ_R1";"INTERVAL";"PROBE";1;63;0x00000b31;276;0;0;16425360;24737651;694;16425826;0;CPUTHEFT
42552385407;2471567;"MAF";"INTERVAL";"PROBE";1;63;0x00000b31;277;51;57;130495320;193806446;15531;130498975;0;CPUTHEFT
42552385429;123;"SENS_C1";"INTERVAL";"PROBE";1;63;0x00000b31;277;0;1;1452;2079;460;1456;0;CPUTHEFT
42552385560;231;"LOC_C1";"INTERVAL";"PROBE";1;63;0x00000b31;277;0;2;4921;7412;500;4925;0;CPUTHEFT
42552385797;39;"LOC_C2";"INTERVAL";"PROBE";1;63;0x00000b31;277;0;0;650;913;124;654;0;CPUTHEFT
42552385845;312;"LOC_C3";"INTERVAL";"PROBE";1;63;0x00000b31;277;0;0;9807;13461;304;9811;0;CPUTHEFT
42552386166;43;"LOC_C4";"INTERVAL";"PROBE";1;63;0x00000b31;277;0;0;585;879;120;589;0;CPUTHEFT
42552386216;118040;"NEAR_P1";"INTERVAL";"PROBE";1;63;0x00000b31;277;9;3;6340381;9454489;2564;6340575;0;CPUTHEFT
42552504264;117743;"NEAR_P1";"INTERVAL";"PROBE";1;63;0x00000b31;277;2;1;6341748;9464802;260;6341939;0;CPUTHEFT
42552622015;85545;"NEAR_P1";"INTERVAL";"PROBE";1;63;0x00000b31;277;1;2;4260192;6119227;112;4260288;0;CPUTHEFT
42552707583;117790;"NEAR_P1";"INTERVAL";"PROBE";1;63;0x00000b31;277;1;2;6340059;9459833;843;6340247;0;CPUTHEFT
42552825388;117969;"NEAR_P1";"INTERVAL";"PROBE";1;63;0x00000b31;277;2;1;6336715;9445129;2174;6336897;0;CPUTHEFT
42552943367;85614;"NEAR_P1";"INTERVAL";"PROBE";1;63;0x00000b31;277;1;2;4260679;6118862;648;4260777;0;CPUTHEFT
42553028990;118037;"NEAR_P1";"INTERVAL";"PROBE";1;63;0x00000b31;277;13;3;6342121;9463615;1484;6342315;0;CPUTHEFT
42553147035;117716;"NEAR_P1";"INTERVAL";"PROBE";1;63;0x00000b31;277;2;1;6342229;9462670;136;6342420;0;CPUTHEFT
42553264759;85677;"NEAR_P1";"INTERVAL";"PROBE";1;63;0x00000b31;277;1;2;4262324;6125022;316;4262428;0;CPUTHEFT
42553350443;117712;"NEAR_P1";"INTERVAL";"PROBE";1;63;0x00000b31;277;2;2;6339918;9462858;377;6340101;0;CPUTHEFT
42553468163;117785;"NEAR_P1";"INTERVAL";"PROBE";1;63;0x00000b31;277;1;2;6338969;9477564;164;6339156;0;CPUTHEFT
42553585956;85688;"NEAR_P1";"INTERVAL";"PROBE";1;63;0x00000b31;277;1;1;4260554;6142436;121;4260650;0;CPUTHEFT
42553671651;117797;"NEAR_P1";"INTERVAL";"PROBE";1;63;0x00000b31;277;0;1;6336270;9480835;374;6336468;0;CPUTHEFT
42553789455;117875;"NEAR_P1";"INTERVAL";"PROBE";1;63;0x00000b31;277;2;2;6341344;9489782;526;6341530;0;CPUTHEFT
42553907337;117808;"NEAR_P1";"INTERVAL";"PROBE";1;63;0x00000b31;277;3;1;6338748;9486393;201;6338937;0;CPUTHEFT
42554025153;85644;"NEAR_P1";"INTERVAL";"PROBE";1;63;0x00000b31;277;0;1;4260879;6145343;76;4260975;0;CPUTHEFT
42554110804;117912;"NEAR_P1";"INTERVAL";"PROBE";1;63;0x00000b31;277;1;1;6343113;9490601;248;6343310;0;CPUTHEFT
42554228723;117813;"NEAR_P1";"INTERVAL";"PROBE";1;63;0x00000b31;277;1;2;6340842;9487565;117;6341035;0;CPUTHEFT
42554346543;85696;"NEAR_P1";"INTERVAL";"PROBE";1;63;0x00000b31;277;1;2;4259215;6143702;788;4259310;0;CPUTHEFT
42554432251;117978;"NEAR_P1";"INTERVAL";"PROBE";1;63;0x00000b31;277;2;3;6338803;9481189;1613;6338994;0;CPUTHEFT
42554550239;306727;"TRAJ_R1";"INTERVAL";"PROBE";1;63;0x00000b31;277;0;1;16136564;24352002;589;16137024;0;CPUTHEFT
42554862128;2432706;"MAF";"INTERVAL";"PROBE";1;63;0x00000b31;278;55;57;128139322;190301042;13704;128142905;0;CPUTHEFT
42554862152;122;"SENS_C1";"INTERVAL";"PROBE";1;63;0x00000b31;278;0;2;1454;2039;456;1458;0;CPUTHEFT
42554862283;228;"LOC_C1";"INTERVAL";"PROBE";1;63;0x00000b31;278;0;1;4918;7364;502;4922;0;CPUTHEFT
42554862517;33;"LOC_C2";"INTERVAL";"PROBE";1;63;0x00000b31;278;0;0;650;911;112;654;0;CPUTHEFT
42554862559;311;"LOC_C3";"INTERVAL";"PROBE";1;63;0x00000b31;278;0;0;9804;13537;312;9808;0;CPUTHEFT
42554862879;44;"LOC_C4";"INTERVAL";"PROBE";1;63;0x00000b31;278;0;0;586;888;120;590;0;CPUTHEFT
42554862929;85749;"NEAR_P1";"INTERVAL";"PROBE";1;63;0x00000b31;278;14;4;4254808;6137680;1917;4254904;0;CPUTHEFT
42554948686;117954;"NEAR_P1";"INTERVAL";"PROBE";1;63;0x00000b31;278;4;5;6341119;9484220;892;6341312;0;CPUTHEFT
42555066647;117798;"NEAR_P1";"INTERVAL";"PROBE";1;63;0x00000b31;278;4;3;6341886;9484484;132;6342072;0;CPUTHEFT
42555184453;85633;"NEAR_P1";"INTERVAL";"PROBE";1;63;0x00000b31;278;1;2;4260205;6140983;100;4260304;0;CPUTHEFT
42555270093;118109;"NEAR_P1";"INTERVAL";"PROBE";1;63;0x00000b31;278;6;3;6338967;9484242;1605;6339217;0;CPUTHEFT
42555388209;117861;"NEAR_P1";"INTERVAL";"PROBE";1;63;0x00000b31;278;2;2;6341629;9485224;764;6341815;0;CPUTHEFT
42555506078;85629;"NEAR_P1";"INTERVAL";"PROBE";1;63;0x00000b31;278;2;1;4260771;6140745;96;4260865;0;CPUTHEFT
42555591715;117799;"NEAR_P1";"INTERVAL";"PROBE";1;63;0x00000b31;278;0;1;6341655;9485669;91;6341845;0;CPUTHEFT
42555709521;117890;"NEAR_P1";"INTERVAL";"PROBE";1;63;0x00000b31;278;2;2;6344188;9491612;284;6344380;0;CPUTHEFT
42555827418;117791;"NEAR_P1";"INTERVAL";"PROBE";1;63;0x00000b31;278;2;2;6340953;9485540;80;6341143;0;CPUTHEFT
42555945218;85684;"NEAR_P1";"INTERVAL";"PROBE";1;63;0x00000b31;278;0;1;4260180;6142386;756;4260276;0;CPUTHEFT
42556030914;117879;"NEAR_P1";"INTERVAL";"PROBE";1;63;0x00000b31;278;3;0;6336333;9478623;1844;6336519;0;CPUTHEFT
42556148804;117901;"NEAR_P1";"INTERVAL";"PROBE";1;63;0x00000b31;278;2;2;6339253;9480442;848;6339439;0;CPUTHEFT
42556266712;85690;"NEAR_P1";"INTERVAL";"PROBE";1;63;0x00000b31;278;1;2;4259130;6137846;432;4259225;0;CPUTHEFT
42556352409;117794;"NEAR_P1";"INTERVAL";"PROBE";1;63;0x00000b31;278;1;0;6342251;9475347;160;6342435;0;CPUTHEFT
42556470211;117801;"NEAR_P1";"INTERVAL";"PROBE";1;63;0x00000b31;278;2;2;6341927;9484119;116;6342115;0;CPUTHEFT
42556588019;85788;"NEAR_P1";"INTERVAL";"PROBE";1;63;0x00000b31;278;1;2;4261576;6146518;384;4261677;0;CPUTHEFT
42556673815;117812;"NEAR_P1";"INTERVAL";"PROBE";1;63;0x00000b31;278;1;0;6341380;9482575;188;6341567;0;CPUTHEFT
42556791638;117802;"NEAR_P1";"INTERVAL";"PROBE";1;63;0x00000b31;278;2;2;6341754;9484861;128;6341934;0;CPUTHEFT
42556909448;85667;"NEAR_P1";"INTERVAL";"PROBE";1;63;0x00000b31;278;1;2;4259076;6136401;393;4259171;0;CPUTHEFT
42556995125;299700;"TRAJ_R1";"INTERVAL";"PROBE";1;63;0x00000b31;278;0;0;15856644;23978592;728;15857107;0;CPUTHEFT
42557300033;2427150;"MAF";"INTERVAL";"PROBE";1;63;0x00000b31;279;66;61;127863443;189764880;20978;127867061;0;CPUTHEFT
42557300051;115;"SENS_C1";"INTERVAL";"PROBE";1;63;0x00000b31;279;0;2;1452;2034;444;1456;0;CPUTHEFT
42557300173;233;"LOC_C1";"INTERVAL";"PROBE";1;63;0x00000b31;279;0;0;4924;7389;500;4928;0;CPUTHEFT
42557300412;41;"LOC_C2";"INTERVAL";"PROBE";1;63;0x00000b31;279;0;0;650;899;132;654;0;CPUTHEFT
42557300462;312;"LOC_C3";"INTERVAL";"PROBE";1;63;0x00000b31;279;0;0;9807;13421;308;9811;0;CPUTHEFT
42557300784;43;"LOC_C4";"INTERVAL";"PROBE";1;63;0x00000b31;279;0;0;585;905;124;589;0;CPUTHEFT
42557300833;118172;"NEAR_P1";"INTERVAL";"PROBE";1;63;0x00000b31;279;13;3;6336128;9482435;1824;6336310;0;CPUTHEFT
42557419015;85940;"NEAR_P1";"INTERVAL";"PROBE";1;63;0x00000b31;279;5;1;4262390;6146568;1432;4262495;0;CPUTHEFT
42557504964;117886;"NEAR_P1";"INTERVAL";"PROBE";1;63;0x00000b31;279;2;0;6339991;9483705;1510;6340183;0;CPUTHEFT
42557622869;118093;"NEAR_P1";"INTERVAL";"PROBE";1;63;0x00000b31;279;2;2;6339543;9482172;2080;6339732;0;CPUTHEFT
42557740969;85705;"NEAR_P1";"INTERVAL";"PROBE";1;63;0x00000b31;279;1;2;4259238;6139234;761;4259329;0;CPUTHEFT
42557826682;117842;"NEAR_P1";"INTERVAL";"PROBE";1;63;0x00000b31;279;1;0;6340310;9482318;289;6340497;0;CPUTHEFT
42557944532;117799;"NEAR_P1";"INTERVAL";"PROBE";1;63;0x00000b31;279;2;2;6341956;9486569;127;6342145;0;CPUTHEFT
42558062338;85715;"NEAR_P1";"INTERVAL";"PROBE";1;63;0x00000b31;279;2;2;4257171;6139372;258;4257266;0;CPUTHEFT
42558148061;117788;"NEAR_P1";"INTERVAL";"PROBE";1;63;0x00000b31;279;2;2;6342325;9485761;124;6342514;0;CPUTHEFT
42558265856;117924;"NEAR_P1";"INTERVAL";"PROBE";1;63;0x00000b31;279;2;2;6342489;9488870;463;6342678;0;CPUTHEFT
42558383787;85635;"NEAR_P1";"INTERVAL";"PROBE";1;63;0x00000b31;279;2;2;4260805;6140473;132;4260896;0;CPUTHEFT
42558469431;117798;"NEAR_P1";"INTERVAL";"PROBE";1;63;0x00000b31;279;2;2;6336614;9478183;400;6336810;0;CPUTHEFT
42558587238;117874;"NEAR_P1";"INTERVAL";"PROBE";1;63;0x00000b31;279;2;2;6340211;9481016;667;6340400;0;CPUTHEFT
42558705121;85654;"NEAR_P1";"INTERVAL";"PROBE";1;63;0x00000b31;279;2;2;4260694;6141630;99;4260787;0;CPUTHEFT
42558790783;117947;"NEAR_P1";"INTERVAL";"PROBE";1;63;0x00000b31;279;2;3;6329221;9463372;1353;6329424;0;CPUTHEFT
42558908741;117966;"NEAR_P1";"INTERVAL";"PROBE";1;63;0x00000b31;279;3;3;6337297;9457228;889;6337520;0;CPUTHEFT
42559026716;118170;"NEAR_P1";"INTERVAL";"PROBE";1;63;0x00000b31;279;12;4;6339522;9464335;1791;6339742;0;CPUTHEFT
42559144897;85618;"NEAR_P1";"INTERVAL";"PROBE";1;63;0x00000b31;279;1;2;4258183;6116194;1248;4258278;0;CPUTHEFT
42559230530;117920;"NEAR_P1";"INTERVAL";"PROBE";1;63;0x00000b31;279;1;1;6336276;9457535;2281;6336471;0;CPUTHEFT
42559348460;117779;"NEAR_P1";"INTERVAL";"PROBE";1;63;0x00000b31;279;1;2;6341803;9459906;795;6341992;0;CPUTHEFT
42559466251;260923;"TRAJ_R1";"INTERVAL";"PROBE";1;63;0x00000b31;279;0;2;13527634;20235640;545;13528004;0;CPUTHEFT
42559732335;2420576;"MAF";"INTERVAL";"PROBE";1;63;0x00000b31;280;45;61;127663010;189679156;12777;127666579;0;CPUTHEFT
42559732352;118;"SENS_C1";"INTERVAL";"PROBE";1;63;0x00000b31;280;0;2;1453;2066;444;1457;0;CPUTHEFT
42559732479;229;"LOC_C1";"INTERVAL";"PROBE";1;63;0x00000b31;280;1;2;4919;7404;516;4923;0;CPUTHEFT
42559732717;32;"LOC_C2";"INTERVAL";"PROBE";1;63;0x00000b31;280;0;0;650;899;92;654;0;CPUTHEFT
42559732758;307;"LOC_C3";"INTERVAL";"PROBE";1;63;0x00000b31;280;0;0;9807;13416;320;9811;0;CPUTHEFT
42559733075;42;"LOC_C4";"INTERVAL";"PROBE";1;63;0x00000b31;280;0;0;585;897;124;589;0;CPUTHEFT
42559733123;117954;"NEAR_P1";"INTERVAL";"PROBE";1;63;0x00000b31;280;10;4;6336178;9481957;1744;6336364;0;CPUTHEFT
42559851087;85679;"NEAR_P1";"INTERVAL";"PROBE";1;63;0x00000b31;280;2;4;4260842;6143300;416;4260938;0;CPUTHEFT
42559936774;117955;"NEAR_P1";"INTERVAL";"PROBE";1;63;0x00000b31;280;2;0;6343385;9489261;528;6343582;0;CPUTHEFT
42560054744;117821;"NEAR_P1";"INTERVAL";"PROBE";1;63;0x00000b31;280;2;2;6334738;9476998;410;6334956;0;CPUTHEFT
42560172574;85690;"NEAR_P1";"INTERVAL";"PROBE";1;63;0x00000b31;280;1;2;4260323;6141415;648;4260416;0;CPUTHEFT
42560258271;117811;"NEAR_P1";"INTERVAL";"PROBE";1;63;0x00000b31;280;1;0;6340661;9484936;199;6340846;0;CPUTHEFT
42560376089;117836;"NEAR_P1";"INTERVAL";"PROBE";1;63;0x00000b31;280;2;2;6341880;9475288;90;6342068;0;CPUTHEFT
42560493932;85630;"NEAR_P1";"INTERVAL";"PROBE";1;63;0x00000b31;280;2;2;4260415;6141561;92;4260509;0;CPUTHEFT
42560579569;117815;"NEAR_P1";"INTERVAL";"PROBE";1;63;0x00000b31;280;2;2;6342009;9488692;92;6342197;0;CPUTHEFT
42560697391;117968;"NEAR_P1";"INTERVAL";"PROBE";1;63;0x00000b31;280;2;2;6342911;9490398;753;6343115;0;CPUTHEFT
42560815371;85756;"NEAR_P1";"INTERVAL";"PROBE";1;63;0x00000b31;280;2;2;4259193;6140103;1684;4259284;0;CPUTHEFT
42560901137;118018;"NEAR_P1";"INTERVAL";"PROBE";1;63;0x00000b31;280;2;2;6337913;9473163;1236;6338099;0;CPUTHEFT
42561019165;117825;"NEAR_P1";"INTERVAL";"PROBE";1;63;0x00000b31;280;2;2;6341348;9486557;321;6341537;0;CPUTHEFT
42561136997;85631;"NEAR_P1";"INTERVAL";"PROBE";1;63;0x00000b31;280;2;2;4259399;6137765;145;4259488;0;CPUTHEFT
42561222638;117813;"NEAR_P1";"INTERVAL";"PROBE";1;63;0x00000b31;280;2;2;6342123;9487282;186;6342313;0;CPUTHEFT
42561340459;117835;"NEAR_P1";"INTERVAL";"PROBE";1;63;0x00000b31;280;2;2;6339346;9482070;339;6339533;0;CPUTHEFT
42561458303;117861;"NEAR_P1";"INTERVAL";"PROBE";1;63;0x00000b31;280;2;2;6341948;9488748;352;6342134;0;CPUTHEFT
42561576173;85803;"NEAR_P1";"INTERVAL";"PROBE";1;63;0x00000b31;280;1;2;4262854;6146963;356;4262960;0;CPUTHEFT
42561661983;117801;"NEAR_P1";"INTERVAL";"PROBE";1;63;0x00000b31;280;1;0;6342107;9485294;252;6342292;0;CPUTHEFT
42561779793;117843;"NEAR_P1";"INTERVAL";"PROBE";1;63;0x00000b31;280;2;2;6341728;9484490;620;6341917;0;CPUTHEFT
42561897646;255257;"TRAJ_R1";"INTERVAL";"PROBE";1;63;0x00000b31;280;0;2;13298060;20000407;446;13298436;0;CPUTHEFT
42562158115;2415292;"MAF";"INTERVAL";"PROBE";1;63;0x00000b31;281;43;56;127430651;189353858;14213;127434196;0;CPUTHEFT
42562158131;108;"SENS_C1";"INTERVAL";"PROBE";1;63;0x00000b31;281;0;1;1452;2072;436;1456;0;CPUTHEFT
42562158247;231;"LOC_C1";"INTERVAL";"PROBE";1;63;0x00000b31;281;0;1;4916;7339;484;4920;0;CPUTHEFT
42562158485;35;"LOC_C2";"INTERVAL";"PROBE";1;63;0x00000b31;281;0;0;650;903;116;654;0;CPUTHEFT
42562158531;310;"LOC_C3";"INTERVAL";"PROBE";1;63;0x00000b31;281;0;0;9813;13552;308;9817;0;CPUTHEFT
42562158850;43;"LOC_C4";"INTERVAL";"PROBE";1;63;0x00000b31;281;0;0;584;896;124;588;0;CPUTHEFT
42562158899;85879;"NEAR_P1";"INTERVAL";"PROBE";1;63;0x00000b31;281;8;2;4254880;6138717;1116;4254971;0;CPUTHEFT
42562244785;117827;"NEAR_P1";"INTERVAL";"PROBE";1;63;0x00000b31;281;4;4;6340331;9484376;436;6340523;0;CPUTHEFT
42562362619;118059;"NEAR_P1";"INTERVAL";"PROBE";1;63;0x00000b31;281;2;2;6341688;9489241;2032;6341882;0;CPUTHEFT
42562480689;85798;"NEAR_P1";"INTERVAL";"PROBE";1;63;0x00000b31;281;2;2;4257743;6139021;1404;4257838;0;CPUTHEFT
42562566496;117873;"NEAR_P1";"INTERVAL";"PROBE";1;63;0x00000b31;281;2;2;6341749;9486229;384;6341940;0;CPUTHEFT
42562684376;117840;"NEAR_P1";"INTERVAL";"PROBE";1;63;0x00000b31;281;2;2;6342592;9489855;218;6342775;0;CPUTHEFT
42562802223;117815;"NEAR_P1";"INTERVAL";"PROBE";1;63;0x00000b31;281;2;2;6340068;9483044;244;6340270;0;CPUTHEFT
42562920045;85670;"NEAR_P1";"INTERVAL";"PROBE";1;63;0x00000b31;281;2;2;4259465;6139904;215;4259559;0;CPUTHEFT
42563005722;117814;"NEAR_P1";"INTERVAL";"PROBE";1;63;0x00000b31;281;2;2;6338856;9482907;297;6339041;0;CPUTHEFT
42563123543;117881;"NEAR_P1";"INTERVAL";"PROBE";1;63;0x00000b31;281;1;1;6343778;9489159;143;6343965;0;CPUTHEFT
42563241436;117665;"NEAR_P1";"INTERVAL";"PROBE";1;63;0x00000b31;281;1;1;6328263;9465997;404;6328439;0;CPUTHEFT
42563359108;117845;"NEAR_P1";"INTERVAL";"PROBE";1;63;0x00000b31;281;2;2;6341320;9487914;720;6341508;0;CPUTHEFT
42563476962;117836;"NEAR_P1";"INTERVAL";"PROBE";1;63;0x00000b31;281;2;2;6341309;9486625;140;6341496;0;CPUTHEFT
42563594822;85674;"NEAR_P1";"INTERVAL";"PROBE";1;63;0x00000b31;281;1;2;4259672;6131805;104;4259767;0;CPUTHEFT
42563680503;117793;"NEAR_P1";"INTERVAL";"PROBE";1;63;0x00000b31;281;1;0;6342152;9487485;41;6342341;0;CPUTHEFT
42563798303;117868;"NEAR_P1";"INTERVAL";"PROBE";1;63;0x00000b31;281;2;2;6341987;9487375;158;6342178;0;CPUTHEFT
42563916178;85720;"NEAR_P1";"INTERVAL";"PROBE";1;63;0x00000b31;281;1;2;4261212;6145731;344;4261309;0;CPUTHEFT
42564001916;117921;"NEAR_P1";"INTERVAL";"PROBE";1;63;0x00000b31;281;1;0;6339382;9483720;1740;6339574;0;CPUTHEFT
42564119848;118089;"NEAR_P1";"INTERVAL";"PROBE";1;63;0x00000b31;281;2;2;6336766;9477211;1480;6336965;0;CPUTHEFT
42564237948;85704;"NEAR_P1";"INTERVAL";"PROBE";1;63;0x00000b31;281;2;2;4260850;6142531;212;4260946;0;CPUTHEFT
42564323664;249735;"TRAJ_R1";"INTERVAL";"PROBE";1;63;0x00000b31;281;1;1;13082944;19682369;577;13083319;0;CPUTHEFT
42564578567;2410640;"MAF";"INTERVAL";"PROBE";1;63;0x00000b31;282;59;59;127257807;189156617;15247;127261340;0;CPUTHEFT
42564578588;114;"SENS_C1";"INTERVAL";"PROBE";1;63;0x00000b31;282;0;2;1453;2070;452;1457;0;CPUTHEFT
42564578709;229;"LOC_C1";"INTERVAL";"PROBE";1;63;0x00000b31;282;0;0;4920;7350;502;4924;0;CPUTHEFT
42564578946;32;"LOC_C2";"INTERVAL";"PROBE";1;63;0x00000b31;282;0;0;650;916;96;654;0;CPUTHEFT
42564578987;308;"LOC_C3";"INTERVAL";"PROBE";1;63;0x00000b31;282;0;0;9811;13560;300;9815;0;CPUTHEFT
42564579305;308;"LOC_C4";"INTERVAL";"PROBE";1;63;0x00000b31;282;7;1;1478;2931;1132;1489;0;CPUTHEFT
42564579619;118083;"NEAR_P1";"INTERVAL";"PROBE";1;63;0x00000b31;282;11;4;6337383;9485764;1815;6337571;0;CPUTHEFT
42564697711;117843;"NEAR_P1";"INTERVAL";"PROBE";1;63;0x00000b31;282;8;6;6342183;9487305;344;6342369;0;CPUTHEFT
42564815562;85801;"NEAR_P1";"INTERVAL";"PROBE";1;63;0x00000b31;282;5;2;4265355;6154936;204;4265478;0;CPUTHEFT
42564901370;117859;"NEAR_P1";"INTERVAL";"PROBE";1;63;0x00000b31;282;1;2;6336651;9478505;829;6336830;0;CPUTHEFT
42565019239;117827;"NEAR_P1";"INTERVAL";"PROBE";1;63;0x00000b31;282;1;2;6341963;9489264;488;6342154;0;CPUTHEFT
42565137074;85670;"NEAR_P1";"INTERVAL";"PROBE";1;63;0x00000b31;282;1;2;4261221;6143457;60;4261315;0;CPUTHEFT
42565222752;117804;"NEAR_P1";"INTERVAL";"PROBE";1;63;0x00000b31;282;1;2;6342130;9486370;96;6342311;0;CPUTHEFT
42565340563;117869;"NEAR_P1";"INTERVAL";"PROBE";1;63;0x00000b31;282;1;2;6340861;9482711;412;6341050;0;CPUTHEFT
42565458443;117969;"NEAR_P1";"INTERVAL";"PROBE";1;63;0x00000b31;282;1;2;6340490;9477730;1088;6340668;0;CPUTHEFT
42565576423;85761;"NEAR_P1";"INTERVAL";"PROBE";1;63;0x00000b31;282;0;2;4260952;6144105;1900;4261043;0;CPUTHEFT
42565662193;117920;"NEAR_P1";"INTERVAL";"PROBE";1;63;0x00000b31;282;1;0;6340984;9486527;1680;6341173;0;CPUTHEFT
42565780121;117879;"NEAR_P1";"INTERVAL";"PROBE";1;63;0x00000b31;282;1;2;6335104;9479279;901;6335301;0;CPUTHEFT
42565898008;85664;"NEAR_P1";"INTERVAL";"PROBE";1;63;0x00000b31;282;0;2;4261500;6144359;156;4261594;0;CPUTHEFT
42565983679;117828;"NEAR_P1";"INTERVAL";"PROBE";1;63;0x00000b31;282;1;0;6342177;9487864;120;6342364;0;CPUTHEFT
42566101518;117834;"NEAR_P1";"INTERVAL";"PROBE";1;63;0x00000b31;282;1;2;6342243;9475423;187;6342431;0;CPUTHEFT
42566219360;85716;"NEAR_P1";"INTERVAL";"PROBE";1;63;0x00000b31;282;0;2;4262733;6146877;264;4262830;0;CPUTHEFT
42566305085;117873;"NEAR_P1";"INTERVAL";"PROBE";1;63;0x00000b31;282;1;0;6341016;9487559;327;6341205;0;CPUTHEFT
42566422966;117817;"NEAR_P1";"INTERVAL";"PROBE";1;63;0x00000b31;282;1;2;6342608;9487093;128;6342796;0;CPUTHEFT
42566540791;85691;"NEAR_P1";"INTERVAL";"PROBE";1;63;0x00000b31;282;0;2;4261033;6143594;444;4261126;0;CPUTHEFT
42566626493;117856;"NEAR_P1";"INTERVAL";"PROBE";1;63;0x00000b31;282;1;0;6338664;9481533;544;6338855;0;CPUTHEFT
42566744375;244824;"TRAJ_R1";"INTERVAL";"PROBE";1;63;0x00000b31;282;0;1;12886016;19451741;478;12886383;0;CPUTHEFT
42566994453;2373933;"MAF";"INTERVAL";"PROBE";1;63;0x00000b31;283;49;64;124998292;185584602;14164;125001764;0;CPUTHEFT
42566994471;113;"SENS_C1";"INTERVAL";"PROBE";1;63;0x00000b31;283;0;3;1451;2057;432;1455;0;CPUTHEFT
42566994592;231;"LOC_C1";"INTERVAL";"PROBE";1;63;0x00000b31;283;0;0;4923;7346;496;4927;0;CPUTHEFT
42566994830;34;"LOC_C2";"INTERVAL";"PROBE";1;63;0x00000b31;283;0;0;650;911;108;654;0;CPUTHEFT
42566994873;312;"LOC_C3";"INTERVAL";"PROBE";1;63;0x00000b31;283;0;0;9808;13462;300;9812;0;CPUTHEFT
42566995195;45;"LOC_C4";"INTERVAL";"PROBE";1;63;0x00000b31;283;0;0;584;899;132;588;0;CPUTHEFT
42566995246;117958;"NEAR_P1";"INTERVAL";"PROBE";1;63;0x00000b31;283;16;6;6336914;9484365;908;6337104;0;CPUTHEFT
42567113211;85817;"NEAR_P1";"INTERVAL";"PROBE";1;63;0x00000b31;283;3;3;4260900;6144940;906;4260992;0;CPUTHEFT
42567199038;117991;"NEAR_P1";"INTERVAL";"PROBE";1;63;0x00000b31;283;2;2;6340456;9486159;2057;6340648;0;CPUTHEFT
42567317039;117974;"NEAR_P1";"INTERVAL";"PROBE";1;63;0x00000b31;283;2;1;6341059;9487044;956;6341248;0;CPUTHEFT
42567435020;85706;"NEAR_P1";"INTERVAL";"PROBE";1;63;0x00000b31;283;1;2;4255530;6135461;664;4255636;0;CPUTHEFT
42567520736;117823;"NEAR_P1";"INTERVAL";"PROBE";1;63;0x00000b31;283;1;2;6342587;9488837;144;6342773;0;CPUTHEFT
42567638567;117841;"NEAR_P1";"INTERVAL";"PROBE";1;63;0x00000b31;283;2;1;6342777;9490782;270;6342965;0;CPUTHEFT
42567756415;85686;"NEAR_P1";"INTERVAL";"PROBE";1;63;0x00000b31;283;2;1;4261265;6143921;171;4261356;0;CPUTHEFT
42567842108;117874;"NEAR_P1";"INTERVAL";"PROBE";1;63;0x00000b31;283;2;2;6342434;9488731;286;6342615;0;CPUTHEFT
42567959989;117840;"NEAR_P1";"INTERVAL";"PROBE";1;63;0x00000b31;283;2;2;6341728;9488715;172;6341910;0;CPUTHEFT
42568077837;85794;"NEAR_P1";"INTERVAL";"PROBE";1;63;0x00000b31;283;1;2;4265582;6151463;168;4265704;0;CPUTHEFT
42568163639;117840;"NEAR_P1";"INTERVAL";"PROBE";1;63;0x00000b31;283;1;0;6342614;9489394;872;6342799;0;CPUTHEFT
42568281488;117907;"NEAR_P1";"INTERVAL";"PROBE";1;63;0x00000b31;283;1;2;6338456;9482482;538;6338647;0;CPUTHEFT
42568399403;85648;"NEAR_P1";"INTERVAL";"PROBE";1;63;0x00000b31;283;1;2;4261542;6145916;24;4261637;0;CPUTHEFT
42568485073;117817;"NEAR_P1";"INTERVAL";"PROBE";1;63;0x00000b31;283;2;3;6342933;9489754;52;6343117;0;CPUTHEFT
42568602898;117828;"NEAR_P1";"INTERVAL";"PROBE";1;63;0x00000b31;283;1;2;6342549;9487191;92;6342741;0;CPUTHEFT
42568720733;85705;"NEAR_P1";"INTERVAL";"PROBE";1;63;0x00000b31;283;2;1;4261608;6124238;544;4261700;0;CPUTHEFT
42568806458;118056;"NEAR_P1";"INTERVAL";"PROBE";1;63;0x00000b31;283;2;2;6340687;9488939;1754;6340873;0;CPUTHEFT
42568924525;117949;"NEAR_P1";"INTERVAL";"PROBE";1;63;0x00000b31;283;1;2;6342021;9488508;813;6342212;0;CPUTHEFT
42569042501;117835;"NEAR_P1";"INTERVAL";"PROBE";1;63;0x00000b31;283;1;2;6337526;9480537;517;6337719;0;CPUTHEFT
42569160345;208032;"TRAJ_R1";"INTERVAL";"PROBE";1;63;0x00000b31;283;1;1;10623472;15864641;460;10623770;0;CPUTHEFT
42569373552;2309499;"MAF";"INTERVAL";"PROBE";1;63;0x00000b31;284;63;61;121637098;180245551;23539;121640536;0;CPUTHEFT
42569373577;109;"SENS_C1";"INTERVAL";"PROBE";1;63;0x00000b31;284;0;2;1455;2081;440;1459;0;CPUTHEFT
42569373694;228;"LOC_C1";"INTERVAL";"PROBE";1;63;0x00000b31;284;0;0;4920;7325;498;4924;0;CPUTHEFT
42569373931;34;"LOC_C2";"INTERVAL";"PROBE";1;63;0x00000b31;284;0;0;650;897;96;654;0;CPUTHEFT
42569373974;310;"LOC_C3";"INTERVAL";"PROBE";1;63;0x00000b31;284;0;0;9813;13412;300;9817;0;CPUTHEFT
42569374293;45;"LOC_C4";"INTERVAL";"PROBE";1;63;0x00000b31;284;0;0;586;925;132;590;0;CPUTHEFT
42569374344;117962;"NEAR_P1";"INTERVAL";"PROBE";1;63;0x00000b31;284;9;4;6333086;9476468;3710;6333262;0;CPUTHEFT
42569492324;117930;"NEAR_P1";"INTERVAL";"PROBE";1;63;0x00000b31;284;3;3;6341550;9484888;1784;6341736;0;CPUTHEFT
42569610267;85686;"NEAR_P1";"INTERVAL";"PROBE";1;63;0x00000b31;284;0;1;4260344;6139996;509;4260438;0;CPUTHEFT
42569695960;117979;"NEAR_P1";"INTERVAL";"PROBE";1;63;0x00000b31;284;1;0;6346275;9495611;524;6346474;0;CPUTHEFT
42569813950;117822;"NEAR_P1";"INTERVAL";"PROBE";1;63;0x00000b31;284;1;2;6342411;9488760;536;6342596;0;CPUTHEFT
42569931780;85662;"NEAR_P1";"INTERVAL";"PROBE";1;63;0x00000b31;284;0;2;4255509;6133981;492;4255610;0;CPUTHEFT
42570017468;117793;"NEAR_P1";"INTERVAL";"PROBE";1;63;0x00000b31;284;1;0;6342547;9487637;68;6342730;0;CPUTHEFT
42570135269;117843;"NEAR_P1";"INTERVAL";"PROBE";1;63;0x00000b31;284;1;2;6342072;9485244;131;6342262;0;CPUTHEFT
42570253120;85658;"NEAR_P1";"INTERVAL";"PROBE";1;63;0x00000b31;284;0;2;4260664;6140968;108;4260761;0;CPUTHEFT
42570338786;118113;"NEAR_P1";"INTERVAL";"PROBE";1;63;0x00000b31;284;10;3;6342946;9462997;2816;6343142;0;CPUTHEFT
42570456913;117894;"NEAR_P1";"INTERVAL";"PROBE";1;63;0x00000b31;284;3;2;6338375;9454735;1846;6338563;0;CPUTHEFT
42570574816;85588;"NEAR_P1";"INTERVAL";"PROBE";1;63;0x00000b31;284;1;2;4261345;6113098;352;4261443;0;CPUTHEFT
42570660411;117697;"NEAR_P1";"INTERVAL";"PROBE";1;63;0x00000b31;284;2;2;6342503;9458044;144;6342684;0;CPUTHEFT
42570778116;117854;"NEAR_P1";"INTERVAL";"PROBE";1;63;0x00000b31;284;4;2;6334552;9450792;1072;6334757;0;CPUTHEFT
42570895977;85838;"NEAR_P1";"INTERVAL";"PROBE";1;63;0x00000b31;284;4;1;4258051;6129057;1635;4258161;0;CPUTHEFT
42570981826;118024;"NEAR_P1";"INTERVAL";"PROBE";1;63;0x00000b31;284;3;1;6337516;9480978;1477;6337735;0;CPUTHEFT
42571099859;117843;"NEAR_P1";"INTERVAL";"PROBE";1;63;0x00000b31;284;1;2;6338471;9479677;669;6338664;0;CPUTHEFT
42571217710;85576;"NEAR_P1";"INTERVAL";"PROBE";1;63;0x00000b31;284;2;2;4260833;6109894;340;4260929;0;CPUTHEFT
42571303293;117750;"NEAR_P1";"INTERVAL";"PROBE";1;63;0x00000b31;284;2;2;6342155;9458920;846;6342339;0;CPUTHEFT
42571421052;117797;"NEAR_P1";"INTERVAL";"PROBE";1;63;0x00000b31;284;8;5;6326576;9435948;1882;6326791;0;CPUTHEFT
42571538867;144175;"TRAJ_R1";"INTERVAL";"PROBE";1;63;0x00000b31;284;0;1;7295659;10825439;700;7295855;0;CPUTHEFT
42571688294;2784175;"MAF";"INTERVAL";"PROBE";1;63;0x00000b31;285;46;56;146872768;218225176;20104;146876893;0;CPUTHEFT
42571688312;107;"SENS_C1";"INTERVAL";"PROBE";1;63;0x00000b31;285;0;2;1452;2064;436;1456;0;CPUTHEFT
42571688427;224;"LOC_C1";"INTERVAL";"PROBE";1;63;0x00000b31;285;0;2;4918;7408;488;4922;0;CPUTHEFT
42571688657;34;"LOC_C2";"INTERVAL";"PROBE";1;63;0x00000b31;285;0;0;650;918;112;654;0;CPUTHEFT
42571688700;313;"LOC_C3";"INTERVAL";"PROBE";1;63;0x00000b31;285;0;0;9803;13382;304;9807;0;CPUTHEFT
42571689022;43;"LOC_C4";"INTERVAL";"PROBE";1;63;0x00000b31;285;0;0;584;896;124;588;0;CPUTHEFT
42571689071;117709;"NEAR_P1";"INTERVAL";"PROBE";1;63;0x00000b31;285;7;5;6332608;9470717;1222;6332741;0;CPUTHEFT
42571806787;117871;"NEAR_P1";"INTERVAL";"PROBE";1;63;0x00000b31;285;4;3;6341913;9488961;541;6342116;0;CPUTHEFT
42571924665;117942;"NEAR_P1";"INTERVAL";"PROBE";1;63;0x00000b31;285;1;2;6341776;9486077;1246;6341963;0;CPUTHEFT
42572042624;85814;"NEAR_P1";"INTERVAL";"PROBE";1;63;0x00000b31;285;0;1;4260272;6139980;1812;4260368;0;CPUTHEFT
42572128446;118005;"NEAR_P1";"INTERVAL";"PROBE";1;63;0x00000b31;285;1;1;6341792;9486623;1085;6341978;0;CPUTHEFT
42572246458;117879;"NEAR_P1";"INTERVAL";"PROBE";1;63;0x00000b31;285;1;2;6342783;9487317;268;6342971;0;CPUTHEFT
42572364345;85728;"NEAR_P1";"INTERVAL";"PROBE";1;63;0x00000b31;285;1;1;4261940;6143093;303;4262032;0;CPUTHEFT
42572450081;117767;"NEAR_P1";"INTERVAL";"PROBE";1;63;0x00000b31;285;2;2;6335376;9451214;520;6335574;0;CPUTHEFT
42572567856;117717;"NEAR_P1";"INTERVAL";"PROBE";1;63;0x00000b31;285;1;2;6342545;9462762;168;6342731;0;CPUTHEFT
42572685581;85564;"NEAR_P1";"INTERVAL";"PROBE";1;63;0x00000b31;285;1;2;4261620;6117760;120;4261713;0;CPUTHEFT
42572771153;117837;"NEAR_P1";"INTERVAL";"PROBE";1;63;0x00000b31;285;3;2;6335867;9459300;842;6336061;0;CPUTHEFT
42572888999;118145;"NEAR_P1";"INTERVAL";"PROBE";1;63;0x00000b31;285;1;0;6342039;9493708;1117;6342280;0;CPUTHEFT
42573007155;85792;"NEAR_P1";"INTERVAL";"PROBE";1;63;0x00000b31;285;2;2;4258829;6125620;942;4258935;0;CPUTHEFT
42573092954;117709;"NEAR_P1";"INTERVAL";"PROBE";1;63;0x00000b31;285;2;2;6342915;9460337;126;6343105;0;CPUTHEFT
42573210670;117690;"NEAR_P1";"INTERVAL";"PROBE";1;63;0x00000b31;285;2;2;6336439;9439864;244;6336637;0;CPUTHEFT
42573328367;85555;"NEAR_P1";"INTERVAL";"PROBE";1;63;0x00000b31;285;2;2;4260629;6105012;76;4260725;0;CPUTHEFT
42573413929;117974;"NEAR_P1";"INTERVAL";"PROBE";1;63;0x00000b31;285;3;2;6342453;9460071;1111;6342640;0;CPUTHEFT
42573531912;117945;"NEAR_P1";"INTERVAL";"PROBE";1;63;0x00000b31;285;1;2;6341234;9456046;2197;6341415;0;CPUTHEFT
42573649875;85686;"NEAR_P1";"INTERVAL";"PROBE";1;63;0x00000b31;285;1;0;4259574;6105019;2144;4259670;0;CPUTHEFT
42573735569;117834;"NEAR_P1";"INTERVAL";"PROBE";1;63;0x00000b31;285;1;2;6342315;9455405;976;6342503;0;CPUTHEFT
42573853413;619047;"TRAJ_R1";"INTERVAL";"PROBE";1;63;0x00000b31;285;1;0;32514201;48877790;1144;32515141;0;CPUTHEFT
42574477725;2818334;"MAF";"INTERVAL";"PROBE";1;63;0x00000b31;286;74;60;148282564;219868552;16722;148286766;0;CPUTHEFT
42574477746;115;"SENS_C1";"INTERVAL";"PROBE";1;63;0x00000b31;286;0;1;1454;2043;444;1458;0;CPUTHEFT
42574477869;227;"LOC_C1";"INTERVAL";"PROBE";1;63;0x00000b31;286;0;0;4918;7454;498;4922;0;CPUTHEFT
42574478103;33;"LOC_C2";"INTERVAL";"PROBE";1;63;0x00000b31;286;0;0;650;910;108;654;0;CPUTHEFT
42574478145;311;"LOC_C3";"INTERVAL";"PROBE";1;63;0x00000b31;286;0;0;9805;13361;316;9809;0;CPUTHEFT
42574478465;41;"LOC_C4";"INTERVAL";"PROBE";1;63;0x00000b31;286;0;0;586;900;128;590;0;CPUTHEFT
42574478512;85834;"NEAR_P1";"INTERVAL";"PROBE";1;63;0x00000b31;286;16;6;4263810;6129816;1882;4263936;0;CPUTHEFT
42574564357;117855;"NEAR_P1";"INTERVAL";"PROBE";1;63;0x00000b31;286;5;5;6341476;9453417;1564;6341663;0;CPUTHEFT
42574682223;117704;"NEAR_P1";"INTERVAL";"PROBE";1;63;0x00000b31;286;3;4;6342530;9462533;192;6342720;0;CPUTHEFT
42574799949;85543;"NEAR_P1";"INTERVAL";"PROBE";1;63;0x00000b31;286;3;2;4261991;6117300;68;4262089;0;CPUTHEFT
42574885499;117700;"NEAR_P1";"INTERVAL";"PROBE";1;63;0x00000b31;286;3;2;6337877;9454592;372;6338075;0;CPUTHEFT
42575003209;117730;"NEAR_P1";"INTERVAL";"PROBE";1;63;0x00000b31;286;3;2;6343214;9462020;100;6343410;0;CPUTHEFT
42575120946;85595;"NEAR_P1";"INTERVAL";"PROBE";1;63;0x00000b31;286;3;2;4261799;6116150;548;4261895;0;CPUTHEFT
42575206552;117856;"NEAR_P1";"INTERVAL";"PROBE";1;63;0x00000b31;286;3;2;6341396;9458982;2060;6341580;0;CPUTHEFT
42575324419;117770;"NEAR_P1";"INTERVAL";"PROBE";1;63;0x00000b31;286;3;2;6342602;9459779;800;6342787;0;CPUTHEFT
42575442196;85648;"NEAR_P1";"INTERVAL";"PROBE";1;63;0x00000b31;286;4;2;4261668;6117545;434;4261762;0;CPUTHEFT
42575560006;85577;"NEAR_P1";"INTERVAL";"PROBE";1;63;0x00000b31;286;0;0;4262195;6110994;140;4262293;0;CPUTHEFT
42575645593;117729;"NEAR_P1";"INTERVAL";"PROBE";1;63;0x00000b31;286;1;1;6342901;9461404;191;6343091;0;CPUTHEFT
42575763329;117735;"NEAR_P1";"INTERVAL";"PROBE";1;63;0x00000b31;286;2;1;6337662;9453396;472;6337857;0;CPUTHEFT
42575881071;85558;"NEAR_P1";"INTERVAL";"PROBE";1;63;0x00000b31;286;1;2;4262274;6117553;116;4262369;0;CPUTHEFT
42575966637;117781;"NEAR_P1";"INTERVAL";"PROBE";1;63;0x00000b31;286;2;2;6342230;9461887;232;6342419;0;CPUTHEFT
42576084426;117852;"NEAR_P1";"INTERVAL";"PROBE";1;63;0x00000b31;286;2;2;6335756;9454964;1091;6335950;0;CPUTHEFT
42576202290;85691;"NEAR_P1";"INTERVAL";"PROBE";1;63;0x00000b31;286;2;2;4256970;6112240;1210;4257084;0;CPUTHEFT
42576287988;117881;"NEAR_P1";"INTERVAL";"PROBE";1;63;0x00000b31;286;2;1;6339028;9460684;428;6339241;0;CPUTHEFT
42576405877;117790;"NEAR_P1";"INTERVAL";"PROBE";1;63;0x00000b31;286;1;0;6344381;9466314;133;6344582;0;CPUTHEFT
42576523675;85839;"NEAR_P1";"INTERVAL";"PROBE";1;63;0x00000b31;286;12;1;4261392;6109806;1137;4261494;0;CPUTHEFT
42576609523;686527;"TRAJ_R1";"INTERVAL";"PROBE";1;63;0x00000b31;286;0;0;35985224;54032178;1670;35986241;0;CPUTHEFT
42577301299;2894542;"MAF";"INTERVAL";"PROBE";1;63;0x00000b31;287;40;54;152106729;225439018;19851;152110947;0;CPUTHEFT
42577301326;129;"SENS_C1";"INTERVAL";"PROBE";1;63;0x00000b31;287;0;2;1451;2061;492;1455;0;CPUTHEFT
42577301463;236;"LOC_C1";"INTERVAL";"PROBE";1;63;0x00000b31;287;1;0;4910;7240;529;4914;0;CPUTHEFT
42577301707;41;"LOC_C2";"INTERVAL";"PROBE";1;63;0x00000b31;287;0;0;650;895;148;654;0;CPUTHEFT
42577301757;308;"LOC_C3";"INTERVAL";"PROBE";1;63;0x00000b31;287;0;0;9805;13551;320;9809;0;CPUTHEFT
42577302074;45;"LOC_C4";"INTERVAL";"PROBE";1;63;0x00000b31;287;0;0;584;922;132;588;0;CPUTHEFT
42577302125;118082;"NEAR_P1";"INTERVAL";"PROBE";1;63;0x00000b31;287;8;5;6338607;9451711;3906;6338793;0;CPUTHEFT
42577420215;85694;"NEAR_P1";"INTERVAL";"PROBE";1;63;0x00000b31;287;4;2;4247426;6091539;3528;4247533;0;CPUTHEFT
42577505927;117834;"NEAR_P1";"INTERVAL";"PROBE";1;63;0x00000b31;287;2;0;6342560;9459230;1612;6342747;0;CPUTHEFT
42577623769;117846;"NEAR_P1";"INTERVAL";"PROBE";1;63;0x00000b31;287;1;2;6347051;9468601;456;6347264;0;CPUTHEFT
42577741622;85602;"NEAR_P1";"INTERVAL";"PROBE";1;63;0x00000b31;287;2;1;4260449;6109858;796;4260542;0;CPUTHEFT
42577827232;117820;"NEAR_P1";"INTERVAL";"PROBE";1;63;0x00000b31;287;0;2;6342375;9457139;428;6342564;0;CPUTHEFT
42577945060;117699;"NEAR_P1";"INTERVAL";"PROBE";1;63;0x00000b31;287;1;1;6340671;9454118;155;6340856;0;CPUTHEFT
42578062767;85542;"NEAR_P1";"INTERVAL";"PROBE";1;63;0x00000b31;287;1;2;4262211;6116029;20;4262307;0;CPUTHEFT
42578148317;117718;"NEAR_P1";"INTERVAL";"PROBE";1;63;0x00000b31;287;1;2;6343499;9461478;64;6343687;0;CPUTHEFT
42578266042;117739;"NEAR_P1";"INTERVAL";"PROBE";1;63;0x00000b31;287;2;2;6338310;9453956;428;6338508;0;CPUTHEFT
42578383792;85747;"NEAR_P1";"INTERVAL";"PROBE";1;63;0x00000b31;287;1;1;4261274;6114729;1295;4261371;0;CPUTHEFT
42578469549;117885;"NEAR_P1";"INTERVAL";"PROBE";1;63;0x00000b31;287;1;2;6342991;9461131;1559;6343180;0;CPUTHEFT
42578587446;117761;"NEAR_P1";"INTERVAL";"PROBE";1;63;0x00000b31;287;1;1;6341798;9457713;463;6341983;0;CPUTHEFT
42578705214;85563;"NEAR_P1";"INTERVAL";"PROBE";1;63;0x00000b31;287;2;2;4262052;6114017;156;4262148;0;CPUTHEFT
42578790784;117718;"NEAR_P1";"INTERVAL";"PROBE";1;63;0x00000b31;287;2;2;6339264;9451547;222;6339448;0;CPUTHEFT
42578908509;117739;"NEAR_P1";"INTERVAL";"PROBE";1;63;0x00000b31;287;2;2;6343473;9459937;144;6343661;0;CPUTHEFT
42579026256;85575;"NEAR_P1";"INTERVAL";"PROBE";1;63;0x00000b31;287;1;1;4262022;6115465;124;4262116;0;CPUTHEFT
42579111838;117717;"NEAR_P1";"INTERVAL";"PROBE";1;63;0x00000b31;287;0;2;6338928;9455120;368;6339124;0;CPUTHEFT
42579229562;117697;"NEAR_P1";"INTERVAL";"PROBE";1;63;0x00000b31;287;2;2;6343199;9447634;124;6343385;0;CPUTHEFT
42579347267;117809;"NEAR_P1";"INTERVAL";"PROBE";1;63;0x00000b31;287;2;2;6342464;9447310;717;6342650;0;CPUTHEFT
42579465090;730739;"TRAJ_R1";"INTERVAL";"PROBE";1;63;0x00000b31;287;0;0;37732476;56338226;1261;37733505;0;CPUTHEFT
42580233207;3014469;"MAF";"INTERVAL";"PROBE";1;63;0x00000b31;288;47;47;158335030;235536887;20658;158339499;0;CPUTHEFT
42580233233;129;"SENS_C1";"INTERVAL";"PROBE";1;63;0x00000b31;288;0;2;1455;2067;512;1459;0;CPUTHEFT
42580233371;243;"LOC_C1";"INTERVAL";"PROBE";1;63;0x00000b31;288;1;0;4915;7321;526;4919;0;CPUTHEFT
42580233622;40;"LOC_C2";"INTERVAL";"PROBE";1;63;0x00000b31;288;0;0;650;914;144;654;0;CPUTHEFT
42580233671;309;"LOC_C3";"INTERVAL";"PROBE";1;63;0x00000b31;288;0;0;9807;13284;308;9811;0;CPUTHEFT
42580233989;47;"LOC_C4";"INTERVAL";"PROBE";1;63;0x00000b31;288;0;0;585;920;136;589;0;CPUTHEFT
42580234043;85767;"NEAR_P1";"INTERVAL";"PROBE";1;63;0x00000b31;288;9;1;4258477;6111971;3962;4258569;0;CPUTHEFT
42580319818;117817;"NEAR_P1";"INTERVAL";"PROBE";1;63;0x00000b31;288;3;3;6342649;9463055;904;6342836;0;CPUTHEFT
42580437643;117914;"NEAR_P1";"INTERVAL";"PROBE";1;63;0x00000b31;288;5;0;6342741;9462120;749;6342933;0;CPUTHEFT
42580555564;85720;"NEAR_P1";"INTERVAL";"PROBE";1;63;0x00000b31;288;0;1;4259541;6118122;654;4259650;0;CPUTHEFT
42580641291;117904;"NEAR_P1";"INTERVAL";"PROBE";1;63;0x00000b31;288;1;1;6339852;9480633;530;6340049;0;CPUTHEFT
42580759203;117906;"NEAR_P1";"INTERVAL";"PROBE";1;63;0x00000b31;288;2;2;6336500;9479477;620;6336701;0;CPUTHEFT
42580877117;85818;"NEAR_P1";"INTERVAL";"PROBE";1;63;0x00000b31;288;1;1;4266928;6154780;240;4267034;0;CPUTHEFT
42580962942;117868;"NEAR_P1";"INTERVAL";"PROBE";1;63;0x00000b31;288;1;0;6342948;9488661;932;6343133;0;CPUTHEFT
42581080820;117846;"NEAR_P1";"INTERVAL";"PROBE";1;63;0x00000b31;288;2;2;6342579;9485913;321;6342763;0;CPUTHEFT
42581198673;85680;"NEAR_P1";"INTERVAL";"PROBE";1;63;0x00000b31;288;2;2;4262385;6146504;84;4262483;0;CPUTHEFT
42581284361;117819;"NEAR_P1";"INTERVAL";"PROBE";1;63;0x00000b31;288;2;2;6341861;9487252;100;6342046;0;CPUTHEFT
42581402188;117932;"NEAR_P1";"INTERVAL";"PROBE";1;63;0x00000b31;288;2;3;6341655;9485413;815;6341848;0;CPUTHEFT
42581520129;85807;"NEAR_P1";"INTERVAL";"PROBE";1;63;0x00000b31;288;1;1;4262025;6137623;1044;4262122;0;CPUTHEFT
42581605949;118048;"NEAR_P1";"INTERVAL";"PROBE";1;63;0x00000b31;288;2;0;6336068;9479419;2817;6336260;0;CPUTHEFT
42581724009;117892;"NEAR_P1";"INTERVAL";"PROBE";1;63;0x00000b31;288;1;2;6342262;9489986;1024;6342453;0;CPUTHEFT
42581841909;85681;"NEAR_P1";"INTERVAL";"PROBE";1;63;0x00000b31;288;2;1;4262019;6144237;196;4262112;0;CPUTHEFT
42581927597;117920;"NEAR_P1";"INTERVAL";"PROBE";1;63;0x00000b31;288;2;3;6343335;9490014;385;6343523;0;CPUTHEFT
42582045525;117840;"NEAR_P1";"INTERVAL";"PROBE";1;63;0x00000b31;288;0;2;6343279;9486359;178;6343469;0;CPUTHEFT
42582163372;117809;"NEAR_P1";"INTERVAL";"PROBE";1;63;0x00000b31;288;1;1;6341819;9486163;164;6341999;0;CPUTHEFT
42582281190;85701;"NEAR_P1";"INTERVAL";"PROBE";1;63;0x00000b31;288;2;2;4262307;6146067;104;4262403;0;CPUTHEFT
42582366902;880764;"TRAJ_R1";"INTERVAL";"PROBE";1;63;0x00000b31;288;0;0;46030165;69260673;2817;46031532;0;CPUTHEFT
42583252742;3133530;"MAF";"INTERVAL";"PROBE";1;63;0x00000b31;289;57;65;164759574;244589581;20500;164764216;0;CPUTHEFT
42583252773;125;"SENS_C1";"INTERVAL";"PROBE";1;63;0x00000b31;289;0;2;1451;2050;492;1455;0;CPUTHEFT
42583252905;243;"LOC_C1";"INTERVAL";"PROBE";1;63;0x00000b31;289;0;1;4926;7416;553;4930;0;CPUTHEFT
42583253156;40;"LOC_C2";"INTERVAL";"PROBE";1;63;0x00000b31;289;0;0;650;901;136;654;0;CPUTHEFT
42583253205;309;"LOC_C3";"INTERVAL";"PROBE";1;63;0x00000b31;289;0;0;9809;13507;320;9813;0;CPUTHEFT
42583253523;43;"LOC_C4";"INTERVAL";"PROBE";1;63;0x00000b31;289;0;0;585;904;128;589;0;CPUTHEFT
42583253572;118118;"NEAR_P1";"INTERVAL";"PROBE";1;63;0x00000b31;289;13;5;6321161;9442784;5629;6321362;0;CPUTHEFT
42583371699;85793;"NEAR_P1";"INTERVAL";"PROBE";1;63;0x00000b31;289;3;2;4260752;6142008;1544;4260848;0;CPUTHEFT
42583457499;118082;"NEAR_P1";"INTERVAL";"PROBE";1;63;0x00000b31;289;13;8;6343207;9455032;1644;6343397;0;CPUTHEFT
42583575589;117779;"NEAR_P1";"INTERVAL";"PROBE";1;63;0x00000b31;289;6;6;6342904;9462584;386;6343094;0;CPUTHEFT
42583693376;85592;"NEAR_P1";"INTERVAL";"PROBE";1;63;0x00000b31;289;0;1;4262653;6119850;188;4262749;0;CPUTHEFT
42583778975;117785;"NEAR_P1";"INTERVAL";"PROBE";1;63;0x00000b31;289;2;0;6343436;9451588;297;6343624;0;CPUTHEFT
42583896767;117713;"NEAR_P1";"INTERVAL";"PROBE";1;63;0x00000b31;289;1;2;6342484;9460770;124;6342674;0;CPUTHEFT
42584014487;85724;"NEAR_P1";"INTERVAL";"PROBE";1;63;0x00000b31;289;1;2;4266515;6130460;204;4266643;0;CPUTHEFT
42584100218;117745;"NEAR_P1";"INTERVAL";"PROBE";1;63;0x00000b31;289;0;1;6337677;9453749;704;6337874;0;CPUTHEFT
42584217975;117826;"NEAR_P1";"INTERVAL";"PROBE";1;63;0x00000b31;289;1;2;6343037;9463482;736;6343224;0;CPUTHEFT
42584335810;85549;"NEAR_P1";"INTERVAL";"PROBE";1;63;0x00000b31;289;2;1;4262595;6114993;76;4262693;0;CPUTHEFT
42584421366;117749;"NEAR_P1";"INTERVAL";"PROBE";1;63;0x00000b31;289;2;2;6343735;9460672;87;6343925;0;CPUTHEFT
42584539123;117734;"NEAR_P1";"INTERVAL";"PROBE";1;63;0x00000b31;289;1;2;6343588;9461196;76;6343773;0;CPUTHEFT
42584656865;85617;"NEAR_P1";"INTERVAL";"PROBE";1;63;0x00000b31;289;3;2;4260542;6115733;288;4260640;0;CPUTHEFT
42584742491;117839;"NEAR_P1";"INTERVAL";"PROBE";1;63;0x00000b31;289;2;2;6342912;9459843;1532;6343104;0;CPUTHEFT
42584860344;117852;"NEAR_P1";"INTERVAL";"PROBE";1;63;0x00000b31;289;0;2;6336200;9448737;1832;6336401;0;CPUTHEFT
42584978206;85588;"NEAR_P1";"INTERVAL";"PROBE";1;63;0x00000b31;289;1;0;4262785;6110017;328;4262880;0;CPUTHEFT
42585063801;117753;"NEAR_P1";"INTERVAL";"PROBE";1;63;0x00000b31;289;1;1;6344089;9461853;258;6344281;0;CPUTHEFT
42585181562;117803;"NEAR_P1";"INTERVAL";"PROBE";1;63;0x00000b31;289;1;0;6342769;9455555;318;6342961;0;CPUTHEFT
42585299373;117748;"NEAR_P1";"INTERVAL";"PROBE";1;63;0x00000b31;289;0;2;6343927;9460874;164;6344115;0;CPUTHEFT
42585417132;969128;"TRAJ_R1";"INTERVAL";"PROBE";1;63;0x00000b31;289;0;0;50378943;75404947;2050;50380345;0;CPUTHEFT
42586391115;3249688;"MAF";"INTERVAL";"PROBE";1;63;0x00000b31;290;58;62;170953998;253919971;20584;170958822;0;CPUTHEFT
42586391145;134;"SENS_C1";"INTERVAL";"PROBE";1;63;0x00000b31;290;0;3;1455;2071;512;1459;0;CPUTHEFT
42586391288;238;"LOC_C1";"INTERVAL";"PROBE";1;63;0x00000b31;290;1;0;4925;7346;534;4929;0;CPUTHEFT
42586391533;39;"LOC_C2";"INTERVAL";"PROBE";1;63;0x00000b31;290;0;0;650;907;144;654;0;CPUTHEFT
42586391581;307;"LOC_C3";"INTERVAL";"PROBE";1;63;0x00000b31;290;0;0;9808;13336;320;9812;0;CPUTHEFT
42586391898;42;"LOC_C4";"INTERVAL";"PROBE";1;63;0x00000b31;290;0;0;585;894;132;589;0;CPUTHEFT
42586391946;118145;"NEAR_P1";"INTERVAL";"PROBE";1;63;0x00000b31;290;15;5;6332641;9443483;5224;6332831;0;CPUTHEFT
42586510101;85689;"NEAR_P1";"INTERVAL";"PROBE";1;63;0x00000b31;290;2;3;4260770;6115038;2040;4260867;0;CPUTHEFT
42586595798;117862;"NEAR_P1";"INTERVAL";"PROBE";1;63;0x00000b31;290;3;2;6336052;9449232;788;6336248;0;CPUTHEFT
42586713668;117803;"NEAR_P1";"INTERVAL";"PROBE";1;63;0x00000b31;290;6;2;6342433;9457042;431;6342623;0;CPUTHEFT
42586831479;85569;"NEAR_P1";"INTERVAL";"PROBE";1;63;0x00000b31;290;0;1;4262601;6115740;156;4262699;0;CPUTHEFT
42586917055;117744;"NEAR_P1";"INTERVAL";"PROBE";1;63;0x00000b31;290;1;2;6343541;9459157;225;6343728;0;CPUTHEFT
42587034807;117749;"NEAR_P1";"INTERVAL";"PROBE";1;63;0x00000b31;290;1;2;6344206;9459523;150;6344396;0;CPUTHEFT
42587152563;85555;"NEAR_P1";"INTERVAL";"PROBE";1;63;0x00000b31;290;1;2;4262031;6113258;140;4262126;0;CPUTHEFT
42587238126;117898;"NEAR_P1";"INTERVAL";"PROBE";1;63;0x00000b31;290;7;4;6332384;9448559;1212;6332612;0;CPUTHEFT
42587356032;117787;"NEAR_P1";"INTERVAL";"PROBE";1;63;0x00000b31;290;2;2;6340055;9456517;992;6340254;0;CPUTHEFT
42587473828;85573;"NEAR_P1";"INTERVAL";"PROBE";1;63;0x00000b31;290;2;1;4262726;6114578;136;4262822;0;CPUTHEFT
42587559408;117761;"NEAR_P1";"INTERVAL";"PROBE";1;63;0x00000b31;290;2;2;6344173;9458484;321;6344356;0;CPUTHEFT
42587677176;117818;"NEAR_P1";"INTERVAL";"PROBE";1;63;0x00000b31;290;0;2;6343732;9460060;228;6343923;0;CPUTHEFT
42587795002;117797;"NEAR_P1";"INTERVAL";"PROBE";1;63;0x00000b31;290;2;1;6343469;9462049;226;6343662;0;CPUTHEFT
42587912808;85633;"NEAR_P1";"INTERVAL";"PROBE";1;63;0x00000b31;290;0;1;4262721;6116149;486;4262815;0;CPUTHEFT
42587998451;117902;"NEAR_P1";"INTERVAL";"PROBE";1;63;0x00000b31;290;1;1;6340725;9453233;1849;6340915;0;CPUTHEFT
42588116363;117979;"NEAR_P1";"INTERVAL";"PROBE";1;63;0x00000b31;290;1;2;6342345;9459115;988;6342533;0;CPUTHEFT
42588234352;85593;"NEAR_P1";"INTERVAL";"PROBE";1;63;0x00000b31;290;1;1;4256640;6108127;692;4256743;0;CPUTHEFT
42588319953;117744;"NEAR_P1";"INTERVAL";"PROBE";1;63;0x00000b31;290;1;2;6343843;9459569;168;6344031;0;CPUTHEFT
42588437705;117727;"NEAR_P1";"INTERVAL";"PROBE";1;63;0x00000b31;290;1;2;6343925;9461194;160;6344115;0;CPUTHEFT
42588555458;1085332;"TRAJ_R1";"INTERVAL";"PROBE";1;63;0x00000b31;290;0;0;56579320;84797321;1906;56580912;0;CPUTHEFT
42589646073;3272729;"MAF";"INTERVAL";"PROBE";1;63;0x00000b31;291;55;61;171884853;255231349;19091;171889655;0;CPUTHEFT
42589646106;131;"SENS_C1";"INTERVAL";"PROBE";1;63;0x00000b31;291;0;2;1452;2060;500;1456;0;CPUTHEFT
42589646247;247;"LOC_C1";"INTERVAL";"PROBE";1;63;0x00000b31;291;1;0;4920;7420;540;4924;0;CPUTHEFT
42589646501;39;"LOC_C2";"INTERVAL";"PROBE";1;63;0x00000b31;291;0;0;650;903;132;654;0;CPUTHEFT
42589646548;310;"LOC_C3";"INTERVAL";"PROBE";1;63;0x00000b31;291;0;0;9808;13434;336;9812;0;CPUTHEFT
42589646868;43;"LOC_C4";"INTERVAL";"PROBE";1;63;0x00000b31;291;0;0;585;897;128;589;0;CPUTHEFT
42589646918;85968;"NEAR_P1";"INTERVAL";"PROBE";1;63;0x00000b31;291;13;4;4253641;6111239;4914;4253726;0;CPUTHEFT
42589732898;117873;"NEAR_P1";"INTERVAL";"PROBE";1;63;0x00000b31;291;4;3;6342657;9464278;1448;6342846;0;CPUTHEFT
42589850779;117785;"NEAR_P1";"INTERVAL";"PROBE";1;63;0x00000b31;291;1;2;6337873;9454750;658;6338068;0;CPUTHEFT
42589968571;85587;"NEAR_P1";"INTERVAL";"PROBE";1;63;0x00000b31;291;1;2;4263390;6123353;124;4263486;0;CPUTHEFT
42590054180;117782;"NEAR_P1";"INTERVAL";"PROBE";1;63;0x00000b31;291;1;2;6344584;9466070;124;6344772;0;CPUTHEFT
42590171970;117774;"NEAR_P1";"INTERVAL";"PROBE";1;63;0x00000b31;291;2;1;6343699;9463364;274;6343884;0;CPUTHEFT
42590289752;85596;"NEAR_P1";"INTERVAL";"PROBE";1;63;0x00000b31;291;2;0;4263282;6122325;136;4263377;0;CPUTHEFT
42590375355;117784;"NEAR_P1";"INTERVAL";"PROBE";1;63;0x00000b31;291;0;1;6344622;9462595;146;6344807;0;CPUTHEFT
42590493146;117960;"NEAR_P1";"INTERVAL";"PROBE";1;63;0x00000b31;291;1;1;6348581;9472185;717;6348801;0;CPUTHEFT
42590611118;117797;"NEAR_P1";"INTERVAL";"PROBE";1;63;0x00000b31;291;1;2;6344274;9468289;668;6344459;0;CPUTHEFT
42590728922;85576;"NEAR_P1";"INTERVAL";"PROBE";1;63;0x00000b31;291;1;1;4257794;6114583;412;4257912;0;CPUTHEFT
42590814505;117819;"NEAR_P1";"INTERVAL";"PROBE";1;63;0x00000b31;291;1;0;6344985;9466696;201;6345171;0;CPUTHEFT
42590932333;118026;"NEAR_P1";"INTERVAL";"PROBE";1;63;0x00000b31;291;9;6;6344658;9465015;1180;6344854;0;CPUTHEFT
42591050367;85608;"NEAR_P1";"INTERVAL";"PROBE";1;63;0x00000b31;291;1;3;4262371;6120956;59;4262469;0;CPUTHEFT
42591135983;117898;"NEAR_P1";"INTERVAL";"PROBE";1;63;0x00000b31;291;3;5;6343739;9463936;1136;6343927;0;CPUTHEFT
42591253894;117876;"NEAR_P1";"INTERVAL";"PROBE";1;63;0x00000b31;291;2;2;6340149;9459705;1730;6340331;0;CPUTHEFT
42591371779;85629;"NEAR_P1";"INTERVAL";"PROBE";1;63;0x00000b31;291;0;2;4263323;6120933;404;4263419;0;CPUTHEFT
42591457415;117731;"NEAR_P1";"INTERVAL";"PROBE";1;63;0x00000b31;291;2;2;6344256;9462669;144;6344448;0;CPUTHEFT
42591575153;117773;"NEAR_P1";"INTERVAL";"PROBE";1;63;0x00000b31;291;2;0;6337624;9452467;536;6337819;0;CPUTHEFT
42591692934;85577;"NEAR_P1";"INTERVAL";"PROBE";1;63;0x00000b31;291;2;1;4263130;6119516;156;4263222;0;CPUTHEFT
42591778537;1140255;"TRAJ_R1";"INTERVAL";"PROBE";1;63;0x00000b31;291;0;1;59562563;89323827;1900;59564253;0;CPUTHEFT
42592923980;3252557;"MAF";"INTERVAL";"PROBE";1;63;0x00000b31;292;49;65;171069342;254120787;19928;171074152;0;CPUTHEFT
42592924011;128;"SENS_C1";"INTERVAL";"PROBE";1;63;0x00000b31;292;0;1;1455;2080;496;1459;0;CPUTHEFT
42592924148;236;"LOC_C1";"INTERVAL";"PROBE";1;63;0x00000b31;292;1;1;4919;7358;542;4923;0;CPUTHEFT
42592924391;41;"LOC_C2";"INTERVAL";"PROBE";1;63;0x00000b31;292;0;0;650;914;144;654;0;CPUTHEFT
42592924441;311;"LOC_C3";"INTERVAL";"PROBE";1;63;0x00000b31;292;0;0;9806;13276;320;9810;0;CPUTHEFT
42592924762;45;"LOC_C4";"INTERVAL";"PROBE";1;63;0x00000b31;292;0;0;585;886;128;589;0;CPUTHEFT
42592924813;118026;"NEAR_P1";"INTERVAL";"PROBE";1;63;0x00000b31;292;8;5;6335827;9454654;4442;6336000;0;CPUTHEFT
42593042846;117763;"NEAR_P1";"INTERVAL";"PROBE";1;63;0x00000b31;292;1;2;6344090;9462589;480;6344277;0;CPUTHEFT
42593160617;85583;"NEAR_P1";"INTERVAL";"PROBE";1;63;0x00000b31;292;1;2;4263267;6121078;179;4263358;0;CPUTHEFT
42593246208;117750;"NEAR_P1";"INTERVAL";"PROBE";1;63;0x00000b31;292;1;2;6339229;9457347;573;6339424;0;CPUTHEFT
42593363972;117759;"NEAR_P1";"INTERVAL";"PROBE";1;63;0x00000b31;292;1;2;6343925;9462607;204;6344115;0;CPUTHEFT
42593481741;85638;"NEAR_P1";"INTERVAL";"PROBE";1;63;0x00000b31;292;1;2;4260704;6114871;1433;4260798;0;CPUTHEFT
42593567388;117856;"NEAR_P1";"INTERVAL";"PROBE";1;63;0x00000b31;292;1;2;6343989;9463340;594;6344173;0;CPUTHEFT
42593685252;117941;"NEAR_P1";"INTERVAL";"PROBE";1;63;0x00000b31;292;1;2;6348146;9471100;502;6348359;0;CPUTHEFT
42593803203;85629;"NEAR_P1";"INTERVAL";"PROBE";1;63;0x00000b31;292;1;2;4262130;6118093;760;4262226;0;CPUTHEFT
42593888854;117779;"NEAR_P1";"INTERVAL";"PROBE";1;63;0x00000b31;292;1;2;6344981;9464326;214;6345170;0;CPUTHEFT
42594006658;117730;"NEAR_P1";"INTERVAL";"PROBE";1;63;0x00000b31;292;1;2;6339030;9455219;388;6339224;0;CPUTHEFT
42594124396;85567;"NEAR_P1";"INTERVAL";"PROBE";1;63;0x00000b31;292;1;2;4263098;6120685;32;4263196;0;CPUTHEFT
42594209971;117734;"NEAR_P1";"INTERVAL";"PROBE";1;63;0x00000b31;292;1;2;6344527;9465445;88;6344719;0;CPUTHEFT
42594327713;117829;"NEAR_P1";"INTERVAL";"PROBE";1;63;0x00000b31;292;1;2;6343189;9462315;1055;6343372;0;CPUTHEFT
42594445558;85744;"NEAR_P1";"INTERVAL";"PROBE";1;63;0x00000b31;292;1;2;4262230;6115673;1700;4262328;0;CPUTHEFT
42594531311;117963;"NEAR_P1";"INTERVAL";"PROBE";1;63;0x00000b31;292;1;2;6342308;9459991;721;6342491;0;CPUTHEFT
42594649282;117774;"NEAR_P1";"INTERVAL";"PROBE";1;63;0x00000b31;292;1;2;6342011;9462307;258;6342191;0;CPUTHEFT
42594767064;85605;"NEAR_P1";"INTERVAL";"PROBE";1;63;0x00000b31;292;1;2;4261582;6114105;169;4261675;0;CPUTHEFT
42594852676;117840;"NEAR_P1";"INTERVAL";"PROBE";1;63;0x00000b31;292;1;2;6340384;9457419;560;6340583;0;CPUTHEFT
42594970524;117883;"NEAR_P1";"INTERVAL";"PROBE";1;63;0x00000b31;292;3;2;6344636;9466202;560;6344828;0;CPUTHEFT
42595088418;1088107;"TRAJ_R1";"INTERVAL";"PROBE";1;63;0x00000b31;292;1;1;56666399;84898952;3001;56668039;0;CPUTHEFT
42596181689;3111510;"MAF";"INTERVAL";"PROBE";1;63;0x00000b31;293;49;63;163256619;242148354;17456;163261137;0;CPUTHEFT
42596181721;134;"SENS_C1";"INTERVAL";"PROBE";1;63;0x00000b31;293;0;3;1450;2011;496;1454;0;CPUTHEFT
42596181864;237;"LOC_C1";"INTERVAL";"PROBE";1;63;0x00000b31;293;1;1;4907;7251;536;4911;0;CPUTHEFT
42596182107;38;"LOC_C2";"INTERVAL";"PROBE";1;63;0x00000b31;293;0;0;650;898;136;654;0;CPUTHEFT
42596182155;314;"LOC_C3";"INTERVAL";"PROBE";1;63;0x00000b31;293;0;0;9807;13335;336;9811;0;CPUTHEFT
42596182479;44;"LOC_C4";"INTERVAL";"PROBE";1;63;0x00000b31;293;0;0;584;910;136;588;0;CPUTHEFT
42596182529;118004;"NEAR_P1";"INTERVAL";"PROBE";1;63;0x00000b31;293;9;1;6338185;9455932;4406;6338369;0;CPUTHEFT
42596300541;85642;"NEAR_P1";"INTERVAL";"PROBE";1;63;0x00000b31;293;1;2;4260054;6114044;1126;4260145;0;CPUTHEFT
42596386190;117758;"NEAR_P1";"INTERVAL";"PROBE";1;63;0x00000b31;293;1;2;6343991;9461927;176;6344179;0;CPUTHEFT
42596503956;117735;"NEAR_P1";"INTERVAL";"PROBE";1;63;0x00000b31;293;1;2;6338032;9456875;412;6338228;0;CPUTHEFT
42596621699;85609;"NEAR_P1";"INTERVAL";"PROBE";1;63;0x00000b31;293;1;2;4263056;6119224;120;4263154;0;CPUTHEFT
42596707316;117759;"NEAR_P1";"INTERVAL";"PROBE";1;63;0x00000b31;293;1;2;6343976;9461648;128;6344162;0;CPUTHEFT
42596825084;91606;"NEAR_P1";"INTERVAL";"PROBE";1;63;0x00000b31;293;1;2;4646016;6741809;210;4646174;0;CPUTHEFT
42596916698;117796;"NEAR_P1";"INTERVAL";"PROBE";1;63;0x00000b31;293;1;2;6341938;9462066;610;6342125;0;CPUTHEFT
42597034504;85631;"NEAR_P1";"INTERVAL";"PROBE";1;63;0x00000b31;293;1;2;4263132;6120240;460;4263226;0;CPUTHEFT
42597120143;117780;"NEAR_P1";"INTERVAL";"PROBE";1;63;0x00000b31;293;1;2;6343475;9460924;123;6343657;0;CPUTHEFT
42597237931;117727;"NEAR_P1";"INTERVAL";"PROBE";1;63;0x00000b31;293;1;2;6343577;9465489;115;6343767;0;CPUTHEFT
42597355666;85683;"NEAR_P1";"INTERVAL";"PROBE";1;63;0x00000b31;293;1;2;4265262;6120142;296;4265365;0;CPUTHEFT
42597441366;117872;"NEAR_P1";"INTERVAL";"PROBE";1;63;0x00000b31;293;1;2;6341261;9463446;945;6341453;0;CPUTHEFT
42597559251;117975;"NEAR_P1";"INTERVAL";"PROBE";1;63;0x00000b31;293;1;2;6342146;9461377;1800;6342329;0;CPUTHEFT
42597677238;85731;"NEAR_P1";"INTERVAL";"PROBE";1;63;0x00000b31;293;1;2;4261674;6118614;1398;4261770;0;CPUTHEFT
42597762979;117827;"NEAR_P1";"INTERVAL";"PROBE";1;63;0x00000b31;293;1;2;6342682;9460641;616;6342865;0;CPUTHEFT
42597880814;117772;"NEAR_P1";"INTERVAL";"PROBE";1;63;0x00000b31;293;1;2;6344256;9466276;273;6344446;0;CPUTHEFT
42597998608;85598;"NEAR_P1";"INTERVAL";"PROBE";1;63;0x00000b31;293;1;2;4262938;6122252;134;4263031;0;CPUTHEFT
42598084214;117757;"NEAR_P1";"INTERVAL";"PROBE";1;63;0x00000b31;293;1;2;6344002;9462960;224;6344184;0;CPUTHEFT
42598201979;117884;"NEAR_P1";"INTERVAL";"PROBE";1;63;0x00000b31;293;1;2;6345171;9468657;484;6345365;0;CPUTHEFT
42598319874;973314;"TRAJ_R1";"INTERVAL";"PROBE";1;63;0x00000b31;293;0;0;50548182;75631242;1400;50549584;0;CPUTHEFT
42599298314;3048557;"MAF";"INTERVAL";"PROBE";1;63;0x00000b31;294;53;62;160577886;238837163;17051;160582383;0;CPUTHEFT
42599298344;398;"SENS_C1";"INTERVAL";"PROBE";1;63;0x00000b31;294;6;0;2348;4179;1493;2359;0;CPUTHEFT
42599298755;237;"LOC_C1";"INTERVAL";"PROBE";1;63;0x00000b31;294;0;1;4915;7324;538;4919;0;CPUTHEFT
42599299002;37;"LOC_C2";"INTERVAL";"PROBE";1;63;0x00000b31;294;0;1;650;910;132;654;0;CPUTHEFT
42599299048;306;"LOC_C3";"INTERVAL";"PROBE";1;63;0x00000b31;294;0;0;9808;13591;336;9812;0;CPUTHEFT
42599299363;46;"LOC_C4";"INTERVAL";"PROBE";1;63;0x00000b31;294;0;0;585;895;132;589;0;CPUTHEFT
42599299415;118064;"NEAR_P1";"INTERVAL";"PROBE";1;63;0x00000b31;294;11;5;6336801;9456188;4563;6336990;0;CPUTHEFT
42599417489;117811;"NEAR_P1";"INTERVAL";"PROBE";1;63;0x00000b31;294;2;2;6344219;9470228;599;6344405;0;CPUTHEFT
42599535308;85641;"NEAR_P1";"INTERVAL";"PROBE";1;63;0x00000b31;294;2;2;4263475;6111386;188;4263569;0;CPUTHEFT
42599620956;117776;"NEAR_P1";"INTERVAL";"PROBE";1;63;0x00000b31;294;2;2;6344456;9466319;135;6344648;0;CPUTHEFT
42599738739;117780;"NEAR_P1";"INTERVAL";"PROBE";1;63;0x00000b31;294;2;2;6343448;9464595;147;6343635;0;CPUTHEFT
42599856526;85793;"NEAR_P1";"INTERVAL";"PROBE";1;63;0x00000b31;294;2;2;4262406;6119458;644;4262507;0;CPUTHEFT
42599942327;117741;"NEAR_P1";"INTERVAL";"PROBE";1;63;0x00000b31;294;2;2;6343042;9464490;253;6343225;0;CPUTHEFT
42600060076;117755;"NEAR_P1";"INTERVAL";"PROBE";1;63;0x00000b31;294;2;2;6338712;9457194;352;6338928;0;CPUTHEFT
42600177838;85652;"NEAR_P1";"INTERVAL";"PROBE";1;63;0x00000b31;294;1;0;4262665;6121930;747;4262761;0;CPUTHEFT
42600263497;117746;"NEAR_P1";"INTERVAL";"PROBE";1;63;0x00000b31;294;1;2;6342311;9462249;327;6342495;0;CPUTHEFT
42600381257;117763;"NEAR_P1";"INTERVAL";"PROBE";1;63;0x00000b31;294;2;2;6343846;9463648;104;6344034;0;CPUTHEFT
42600499027;117746;"NEAR_P1";"INTERVAL";"PROBE";1;63;0x00000b31;294;2;2;6344749;9466533;73;6344940;0;CPUTHEFT
42600616781;85617;"NEAR_P1";"INTERVAL";"PROBE";1;63;0x00000b31;294;2;2;4262790;6121952;150;4262885;0;CPUTHEFT
42600702405;117910;"NEAR_P1";"INTERVAL";"PROBE";1;63;0x00000b31;294;2;2;6345416;9463862;864;6345615;0;CPUTHEFT
42600820331;117858;"NEAR_P1";"INTERVAL";"PROBE";1;63;0x00000b31;294;2;2;6341880;9462228;1812;6342075;0;CPUTHEFT
42600938200;85742;"NEAR_P1";"INTERVAL";"PROBE";1;63;0x00000b31;294;2;2;4263216;6122558;736;4263309;0;CPUTHEFT
42601023949;117773;"NEAR_P1";"INTERVAL";"PROBE";1;63;0x00000b31;294;2;2;6342315;9468806;371;6342500;0;CPUTHEFT
42601141729;117846;"NEAR_P1";"INTERVAL";"PROBE";1;63;0x00000b31;294;2;2;6344507;9491565;156;6344695;0;CPUTHEFT
42601259583;85714;"NEAR_P1";"INTERVAL";"PROBE";1;63;0x00000b31;294;2;2;4261346;6142609;380;4261442;0;CPUTHEFT
42601345305;117895;"NEAR_P1";"INTERVAL";"PROBE";1;63;0x00000b31;294;2;2;6344613;9491100;234;6344800;0;CPUTHEFT
42601463218;883642;"TRAJ_R1";"INTERVAL";"PROBE";1;63;0x00000b31;294;0;0;46167118;69493255;1236;46168417;0;CPUTHEFT
42602351436;2900685;"MAF";"INTERVAL";"PROBE";1;63;0x00000b31;295;49;56;152249317;226319745;19552;152253562;0;CPUTHEFT
42602351465;132;"SENS_C1";"INTERVAL";"PROBE";1;63;0x00000b31;295;0;0;1452;2056;488;1456;0;CPUTHEFT
42602351606;236;"LOC_C1";"INTERVAL";"PROBE";1;63;0x00000b31;295;0;2;4924;7360;528;4928;0;CPUTHEFT
42602351849;41;"LOC_C2";"INTERVAL";"PROBE";1;63;0x00000b31;295;0;0;650;894;140;654;0;CPUTHEFT
42602351899;310;"LOC_C3";"INTERVAL";"PROBE";1;63;0x00000b31;295;0;0;9806;13298;332;9810;0;CPUTHEFT
42602352218;43;"LOC_C4";"INTERVAL";"PROBE";1;63;0x00000b31;295;0;0;585;909;132;589;0;CPUTHEFT
42602352267;86026;"NEAR_P1";"INTERVAL";"PROBE";1;63;0x00000b31;295;12;2;4258378;6140242;4618;4258481;0;CPUTHEFT
42602438303;118083;"NEAR_P1";"INTERVAL";"PROBE";1;63;0x00000b31;295;4;3;6340933;9485096;3004;6341117;0;CPUTHEFT
42602556396;117912;"NEAR_P1";"INTERVAL";"PROBE";1;63;0x00000b31;295;2;2;6342869;9488199;911;6343061;0;CPUTHEFT
42602674316;117912;"NEAR_P1";"INTERVAL";"PROBE";1;63;0x00000b31;295;2;2;6341561;9477512;478;6341744;0;CPUTHEFT
42602792236;85701;"NEAR_P1";"INTERVAL";"PROBE";1;63;0x00000b31;295;0;2;4263408;6145432;228;4263501;0;CPUTHEFT
42602877945;117858;"NEAR_P1";"INTERVAL";"PROBE";1;63;0x00000b31;295;1;2;6344606;9490716;224;6344795;0;CPUTHEFT
42602995811;117854;"NEAR_P1";"INTERVAL";"PROBE";1;63;0x00000b31;295;1;2;6343794;9488523;132;6343980;0;CPUTHEFT
42603113673;85714;"NEAR_P1";"INTERVAL";"PROBE";1;63;0x00000b31;295;1;2;4260233;6143179;174;4260325;0;CPUTHEFT
42603199412;117952;"NEAR_P1";"INTERVAL";"PROBE";1;63;0x00000b31;295;1;2;6341219;9489913;404;6341428;0;CPUTHEFT
42603317372;118258;"NEAR_P1";"INTERVAL";"PROBE";1;63;0x00000b31;295;4;3;6346422;9496794;1400;6346638;0;CPUTHEFT
42603435639;85714;"NEAR_P1";"INTERVAL";"PROBE";1;63;0x00000b31;295;3;1;4262273;6145318;416;4262367;0;CPUTHEFT
42603521361;117924;"NEAR_P1";"INTERVAL";"PROBE";1;63;0x00000b31;295;0;2;6343366;9489049;157;6343551;0;CPUTHEFT
42603639292;117843;"NEAR_P1";"INTERVAL";"PROBE";1;63;0x00000b31;295;2;1;6343950;9475745;190;6344134;0;CPUTHEFT
42603757159;85741;"NEAR_P1";"INTERVAL";"PROBE";1;63;0x00000b31;295;0;1;4262309;6148233;206;4262406;0;CPUTHEFT
42603842908;117865;"NEAR_P1";"INTERVAL";"PROBE";1;63;0x00000b31;295;2;1;6342942;9490010;104;6343136;0;CPUTHEFT
42603960780;118089;"NEAR_P1";"INTERVAL";"PROBE";1;63;0x00000b31;295;2;2;6343345;9490011;1776;6343547;0;CPUTHEFT
42604078878;85771;"NEAR_P1";"INTERVAL";"PROBE";1;63;0x00000b31;295;2;1;4261567;6144379;1296;4261666;0;CPUTHEFT
42604164656;117892;"NEAR_P1";"INTERVAL";"PROBE";1;63;0x00000b31;295;0;1;6343646;9489169;598;6343837;0;CPUTHEFT
42604282555;117901;"NEAR_P1";"INTERVAL";"PROBE";1;63;0x00000b31;295;2;2;6344658;9490753;217;6344842;0;CPUTHEFT
42604400463;85701;"NEAR_P1";"INTERVAL";"PROBE";1;63;0x00000b31;295;2;1;4263274;6145507;109;4263370;0;CPUTHEFT
42604486189;765922;"TRAJ_R1";"INTERVAL";"PROBE";1;63;0x00000b31;295;0;2;39920911;59913783;934;39922037;0;CPUTHEFT
42605257482;2853857;"MAF";"INTERVAL";"PROBE";1;63;0x00000b31;296;50;49;150451128;223377399;22637;150455355;0;CPUTHEFT
42605257507;123;"SENS_C1";"INTERVAL";"PROBE";1;63;0x00000b31;296;0;2;1454;2108;464;1458;0;CPUTHEFT
42605257638;234;"LOC_C1";"INTERVAL";"PROBE";1;63;0x00000b31;296;1;0;4923;7238;516;4927;0;CPUTHEFT
42605257880;33;"LOC_C2";"INTERVAL";"PROBE";1;63;0x00000b31;296;0;0;650;892;104;654;0;CPUTHEFT
42605257922;312;"LOC_C3";"INTERVAL";"PROBE";1;63;0x00000b31;296;0;0;9806;13331;312;9810;0;CPUTHEFT
42605258243;45;"LOC_C4";"INTERVAL";"PROBE";1;63;0x00000b31;296;0;0;586;916;120;590;0;CPUTHEFT
42605258294;117737;"NEAR_P1";"INTERVAL";"PROBE";1;63;0x00000b31;296;8;3;6333634;9443766;2156;6333774;0;CPUTHEFT
42605376040;117784;"NEAR_P1";"INTERVAL";"PROBE";1;63;0x00000b31;296;2;1;6343995;9452995;530;6344186;0;CPUTHEFT
42605493832;117876;"NEAR_P1";"INTERVAL";"PROBE";1;63;0x00000b31;296;1;2;6340320;9457600;2208;6340509;0;CPUTHEFT
42605611729;85777;"NEAR_P1";"INTERVAL";"PROBE";1;63;0x00000b31;296;0;1;4262673;6119158;2512;4262770;0;CPUTHEFT
42605697516;118003;"NEAR_P1";"INTERVAL";"PROBE";1;63;0x00000b31;296;1;1;6343029;9464810;1945;6343228;0;CPUTHEFT
42605815526;118129;"NEAR_P1";"INTERVAL";"PROBE";1;63;0x00000b31;296;12;2;6343482;9466372;1524;6343680;0;CPUTHEFT
42605933665;85598;"NEAR_P1";"INTERVAL";"PROBE";1;63;0x00000b31;296;1;1;4263431;6120765;160;4263524;0;CPUTHEFT
42606019271;117802;"NEAR_P1";"INTERVAL";"PROBE";1;63;0x00000b31;296;1;1;6343094;9460674;160;6343281;0;CPUTHEFT
42606137082;117790;"NEAR_P1";"INTERVAL";"PROBE";1;63;0x00000b31;296;2;2;6341322;9460472;252;6341509;0;CPUTHEFT
42606254883;85594;"NEAR_P1";"INTERVAL";"PROBE";1;63;0x00000b31;296;2;1;4261395;6115941;179;4261491;0;CPUTHEFT
42606340484;117782;"NEAR_P1";"INTERVAL";"PROBE";1;63;0x00000b31;296;0;1;6344124;9452341;189;6344313;0;CPUTHEFT
42606458274;117870;"NEAR_P1";"INTERVAL";"PROBE";1;63;0x00000b31;296;2;2;6340391;9460162;480;6340612;0;CPUTHEFT
42606576152;85615;"NEAR_P1";"INTERVAL";"PROBE";1;63;0x00000b31;296;2;1;4262912;6120318;716;4263007;0;CPUTHEFT
42606661774;117729;"NEAR_P1";"INTERVAL";"PROBE";1;63;0x00000b31;296;0;1;6343886;9449174;179;6344076;0;CPUTHEFT
42606779510;117738;"NEAR_P1";"INTERVAL";"PROBE";1;63;0x00000b31;296;2;2;6344586;9464436;65;6344773;0;CPUTHEFT
42606897256;85573;"NEAR_P1";"INTERVAL";"PROBE";1;63;0x00000b31;296;2;1;4260741;6116947;65;4260834;0;CPUTHEFT
42606982836;117871;"NEAR_P1";"INTERVAL";"PROBE";1;63;0x00000b31;296;0;1;6344647;9489737;172;6344832;0;CPUTHEFT
42607100715;118003;"NEAR_P1";"INTERVAL";"PROBE";1;63;0x00000b31;296;4;3;6335989;9474092;1209;6336186;0;CPUTHEFT
42607218730;118081;"NEAR_P1";"INTERVAL";"PROBE";1;63;0x00000b31;296;2;4;6327605;9444191;3703;6327816;0;CPUTHEFT
42607336825;85937;"NEAR_P1";"INTERVAL";"PROBE";1;63;0x00000b31;296;1;2;4262060;6132106;1616;4262170;0;CPUTHEFT
42607422772;688559;"TRAJ_R1";"INTERVAL";"PROBE";1;63;0x00000b31;296;0;0;36074158;54158911;673;36075184;0;CPUTHEFT
42608116402;2029497;"MAF";"INTERVAL";"PROBE";1;63;0x00000b31;297;60;47;97806503;139728403;18959;97809522;0;CPUTHEFT
42608116426;118;"SENS_C1";"INTERVAL";"PROBE";1;63;0x00000b31;297;0;2;1452;2117;444;1456;0;CPUTHEFT
42608116552;232;"LOC_C1";"INTERVAL";"PROBE";1;63;0x00000b31;297;0;1;4909;7257;521;4913;0;CPUTHEFT
42608116790;35;"LOC_C2";"INTERVAL";"PROBE";1;63;0x00000b31;297;0;0;650;890;128;654;0;CPUTHEFT
42608116834;311;"LOC_C3";"INTERVAL";"PROBE";1;63;0x00000b31;297;0;0;9811;13428;308;9815;0;CPUTHEFT
42608117155;40;"LOC_C4";"INTERVAL";"PROBE";1;63;0x00000b31;297;0;0;584;935;120;588;0;CPUTHEFT
42608117201;118038;"NEAR_P1";"INTERVAL";"PROBE";1;63;0x00000b31;297;10;7;6339832;9461058;3100;6340032;0;CPUTHEFT
42608235249;85661;"NEAR_P1";"INTERVAL";"PROBE";1;63;0x00000b31;297;4;2;4263295;6123693;1028;4263391;0;CPUTHEFT
42608320917;117758;"NEAR_P1";"INTERVAL";"PROBE";1;63;0x00000b31;297;3;2;6344388;9467351;148;6344578;0;CPUTHEFT
42608438683;117755;"NEAR_P1";"INTERVAL";"PROBE";1;63;0x00000b31;297;2;2;6343209;9463774;67;6343399;0;CPUTHEFT
42608556446;85596;"NEAR_P1";"INTERVAL";"PROBE";1;63;0x00000b31;297;0;2;4262121;6120564;100;4262216;0;CPUTHEFT
42608642050;117755;"NEAR_P1";"INTERVAL";"PROBE";1;63;0x00000b31;297;2;0;6344497;9464365;96;6344688;0;CPUTHEFT
42608759814;118004;"NEAR_P1";"INTERVAL";"PROBE";1;63;0x00000b31;297;3;2;6340351;9461012;2009;6340547;0;CPUTHEFT
42608877827;85934;"NEAR_P1";"INTERVAL";"PROBE";1;63;0x00000b31;297;2;1;4256706;6137610;1967;4256813;0;CPUTHEFT
42608963768;118057;"NEAR_P1";"INTERVAL";"PROBE";1;63;0x00000b31;297;0;1;6345104;9478160;1130;6345326;0;CPUTHEFT
42609081833;117908;"NEAR_P1";"INTERVAL";"PROBE";1;63;0x00000b31;297;2;2;6343397;9487937;404;6343584;0;CPUTHEFT
42609199748;85687;"NEAR_P1";"INTERVAL";"PROBE";1;63;0x00000b31;297;2;1;4262297;6145783;128;4262391;0;CPUTHEFT
42609285443;117906;"NEAR_P1";"INTERVAL";"PROBE";1;63;0x00000b31;297;1;1;6339660;9483331;564;6339845;0;CPUTHEFT
42609403358;64119;"NEAR_P1";"INTERVAL";"PROBE";1;63;0x00000b31;297;26;11;2813012;3826059;2693;2813177;0;CPUTHEFT
42609467485;53941;"NEAR_P1";"INTERVAL";"PROBE";1;63;0x00000b31;297;2;1;2193586;2821562;272;2193673;0;NOSTRESS
42609521434;53804;"NEAR_P1";"INTERVAL";"PROBE";1;63;0x00000b31;297;0;0;2187998;2811864;1342;2188044;0;NOSTRESS
42609575247;53893;"NEAR_P1";"INTERVAL";"PROBE";1;63;0x00000b31;297;0;0;2193667;2827734;504;2193754;0;NOSTRESS
42609629147;53912;"NEAR_P1";"INTERVAL";"PROBE";1;63;0x00000b31;297;0;0;2193010;2827575;250;2193103;0;NOSTRESS
42609683066;54009;"NEAR_P1";"INTERVAL";"PROBE";1;63;0x00000b31;297;0;0;2197498;2834892;132;2197602;0;NOSTRESS
42609737082;53688;"NEAR_P1";"INTERVAL";"PROBE";1;63;0x00000b31;297;0;0;2188144;2815844;88;2188190;0;NOSTRESS
42609790778;53877;"NEAR_P1";"INTERVAL";"PROBE";1;63;0x00000b31;297;0;0;2193317;2827449;207;2193402;0;NOSTRESS
42609844665;301225;"TRAJ_R1";"INTERVAL";"PROBE";1;63;0x00000b31;297;0;0;11827784;15788713;897;11828191;0;NOSTRESS
42610151056;1096162;"MAF";"INTERVAL";"PROBE";1;63;0x00000b31;298;23;8;44605310;57212234;9201;44606879;0;NOSTRESS
42610151076;114;"SENS_C1";"INTERVAL";"PROBE";1;63;0x00000b31;298;0;3;1455;2124;448;1459;0;NOSTRESS
42610151197;234;"LOC_C1";"INTERVAL";"PROBE";1;63;0x00000b31;298;0;1;4919;7302;516;4923;0;NOSTRESS
42610151439;30;"LOC_C2";"INTERVAL";"PROBE";1;63;0x00000b31;298;0;0;650;902;88;654;0;NOSTRESS
42610151478;311;"LOC_C3";"INTERVAL";"PROBE";1;63;0x00000b31;298;0;0;9800;13297;320;9804;0;NOSTRESS
42610151798;45;"LOC_C4";"INTERVAL";"PROBE";1;63;0x00000b31;298;0;0;586;912;124;590;0;NOSTRESS
42610151849;53973;"NEAR_P1";"INTERVAL";"PROBE";1;63;0x00000b31;298;5;1;2188140;2814707;600;2188186;0;NOSTRESS
42610205830;53942;"NEAR_P1";"INTERVAL";"PROBE";1;63;0x00000b31;298;2;1;2192956;2826045;340;2193046;0;NOSTRESS
42610259779;53854;"NEAR_P1";"INTERVAL";"PROBE";1;63;0x00000b31;298;0;0;2193518;2826395;40;2193606;0;NOSTRESS
42610313640;53697;"NEAR_P1";"INTERVAL";"PROBE";1;63;0x00000b31;298;0;0;2187597;2817751;76;2187644;0;NOSTRESS
42610367343;53969;"NEAR_P1";"INTERVAL";"PROBE";1;63;0x00000b31;298;0;0;2193603;2825990;624;2193695;0;NOSTRESS
42610421322;53924;"NEAR_P1";"INTERVAL";"PROBE";1;63;0x00000b31;298;0;0;2193002;2826899;825;2193089;0;NOSTRESS
42610475255;53786;"NEAR_P1";"INTERVAL";"PROBE";1;63;0x00000b31;298;0;0;2187975;2812452;674;2188021;0;NOSTRESS
42610529049;54176;"NEAR_P1";"INTERVAL";"PROBE";1;63;0x00000b31;298;2;0;2196111;2834125;929;2196210;0;NOSTRESS
42610583233;53974;"NEAR_P1";"INTERVAL";"PROBE";1;63;0x00000b31;298;0;0;2196200;2814194;339;2196301;0;NOSTRESS
42610637214;53655;"NEAR_P1";"INTERVAL";"PROBE";1;63;0x00000b31;298;0;0;2189470;2794050;161;2189524;0;NOSTRESS
42610690876;53928;"NEAR_P1";"INTERVAL";"PROBE";1;63;0x00000b31;298;0;0;2195464;2813591;504;2195563;0;NOSTRESS
42610744812;53892;"NEAR_P1";"INTERVAL";"PROBE";1;63;0x00000b31;298;0;0;2194806;2810475;233;2194901;0;NOSTRESS
42610798711;53592;"NEAR_P1";"INTERVAL";"PROBE";1;63;0x00000b31;298;0;0;2188041;2790120;44;2188090;0;NOSTRESS
42610852310;53728;"NEAR_P1";"INTERVAL";"PROBE";1;63;0x00000b31;298;0;0;2193473;2798666;28;2193564;0;NOSTRESS
42610906045;53722;"NEAR_P1";"INTERVAL";"PROBE";1;63;0x00000b31;298;0;0;2193440;2798300;16;2193528;0;NOSTRESS
42610959774;53910;"NEAR_P1";"INTERVAL";"PROBE";1;63;0x00000b31;298;8;1;2188915;2792123;1149;2188968;0;NOSTRESS
42611013691;53753;"NEAR_P1";"INTERVAL";"PROBE";1;63;0x00000b31;298;0;0;2193066;2802887;135;2193159;0;NOSTRESS
42611067451;53800;"NEAR_P1";"INTERVAL";"PROBE";1;63;0x00000b31;298;0;0;2193335;2798785;164;2193417;0;NOSTRESS
42611121258;53594;"NEAR_P1";"INTERVAL";"PROBE";1;63;0x00000b31;298;0;0;2188065;2788603;40;2188114;0;NOSTRESS
42611174859;53761;"NEAR_P1";"INTERVAL";"PROBE";1;63;0x00000b31;298;0;0;2193439;2799683;68;2193527;0;NOSTRESS
42611228634;18574;"TRAJ_R1";"INTERVAL";"PROBE";1;63;0x00000b31;298;0;0;726088;963369;340;726134;0;NOSTRESS
42611298245;1160342;"MAF";"INTERVAL";"PROBE";1;63;0x00000b31;299;4;5;47195737;60410729;8042;47197350;0;NOSTRESS
42611298270;114;"SENS_C1";"INTERVAL";"PROBE";1;63;0x00000b31;299;0;0;1452;2089;452;1456;0;NOSTRESS
42611298391;243;"LOC_C1";"INTERVAL";"PROBE";1;63;0x00000b31;299;0;1;4910;7317;549;4914;0;NOSTRESS
42611298643;36;"LOC_C2";"INTERVAL";"PROBE";1;63;0x00000b31;299;0;0;650;888;124;654;0;NOSTRESS
42611298688;312;"LOC_C3";"INTERVAL";"PROBE";1;63;0x00000b31;299;0;0;9808;13377;312;9812;0;NOSTRESS
42611299010;42;"LOC_C4";"INTERVAL";"PROBE";1;63;0x00000b31;299;0;0;584;885;120;588;0;NOSTRESS
42611299058;53951;"NEAR_P1";"INTERVAL";"PROBE";1;63;0x00000b31;299;3;1;2195093;2808788;1205;2195181;0;NOSTRESS
42611353018;53699;"NEAR_P1";"INTERVAL";"PROBE";1;63;0x00000b31;299;1;2;2189971;2794057;545;2190048;0;NOSTRESS
42611406725;53604;"NEAR_P1";"INTERVAL";"PROBE";1;63;0x00000b31;299;0;0;2188042;2796540;324;2188090;0;NOSTRESS
42611460336;53718;"NEAR_P1";"INTERVAL";"PROBE";1;63;0x00000b31;299;0;0;2192870;2801536;48;2192959;0;NOSTRESS
42611514061;53834;"NEAR_P1";"INTERVAL";"PROBE";1;63;0x00000b31;299;0;0;2194769;2804398;368;2194868;0;NOSTRESS
42611567903;53573;"NEAR_P1";"INTERVAL";"PROBE";1;63;0x00000b31;299;0;0;2187769;2787967;20;2187814;0;NOSTRESS
42611621483;53726;"NEAR_P1";"INTERVAL";"PROBE";1;63;0x00000b31;299;0;0;2192731;2801175;24;2192819;0;NOSTRESS
42611675216;53736;"NEAR_P1";"INTERVAL";"PROBE";1;63;0x00000b31;299;0;0;2193061;2803973;20;2193147;0;NOSTRESS
42611728959;53572;"NEAR_P1";"INTERVAL";"PROBE";1;63;0x00000b31;299;0;0;2187830;2791626;16;2187878;0;NOSTRESS
42611782539;53672;"NEAR_P1";"INTERVAL";"PROBE";1;63;0x00000b31;299;0;0;2189892;2793567;24;2189969;0;NOSTRESS
42611836218;53749;"NEAR_P1";"INTERVAL";"PROBE";1;63;0x00000b31;299;0;0;2193701;2802618;53;2193792;0;NOSTRESS
42611889989;53592;"NEAR_P1";"INTERVAL";"PROBE";1;63;0x00000b31;299;0;0;2188146;2791429;77;2188195;0;NOSTRESS
42611943588;53779;"NEAR_P1";"INTERVAL";"PROBE";1;63;0x00000b31;299;0;0;2193595;2804126;344;2193686;0;NOSTRESS
42611997379;53852;"NEAR_P1";"INTERVAL";"PROBE";1;63;0x00000b31;299;0;0;2193531;2797229;700;2193620;0;NOSTRESS
42612051241;53850;"NEAR_P1";"INTERVAL";"PROBE";1;63;0x00000b31;299;0;0;2193661;2800512;896;2193750;0;NOSTRESS
42612105098;53669;"NEAR_P1";"INTERVAL";"PROBE";1;63;0x00000b31;299;0;0;2188157;2790733;389;2188203;0;NOSTRESS
42612158774;53768;"NEAR_P1";"INTERVAL";"PROBE";1;63;0x00000b31;299;0;0;2193462;2802157;150;2193550;0;NOSTRESS
42612212550;53793;"NEAR_P1";"INTERVAL";"PROBE";1;63;0x00000b31;299;0;0;2193519;2801643;163;2193614;0;NOSTRESS
42612266350;53609;"NEAR_P1";"INTERVAL";"PROBE";1;63;0x00000b31;299;0;0;2188086;2791647;68;2188132;0;NOSTRESS
42612319966;53809;"NEAR_P1";"INTERVAL";"PROBE";1;63;0x00000b31;299;0;0;2194190;2789970;99;2194282;0;NOSTRESS
42612373785;84794;"TRAJ_R1";"INTERVAL";"PROBE";1;63;0x00000b31;299;0;0;3330040;4403192;772;3330186;0;NOSTRESS
42612898272;1160487;"MAF";"INTERVAL";"PROBE";1;63;0x00000b31;300;6;6;47199869;60412431;8674;47201405;0;NOSTRESS
42612898295;115;"SENS_C1";"INTERVAL";"PROBE";1;63;0x00000b31;300;0;1;1456;2126;464;1460;0;NOSTRESS
42612898419;254;"LOC_C1";"INTERVAL";"PROBE";1;63;0x00000b31;300;0;2;4927;7423;550;4931;0;NOSTRESS
42612898682;32;"LOC_C2";"INTERVAL";"PROBE";1;63;0x00000b31;300;0;0;650;893;92;654;0;NOSTRESS
42612898723;310;"LOC_C3";"INTERVAL";"PROBE";1;63;0x00000b31;300;0;0;9807;13411;320;9811;0;NOSTRESS
42612899043;44;"LOC_C4";"INTERVAL";"PROBE";1;63;0x00000b31;300;0;0;586;898;132;590;0;NOSTRESS
42612899093;53934;"NEAR_P1";"INTERVAL";"PROBE";1;63;0x00000b31;300;5;2;2193586;2804159;1209;2193651;0;NOSTRESS
42612953034;53706;"NEAR_P1";"INTERVAL";"PROBE";1;63;0x00000b31;300;0;0;2190030;2793396;587;2190094;0;NOSTRESS
42613006749;53654;"NEAR_P1";"INTERVAL";"PROBE";1;63;0x00000b31;300;0;0;2187970;2790594;268;2188012;0;NOSTRESS
42613060410;53723;"NEAR_P1";"INTERVAL";"PROBE";1;63;0x00000b31;300;0;0;2192940;2801768;36;2193018;0;NOSTRESS
42613114140;53725;"NEAR_P1";"INTERVAL";"PROBE";1;63;0x00000b31;300;0;0;2193011;2799926;44;2193087;0;NOSTRESS
42613167872;53567;"NEAR_P1";"INTERVAL";"PROBE";1;63;0x00000b31;300;0;0;2187901;2789744;12;2187941;0;NOSTRESS
42613221446;53834;"NEAR_P1";"INTERVAL";"PROBE";1;63;0x00000b31;300;0;0;2194863;2802096;332;2194959;0;NOSTRESS
42613275287;53724;"NEAR_P1";"INTERVAL";"PROBE";1;63;0x00000b31;300;0;0;2193039;2799837;12;2193125;0;NOSTRESS
42613329019;53571;"NEAR_P1";"INTERVAL";"PROBE";1;63;0x00000b31;300;0;0;2187900;2791655;17;2187948;0;NOSTRESS
42613382597;53791;"NEAR_P1";"INTERVAL";"PROBE";1;63;0x00000b31;300;0;0;2194625;2805167;148;2194713;0;NOSTRESS
42613436395;53738;"NEAR_P1";"INTERVAL";"PROBE";1;63;0x00000b31;300;0;0;2193732;2799676;48;2193820;0;NOSTRESS
42613490141;53598;"NEAR_P1";"INTERVAL";"PROBE";1;63;0x00000b31;300;0;0;2188260;2792500;60;2188309;0;NOSTRESS
42613543748;53845;"NEAR_P1";"INTERVAL";"PROBE";1;63;0x00000b31;300;0;0;2193294;2801401;1121;2193381;0;NOSTRESS
42613597605;53826;"NEAR_P1";"INTERVAL";"PROBE";1;63;0x00000b31;300;0;0;2193702;2801434;676;2193794;0;NOSTRESS
42613651439;53821;"NEAR_P1";"INTERVAL";"PROBE";1;63;0x00000b31;300;0;0;2193641;2803000;736;2193729;0;NOSTRESS
42613705267;53684;"NEAR_P1";"INTERVAL";"PROBE";1;63;0x00000b31;300;0;0;2188223;2792294;312;2188269;0;NOSTRESS
42613758958;53808;"NEAR_P1";"INTERVAL";"PROBE";1;63;0x00000b31;300;0;0;2193769;2802306;198;2193858;0;NOSTRESS
42613812773;53761;"NEAR_P1";"INTERVAL";"PROBE";1;63;0x00000b31;300;0;0;2193621;2797019;103;2193712;0;NOSTRESS
42613866541;53594;"NEAR_P1";"INTERVAL";"PROBE";1;63;0x00000b31;300;0;0;2188207;2788432;28;2188253;0;NOSTRESS
42613920142;53750;"NEAR_P1";"INTERVAL";"PROBE";1;63;0x00000b31;300;0;0;2193620;2798993;48;2193708;0;NOSTRESS
42613973902;84849;"TRAJ_R1";"INTERVAL";"PROBE";1;63;0x00000b31;300;0;1;3330302;4405081;929;3330445;0;NOSTRESS
42614498286;1163076;"MAF";"INTERVAL";"PROBE";1;63;0x00000b31;301;20;6;47299961;60523957;8692;47301499;0;NOSTRESS
42614498309;116;"SENS_C1";"INTERVAL";"PROBE";1;63;0x00000b31;301;0;2;1450;2077;468;1454;0;NOSTRESS
42614498433;237;"LOC_C1";"INTERVAL";"PROBE";1;63;0x00000b31;301;1;0;4920;7383;521;4924;0;NOSTRESS
42614498678;37;"LOC_C2";"INTERVAL";"PROBE";1;63;0x00000b31;301;0;0;650;897;108;654;0;NOSTRESS
42614498724;590;"LOC_C3";"INTERVAL";"PROBE";1;63;0x00000b31;301;10;3;10708;15423;1372;10719;0;NOSTRESS
42614499326;43;"LOC_C4";"INTERVAL";"PROBE";1;63;0x00000b31;301;0;0;584;899;124;588;0;NOSTRESS
42614499375;53921;"NEAR_P1";"INTERVAL";"PROBE";1;63;0x00000b31;301;8;1;2193918;2805296;1415;2193993;0;NOSTRESS
42614553306;53793;"NEAR_P1";"INTERVAL";"PROBE";1;63;0x00000b31;301;0;0;2193020;2798987;584;2193096;0;NOSTRESS
42614607122;53596;"NEAR_P1";"INTERVAL";"PROBE";1;63;0x00000b31;301;0;0;2187912;2789141;253;2187952;0;NOSTRESS
42614660725;53682;"NEAR_P1";"INTERVAL";"PROBE";1;63;0x00000b31;301;0;0;2190256;2785762;67;2190320;0;NOSTRESS
42614714415;53748;"NEAR_P1";"INTERVAL";"PROBE";1;63;0x00000b31;301;0;0;2193286;2803490;46;2193364;0;NOSTRESS
42614768171;53569;"NEAR_P1";"INTERVAL";"PROBE";1;63;0x00000b31;301;0;0;2187919;2790328;4;2187959;0;NOSTRESS
42614821747;53731;"NEAR_P1";"INTERVAL";"PROBE";1;63;0x00000b31;301;0;0;2192990;2799685;13;2193079;0;NOSTRESS
42614875485;53876;"NEAR_P1";"INTERVAL";"PROBE";1;63;0x00000b31;301;0;0;2194890;2803724;288;2194989;0;NOSTRESS
42614929368;53571;"NEAR_P1";"INTERVAL";"PROBE";1;63;0x00000b31;301;0;0;2187912;2789095;20;2187957;0;NOSTRESS
42614982946;53739;"NEAR_P1";"INTERVAL";"PROBE";1;63;0x00000b31;301;0;0;2193331;2801002;104;2193421;0;NOSTRESS
42615036692;53734;"NEAR_P1";"INTERVAL";"PROBE";1;63;0x00000b31;301;0;0;2193716;2789007;48;2193801;0;NOSTRESS
42615090433;53745;"NEAR_P1";"INTERVAL";"PROBE";1;63;0x00000b31;301;0;0;2193238;2801512;28;2193327;0;NOSTRESS
42615144187;53614;"NEAR_P1";"INTERVAL";"PROBE";1;63;0x00000b31;301;0;0;2188309;2790186;284;2188356;0;NOSTRESS
42615197811;53801;"NEAR_P1";"INTERVAL";"PROBE";1;63;0x00000b31;301;0;0;2193084;2800631;635;2193177;0;NOSTRESS
42615251633;53811;"NEAR_P1";"INTERVAL";"PROBE";1;63;0x00000b31;301;0;0;2193648;2804066;828;2193733;0;NOSTRESS
42615305451;53648;"NEAR_P1";"INTERVAL";"PROBE";1;63;0x00000b31;301;0;0;2188209;2789438;372;2188258;0;NOSTRESS
42615359106;53755;"NEAR_P1";"INTERVAL";"PROBE";1;63;0x00000b31;301;0;0;2193591;2802266;184;2193679;0;NOSTRESS
42615412873;53837;"NEAR_P1";"INTERVAL";"PROBE";1;63;0x00000b31;301;1;0;2195013;2802987;252;2195102;0;NOSTRESS
42615466728;53609;"NEAR_P1";"INTERVAL";"PROBE";1;63;0x00000b31;301;0;0;2188119;2789205;62;2188165;0;NOSTRESS
42615520346;53748;"NEAR_P1";"INTERVAL";"PROBE";1;63;0x00000b31;301;0;0;2193576;2797890;64;2193661;0;NOSTRESS
42615574102;87252;"TRAJ_R1";"INTERVAL";"PROBE";1;63;0x00000b31;301;0;0;3429499;4536223;372;3429632;0;NOSTRESS
42616098233;1167440;"MAF";"INTERVAL";"PROBE";1;63;0x00000b31;302;7;5;47407861;61121966;7109;47409389;0;NOSTRESS
42616098265;121;"SENS_C1";"INTERVAL";"PROBE";1;63;0x00000b31;302;0;2;1455;2095;464;1459;0;NOSTRESS
42616098393;230;"LOC_C1";"INTERVAL";"PROBE";1;63;0x00000b31;302;1;0;4921;7350;506;4925;0;NOSTRESS
42616098634;35;"LOC_C2";"INTERVAL";"PROBE";1;63;0x00000b31;302;0;0;650;917;104;654;0;NOSTRESS
42616098678;316;"LOC_C3";"INTERVAL";"PROBE";1;63;0x00000b31;302;0;0;9806;13377;328;9810;0;NOSTRESS
42616099003;41;"LOC_C4";"INTERVAL";"PROBE";1;63;0x00000b31;302;0;0;585;884;120;589;0;NOSTRESS
42616099050;54133;"NEAR_P1";"INTERVAL";"PROBE";1;63;0x00000b31;302;6;1;2193910;2832732;1113;2193985;0;NOSTRESS
42616153192;53896;"NEAR_P1";"INTERVAL";"PROBE";1;63;0x00000b31;302;0;1;2192989;2828457;576;2193067;0;NOSTRESS
42616207097;53725;"NEAR_P1";"INTERVAL";"PROBE";1;63;0x00000b31;302;0;0;2187857;2817466;309;2187895;0;NOSTRESS
42616260829;53837;"NEAR_P1";"INTERVAL";"PROBE";1;63;0x00000b31;302;0;0;2192897;2826880;91;2192975;0;NOSTRESS
42616314674;53744;"NEAR_P1";"INTERVAL";"PROBE";1;63;0x00000b31;302;0;0;2189949;2819929;36;2190011;0;NOSTRESS
42616368425;53681;"NEAR_P1";"INTERVAL";"PROBE";1;63;0x00000b31;302;0;0;2187803;2816229;4;2187845;0;NOSTRESS
42616422113;53825;"NEAR_P1";"INTERVAL";"PROBE";1;63;0x00000b31;302;0;0;2192833;2824416;20;2192919;0;NOSTRESS
42616475945;53753;"NEAR_P1";"INTERVAL";"PROBE";1;63;0x00000b31;302;0;0;2192879;2804143;16;2192968;0;NOSTRESS
42616529706;53679;"NEAR_P1";"INTERVAL";"PROBE";1;63;0x00000b31;302;0;0;2189797;2796757;172;2189852;0;NOSTRESS
42616583392;53743;"NEAR_P1";"INTERVAL";"PROBE";1;63;0x00000b31;302;0;0;2193356;2793461;80;2193446;0;NOSTRESS
42616637143;53744;"NEAR_P1";"INTERVAL";"PROBE";1;63;0x00000b31;302;0;0;2193612;2800001;28;2193700;0;NOSTRESS
42616690894;53791;"NEAR_P1";"INTERVAL";"PROBE";1;63;0x00000b31;302;0;0;2194976;2803150;64;2195066;0;NOSTRESS
42616744692;53734;"NEAR_P1";"INTERVAL";"PROBE";1;63;0x00000b31;302;0;0;2188161;2816593;356;2188207;0;NOSTRESS
42616798438;53931;"NEAR_P1";"INTERVAL";"PROBE";1;63;0x00000b31;302;0;0;2193611;2827372;596;2193702;0;NOSTRESS
42616852378;53903;"NEAR_P1";"INTERVAL";"PROBE";1;63;0x00000b31;302;0;0;2193619;2825388;699;2193705;0;NOSTRESS
42616906290;53738;"NEAR_P1";"INTERVAL";"PROBE";1;63;0x00000b31;302;0;0;2188127;2815047;376;2188170;0;NOSTRESS
42616960034;53904;"NEAR_P1";"INTERVAL";"PROBE";1;63;0x00000b31;302;0;0;2193685;2824739;133;2193774;0;NOSTRESS
42617013945;53861;"NEAR_P1";"INTERVAL";"PROBE";1;63;0x00000b31;302;0;0;2193525;2825551;167;2193613;0;NOSTRESS
42617067813;53718;"NEAR_P1";"INTERVAL";"PROBE";1;63;0x00000b31;302;0;0;2188274;2815024;64;2188321;0;NOSTRESS
42617121540;53880;"NEAR_P1";"INTERVAL";"PROBE";1;63;0x00000b31;302;0;0;2193546;2826827;87;2193637;0;NOSTRESS
42617175455;90209;"TRAJ_R1";"INTERVAL";"PROBE";1;63;0x00000b31;302;0;0;3538822;4729986;388;3538952;0;NOSTRESS
42617698392;1171354;"MAF";"INTERVAL";"PROBE";1;63;0x00000b31;303;49;27;47523833;61300955;13120;47525385;0;NOSTRESS
42617698430;135;"SENS_C1";"INTERVAL";"PROBE";1;63;0x00000b31;303;1;6;1451;2051;524;1455;0;NOSTRESS
42617698572;283;"LOC_C1";"INTERVAL";"PROBE";1;63;0x00000b31;303;3;1;4927;7419;705;4931;0;NOSTRESS
42617698862;37;"LOC_C2";"INTERVAL";"PROBE";1;63;0x00000b31;303;0;1;650;895;124;654;0;NOSTRESS
42617698908;319;"LOC_C3";"INTERVAL";"PROBE";1;63;0x00000b31;303;0;0;9799;13259;328;9803;0;NOSTRESS
42617699237;42;"LOC_C4";"INTERVAL";"PROBE";1;63;0x00000b31;303;0;0;585;919;128;589;0;NOSTRESS
42617699285;54116;"NEAR_P1";"INTERVAL";"PROBE";1;63;0x00000b31;303;21;10;2193999;2828716;3574;2194068;0;NOSTRESS
42617753412;53927;"NEAR_P1";"INTERVAL";"PROBE";1;63;0x00000b31;303;3;0;2192906;2825606;1981;2192982;0;NOSTRESS
42617807347;53714;"NEAR_P1";"INTERVAL";"PROBE";1;63;0x00000b31;303;2;0;2187818;2810465;672;2187858;0;NOSTRESS
42617861079;53850;"NEAR_P1";"INTERVAL";"PROBE";1;63;0x00000b31;303;0;0;2192936;2823400;60;2193014;0;NOSTRESS
42617914937;53828;"NEAR_P1";"INTERVAL";"PROBE";1;63;0x00000b31;303;0;0;2193085;2822790;34;2193165;0;NOSTRESS
42617968773;53635;"NEAR_P1";"INTERVAL";"PROBE";1;63;0x00000b31;303;0;0;2184882;2804852;36;2184912;0;NOSTRESS
42618022414;53844;"NEAR_P1";"INTERVAL";"PROBE";1;63;0x00000b31;303;0;0;2193471;2805544;44;2193578;0;NOSTRESS
42618076265;53830;"NEAR_P1";"INTERVAL";"PROBE";1;63;0x00000b31;303;0;0;2193066;2814692;20;2193158;0;NOSTRESS
42618130102;54173;"NEAR_P1";"INTERVAL";"PROBE";1;63;0x00000b31;303;12;3;2193711;2828501;1157;2193803;0;NOSTRESS
42618184282;53807;"NEAR_P1";"INTERVAL";"PROBE";1;63;0x00000b31;303;6;2;2190081;2816720;360;2190137;0;NOSTRESS
42618238096;53857;"NEAR_P1";"INTERVAL";"PROBE";1;63;0x00000b31;303;0;0;2193672;2823348;56;2193757;0;NOSTRESS
42618291960;53843;"NEAR_P1";"INTERVAL";"PROBE";1;63;0x00000b31;303;0;0;2193641;2823218;36;2193730;0;NOSTRESS
42618345811;53713;"NEAR_P1";"INTERVAL";"PROBE";1;63;0x00000b31;303;0;0;2188277;2813080;280;2188324;0;NOSTRESS
42618399534;54021;"NEAR_P1";"INTERVAL";"PROBE";1;63;0x00000b31;303;0;0;2195134;2830024;752;2195224;0;NOSTRESS
42618453563;53925;"NEAR_P1";"INTERVAL";"PROBE";1;63;0x00000b31;303;0;0;2193630;2823723;716;2193722;0;NOSTRESS
42618507495;53729;"NEAR_P1";"INTERVAL";"PROBE";1;63;0x00000b31;303;0;0;2188310;2803139;370;2188357;0;NOSTRESS
42618561231;53892;"NEAR_P1";"INTERVAL";"PROBE";1;63;0x00000b31;303;0;0;2193456;2826351;184;2193541;0;NOSTRESS
42618615130;53854;"NEAR_P1";"INTERVAL";"PROBE";1;63;0x00000b31;303;0;0;2193565;2824334;56;2193653;0;NOSTRESS
42618668992;53704;"NEAR_P1";"INTERVAL";"PROBE";1;63;0x00000b31;303;0;0;2188202;2812453;44;2188251;0;NOSTRESS
42618722704;53881;"NEAR_P1";"INTERVAL";"PROBE";1;63;0x00000b31;303;0;0;2193335;2808435;186;2193426;0;NOSTRESS
42618776595;93142;"TRAJ_R1";"INTERVAL";"PROBE";1;63;0x00000b31;303;0;1;3653031;4879693;492;3653154;0;NOSTRESS
42619298243;1173736;"MAF";"INTERVAL";"PROBE";1;63;0x00000b31;304;38;16;47666773;61232472;11518;47668385;0;NOSTRESS
42619298267;124;"SENS_C1";"INTERVAL";"PROBE";1;63;0x00000b31;304;0;2;1455;2064;472;1459;0;NOSTRESS
42619298399;248;"LOC_C1";"INTERVAL";"PROBE";1;63;0x00000b31;304;1;1;4924;7412;578;4928;0;NOSTRESS
42619298655;35;"LOC_C2";"INTERVAL";"PROBE";1;63;0x00000b31;304;0;0;650;918;116;654;0;NOSTRESS
42619298701;308;"LOC_C3";"INTERVAL";"PROBE";1;63;0x00000b31;304;0;0;9808;13433;336;9812;0;NOSTRESS
42619299018;43;"LOC_C4";"INTERVAL";"PROBE";1;63;0x00000b31;304;0;0;585;911;120;589;0;NOSTRESS
42619299067;54466;"NEAR_P1";"INTERVAL";"PROBE";1;63;0x00000b31;304;27;6;2199409;2818405;3453;2199536;0;NOSTRESS
42619353542;53884;"NEAR_P1";"INTERVAL";"PROBE";1;63;0x00000b31;304;5;4;2192311;2798171;1379;2192388;0;NOSTRESS
42619407435;53735;"NEAR_P1";"INTERVAL";"PROBE";1;63;0x00000b31;304;0;0;2189334;2793104;687;2189382;0;NOSTRESS
42619461177;53735;"NEAR_P1";"INTERVAL";"PROBE";1;63;0x00000b31;304;0;0;2193025;2798267;108;2193103;0;NOSTRESS
42619514919;53801;"NEAR_P1";"INTERVAL";"PROBE";1;63;0x00000b31;304;0;0;2193600;2793250;91;2193680;0;NOSTRESS
42619568742;53592;"NEAR_P1";"INTERVAL";"PROBE";1;63;0x00000b31;304;0;0;2187923;2792678;16;2187961;0;NOSTRESS
42619622341;53776;"NEAR_P1";"INTERVAL";"PROBE";1;63;0x00000b31;304;0;0;2194415;2806117;32;2194506;0;NOSTRESS
42619676124;53749;"NEAR_P1";"INTERVAL";"PROBE";1;63;0x00000b31;304;0;0;2193196;2800250;52;2193282;0;NOSTRESS
42619729889;53567;"NEAR_P1";"INTERVAL";"PROBE";1;63;0x00000b31;304;0;0;2187949;2786654;16;2187997;0;NOSTRESS
42619783463;53757;"NEAR_P1";"INTERVAL";"PROBE";1;63;0x00000b31;304;0;0;2193411;2791433;42;2193501;0;NOSTRESS
42619837227;53872;"NEAR_P1";"INTERVAL";"PROBE";1;63;0x00000b31;304;2;0;2195598;2806065;305;2195693;0;NOSTRESS
42619891106;53736;"NEAR_P1";"INTERVAL";"PROBE";1;63;0x00000b31;304;2;0;2193705;2798748;48;2193796;0;NOSTRESS
42619944849;53609;"NEAR_P1";"INTERVAL";"PROBE";1;63;0x00000b31;304;0;0;2188245;2788709;480;2188291;0;NOSTRESS
42619998466;53843;"NEAR_P1";"INTERVAL";"PROBE";1;63;0x00000b31;304;0;0;2193733;2807277;712;2193822;0;NOSTRESS
42620052318;53954;"NEAR_P1";"INTERVAL";"PROBE";1;63;0x00000b31;304;0;0;2193590;2831072;807;2193679;0;NOSTRESS
42620106279;53788;"NEAR_P1";"INTERVAL";"PROBE";1;63;0x00000b31;304;0;0;2188294;2819367;492;2188337;0;NOSTRESS
42620160075;53941;"NEAR_P1";"INTERVAL";"PROBE";1;63;0x00000b31;304;0;0;2193756;2823424;206;2193851;0;NOSTRESS
42620214023;53865;"NEAR_P1";"INTERVAL";"PROBE";1;63;0x00000b31;304;0;0;2193496;2825514;143;2193584;0;NOSTRESS
42620267896;53700;"NEAR_P1";"INTERVAL";"PROBE";1;63;0x00000b31;304;0;0;2188301;2816597;80;2188347;0;NOSTRESS
42620321603;53889;"NEAR_P1";"INTERVAL";"PROBE";1;63;0x00000b31;304;0;0;2193743;2828561;125;2193831;0;NOSTRESS
42620375501;96471;"TRAJ_R1";"INTERVAL";"PROBE";1;63;0x00000b31;304;0;1;3786097;5056748;378;3786230;0;NOSTRESS
42620898222;1177642;"MAF";"INTERVAL";"PROBE";1;63;0x00000b31;305;32;16;47790565;61642002;10528;47792106;0;NOSTRESS
42620898251;119;"SENS_C1";"INTERVAL";"PROBE";1;63;0x00000b31;305;0;2;1452;2079;464;1456;0;NOSTRESS
42620898379;237;"LOC_C1";"INTERVAL";"PROBE";1;63;0x00000b31;305;1;1;4920;7248;529;4924;0;NOSTRESS
42620898622;37;"LOC_C2";"INTERVAL";"PROBE";1;63;0x00000b31;305;0;0;650;918;120;654;0;NOSTRESS
42620898668;312;"LOC_C3";"INTERVAL";"PROBE";1;63;0x00000b31;305;0;0;9805;13214;316;9809;0;NOSTRESS
42620898989;44;"LOC_C4";"INTERVAL";"PROBE";1;63;0x00000b31;305;0;0;584;896;124;588;0;NOSTRESS
42620899039;54037;"NEAR_P1";"INTERVAL";"PROBE";1;63;0x00000b31;305;9;3;2194092;2832562;1112;2194159;0;NOSTRESS
42620953084;53971;"NEAR_P1";"INTERVAL";"PROBE";1;63;0x00000b31;305;4;3;2193365;2824600;674;2193443;0;NOSTRESS
42621007062;53730;"NEAR_P1";"INTERVAL";"PROBE";1;63;0x00000b31;305;0;0;2188182;2815003;289;2188222;0;NOSTRESS
42621060800;53839;"NEAR_P1";"INTERVAL";"PROBE";1;63;0x00000b31;305;0;0;2193351;2827636;56;2193431;0;NOSTRESS
42621114647;53842;"NEAR_P1";"INTERVAL";"PROBE";1;63;0x00000b31;305;0;0;2193271;2825562;24;2193347;0;NOSTRESS
42621168503;53687;"NEAR_P1";"INTERVAL";"PROBE";1;63;0x00000b31;305;0;0;2188111;2814106;24;2188151;0;NOSTRESS
42621222205;53828;"NEAR_P1";"INTERVAL";"PROBE";1;63;0x00000b31;305;0;0;2193203;2826447;16;2193286;0;NOSTRESS
42621276041;53832;"NEAR_P1";"INTERVAL";"PROBE";1;63;0x00000b31;305;0;0;2193168;2825675;24;2193254;0;NOSTRESS
42621329880;53695;"NEAR_P1";"INTERVAL";"PROBE";1;63;0x00000b31;305;0;0;2188141;2813594;24;2188189;0;NOSTRESS
42621383584;53857;"NEAR_P1";"INTERVAL";"PROBE";1;63;0x00000b31;305;0;0;2193566;2824860;72;2193653;0;NOSTRESS
42621437458;53892;"NEAR_P1";"INTERVAL";"PROBE";1;63;0x00000b31;305;0;0;2193883;2827086;84;2193971;0;NOSTRESS
42621491358;53961;"NEAR_P1";"INTERVAL";"PROBE";1;63;0x00000b31;305;1;1;2195354;2830234;359;2195453;0;NOSTRESS
42621545329;53777;"NEAR_P1";"INTERVAL";"PROBE";1;63;0x00000b31;305;1;0;2188315;2814409;1228;2188361;0;NOSTRESS
42621599114;53921;"NEAR_P1";"INTERVAL";"PROBE";1;63;0x00000b31;305;0;0;2193890;2828788;928;2193975;0;NOSTRESS
42621653044;53935;"NEAR_P1";"INTERVAL";"PROBE";1;63;0x00000b31;305;0;0;2193946;2825877;1016;2194038;0;NOSTRESS
42621706987;53829;"NEAR_P1";"INTERVAL";"PROBE";1;63;0x00000b31;305;0;0;2189779;2818342;790;2189826;0;NOSTRESS
42621760823;53900;"NEAR_P1";"INTERVAL";"PROBE";1;63;0x00000b31;305;0;0;2193894;2825308;248;2193982;0;NOSTRESS
42621814730;53872;"NEAR_P1";"INTERVAL";"PROBE";1;63;0x00000b31;305;0;0;2193872;2825480;107;2193960;0;NOSTRESS
42621868610;53938;"NEAR_P1";"INTERVAL";"PROBE";1;63;0x00000b31;305;14;4;2189379;2789904;1295;2189432;0;NOSTRESS
42621922575;53754;"NEAR_P1";"INTERVAL";"PROBE";1;63;0x00000b31;305;0;0;2193869;2801530;64;2193960;0;NOSTRESS
42621976353;99504;"TRAJ_R1";"INTERVAL";"PROBE";1;63;0x00000b31;305;0;0;3912316;5173173;344;3912449;0;NOSTRESS
42622498231;1178844;"MAF";"INTERVAL";"PROBE";1;63;0x00000b31;306;11;10;47925725;61328701;7278;47927265;0;NOSTRESS
42622498257;124;"SENS_C1";"INTERVAL";"PROBE";1;63;0x00000b31;306;0;4;1455;2056;476;1459;0;NOSTRESS
42622498389;242;"LOC_C1";"INTERVAL";"PROBE";1;63;0x00000b31;306;0;1;4918;7233;534;4922;0;NOSTRESS
42622498639;34;"LOC_C2";"INTERVAL";"PROBE";1;63;0x00000b31;306;0;0;650;914;104;654;0;NOSTRESS
42622498682;309;"LOC_C3";"INTERVAL";"PROBE";1;63;0x00000b31;306;0;0;9793;13391;320;9797;0;NOSTRESS
42622499000;42;"LOC_C4";"INTERVAL";"PROBE";1;63;0x00000b31;306;0;0;585;893;128;589;0;NOSTRESS
42622499048;53945;"NEAR_P1";"INTERVAL";"PROBE";1;63;0x00000b31;306;7;3;2193684;2803406;1208;2193763;0;NOSTRESS
42622553002;53779;"NEAR_P1";"INTERVAL";"PROBE";1;63;0x00000b31;306;0;2;2192821;2799005;564;2192897;0;NOSTRESS
42622606788;53603;"NEAR_P1";"INTERVAL";"PROBE";1;63;0x00000b31;306;0;0;2187722;2788350;282;2187762;0;NOSTRESS
42622660402;53648;"NEAR_P1";"INTERVAL";"PROBE";1;63;0x00000b31;306;0;0;2189883;2792086;48;2189949;0;NOSTRESS
42622714057;53766;"NEAR_P1";"INTERVAL";"PROBE";1;63;0x00000b31;306;0;0;2193022;2797813;60;2193100;0;NOSTRESS
42622767830;53591;"NEAR_P1";"INTERVAL";"PROBE";1;63;0x00000b31;306;0;0;2187750;2793287;35;2187790;0;NOSTRESS
42622821428;53708;"NEAR_P1";"INTERVAL";"PROBE";1;63;0x00000b31;306;0;0;2192765;2796823;32;2192851;0;NOSTRESS
42622875143;53718;"NEAR_P1";"INTERVAL";"PROBE";1;63;0x00000b31;306;0;0;2192676;2796702;16;2192764;0;NOSTRESS
42622928868;53563;"NEAR_P1";"INTERVAL";"PROBE";1;63;0x00000b31;306;0;0;2187671;2789428;6;2187713;0;NOSTRESS
42622982438;53683;"NEAR_P1";"INTERVAL";"PROBE";1;63;0x00000b31;306;0;0;2190174;2794282;92;2190249;0;NOSTRESS
42623036128;53763;"NEAR_P1";"INTERVAL";"PROBE";1;63;0x00000b31;306;0;0;2193482;2787831;32;2193570;0;NOSTRESS
42623089898;53581;"NEAR_P1";"INTERVAL";"PROBE";1;63;0x00000b31;306;0;0;2188098;2788815;12;2188144;0;NOSTRESS
42623143486;53775;"NEAR_P1";"INTERVAL";"PROBE";1;63;0x00000b31;306;0;0;2193554;2796730;340;2193646;0;NOSTRESS
42623197273;53918;"NEAR_P1";"INTERVAL";"PROBE";1;63;0x00000b31;306;1;0;2195464;2803860;728;2195563;0;NOSTRESS
42623251198;53869;"NEAR_P1";"INTERVAL";"PROBE";1;63;0x00000b31;306;1;0;2193458;2803181;792;2193550;0;NOSTRESS
42623305075;53681;"NEAR_P1";"INTERVAL";"PROBE";1;63;0x00000b31;306;0;0;2188162;2789233;412;2188212;0;NOSTRESS
42623358763;53863;"NEAR_P1";"INTERVAL";"PROBE";1;63;0x00000b31;306;0;0;2194685;2791619;284;2194777;0;NOSTRESS
42623412635;53753;"NEAR_P1";"INTERVAL";"PROBE";1;63;0x00000b31;306;0;0;2193095;2799139;116;2193185;0;NOSTRESS
42623466395;53582;"NEAR_P1";"INTERVAL";"PROBE";1;63;0x00000b31;306;0;0;2188114;2791394;36;2188158;0;NOSTRESS
42623519984;53767;"NEAR_P1";"INTERVAL";"PROBE";1;63;0x00000b31;306;0;0;2193393;2800098;73;2193487;0;NOSTRESS
42623573761;103306;"TRAJ_R1";"INTERVAL";"PROBE";1;63;0x00000b31;306;0;0;4062441;5373971;364;4062578;0;NOSTRESS
42624098208;1182505;"MAF";"INTERVAL";"PROBE";1;63;0x00000b31;307;3;2;48081217;61526155;7226;48082769;0;NOSTRESS
42624098233;113;"SENS_C1";"INTERVAL";"PROBE";1;63;0x00000b31;307;0;2;1452;2117;436;1456;0;NOSTRESS
42624098355;237;"LOC_C1";"INTERVAL";"PROBE";1;63;0x00000b31;307;0;0;4921;7248;521;4925;0;NOSTRESS
42624098600;38;"LOC_C2";"INTERVAL";"PROBE";1;63;0x00000b31;307;0;0;650;898;124;654;0;NOSTRESS
42624098647;311;"LOC_C3";"INTERVAL";"PROBE";1;63;0x00000b31;307;0;0;9798;13278;316;9802;0;NOSTRESS
42624098967;42;"LOC_C4";"INTERVAL";"PROBE";1;63;0x00000b31;307;0;0;585;912;120;589;0;NOSTRESS
42624099015;53889;"NEAR_P1";"INTERVAL";"PROBE";1;63;0x00000b31;307;3;0;2193493;2799527;1089;2193572;0;NOSTRESS
42624152911;53775;"NEAR_P1";"INTERVAL";"PROBE";1;63;0x00000b31;307;0;0;2192871;2798663;484;2192947;0;NOSTRESS
42624206696;53615;"NEAR_P1";"INTERVAL";"PROBE";1;63;0x00000b31;307;0;0;2187766;2787924;244;2187808;0;NOSTRESS
42624260318;53726;"NEAR_P1";"INTERVAL";"PROBE";1;63;0x00000b31;307;0;0;2192998;2797216;32;2193078;0;NOSTRESS
42624314051;53702;"NEAR_P1";"INTERVAL";"PROBE";1;63;0x00000b31;307;0;0;2192810;2798332;25;2192888;0;NOSTRESS
42624367761;53558;"NEAR_P1";"INTERVAL";"PROBE";1;63;0x00000b31;307;0;0;2187757;2788502;12;2187797;0;NOSTRESS
42624421326;53711;"NEAR_P1";"INTERVAL";"PROBE";1;63;0x00000b31;307;0;0;2192917;2798447;49;2193002;0;NOSTRESS
42624475044;53748;"NEAR_P1";"INTERVAL";"PROBE";1;63;0x00000b31;307;0;0;2193415;2800440;53;2193507;0;NOSTRESS
42624528800;53561;"NEAR_P1";"INTERVAL";"PROBE";1;63;0x00000b31;307;0;0;2187824;2786712;4;2187869;0;NOSTRESS
42624582368;53724;"NEAR_P1";"INTERVAL";"PROBE";1;63;0x00000b31;307;0;0;2193281;2796878;58;2193374;0;NOSTRESS
42624636099;53759;"NEAR_P1";"INTERVAL";"PROBE";1;63;0x00000b31;307;0;0;2193565;2798599;61;2193653;0;NOSTRESS
42624689866;53573;"NEAR_P1";"INTERVAL";"PROBE";1;63;0x00000b31;307;0;0;2188183;2791560;20;2188226;0;NOSTRESS
42624743445;53745;"NEAR_P1";"INTERVAL";"PROBE";1;63;0x00000b31;307;0;0;2193594;2798313;252;2193689;0;NOSTRESS
42624797202;53837;"NEAR_P1";"INTERVAL";"PROBE";1;63;0x00000b31;307;0;0;2193457;2801213;500;2193542;0;NOSTRESS
42624851049;53948;"NEAR_P1";"INTERVAL";"PROBE";1;63;0x00000b31;307;0;0;2195381;2790381;1221;2195479;0;NOSTRESS
42624905006;53623;"NEAR_P1";"INTERVAL";"PROBE";1;63;0x00000b31;307;0;0;2188103;2787732;428;2188149;0;NOSTRESS
42624958636;53788;"NEAR_P1";"INTERVAL";"PROBE";1;63;0x00000b31;307;0;0;2193530;2797565;192;2193618;0;NOSTRESS
42625012432;53791;"NEAR_P1";"INTERVAL";"PROBE";1;63;0x00000b31;307;0;0;2194753;2798462;268;2194839;0;NOSTRESS
42625066230;53611;"NEAR_P1";"INTERVAL";"PROBE";1;63;0x00000b31;307;0;0;2188104;2789531;64;2188150;0;NOSTRESS
42625119849;53768;"NEAR_P1";"INTERVAL";"PROBE";1;63;0x00000b31;307;0;0;2193486;2800644;76;2193574;0;NOSTRESS
42625173642;107063;"TRAJ_R1";"INTERVAL";"PROBE";1;63;0x00000b31;307;0;0;4210314;5567687;405;4210447;0;NOSTRESS
42625698322;1187156;"MAF";"INTERVAL";"PROBE";1;63;0x00000b31;308;16;13;48233619;61714323;11505;48235155;0;NOSTRESS
42625698349;130;"SENS_C1";"INTERVAL";"PROBE";1;63;0x00000b31;308;0;3;1455;2061;516;1459;0;NOSTRESS
42625698487;269;"LOC_C1";"INTERVAL";"PROBE";1;63;0x00000b31;308;0;0;4922;7301;638;4926;0;NOSTRESS
42625698763;34;"LOC_C2";"INTERVAL";"PROBE";1;63;0x00000b31;308;0;0;650;901;120;654;0;NOSTRESS
42625698806;309;"LOC_C3";"INTERVAL";"PROBE";1;63;0x00000b31;308;0;0;9804;13490;328;9808;0;NOSTRESS
42625699125;46;"LOC_C4";"INTERVAL";"PROBE";1;63;0x00000b31;308;0;0;585;911;140;589;0;NOSTRESS
42625699177;54170;"NEAR_P1";"INTERVAL";"PROBE";1;63;0x00000b31;308;4;2;2195448;2806919;3306;2195525;0;NOSTRESS
42625753357;54132;"NEAR_P1";"INTERVAL";"PROBE";1;63;0x00000b31;308;11;6;2193784;2801406;2264;2193869;0;NOSTRESS
42625807497;53630;"NEAR_P1";"INTERVAL";"PROBE";1;63;0x00000b31;308;1;2;2187785;2785054;416;2187827;0;NOSTRESS
42625861134;53720;"NEAR_P1";"INTERVAL";"PROBE";1;63;0x00000b31;308;0;0;2192953;2801415;36;2193031;0;NOSTRESS
42625914861;53713;"NEAR_P1";"INTERVAL";"PROBE";1;63;0x00000b31;308;0;0;2192904;2800267;28;2192978;0;NOSTRESS
42625968581;53490;"NEAR_P1";"INTERVAL";"PROBE";1;63;0x00000b31;308;0;0;2184906;2771467;16;2184934;0;NOSTRESS
42626022077;53719;"NEAR_P1";"INTERVAL";"PROBE";1;63;0x00000b31;308;0;0;2193035;2797448;48;2193127;0;NOSTRESS
42626075803;53737;"NEAR_P1";"INTERVAL";"PROBE";1;63;0x00000b31;308;0;0;2192906;2786305;16;2192995;0;NOSTRESS
42626129547;53567;"NEAR_P1";"INTERVAL";"PROBE";1;63;0x00000b31;308;0;0;2187831;2788011;24;2187876;0;NOSTRESS
42626183121;53767;"NEAR_P1";"INTERVAL";"PROBE";1;63;0x00000b31;308;0;0;2193348;2800053;64;2193435;0;NOSTRESS
42626236896;53737;"NEAR_P1";"INTERVAL";"PROBE";1;63;0x00000b31;308;0;0;2193583;2797810;38;2193674;0;NOSTRESS
42626290640;53751;"NEAR_P1";"INTERVAL";"PROBE";1;63;0x00000b31;308;0;0;2193506;2800954;96;2193591;0;NOSTRESS
42626344399;53631;"NEAR_P1";"INTERVAL";"PROBE";1;63;0x00000b31;308;0;0;2188175;2787879;328;2188224;0;NOSTRESS
42626398041;53825;"NEAR_P1";"INTERVAL";"PROBE";1;63;0x00000b31;308;0;0;2193477;2800889;548;2193565;0;NOSTRESS
42626451874;53807;"NEAR_P1";"INTERVAL";"PROBE";1;63;0x00000b31;308;0;0;2193660;2790484;756;2193752;0;NOSTRESS
42626505689;53825;"NEAR_P1";"INTERVAL";"PROBE";1;63;0x00000b31;308;0;0;2190120;2793733;744;2190174;0;NOSTRESS
42626559521;53778;"NEAR_P1";"INTERVAL";"PROBE";1;63;0x00000b31;308;0;0;2193396;2797860;204;2193487;0;NOSTRESS
42626613306;53749;"NEAR_P1";"INTERVAL";"PROBE";1;63;0x00000b31;308;0;0;2193515;2799838;88;2193600;0;NOSTRESS
42626667062;53606;"NEAR_P1";"INTERVAL";"PROBE";1;63;0x00000b31;308;0;0;2188139;2788943;72;2188182;0;NOSTRESS
42626720676;53761;"NEAR_P1";"INTERVAL";"PROBE";1;63;0x00000b31;308;0;0;2193564;2799949;28;2193652;0;NOSTRESS
42626774462;111009;"TRAJ_R1";"INTERVAL";"PROBE";1;63;0x00000b31;308;0;0;4363949;5765711;491;4364076;0;NOSTRESS
42627298252;1190807;"MAF";"INTERVAL";"PROBE";1;63;0x00000b31;309;7;8;48401867;61927908;8563;48403470;0;NOSTRESS
42627298279;118;"SENS_C1";"INTERVAL";"PROBE";1;63;0x00000b31;309;0;2;1452;2107;480;1456;0;NOSTRESS
42627298405;256;"LOC_C1";"INTERVAL";"PROBE";1;63;0x00000b31;309;1;2;4910;7203;557;4914;0;NOSTRESS
42627298668;33;"LOC_C2";"INTERVAL";"PROBE";1;63;0x00000b31;309;0;0;650;914;128;654;0;NOSTRESS
42627298709;311;"LOC_C3";"INTERVAL";"PROBE";1;63;0x00000b31;309;0;0;9810;13398;308;9814;0;NOSTRESS
42627299030;44;"LOC_C4";"INTERVAL";"PROBE";1;63;0x00000b31;309;0;0;585;895;128;589;0;NOSTRESS
42627299081;53915;"NEAR_P1";"INTERVAL";"PROBE";1;63;0x00000b31;309;4;3;2194258;2804045;1601;2194339;0;NOSTRESS
42627353005;53939;"NEAR_P1";"INTERVAL";"PROBE";1;63;0x00000b31;309;2;1;2194413;2799659;980;2194501;0;NOSTRESS
42627406953;53586;"NEAR_P1";"INTERVAL";"PROBE";1;63;0x00000b31;309;0;0;2187553;2783179;304;2187591;0;NOSTRESS
42627460546;53721;"NEAR_P1";"INTERVAL";"PROBE";1;63;0x00000b31;309;0;0;2192571;2797409;32;2192651;0;NOSTRESS
42627514274;53723;"NEAR_P1";"INTERVAL";"PROBE";1;63;0x00000b31;309;0;0;2192649;2798314;44;2192729;0;NOSTRESS
42627568005;53551;"NEAR_P1";"INTERVAL";"PROBE";1;63;0x00000b31;309;0;0;2187521;2786926;12;2187561;0;NOSTRESS
42627621563;53699;"NEAR_P1";"INTERVAL";"PROBE";1;63;0x00000b31;309;0;0;2192531;2794843;28;2192620;0;NOSTRESS
42627675269;53627;"NEAR_P1";"INTERVAL";"PROBE";1;63;0x00000b31;309;0;0;2189622;2786577;13;2189702;0;NOSTRESS
42627728903;53555;"NEAR_P1";"INTERVAL";"PROBE";1;63;0x00000b31;309;0;0;2187572;2785064;12;2187617;0;NOSTRESS
42627782465;53728;"NEAR_P1";"INTERVAL";"PROBE";1;63;0x00000b31;309;0;0;2193118;2798055;84;2193205;0;NOSTRESS
42627836201;53715;"NEAR_P1";"INTERVAL";"PROBE";1;63;0x00000b31;309;0;0;2193357;2797888;52;2193451;0;NOSTRESS
42627889923;53576;"NEAR_P1";"INTERVAL";"PROBE";1;63;0x00000b31;309;0;0;2187864;2786834;16;2187907;0;NOSTRESS
42627943506;53783;"NEAR_P1";"INTERVAL";"PROBE";1;63;0x00000b31;309;0;0;2193123;2797896;432;2193212;0;NOSTRESS
42627997298;53776;"NEAR_P1";"INTERVAL";"PROBE";1;63;0x00000b31;309;0;0;2193381;2799426;620;2193470;0;NOSTRESS
42628051083;53852;"NEAR_P1";"INTERVAL";"PROBE";1;63;0x00000b31;309;0;0;2193360;2794053;816;2193452;0;NOSTRESS
42628104943;53670;"NEAR_P1";"INTERVAL";"PROBE";1;63;0x00000b31;309;0;0;2187841;2784708;436;2187887;0;NOSTRESS
42628158620;53906;"NEAR_P1";"INTERVAL";"PROBE";1;63;0x00000b31;309;0;0;2195101;2800874;579;2195205;0;NOSTRESS
42628212533;53763;"NEAR_P1";"INTERVAL";"PROBE";1;63;0x00000b31;309;0;0;2193151;2798120;179;2193237;0;NOSTRESS
42628266303;53561;"NEAR_P1";"INTERVAL";"PROBE";1;63;0x00000b31;309;0;0;2187828;2786081;64;2187874;0;NOSTRESS
42628319871;53797;"NEAR_P1";"INTERVAL";"PROBE";1;63;0x00000b31;309;0;0;2194494;2799788;170;2194583;0;NOSTRESS
42628373693;115357;"TRAJ_R1";"INTERVAL";"PROBE";1;63;0x00000b31;309;0;0;4536936;5996378;332;4537107;0;NOSTRESS
42628898288;1196013;"MAF";"INTERVAL";"PROBE";1;63;0x00000b31;310;24;10;48588757;62196790;11993;48590349;0;NOSTRESS
42628898317;117;"SENS_C1";"INTERVAL";"PROBE";1;63;0x00000b31;310;0;2;1454;2092;460;1458;0;NOSTRESS
42628898442;241;"LOC_C1";"INTERVAL";"PROBE";1;63;0x00000b31;310;0;0;4916;7218;534;4920;0;NOSTRESS
42628898690;33;"LOC_C2";"INTERVAL";"PROBE";1;63;0x00000b31;310;0;0;650;910;100;654;0;NOSTRESS
42628898732;315;"LOC_C3";"INTERVAL";"PROBE";1;63;0x00000b31;310;0;0;9810;13367;324;9814;0;NOSTRESS
42628899056;42;"LOC_C4";"INTERVAL";"PROBE";1;63;0x00000b31;310;0;0;585;887;124;589;0;NOSTRESS
42628899104;53914;"NEAR_P1";"INTERVAL";"PROBE";1;63;0x00000b31;310;8;4;2193487;2801424;1108;2193554;0;NOSTRESS
42628953026;53761;"NEAR_P1";"INTERVAL";"PROBE";1;63;0x00000b31;310;1;0;2192875;2798164;540;2192951;0;NOSTRESS
42629006796;53722;"NEAR_P1";"INTERVAL";"PROBE";1;63;0x00000b31;310;0;0;2189705;2793154;544;2189757;0;NOSTRESS
42629060525;53744;"NEAR_P1";"INTERVAL";"PROBE";1;63;0x00000b31;310;0;0;2192829;2795074;88;2192906;0;NOSTRESS
42629114277;53714;"NEAR_P1";"INTERVAL";"PROBE";1;63;0x00000b31;310;0;0;2193202;2800131;12;2193280;0;NOSTRESS
42629167998;53575;"NEAR_P1";"INTERVAL";"PROBE";1;63;0x00000b31;310;0;0;2187798;2786721;24;2187840;0;NOSTRESS
42629221580;53724;"NEAR_P1";"INTERVAL";"PROBE";1;63;0x00000b31;310;0;0;2192802;2796638;12;2192893;0;NOSTRESS
42629275312;53729;"NEAR_P1";"INTERVAL";"PROBE";1;63;0x00000b31;310;0;0;2192825;2797028;28;2192914;0;NOSTRESS
42629329048;53564;"NEAR_P1";"INTERVAL";"PROBE";1;63;0x00000b31;310;0;0;2187794;2787080;17;2187842;0;NOSTRESS
42629382619;53670;"NEAR_P1";"INTERVAL";"PROBE";1;63;0x00000b31;310;0;0;2190341;2783469;86;2190416;0;NOSTRESS
42629436296;53719;"NEAR_P1";"INTERVAL";"PROBE";1;63;0x00000b31;310;0;0;2193353;2801351;44;2193442;0;NOSTRESS
42629490023;54003;"NEAR_P1";"INTERVAL";"PROBE";1;63;0x00000b31;310;15;4;2194237;2801671;1086;2194327;0;NOSTRESS
42629544035;53804;"NEAR_P1";"INTERVAL";"PROBE";1;63;0x00000b31;310;0;0;2187936;2787929;2247;2187982;0;NOSTRESS
42629597857;53909;"NEAR_P1";"INTERVAL";"PROBE";1;63;0x00000b31;310;0;0;2193060;2797717;1655;2193147;0;NOSTRESS
42629651775;53813;"NEAR_P1";"INTERVAL";"PROBE";1;63;0x00000b31;310;0;0;2193835;2801787;1056;2193925;0;NOSTRESS
42629705595;53652;"NEAR_P1";"INTERVAL";"PROBE";1;63;0x00000b31;310;0;0;2188254;2789150;460;2188304;0;NOSTRESS
42629759254;53746;"NEAR_P1";"INTERVAL";"PROBE";1;63;0x00000b31;310;0;0;2193543;2798599;192;2193634;0;NOSTRESS
42629813008;53900;"NEAR_P1";"INTERVAL";"PROBE";1;63;0x00000b31;310;0;0;2195417;2801737;532;2195515;0;NOSTRESS
42629866916;53606;"NEAR_P1";"INTERVAL";"PROBE";1;63;0x00000b31;310;0;0;2188177;2785791;80;2188220;0;NOSTRESS
42629920530;53753;"NEAR_P1";"INTERVAL";"PROBE";1;63;0x00000b31;310;0;0;2193517;2797235;52;2193608;0;NOSTRESS
42629974293;119999;"TRAJ_R1";"INTERVAL";"PROBE";1;63;0x00000b31;310;0;0;4720149;6243063;364;4720325;0;NOSTRESS
42630498296;1201501;"MAF";"INTERVAL";"PROBE";1;63;0x00000b31;311;6;7;48777522;62618140;9350;48779158;0;NOSTRESS
42630498320;120;"SENS_C1";"INTERVAL";"PROBE";1;63;0x00000b31;311;0;2;1451;2086;460;1455;0;NOSTRESS
42630498448;247;"LOC_C1";"INTERVAL";"PROBE";1;63;0x00000b31;311;0;2;4912;7332;548;4916;0;NOSTRESS
42630498702;36;"LOC_C2";"INTERVAL";"PROBE";1;63;0x00000b31;311;0;0;650;892;108;654;0;NOSTRESS
42630498747;309;"LOC_C3";"INTERVAL";"PROBE";1;63;0x00000b31;311;0;0;9810;13211;312;9814;0;NOSTRESS
42630499066;44;"LOC_C4";"INTERVAL";"PROBE";1;63;0x00000b31;311;0;0;585;911;128;589;0;NOSTRESS
42630499116;54081;"NEAR_P1";"INTERVAL";"PROBE";1;63;0x00000b31;311;4;3;2194578;2805653;1270;2194655;0;NOSTRESS
42630553205;53834;"NEAR_P1";"INTERVAL";"PROBE";1;63;0x00000b31;311;0;0;2192926;2799212;544;2193002;0;NOSTRESS
42630607046;53619;"NEAR_P1";"INTERVAL";"PROBE";1;63;0x00000b31;311;0;0;2187849;2785730;232;2187889;0;NOSTRESS
42630660673;53858;"NEAR_P1";"INTERVAL";"PROBE";1;63;0x00000b31;311;0;0;2194997;2802961;308;2195095;0;NOSTRESS
42630714539;53713;"NEAR_P1";"INTERVAL";"PROBE";1;63;0x00000b31;311;0;0;2192884;2800514;20;2192962;0;NOSTRESS
42630768259;53564;"NEAR_P1";"INTERVAL";"PROBE";1;63;0x00000b31;311;0;0;2187779;2785880;4;2187819;0;NOSTRESS
42630821830;53650;"NEAR_P1";"INTERVAL";"PROBE";1;63;0x00000b31;311;0;0;2189906;2794174;20;2189983;0;NOSTRESS
42630875487;53707;"NEAR_P1";"INTERVAL";"PROBE";1;63;0x00000b31;311;0;0;2192883;2799114;11;2192972;0;NOSTRESS
42630929201;53572;"NEAR_P1";"INTERVAL";"PROBE";1;63;0x00000b31;311;0;0;2187805;2788616;12;2187853;0;NOSTRESS
42630982779;53729;"NEAR_P1";"INTERVAL";"PROBE";1;63;0x00000b31;311;0;0;2193180;2799146;91;2193270;0;NOSTRESS
42631036516;53748;"NEAR_P1";"INTERVAL";"PROBE";1;63;0x00000b31;311;0;0;2193585;2801667;58;2193676;0;NOSTRESS
42631090271;53564;"NEAR_P1";"INTERVAL";"PROBE";1;63;0x00000b31;311;0;0;2188089;2787561;8;2188135;0;NOSTRESS
42631143843;53746;"NEAR_P1";"INTERVAL";"PROBE";1;63;0x00000b31;311;0;0;2193325;2798832;344;2193415;0;NOSTRESS
42631197596;53789;"NEAR_P1";"INTERVAL";"PROBE";1;63;0x00000b31;311;0;0;2193580;2799680;536;2193669;0;NOSTRESS
42631251394;53808;"NEAR_P1";"INTERVAL";"PROBE";1;63;0x00000b31;311;0;0;2192998;2796962;967;2193086;0;NOSTRESS
42631305209;53648;"NEAR_P1";"INTERVAL";"PROBE";1;63;0x00000b31;311;0;0;2188106;2787663;391;2188149;0;NOSTRESS
42631358865;54007;"NEAR_P1";"INTERVAL";"PROBE";1;63;0x00000b31;311;2;0;2196212;2806139;708;2196312;0;NOSTRESS
42631412881;53958;"NEAR_P1";"INTERVAL";"PROBE";1;63;0x00000b31;311;0;0;2194721;2821167;638;2194813;0;NOSTRESS
42631466846;53780;"NEAR_P1";"INTERVAL";"PROBE";1;63;0x00000b31;311;0;0;2189558;2820535;275;2189610;0;NOSTRESS
42631520633;54198;"NEAR_P1";"INTERVAL";"PROBE";1;63;0x00000b31;311;0;0;2197865;2841765;674;2197971;0;NOSTRESS
42631574842;124946;"TRAJ_R1";"INTERVAL";"PROBE";1;63;0x00000b31;311;0;0;4901075;6543029;491;4901255;0;NOSTRESS
42632098239;1205214;"MAF";"INTERVAL";"PROBE";1;63;0x00000b31;312;14;14;48962216;62671048;8486;48963856;0;NOSTRESS
42632098265;117;"SENS_C1";"INTERVAL";"PROBE";1;63;0x00000b31;312;0;4;1454;2077;464;1458;0;NOSTRESS
42632098391;254;"LOC_C1";"INTERVAL";"PROBE";1;63;0x00000b31;312;1;1;4915;7315;588;4919;0;NOSTRESS
42632098652;32;"LOC_C2";"INTERVAL";"PROBE";1;63;0x00000b31;312;0;0;650;892;96;654;0;NOSTRESS
42632098693;308;"LOC_C3";"INTERVAL";"PROBE";1;63;0x00000b31;312;0;0;9803;13206;328;9807;0;NOSTRESS
42632099012;41;"LOC_C4";"INTERVAL";"PROBE";1;63;0x00000b31;312;0;0;585;883;124;589;0;NOSTRESS
42632099059;54070;"NEAR_P1";"INTERVAL";"PROBE";1;63;0x00000b31;312;11;3;2194832;2809237;1545;2194920;0;NOSTRESS
42632153137;53787;"NEAR_P1";"INTERVAL";"PROBE";1;63;0x00000b31;312;2;5;2192800;2799353;928;2192875;0;NOSTRESS
42632206932;53554;"NEAR_P1";"INTERVAL";"PROBE";1;63;0x00000b31;312;0;0;2184794;2780180;384;2184824;0;NOSTRESS
42632260494;53726;"NEAR_P1";"INTERVAL";"PROBE";1;63;0x00000b31;312;0;0;2192817;2795829;44;2192895;0;NOSTRESS
42632314227;53871;"NEAR_P1";"INTERVAL";"PROBE";1;63;0x00000b31;312;0;0;2194860;2802896;300;2194962;0;NOSTRESS
42632368105;53576;"NEAR_P1";"INTERVAL";"PROBE";1;63;0x00000b31;312;0;0;2187771;2788413;24;2187819;0;NOSTRESS
42632421688;53708;"NEAR_P1";"INTERVAL";"PROBE";1;63;0x00000b31;312;0;0;2192798;2797228;12;2192887;0;NOSTRESS
42632475403;53704;"NEAR_P1";"INTERVAL";"PROBE";1;63;0x00000b31;312;0;0;2192808;2796562;8;2192891;0;NOSTRESS
42632529114;53572;"NEAR_P1";"INTERVAL";"PROBE";1;63;0x00000b31;312;0;0;2187757;2775790;12;2187805;0;NOSTRESS
42632582693;53709;"NEAR_P1";"INTERVAL";"PROBE";1;63;0x00000b31;312;0;0;2192755;2785412;39;2192844;0;NOSTRESS
42632636410;53755;"NEAR_P1";"INTERVAL";"PROBE";1;63;0x00000b31;312;0;0;2192942;2800300;156;2193029;0;NOSTRESS
42632690172;53616;"NEAR_P1";"INTERVAL";"PROBE";1;63;0x00000b31;312;0;0;2187945;2788855;146;2187994;0;NOSTRESS
42632743794;53793;"NEAR_P1";"INTERVAL";"PROBE";1;63;0x00000b31;312;0;0;2193598;2798850;408;2193691;0;NOSTRESS
42632797594;53821;"NEAR_P1";"INTERVAL";"PROBE";1;63;0x00000b31;312;0;0;2193630;2800776;472;2193725;0;NOSTRESS
42632851424;53817;"NEAR_P1";"INTERVAL";"PROBE";1;63;0x00000b31;312;0;0;2193737;2790664;840;2193830;0;NOSTRESS
42632905248;53643;"NEAR_P1";"INTERVAL";"PROBE";1;63;0x00000b31;312;0;0;2188142;2786713;385;2188188;0;NOSTRESS
42632958898;53806;"NEAR_P1";"INTERVAL";"PROBE";1;63;0x00000b31;312;0;0;2193331;2798849;199;2193416;0;NOSTRESS
42633012711;53744;"NEAR_P1";"INTERVAL";"PROBE";1;63;0x00000b31;312;0;0;2193492;2794537;48;2193580;0;NOSTRESS
42633066463;53569;"NEAR_P1";"INTERVAL";"PROBE";1;63;0x00000b31;312;0;0;2188118;2786504;36;2188167;0;NOSTRESS
42633120039;53748;"NEAR_P1";"INTERVAL";"PROBE";1;63;0x00000b31;312;0;0;2193485;2799108;12;2193573;0;NOSTRESS
42633173812;129633;"TRAJ_R1";"INTERVAL";"PROBE";1;63;0x00000b31;312;0;0;5096183;6743491;732;5096374;0;NOSTRESS
42633698304;1210761;"MAF";"INTERVAL";"PROBE";1;63;0x00000b31;313;40;33;49159658;62955867;13903;49161283;0;NOSTRESS
42633698610;139;"SENS_C1";"INTERVAL";"PROBE";1;63;0x00000b31;313;0;6;1451;2112;564;1455;0;NOSTRESS
42633698757;282;"LOC_C1";"INTERVAL";"PROBE";1;63;0x00000b31;313;1;4;4925;7477;729;4929;0;NOSTRESS
42633699047;40;"LOC_C2";"INTERVAL";"PROBE";1;63;0x00000b31;313;0;0;650;912;140;654;0;NOSTRESS
42633699098;311;"LOC_C3";"INTERVAL";"PROBE";1;63;0x00000b31;313;0;0;9806;13324;352;9810;0;NOSTRESS
42633699419;45;"LOC_C4";"INTERVAL";"PROBE";1;63;0x00000b31;313;0;0;584;895;152;588;0;NOSTRESS
42633699470;53963;"NEAR_P1";"INTERVAL";"PROBE";1;63;0x00000b31;313;16;6;2193589;2801771;3659;2193658;0;NOSTRESS
42633753440;53920;"NEAR_P1";"INTERVAL";"PROBE";1;63;0x00000b31;313;5;9;2192871;2802863;2046;2192951;0;NOSTRESS
42633807368;53667;"NEAR_P1";"INTERVAL";"PROBE";1;63;0x00000b31;313;2;5;2187773;2789739;745;2187813;0;NOSTRESS
42633861044;53729;"NEAR_P1";"INTERVAL";"PROBE";1;63;0x00000b31;313;0;0;2192817;2799170;76;2192893;0;NOSTRESS
42633914780;53707;"NEAR_P1";"INTERVAL";"PROBE";1;63;0x00000b31;313;0;0;2192811;2800423;36;2192889;0;NOSTRESS
42633968494;53562;"NEAR_P1";"INTERVAL";"PROBE";1;63;0x00000b31;313;0;0;2187752;2788724;36;2187793;0;NOSTRESS
42634022063;53948;"NEAR_P1";"INTERVAL";"PROBE";1;63;0x00000b31;313;2;0;2196325;2805362;457;2196434;0;NOSTRESS
42634076019;53737;"NEAR_P1";"INTERVAL";"PROBE";1;63;0x00000b31;313;0;0;2192800;2800980;36;2192889;0;NOSTRESS
42634129765;53583;"NEAR_P1";"INTERVAL";"PROBE";1;63;0x00000b31;313;0;0;2187753;2791537;24;2187801;0;NOSTRESS
42634183355;53738;"NEAR_P1";"INTERVAL";"PROBE";1;63;0x00000b31;313;0;0;2193228;2788591;96;2193318;0;NOSTRESS
42634237100;53722;"NEAR_P1";"INTERVAL";"PROBE";1;63;0x00000b31;313;0;0;2193506;2796265;32;2193594;0;NOSTRESS
42634290830;53722;"NEAR_P1";"INTERVAL";"PROBE";1;63;0x00000b31;313;0;0;2193112;2797968;32;2193201;0;NOSTRESS
42634344559;53615;"NEAR_P1";"INTERVAL";"PROBE";1;63;0x00000b31;313;0;0;2187839;2785106;451;2187885;0;NOSTRESS
42634398185;53825;"NEAR_P1";"INTERVAL";"PROBE";1;63;0x00000b31;313;0;0;2193517;2800651;544;2193605;0;NOSTRESS
42634452020;53829;"NEAR_P1";"INTERVAL";"PROBE";1;63;0x00000b31;313;0;0;2193548;2790736;836;2193637;0;NOSTRESS
42634505856;53674;"NEAR_P1";"INTERVAL";"PROBE";1;63;0x00000b31;313;0;0;2188206;2781792;364;2188250;0;NOSTRESS
42634559540;53765;"NEAR_P1";"INTERVAL";"PROBE";1;63;0x00000b31;313;0;0;2193096;2801206;187;2193189;0;NOSTRESS
42634613313;53795;"NEAR_P1";"INTERVAL";"PROBE";1;63;0x00000b31;313;0;0;2193563;2804993;194;2193652;0;NOSTRESS
42634667115;53573;"NEAR_P1";"INTERVAL";"PROBE";1;63;0x00000b31;313;0;0;2188075;2789842;44;2188124;0;NOSTRESS
42634720695;53751;"NEAR_P1";"INTERVAL";"PROBE";1;63;0x00000b31;313;0;0;2193612;2801776;68;2193704;0;NOSTRESS
42634774462;134595;"TRAJ_R1";"INTERVAL";"PROBE";1;63;0x00000b31;313;1;1;5289335;6982329;791;5289520;0;NOSTRESS
42635298248;1215842;"MAF";"INTERVAL";"PROBE";1;63;0x00000b31;314;31;20;49364134;63246120;9841;49365752;0;NOSTRESS
42635298275;120;"SENS_C1";"INTERVAL";"PROBE";1;63;0x00000b31;314;0;3;1453;2074;464;1457;0;NOSTRESS
42635298403;245;"LOC_C1";"INTERVAL";"PROBE";1;63;0x00000b31;314;0;2;4909;7270;550;4913;0;NOSTRESS
42635298661;33;"LOC_C2";"INTERVAL";"PROBE";1;63;0x00000b31;314;0;0;650;881;104;654;0;NOSTRESS
42635298703;310;"LOC_C3";"INTERVAL";"PROBE";1;63;0x00000b31;314;0;0;9792;13177;328;9796;0;NOSTRESS
42635299023;41;"LOC_C4";"INTERVAL";"PROBE";1;63;0x00000b31;314;0;0;585;934;124;589;0;NOSTRESS
42635299071;54002;"NEAR_P1";"INTERVAL";"PROBE";1;63;0x00000b31;314;9;3;2193836;2804576;1434;2193917;0;NOSTRESS
42635353082;53788;"NEAR_P1";"INTERVAL";"PROBE";1;63;0x00000b31;314;3;7;2192903;2799032;672;2192980;0;NOSTRESS
42635406884;53564;"NEAR_P1";"INTERVAL";"PROBE";1;63;0x00000b31;314;2;3;2184963;2783324;344;2184989;0;NOSTRESS
42635460455;54024;"NEAR_P1";"INTERVAL";"PROBE";1;63;0x00000b31;314;17;1;2195751;2805991;957;2195859;0;NOSTRESS
42635514487;53715;"NEAR_P1";"INTERVAL";"PROBE";1;63;0x00000b31;314;0;0;2192967;2800096;4;2193045;0;NOSTRESS
42635568209;53585;"NEAR_P1";"INTERVAL";"PROBE";1;63;0x00000b31;314;0;0;2187902;2790738;12;2187950;0;NOSTRESS
42635621801;53710;"NEAR_P1";"INTERVAL";"PROBE";1;63;0x00000b31;314;0;0;2192984;2794223;4;2193067;0;NOSTRESS
42635675532;53838;"NEAR_P1";"INTERVAL";"PROBE";1;63;0x00000b31;314;0;0;2194867;2802185;220;2194960;0;NOSTRESS
42635729378;53589;"NEAR_P1";"INTERVAL";"PROBE";1;63;0x00000b31;314;0;0;2187920;2791755;8;2187965;0;NOSTRESS
42635782974;53750;"NEAR_P1";"INTERVAL";"PROBE";1;63;0x00000b31;314;0;0;2193320;2802847;64;2193410;0;NOSTRESS
42635836732;53743;"NEAR_P1";"INTERVAL";"PROBE";1;63;0x00000b31;314;0;0;2193711;2801853;36;2193802;0;NOSTRESS
42635890483;53792;"NEAR_P1";"INTERVAL";"PROBE";1;63;0x00000b31;314;0;0;2194855;2801548;131;2194942;0;NOSTRESS
42635944282;53696;"NEAR_P1";"INTERVAL";"PROBE";1;63;0x00000b31;314;0;0;2188179;2790970;963;2188226;0;NOSTRESS
42635997988;53889;"NEAR_P1";"INTERVAL";"PROBE";1;63;0x00000b31;314;0;0;2193096;2789937;824;2193187;0;NOSTRESS
42636051889;53828;"NEAR_P1";"INTERVAL";"PROBE";1;63;0x00000b31;314;0;0;2193831;2798870;908;2193924;0;NOSTRESS
42636105726;53739;"NEAR_P1";"INTERVAL";"PROBE";1;63;0x00000b31;314;0;0;2188220;2789700;464;2188263;0;NOSTRESS
42636159473;53792;"NEAR_P1";"INTERVAL";"PROBE";1;63;0x00000b31;314;0;0;2193676;2800155;226;2193770;0;NOSTRESS
42636213273;53791;"NEAR_P1";"INTERVAL";"PROBE";1;63;0x00000b31;314;0;0;2193675;2802594;228;2193766;0;NOSTRESS
42636267072;53598;"NEAR_P1";"INTERVAL";"PROBE";1;63;0x00000b31;314;0;0;2188234;2787809;68;2188277;0;NOSTRESS
42636320677;53795;"NEAR_P1";"INTERVAL";"PROBE";1;63;0x00000b31;314;0;0;2193618;2799582;56;2193709;0;NOSTRESS
42636374483;139599;"TRAJ_R1";"INTERVAL";"PROBE";1;63;0x00000b31;314;0;0;5492018;7256842;396;5492190;0;NOSTRESS
42636898265;1223954;"MAF";"INTERVAL";"PROBE";1;63;0x00000b31;315;25;11;49595396;64136561;12970;49597040;0;NOSTRESS
42636898293;127;"SENS_C1";"INTERVAL";"PROBE";1;63;0x00000b31;315;0;1;1451;2056;472;1455;0;NOSTRESS
42636898427;240;"LOC_C1";"INTERVAL";"PROBE";1;63;0x00000b31;315;0;0;4914;7396;552;4918;0;NOSTRESS
42636898675;32;"LOC_C2";"INTERVAL";"PROBE";1;63;0x00000b31;315;0;0;650;903;100;654;0;NOSTRESS
42636898716;309;"LOC_C3";"INTERVAL";"PROBE";1;63;0x00000b31;315;0;0;9800;13280;312;9804;0;NOSTRESS
42636899034;42;"LOC_C4";"INTERVAL";"PROBE";1;63;0x00000b31;315;0;0;585;915;128;589;0;NOSTRESS
42636899082;54042;"NEAR_P1";"INTERVAL";"PROBE";1;63;0x00000b31;315;7;3;2195071;2832116;1261;2195138;0;NOSTRESS
42636953131;53963;"NEAR_P1";"INTERVAL";"PROBE";1;63;0x00000b31;315;1;2;2194225;2825612;720;2194299;0;NOSTRESS
42637007105;53743;"NEAR_P1";"INTERVAL";"PROBE";1;63;0x00000b31;315;0;0;2189084;2813783;328;2189126;0;NOSTRESS
42637060855;53873;"NEAR_P1";"INTERVAL";"PROBE";1;63;0x00000b31;315;0;0;2194166;2822193;63;2194246;0;NOSTRESS
42637114736;54166;"NEAR_P1";"INTERVAL";"PROBE";1;63;0x00000b31;315;15;4;2195040;2829072;1163;2195123;0;NOSTRESS
42637168909;53700;"NEAR_P1";"INTERVAL";"PROBE";1;63;0x00000b31;315;0;0;2189039;2817078;24;2189087;0;NOSTRESS
42637222617;53851;"NEAR_P1";"INTERVAL";"PROBE";1;63;0x00000b31;315;0;0;2194156;2826231;16;2194242;0;NOSTRESS
42637276475;53863;"NEAR_P1";"INTERVAL";"PROBE";1;63;0x00000b31;315;0;0;2194393;2827218;20;2194479;0;NOSTRESS
42637330345;53945;"NEAR_P1";"INTERVAL";"PROBE";1;63;0x00000b31;315;0;0;2196039;2821455;192;2196135;0;NOSTRESS
42637384297;53722;"NEAR_P1";"INTERVAL";"PROBE";1;63;0x00000b31;315;0;0;2189469;2818485;88;2189515;0;NOSTRESS
42637438026;53865;"NEAR_P1";"INTERVAL";"PROBE";1;63;0x00000b31;315;0;0;2194906;2828403;32;2195000;0;NOSTRESS
42637491899;53939;"NEAR_P1";"INTERVAL";"PROBE";1;63;0x00000b31;315;2;0;2196564;2830597;80;2196657;0;NOSTRESS
42637545845;53821;"NEAR_P1";"INTERVAL";"PROBE";1;63;0x00000b31;315;0;0;2189298;2818208;1570;2189340;0;NOSTRESS
42637599685;54168;"NEAR_P1";"INTERVAL";"PROBE";1;63;0x00000b31;315;0;0;2194650;2825108;3202;2194738;0;NOSTRESS
42637653867;53958;"NEAR_P1";"INTERVAL";"PROBE";1;63;0x00000b31;315;0;0;2194810;2826118;1230;2194901;0;NOSTRESS
42637707833;53797;"NEAR_P1";"INTERVAL";"PROBE";1;63;0x00000b31;315;0;0;2189373;2814061;456;2189416;0;NOSTRESS
42637761638;53883;"NEAR_P1";"INTERVAL";"PROBE";1;63;0x00000b31;315;0;0;2194758;2826609;156;2194852;0;NOSTRESS
42637815528;53911;"NEAR_P1";"INTERVAL";"PROBE";1;63;0x00000b31;315;0;0;2194787;2828043;64;2194878;0;NOSTRESS
42637869447;53720;"NEAR_P1";"INTERVAL";"PROBE";1;63;0x00000b31;315;0;0;2189412;2814715;20;2189455;0;NOSTRESS
42637923174;53910;"NEAR_P1";"INTERVAL";"PROBE";1;63;0x00000b31;315;0;0;2194823;2827323;93;2194917;0;NOSTRESS
42637977100;145111;"TRAJ_R1";"INTERVAL";"PROBE";1;63;0x00000b31;315;0;0;5697720;7612111;388;5697937;0;NOSTRESS
42638498225;1228306;"MAF";"INTERVAL";"PROBE";1;63;0x00000b31;316;8;8;49785215;64361010;7505;49786863;0;NOSTRESS
42638498249;127;"SENS_C1";"INTERVAL";"PROBE";1;63;0x00000b31;316;0;3;1454;2060;472;1458;0;NOSTRESS
42638498383;249;"LOC_C1";"INTERVAL";"PROBE";1;63;0x00000b31;316;0;1;4923;7371;546;4927;0;NOSTRESS
42638498642;32;"LOC_C2";"INTERVAL";"PROBE";1;63;0x00000b31;316;0;0;650;899;96;654;0;NOSTRESS
42638498684;309;"LOC_C3";"INTERVAL";"PROBE";1;63;0x00000b31;316;0;0;9800;13427;304;9804;0;NOSTRESS
42638499003;40;"LOC_C4";"INTERVAL";"PROBE";1;63;0x00000b31;316;0;0;586;916;124;590;0;NOSTRESS
42638499049;54069;"NEAR_P1";"INTERVAL";"PROBE";1;63;0x00000b31;316;6;2;2194905;2831260;1314;2194982;0;NOSTRESS
42638553127;53920;"NEAR_P1";"INTERVAL";"PROBE";1;63;0x00000b31;316;2;1;2194120;2829207;584;2194198;0;NOSTRESS
42638607055;53730;"NEAR_P1";"INTERVAL";"PROBE";1;63;0x00000b31;316;0;0;2189003;2814469;380;2189041;0;NOSTRESS
42638660792;53868;"NEAR_P1";"INTERVAL";"PROBE";1;63;0x00000b31;316;0;0;2194150;2828624;88;2194228;0;NOSTRESS
42638714668;53873;"NEAR_P1";"INTERVAL";"PROBE";1;63;0x00000b31;316;0;0;2194341;2831600;41;2194417;0;NOSTRESS
42638768548;53707;"NEAR_P1";"INTERVAL";"PROBE";1;63;0x00000b31;316;0;0;2189084;2816363;22;2189129;0;NOSTRESS
42638822263;53847;"NEAR_P1";"INTERVAL";"PROBE";1;63;0x00000b31;316;0;0;2194084;2825018;40;2194170;0;NOSTRESS
42638876118;53888;"NEAR_P1";"INTERVAL";"PROBE";1;63;0x00000b31;316;0;0;2194157;2830405;69;2194246;0;NOSTRESS
42638930013;53708;"NEAR_P1";"INTERVAL";"PROBE";1;63;0x00000b31;316;0;0;2189088;2805440;4;2189133;0;NOSTRESS
42638983728;54013;"NEAR_P1";"INTERVAL";"PROBE";1;63;0x00000b31;316;0;0;2196546;2818396;322;2196643;0;NOSTRESS
42639037748;53933;"NEAR_P1";"INTERVAL";"PROBE";1;63;0x00000b31;316;0;0;2194812;2828820;81;2194897;0;NOSTRESS
42639091688;53876;"NEAR_P1";"INTERVAL";"PROBE";1;63;0x00000b31;316;0;0;2194911;2829272;16;2195002;0;NOSTRESS
42639145571;53747;"NEAR_P1";"INTERVAL";"PROBE";1;63;0x00000b31;316;0;0;2189477;2817059;284;2189526;0;NOSTRESS
42639199330;54013;"NEAR_P1";"INTERVAL";"PROBE";1;63;0x00000b31;316;0;0;2196059;2831361;614;2196154;0;NOSTRESS
42639253352;53970;"NEAR_P1";"INTERVAL";"PROBE";1;63;0x00000b31;316;0;0;2194485;2826806;812;2194575;0;NOSTRESS
42639307329;53754;"NEAR_P1";"INTERVAL";"PROBE";1;63;0x00000b31;316;0;0;2189511;2819052;350;2189558;0;NOSTRESS
42639361107;53893;"NEAR_P1";"INTERVAL";"PROBE";1;63;0x00000b31;316;0;0;2194697;2816290;205;2194785;0;NOSTRESS
42639415007;53884;"NEAR_P1";"INTERVAL";"PROBE";1;63;0x00000b31;316;0;0;2194889;2806961;92;2194974;0;NOSTRESS
42639468898;53730;"NEAR_P1";"INTERVAL";"PROBE";1;63;0x00000b31;316;0;0;2189371;2817247;64;2189420;0;NOSTRESS
42639522635;53899;"NEAR_P1";"INTERVAL";"PROBE";1;63;0x00000b31;316;0;0;2194800;2826232;64;2194894;0;NOSTRESS
42639576545;149979;"TRAJ_R1";"INTERVAL";"PROBE";1;63;0x00000b31;316;0;0;5889104;7858894;373;5889324;0;NOSTRESS
42640098241;1231939;"MAF";"INTERVAL";"PROBE";1;63;0x00000b31;317;18;8;49958540;64388972;8469;49960169;0;NOSTRESS
42640098268;119;"SENS_C1";"INTERVAL";"PROBE";1;63;0x00000b31;317;0;3;1451;2080;460;1455;0;NOSTRESS
42640098394;244;"LOC_C1";"INTERVAL";"PROBE";1;63;0x00000b31;317;1;1;4922;7295;549;4926;0;NOSTRESS
42640098646;33;"LOC_C2";"INTERVAL";"PROBE";1;63;0x00000b31;317;0;0;650;877;104;654;0;NOSTRESS
42640098688;313;"LOC_C3";"INTERVAL";"PROBE";1;63;0x00000b31;317;0;0;9800;13321;316;9804;0;NOSTRESS
42640099011;42;"LOC_C4";"INTERVAL";"PROBE";1;63;0x00000b31;317;0;0;585;909;128;589;0;NOSTRESS
42640099060;54004;"NEAR_P1";"INTERVAL";"PROBE";1;63;0x00000b31;317;4;1;2195169;2834073;988;2195248;0;NOSTRESS
42640153074;53860;"NEAR_P1";"INTERVAL";"PROBE";1;63;0x00000b31;317;0;0;2191405;2823331;514;2191473;0;NOSTRESS
42640206941;53742;"NEAR_P1";"INTERVAL";"PROBE";1;63;0x00000b31;317;0;0;2189188;2818004;254;2189230;0;NOSTRESS
42640260690;53861;"NEAR_P1";"INTERVAL";"PROBE";1;63;0x00000b31;317;0;0;2194170;2825927;69;2194246;0;NOSTRESS
42640314558;53887;"NEAR_P1";"INTERVAL";"PROBE";1;63;0x00000b31;317;0;0;2194240;2827948;68;2194316;0;NOSTRESS
42640368452;53711;"NEAR_P1";"INTERVAL";"PROBE";1;63;0x00000b31;317;0;0;2189092;2818521;32;2189137;0;NOSTRESS
42640422170;53785;"NEAR_P1";"INTERVAL";"PROBE";1;63;0x00000b31;317;0;0;2191246;2822064;22;2191326;0;NOSTRESS
42640475962;53847;"NEAR_P1";"INTERVAL";"PROBE";1;63;0x00000b31;317;0;0;2194201;2817632;6;2194290;0;NOSTRESS
42640529816;53720;"NEAR_P1";"INTERVAL";"PROBE";1;63;0x00000b31;317;0;0;2189104;2815951;8;2189149;0;NOSTRESS
42640583544;53870;"NEAR_P1";"INTERVAL";"PROBE";1;63;0x00000b31;317;0;0;2194523;2827879;64;2194610;0;NOSTRESS
42640637421;54000;"NEAR_P1";"INTERVAL";"PROBE";1;63;0x00000b31;317;0;0;2196770;2832717;192;2196868;0;NOSTRESS
42640691428;53869;"NEAR_P1";"INTERVAL";"PROBE";1;63;0x00000b31;317;0;0;2194986;2826012;20;2195078;0;NOSTRESS
42640745305;53734;"NEAR_P1";"INTERVAL";"PROBE";1;63;0x00000b31;317;0;0;2189451;2818551;340;2189494;0;NOSTRESS
42640799050;53949;"NEAR_P1";"INTERVAL";"PROBE";1;63;0x00000b31;317;0;0;2194277;2814447;761;2194364;0;NOSTRESS
42640853008;54225;"NEAR_P1";"INTERVAL";"PROBE";1;63;0x00000b31;317;13;3;2196801;2806593;2225;2196897;0;NOSTRESS
42640907243;53681;"NEAR_P1";"INTERVAL";"PROBE";1;63;0x00000b31;317;0;0;2189507;2790734;356;2189551;0;NOSTRESS
42640960948;53786;"NEAR_P1";"INTERVAL";"PROBE";1;63;0x00000b31;317;0;0;2194736;2803123;138;2194827;0;NOSTRESS
42641014741;53800;"NEAR_P1";"INTERVAL";"PROBE";1;63;0x00000b31;317;0;0;2194544;2797298;124;2194632;0;NOSTRESS
42641068548;53612;"NEAR_P1";"INTERVAL";"PROBE";1;63;0x00000b31;317;0;0;2189342;2792768;68;2189385;0;NOSTRESS
42641122167;53770;"NEAR_P1";"INTERVAL";"PROBE";1;63;0x00000b31;317;0;0;2194765;2801654;96;2194859;0;NOSTRESS
42641175959;154215;"TRAJ_R1";"INTERVAL";"PROBE";1;63;0x00000b31;317;0;0;6067397;8021827;379;6067617;0;NOSTRESS
42641698358;1235494;"MAF";"INTERVAL";"PROBE";1;63;0x00000b31;318;24;24;50129320;64440744;12074;50130942;0;NOSTRESS
42641698393;144;"SENS_C1";"INTERVAL";"PROBE";1;63;0x00000b31;318;1;4;1456;2119;564;1460;0;NOSTRESS
42641698544;284;"LOC_C1";"INTERVAL";"PROBE";1;63;0x00000b31;318;1;3;4930;7432;722;4934;0;NOSTRESS
42641698835;38;"LOC_C2";"INTERVAL";"PROBE";1;63;0x00000b31;318;0;1;650;938;136;654;0;NOSTRESS
42641698882;312;"LOC_C3";"INTERVAL";"PROBE";1;63;0x00000b31;318;0;0;9799;13341;336;9803;0;NOSTRESS
42641699203;43;"LOC_C4";"INTERVAL";"PROBE";1;63;0x00000b31;318;0;0;586;905;128;590;0;NOSTRESS
42641699253;54020;"NEAR_P1";"INTERVAL";"PROBE";1;63;0x00000b31;318;12;11;2194980;2807376;3807;2195049;0;NOSTRESS
42641753282;53819;"NEAR_P1";"INTERVAL";"PROBE";1;63;0x00000b31;318;1;1;2194135;2800413;1572;2194211;0;NOSTRESS
42641807109;53652;"NEAR_P1";"INTERVAL";"PROBE";1;63;0x00000b31;318;0;0;2189114;2788818;757;2189152;0;NOSTRESS
42641860768;53761;"NEAR_P1";"INTERVAL";"PROBE";1;63;0x00000b31;318;0;0;2194192;2801127;97;2194270;0;NOSTRESS
42641914536;53743;"NEAR_P1";"INTERVAL";"PROBE";1;63;0x00000b31;318;0;0;2194168;2801894;12;2194242;0;NOSTRESS
42641968301;53591;"NEAR_P1";"INTERVAL";"PROBE";1;63;0x00000b31;318;0;0;2189026;2788405;24;2189068;0;NOSTRESS
42642021899;53752;"NEAR_P1";"INTERVAL";"PROBE";1;63;0x00000b31;318;0;0;2194148;2801175;8;2194240;0;NOSTRESS
42642075658;53692;"NEAR_P1";"INTERVAL";"PROBE";1;63;0x00000b31;318;0;0;2191199;2791663;13;2191276;0;NOSTRESS
42642129357;53594;"NEAR_P1";"INTERVAL";"PROBE";1;63;0x00000b31;318;0;0;2189137;2789329;20;2189185;0;NOSTRESS
42642182958;53752;"NEAR_P1";"INTERVAL";"PROBE";1;63;0x00000b31;318;0;0;2194507;2801066;80;2194594;0;NOSTRESS
42642236717;53780;"NEAR_P1";"INTERVAL";"PROBE";1;63;0x00000b31;318;0;0;2194850;2790041;60;2194941;0;NOSTRESS
42642290504;53879;"NEAR_P1";"INTERVAL";"PROBE";1;63;0x00000b31;318;7;0;2196812;2806761;312;2196914;0;NOSTRESS
42642344390;53655;"NEAR_P1";"INTERVAL";"PROBE";1;63;0x00000b31;318;1;0;2189383;2792090;372;2189429;0;NOSTRESS
42642398066;53796;"NEAR_P1";"INTERVAL";"PROBE";1;63;0x00000b31;318;0;0;2194933;2800181;476;2195025;0;NOSTRESS
42642451871;53840;"NEAR_P1";"INTERVAL";"PROBE";1;63;0x00000b31;318;0;0;2194944;2801834;852;2195036;0;NOSTRESS
42642505718;53847;"NEAR_P1";"INTERVAL";"PROBE";1;63;0x00000b31;318;1;0;2190969;2804911;637;2191014;0;NOSTRESS
42642559572;53908;"NEAR_P1";"INTERVAL";"PROBE";1;63;0x00000b31;318;0;0;2194892;2829451;220;2194980;0;NOSTRESS
42642613489;53897;"NEAR_P1";"INTERVAL";"PROBE";1;63;0x00000b31;318;0;0;2194881;2828851;89;2194969;0;NOSTRESS
42642667393;53730;"NEAR_P1";"INTERVAL";"PROBE";1;63;0x00000b31;318;0;0;2189433;2813810;70;2189479;0;NOSTRESS
42642721130;53890;"NEAR_P1";"INTERVAL";"PROBE";1;63;0x00000b31;318;0;0;2194831;2825449;60;2194916;0;NOSTRESS
42642775030;158814;"TRAJ_R1";"INTERVAL";"PROBE";1;63;0x00000b31;318;0;1;6235155;8324278;450;6235375;0;NOSTRESS
42643298233;1239145;"MAF";"INTERVAL";"PROBE";1;63;0x00000b31;319;34;13;50272071;64599036;9499;50273761;0;NOSTRESS
42643298260;127;"SENS_C1";"INTERVAL";"PROBE";1;63;0x00000b31;319;0;3;1452;2058;496;1456;0;NOSTRESS
42643298394;244;"LOC_C1";"INTERVAL";"PROBE";1;63;0x00000b31;319;1;0;4909;7230;561;4913;0;NOSTRESS
42643298646;36;"LOC_C2";"INTERVAL";"PROBE";1;63;0x00000b31;319;0;0;650;905;120;654;0;NOSTRESS
42643298691;310;"LOC_C3";"INTERVAL";"PROBE";1;63;0x00000b31;319;0;0;9801;13113;316;9805;0;NOSTRESS
42643299010;41;"LOC_C4";"INTERVAL";"PROBE";1;63;0x00000b31;319;0;0;585;910;124;589;0;NOSTRESS
42643299057;54129;"NEAR_P1";"INTERVAL";"PROBE";1;63;0x00000b31;319;8;5;2195100;2834426;1572;2195177;0;NOSTRESS
42643353194;53939;"NEAR_P1";"INTERVAL";"PROBE";1;63;0x00000b31;319;6;2;2194274;2832291;652;2194352;0;NOSTRESS
42643407141;53736;"NEAR_P1";"INTERVAL";"PROBE";1;63;0x00000b31;319;1;2;2189152;2815429;374;2189192;0;NOSTRESS
42643460886;54102;"NEAR_P1";"INTERVAL";"PROBE";1;63;0x00000b31;319;7;0;2196781;2836339;597;2196874;0;NOSTRESS
42643514995;53937;"NEAR_P1";"INTERVAL";"PROBE";1;63;0x00000b31;319;7;1;2195739;2813361;300;2195826;0;NOSTRESS
42643568939;53683;"NEAR_P1";"INTERVAL";"PROBE";1;63;0x00000b31;319;0;0;2190409;2796151;138;2190464;0;NOSTRESS
42643622629;53887;"NEAR_P1";"INTERVAL";"PROBE";1;63;0x00000b31;319;0;0;2196942;2807405;161;2197046;0;NOSTRESS
42643676523;53776;"NEAR_P1";"INTERVAL";"PROBE";1;63;0x00000b31;319;2;0;2194213;2800746;36;2194299;0;NOSTRESS
42643730306;53745;"NEAR_P1";"INTERVAL";"PROBE";1;63;0x00000b31;319;0;0;2192609;2797438;65;2192694;0;NOSTRESS
42643784059;53618;"NEAR_P1";"INTERVAL";"PROBE";1;63;0x00000b31;319;0;0;2189551;2792535;60;2189597;0;NOSTRESS
42643837684;53753;"NEAR_P1";"INTERVAL";"PROBE";1;63;0x00000b31;319;0;0;2194951;2803968;32;2195045;0;NOSTRESS
42643891444;53751;"NEAR_P1";"INTERVAL";"PROBE";1;63;0x00000b31;319;0;0;2194902;2801200;20;2194990;0;NOSTRESS
42643945203;53624;"NEAR_P1";"INTERVAL";"PROBE";1;63;0x00000b31;319;0;0;2189450;2790541;300;2189496;0;NOSTRESS
42643998837;53971;"NEAR_P1";"INTERVAL";"PROBE";1;63;0x00000b31;319;1;0;2196730;2806299;881;2196831;0;NOSTRESS
42644052817;53879;"NEAR_P1";"INTERVAL";"PROBE";1;63;0x00000b31;319;0;0;2194976;2800389;836;2195068;0;NOSTRESS
42644106703;53678;"NEAR_P1";"INTERVAL";"PROBE";1;63;0x00000b31;319;0;0;2189573;2793374;364;2189617;0;NOSTRESS
42644160389;53871;"NEAR_P1";"INTERVAL";"PROBE";1;63;0x00000b31;319;0;0;2196160;2804944;376;2196249;0;NOSTRESS
42644214267;53802;"NEAR_P1";"INTERVAL";"PROBE";1;63;0x00000b31;319;0;0;2194872;2799742;241;2194960;0;NOSTRESS
42644268076;53620;"NEAR_P1";"INTERVAL";"PROBE";1;63;0x00000b31;319;0;0;2189456;2794100;201;2189499;0;NOSTRESS
42644321703;53797;"NEAR_P1";"INTERVAL";"PROBE";1;63;0x00000b31;319;0;0;2194890;2802210;144;2194984;0;NOSTRESS
42644375526;161844;"TRAJ_R1";"INTERVAL";"PROBE";1;63;0x00000b31;319;0;0;6367728;8424315;348;6367942;0;NOSTRESS
42644898234;1242209;"MAF";"INTERVAL";"PROBE";1;63;0x00000b31;320;24;12;50363168;64801742;12192;50364814;0;NOSTRESS
42644898257;116;"SENS_C1";"INTERVAL";"PROBE";1;63;0x00000b31;320;0;2;1454;2060;452;1458;0;NOSTRESS
42644898382;243;"LOC_C1";"INTERVAL";"PROBE";1;63;0x00000b31;320;0;1;4917;7360;550;4921;0;NOSTRESS
42644898633;309;"LOC_C2";"INTERVAL";"PROBE";1;63;0x00000b31;320;12;1;1543;3014;1152;1554;0;NOSTRESS
42644898950;310;"LOC_C3";"INTERVAL";"PROBE";1;63;0x00000b31;320;0;0;9802;13501;304;9806;0;NOSTRESS
42644899270;43;"LOC_C4";"INTERVAL";"PROBE";1;63;0x00000b31;320;0;0;586;921;124;590;0;NOSTRESS
42644899321;54125;"NEAR_P1";"INTERVAL";"PROBE";1;63;0x00000b31;320;6;4;2194981;2831022;1344;2195060;0;NOSTRESS
42644953453;53912;"NEAR_P1";"INTERVAL";"PROBE";1;63;0x00000b31;320;5;3;2193958;2815104;612;2194033;0;NOSTRESS
42645007374;53731;"NEAR_P1";"INTERVAL";"PROBE";1;63;0x00000b31;320;0;0;2188991;2817226;356;2189031;0;NOSTRESS
42645061112;53861;"NEAR_P1";"INTERVAL";"PROBE";1;63;0x00000b31;320;0;0;2194104;2827147;56;2194180;0;NOSTRESS
42645114980;53847;"NEAR_P1";"INTERVAL";"PROBE";1;63;0x00000b31;320;0;0;2194080;2825517;25;2194156;0;NOSTRESS
42645168834;53698;"NEAR_P1";"INTERVAL";"PROBE";1;63;0x00000b31;320;0;0;2188955;2817239;23;2189000;0;NOSTRESS
42645222539;53844;"NEAR_P1";"INTERVAL";"PROBE";1;63;0x00000b31;320;0;0;2194003;2825564;40;2194089;0;NOSTRESS
42645276390;53862;"NEAR_P1";"INTERVAL";"PROBE";1;63;0x00000b31;320;0;0;2193986;2828599;40;2194075;0;NOSTRESS
42645330259;53846;"NEAR_P1";"INTERVAL";"PROBE";1;63;0x00000b31;320;0;0;2194008;2825508;16;2194097;0;NOSTRESS
42645384114;53684;"NEAR_P1";"INTERVAL";"PROBE";1;63;0x00000b31;320;0;0;2189434;2804960;74;2189483;0;NOSTRESS
42645437806;53786;"NEAR_P1";"INTERVAL";"PROBE";1;63;0x00000b31;320;0;0;2194770;2802301;60;2194858;0;NOSTRESS
42645491599;53753;"NEAR_P1";"INTERVAL";"PROBE";1;63;0x00000b31;320;0;0;2194610;2791517;45;2194696;0;NOSTRESS
42645545359;53687;"NEAR_P1";"INTERVAL";"PROBE";1;63;0x00000b31;320;0;0;2189402;2790990;556;2189448;0;NOSTRESS
42645599060;54102;"NEAR_P1";"INTERVAL";"PROBE";1;63;0x00000b31;320;0;0;2194645;2801616;2841;2194731;0;NOSTRESS
42645653174;54068;"NEAR_P1";"INTERVAL";"PROBE";1;63;0x00000b31;320;1;0;2196742;2806767;1764;2196844;0;NOSTRESS
42645707249;53663;"NEAR_P1";"INTERVAL";"PROBE";1;63;0x00000b31;320;0;0;2189400;2792424;509;2189446;0;NOSTRESS
42645760920;53792;"NEAR_P1";"INTERVAL";"PROBE";1;63;0x00000b31;320;0;0;2194823;2801742;172;2194914;0;NOSTRESS
42645814722;53867;"NEAR_P1";"INTERVAL";"PROBE";1;63;0x00000b31;320;0;0;2196261;2802860;297;2196354;0;NOSTRESS
42645868599;53636;"NEAR_P1";"INTERVAL";"PROBE";1;63;0x00000b31;320;0;0;2189424;2791666;76;2189470;0;NOSTRESS
42645922243;53768;"NEAR_P1";"INTERVAL";"PROBE";1;63;0x00000b31;320;0;0;2194841;2803187;52;2194932;0;NOSTRESS
42645976037;164398;"TRAJ_R1";"INTERVAL";"PROBE";1;63;0x00000b31;320;0;0;6467228;8544413;412;6467442;0;NOSTRESS
42646498286;1242082;"MAF";"INTERVAL";"PROBE";1;63;0x00000b31;321;5;5;50418007;64661656;7338;50419647;0;NOSTRESS
42646498307;115;"SENS_C1";"INTERVAL";"PROBE";1;63;0x00000b31;321;0;2;1452;2012;456;1456;0;NOSTRESS
42646498430;242;"LOC_C1";"INTERVAL";"PROBE";1;63;0x00000b31;321;0;1;4903;7176;521;4907;0;NOSTRESS
42646498681;34;"LOC_C2";"INTERVAL";"PROBE";1;63;0x00000b31;321;0;0;650;885;108;654;0;NOSTRESS
42646498724;309;"LOC_C3";"INTERVAL";"PROBE";1;63;0x00000b31;321;0;0;9793;13428;312;9797;0;NOSTRESS
42646499043;43;"LOC_C4";"INTERVAL";"PROBE";1;63;0x00000b31;321;0;0;585;925;128;589;0;NOSTRESS
42646499093;54071;"NEAR_P1";"INTERVAL";"PROBE";1;63;0x00000b31;321;3;1;2197001;2810371;1370;2197086;0;NOSTRESS
42646553171;53862;"NEAR_P1";"INTERVAL";"PROBE";1;63;0x00000b31;321;1;1;2194296;2803675;548;2194374;0;NOSTRESS
42646607041;53662;"NEAR_P1";"INTERVAL";"PROBE";1;63;0x00000b31;321;0;0;2189265;2792594;252;2189307;0;NOSTRESS
42646660710;53766;"NEAR_P1";"INTERVAL";"PROBE";1;63;0x00000b31;321;0;0;2194189;2802275;64;2194267;0;NOSTRESS
42646714499;53768;"NEAR_P1";"INTERVAL";"PROBE";1;63;0x00000b31;321;0;0;2194248;2803533;28;2194322;0;NOSTRESS
42646768275;53618;"NEAR_P1";"INTERVAL";"PROBE";1;63;0x00000b31;321;0;0;2189159;2792795;12;2189204;0;NOSTRESS
42646821900;53701;"NEAR_P1";"INTERVAL";"PROBE";1;63;0x00000b31;321;0;0;2191482;2788022;25;2191559;0;NOSTRESS
42646875608;53745;"NEAR_P1";"INTERVAL";"PROBE";1;63;0x00000b31;321;0;0;2194231;2805239;23;2194314;0;NOSTRESS
42646929360;53620;"NEAR_P1";"INTERVAL";"PROBE";1;63;0x00000b31;321;0;0;2189251;2794449;21;2189299;0;NOSTRESS
42646982987;53684;"NEAR_P1";"INTERVAL";"PROBE";1;63;0x00000b31;321;0;0;2191657;2787571;83;2191735;0;NOSTRESS
42647036678;53767;"NEAR_P1";"INTERVAL";"PROBE";1;63;0x00000b31;321;0;0;2194937;2804585;29;2195028;0;NOSTRESS
42647090452;53782;"NEAR_P1";"INTERVAL";"PROBE";1;63;0x00000b31;321;0;0;2194942;2804112;71;2195034;0;NOSTRESS
42647144241;53661;"NEAR_P1";"INTERVAL";"PROBE";1;63;0x00000b31;321;0;0;2189489;2794333;256;2189535;0;NOSTRESS
42647197920;53849;"NEAR_P1";"INTERVAL";"PROBE";1;63;0x00000b31;321;0;0;2195006;2806230;494;2195098;0;NOSTRESS
42647251780;53874;"NEAR_P1";"INTERVAL";"PROBE";1;63;0x00000b31;321;0;0;2194921;2803569;840;2195012;0;NOSTRESS
42647305663;53816;"NEAR_P1";"INTERVAL";"PROBE";1;63;0x00000b31;321;0;0;2191545;2798538;784;2191602;0;NOSTRESS
42647359487;53786;"NEAR_P1";"INTERVAL";"PROBE";1;63;0x00000b31;321;0;0;2194893;2802627;176;2194981;0;NOSTRESS
42647413280;53770;"NEAR_P1";"INTERVAL";"PROBE";1;63;0x00000b31;321;0;0;2194929;2803570;72;2195020;0;NOSTRESS
42647467058;53622;"NEAR_P1";"INTERVAL";"PROBE";1;63;0x00000b31;321;0;0;2189562;2792232;28;2189605;0;NOSTRESS
42647520687;53815;"NEAR_P1";"INTERVAL";"PROBE";1;63;0x00000b31;321;0;0;2195068;2803853;64;2195159;0;NOSTRESS
42647574536;165822;"TRAJ_R1";"INTERVAL";"PROBE";1;63;0x00000b31;321;0;0;6524341;8615703;385;6524565;0;NOSTRESS
42648098291;1242682;"MAF";"INTERVAL";"PROBE";1;63;0x00000b31;322;19;6;50430157;64734984;8357;50431807;0;NOSTRESS
42648098315;116;"SENS_C1";"INTERVAL";"PROBE";1;63;0x00000b31;322;0;3;1454;2075;444;1458;0;NOSTRESS
42648098440;243;"LOC_C1";"INTERVAL";"PROBE";1;63;0x00000b31;322;1;2;4909;7183;518;4913;0;NOSTRESS
42648098690;34;"LOC_C2";"INTERVAL";"PROBE";1;63;0x00000b31;322;0;0;650;902;112;654;0;NOSTRESS
42648098733;311;"LOC_C3";"INTERVAL";"PROBE";1;63;0x00000b31;322;0;0;9796;13249;332;9800;0;NOSTRESS
42648099054;44;"LOC_C4";"INTERVAL";"PROBE";1;63;0x00000b31;322;0;0;586;911;120;590;0;NOSTRESS
42648099104;53970;"NEAR_P1";"INTERVAL";"PROBE";1;63;0x00000b31;322;3;1;2195714;2811235;1119;2195791;0;NOSTRESS
42648153083;53920;"NEAR_P1";"INTERVAL";"PROBE";1;63;0x00000b31;322;2;0;2195742;2810115;732;2195830;0;NOSTRESS
42648207011;53642;"NEAR_P1";"INTERVAL";"PROBE";1;63;0x00000b31;322;0;0;2188811;2795154;232;2188851;0;NOSTRESS
42648260660;53766;"NEAR_P1";"INTERVAL";"PROBE";1;63;0x00000b31;322;0;0;2193894;2806462;41;2193970;0;NOSTRESS
42648314433;53744;"NEAR_P1";"INTERVAL";"PROBE";1;63;0x00000b31;322;0;0;2193878;2803789;16;2193959;0;NOSTRESS
42648368184;53611;"NEAR_P1";"INTERVAL";"PROBE";1;63;0x00000b31;322;0;0;2188793;2797007;4;2188838;0;NOSTRESS
42648421806;53746;"NEAR_P1";"INTERVAL";"PROBE";1;63;0x00000b31;322;0;0;2193971;2805990;12;2194063;0;NOSTRESS
42648475571;53984;"NEAR_P1";"INTERVAL";"PROBE";1;63;0x00000b31;322;13;0;2191721;2800691;1072;2191798;0;NOSTRESS
42648529563;53593;"NEAR_P1";"INTERVAL";"PROBE";1;63;0x00000b31;322;0;0;2188773;2793395;26;2188815;0;NOSTRESS
42648583163;53762;"NEAR_P1";"INTERVAL";"PROBE";1;63;0x00000b31;322;0;0;2194226;2805091;68;2194316;0;NOSTRESS
42648636934;53772;"NEAR_P1";"INTERVAL";"PROBE";1;63;0x00000b31;322;0;0;2194609;2803769;12;2194697;0;NOSTRESS
42648690713;53751;"NEAR_P1";"INTERVAL";"PROBE";1;63;0x00000b31;322;0;0;2194172;2802294;60;2194261;0;NOSTRESS
42648744472;53663;"NEAR_P1";"INTERVAL";"PROBE";1;63;0x00000b31;322;0;0;2188942;2792499;308;2188991;0;NOSTRESS
42648798145;53809;"NEAR_P1";"INTERVAL";"PROBE";1;63;0x00000b31;322;0;0;2194643;2793849;365;2194735;0;NOSTRESS
42648851963;53832;"NEAR_P1";"INTERVAL";"PROBE";1;63;0x00000b31;322;0;0;2194751;2805284;704;2194844;0;NOSTRESS
42648905804;53637;"NEAR_P1";"INTERVAL";"PROBE";1;63;0x00000b31;322;0;0;2189243;2793454;308;2189290;0;NOSTRESS
42648959448;53954;"NEAR_P1";"INTERVAL";"PROBE";1;63;0x00000b31;322;0;0;2195997;2809629;616;2196094;0;NOSTRESS
42649013410;53830;"NEAR_P1";"INTERVAL";"PROBE";1;63;0x00000b31;322;0;0;2194316;2805311;294;2194404;0;NOSTRESS
42649067248;53622;"NEAR_P1";"INTERVAL";"PROBE";1;63;0x00000b31;322;0;0;2189108;2796090;56;2189154;0;NOSTRESS
42649120878;53867;"NEAR_P1";"INTERVAL";"PROBE";1;63;0x00000b31;322;0;0;2195767;2808843;200;2195856;0;NOSTRESS
42649174757;166206;"TRAJ_R1";"INTERVAL";"PROBE";1;63;0x00000b31;322;0;0;6539475;8643176;362;6539693;0;NOSTRESS
42649698358;1242362;"MAF";"INTERVAL";"PROBE";1;63;0x00000b31;323;39;25;50402384;64739565;12334;50404054;0;NOSTRESS
42649698395;137;"SENS_C1";"INTERVAL";"PROBE";1;63;0x00000b31;323;0;6;1453;2113;552;1457;0;NOSTRESS
42649698539;281;"LOC_C1";"INTERVAL";"PROBE";1;63;0x00000b31;323;3;2;4919;7309;721;4923;0;NOSTRESS
42649698827;42;"LOC_C2";"INTERVAL";"PROBE";1;63;0x00000b31;323;0;2;650;898;172;654;0;NOSTRESS
42649698877;314;"LOC_C3";"INTERVAL";"PROBE";1;63;0x00000b31;323;0;0;9787;13248;324;9791;0;NOSTRESS
42649699201;44;"LOC_C4";"INTERVAL";"PROBE";1;63;0x00000b31;323;0;0;584;893;132;588;0;NOSTRESS
42649699251;54104;"NEAR_P1";"INTERVAL";"PROBE";1;63;0x00000b31;323;20;5;2195155;2831366;3686;2195222;0;NOSTRESS
42649753363;53980;"NEAR_P1";"INTERVAL";"PROBE";1;63;0x00000b31;323;6;2;2194278;2830213;1663;2194354;0;NOSTRESS
42649807352;53868;"NEAR_P1";"INTERVAL";"PROBE";1;63;0x00000b31;323;7;2;2191019;2821517;1096;2191069;0;NOSTRESS
42649861228;53886;"NEAR_P1";"INTERVAL";"PROBE";1;63;0x00000b31;323;1;0;2194218;2830656;96;2194292;0;NOSTRESS
42649915123;53855;"NEAR_P1";"INTERVAL";"PROBE";1;63;0x00000b31;323;0;0;2194264;2824218;56;2194347;0;NOSTRESS
42649968985;53599;"NEAR_P1";"INTERVAL";"PROBE";1;63;0x00000b31;323;1;0;2189164;2791067;16;2189209;0;NOSTRESS
42650022591;53737;"NEAR_P1";"INTERVAL";"PROBE";1;63;0x00000b31;323;0;0;2194203;2800621;20;2194289;0;NOSTRESS
42650076335;53764;"NEAR_P1";"INTERVAL";"PROBE";1;63;0x00000b31;323;0;0;2194248;2802264;16;2194334;0;NOSTRESS
42650130106;53662;"NEAR_P1";"INTERVAL";"PROBE";1;63;0x00000b31;323;0;0;2190528;2792768;78;2190573;0;NOSTRESS
42650183777;53760;"NEAR_P1";"INTERVAL";"PROBE";1;63;0x00000b31;323;0;0;2194547;2802435;132;2194634;0;NOSTRESS
42650237545;53772;"NEAR_P1";"INTERVAL";"PROBE";1;63;0x00000b31;323;0;0;2194691;2802414;100;2194780;0;NOSTRESS
42650291324;53771;"NEAR_P1";"INTERVAL";"PROBE";1;63;0x00000b31;323;0;0;2195204;2793283;28;2195314;0;NOSTRESS
42650345102;53636;"NEAR_P1";"INTERVAL";"PROBE";1;63;0x00000b31;323;0;0;2189632;2791776;336;2189682;0;NOSTRESS
42650398745;53915;"NEAR_P1";"INTERVAL";"PROBE";1;63;0x00000b31;323;0;0;2194843;2800242;581;2194934;0;NOSTRESS
42650452669;53862;"NEAR_P1";"INTERVAL";"PROBE";1;63;0x00000b31;323;0;0;2194949;2792342;808;2195041;0;NOSTRESS
42650506541;53702;"NEAR_P1";"INTERVAL";"PROBE";1;63;0x00000b31;323;0;0;2189658;2793305;380;2189702;0;NOSTRESS
42650560249;53795;"NEAR_P1";"INTERVAL";"PROBE";1;63;0x00000b31;323;0;0;2194865;2790923;136;2194956;0;NOSTRESS
42650614052;53906;"NEAR_P1";"INTERVAL";"PROBE";1;63;0x00000b31;323;0;0;2196715;2805245;420;2196813;0;NOSTRESS
42650667965;53645;"NEAR_P1";"INTERVAL";"PROBE";1;63;0x00000b31;323;0;0;2189501;2793082;64;2189547;0;NOSTRESS
42650721618;53809;"NEAR_P1";"INTERVAL";"PROBE";1;63;0x00000b31;323;0;0;2194898;2805119;76;2194992;0;NOSTRESS
42650775437;165275;"TRAJ_R1";"INTERVAL";"PROBE";1;63;0x00000b31;323;0;1;6502206;8592734;445;6502426;0;NOSTRESS
42651298294;1242088;"MAF";"INTERVAL";"PROBE";1;63;0x00000b31;324;160;60;50338156;64892910;8508;50339926;0;NOSTRESS
42651298321;123;"SENS_C1";"INTERVAL";"PROBE";1;63;0x00000b31;324;0;1;1455;2113;476;1459;0;NOSTRESS
42651298451;241;"LOC_C1";"INTERVAL";"PROBE";1;63;0x00000b31;324;0;1;4922;7331;542;4926;0;NOSTRESS
42651298700;34;"LOC_C2";"INTERVAL";"PROBE";1;63;0x00000b31;324;0;0;650;911;104;654;0;NOSTRESS
42651298745;313;"LOC_C3";"INTERVAL";"PROBE";1;63;0x00000b31;324;0;0;9803;13333;320;9807;0;NOSTRESS
42651299067;44;"LOC_C4";"INTERVAL";"PROBE";1;63;0x00000b31;324;0;0;585;883;120;589;0;NOSTRESS
42651299117;54418;"NEAR_P1";"INTERVAL";"PROBE";1;63;0x00000b31;324;25;6;2197799;2839176;2371;2197906;0;NOSTRESS
42651353546;53914;"NEAR_P1";"INTERVAL";"PROBE";1;63;0x00000b31;324;3;2;2194116;2828614;728;2194194;0;NOSTRESS
42651407469;53757;"NEAR_P1";"INTERVAL";"PROBE";1;63;0x00000b31;324;1;2;2189073;2818502;364;2189111;0;NOSTRESS
42651461233;53978;"NEAR_P1";"INTERVAL";"PROBE";1;63;0x00000b31;324;2;1;2195972;2830331;336;2196058;0;NOSTRESS
42651515218;53865;"NEAR_P1";"INTERVAL";"PROBE";1;63;0x00000b31;324;0;0;2194080;2827868;32;2194155;0;NOSTRESS
42651569090;53698;"NEAR_P1";"INTERVAL";"PROBE";1;63;0x00000b31;324;0;0;2188980;2814528;4;2189025;0;NOSTRESS
42651622795;53862;"NEAR_P1";"INTERVAL";"PROBE";1;63;0x00000b31;324;0;0;2194137;2830000;12;2194229;0;NOSTRESS
42651676664;53872;"NEAR_P1";"INTERVAL";"PROBE";1;63;0x00000b31;324;0;0;2194054;2825625;4;2194143;0;NOSTRESS
42651730543;53847;"NEAR_P1";"INTERVAL";"PROBE";1;63;0x00000b31;324;0;0;2194033;2824021;4;2194119;0;NOSTRESS
42651784398;53707;"NEAR_P1";"INTERVAL";"PROBE";1;63;0x00000b31;324;0;0;2189306;2815517;70;2189352;0;NOSTRESS
42651838112;53886;"NEAR_P1";"INTERVAL";"PROBE";1;63;0x00000b31;324;0;0;2194764;2826425;90;2194855;0;NOSTRESS
42651892005;53859;"NEAR_P1";"INTERVAL";"PROBE";1;63;0x00000b31;324;0;0;2194257;2822568;62;2194340;0;NOSTRESS
42651945872;53867;"NEAR_P1";"INTERVAL";"PROBE";1;63;0x00000b31;324;79;37;2189216;2815321;342;2189262;0;NOSTRESS
42651999748;54078;"NEAR_P1";"INTERVAL";"PROBE";1;63;0x00000b31;324;10;2;2197540;2828184;335;2197638;0;NOSTRESS
42652053833;53904;"NEAR_P1";"INTERVAL";"PROBE";1;63;0x00000b31;324;0;0;2197259;2806761;177;2197364;0;NOSTRESS
42652107745;53641;"NEAR_P1";"INTERVAL";"PROBE";1;63;0x00000b31;324;0;0;2190646;2792955;5;2190697;0;NOSTRESS
42652161393;53898;"NEAR_P1";"INTERVAL";"PROBE";1;63;0x00000b31;324;10;0;2198427;2805562;149;2198533;0;NOSTRESS
42652215298;54062;"NEAR_P1";"INTERVAL";"PROBE";1;63;0x00000b31;324;20;1;2196918;2804224;979;2197024;0;NOSTRESS
42652269367;53611;"NEAR_P1";"INTERVAL";"PROBE";1;63;0x00000b31;324;0;0;2189426;2791256;12;2189473;0;NOSTRESS
42652322985;54001;"NEAR_P1";"INTERVAL";"PROBE";1;63;0x00000b31;324;7;0;2199109;2806409;298;2199218;0;NOSTRESS
42652377003;163371;"TRAJ_R1";"INTERVAL";"PROBE";1;63;0x00000b31;324;1;3;6425406;8486987;444;6425646;0;NOSTRESS
42652898233;1238154;"MAF";"INTERVAL";"PROBE";1;63;0x00000b31;325;7;7;50205292;64960010;2393;50206940;0;NOSTRESS
42652898250;111;"SENS_C1";"INTERVAL";"PROBE";1;63;0x00000b31;325;1;1;1452;2107;420;1456;0;NOSTRESS
42652898369;223;"LOC_C1";"INTERVAL";"PROBE";1;63;0x00000b31;325;0;3;4909;7177;484;4913;0;NOSTRESS
42652898601;31;"LOC_C2";"INTERVAL";"PROBE";1;63;0x00000b31;325;0;2;650;892;92;654;0;NOSTRESS
42652898641;310;"LOC_C3";"INTERVAL";"PROBE";1;63;0x00000b31;325;1;0;9801;13341;304;9805;0;NOSTRESS
42652898960;42;"LOC_C4";"INTERVAL";"PROBE";1;63;0x00000b31;325;0;0;586;879;120;590;0;NOSTRESS
42652899008;53935;"NEAR_P1";"INTERVAL";"PROBE";1;63;0x00000b31;325;5;1;2195328;2829257;70;2195409;0;NOSTRESS
42652952950;53858;"NEAR_P1";"INTERVAL";"PROBE";1;63;0x00000b31;325;0;0;2194859;2826251;8;2194937;0;NOSTRESS
42653006815;53702;"NEAR_P1";"INTERVAL";"PROBE";1;63;0x00000b31;325;0;0;2189415;2814522;12;2189456;0;NOSTRESS
42653060524;53853;"NEAR_P1";"INTERVAL";"PROBE";1;63;0x00000b31;325;0;0;2194800;2827236;4;2194880;0;NOSTRESS
42653114384;53933;"NEAR_P1";"INTERVAL";"PROBE";1;63;0x00000b31;325;0;0;2196691;2831207;60;2196781;0;NOSTRESS
42653168324;53731;"NEAR_P1";"INTERVAL";"PROBE";1;63;0x00000b31;325;0;0;2189456;2818260;14;2189503;0;NOSTRESS
42653222062;53860;"NEAR_P1";"INTERVAL";"PROBE";1;63;0x00000b31;325;0;0;2194843;2828809;8;2194928;0;NOSTRESS
42653275929;53863;"NEAR_P1";"INTERVAL";"PROBE";1;63;0x00000b31;325;0;0;2194848;2829319;16;2194936;0;NOSTRESS
42653329800;53704;"NEAR_P1";"INTERVAL";"PROBE";1;63;0x00000b31;325;0;0;2189403;2815286;4;2189449;0;NOSTRESS
42653383511;53858;"NEAR_P1";"INTERVAL";"PROBE";1;63;0x00000b31;325;0;0;2194573;2829141;4;2194659;0;NOSTRESS
42653437377;53885;"NEAR_P1";"INTERVAL";"PROBE";1;63;0x00000b31;325;0;0;2194947;2827713;13;2195039;0;NOSTRESS
42653491270;53885;"NEAR_P1";"INTERVAL";"PROBE";1;63;0x00000b31;325;0;0;2194750;2827850;30;2194836;0;NOSTRESS
42653545163;53700;"NEAR_P1";"INTERVAL";"PROBE";1;63;0x00000b31;325;0;0;2189380;2812985;12;2189429;0;NOSTRESS
42653598869;53897;"NEAR_P1";"INTERVAL";"PROBE";1;63;0x00000b31;325;0;0;2194445;2827187;268;2194534;0;NOSTRESS
42653652773;53896;"NEAR_P1";"INTERVAL";"PROBE";1;63;0x00000b31;325;0;0;2194632;2824110;50;2194714;0;NOSTRESS
42653706677;53719;"NEAR_P1";"INTERVAL";"PROBE";1;63;0x00000b31;325;0;0;2189071;2817569;39;2189116;0;NOSTRESS
42653760403;53888;"NEAR_P1";"INTERVAL";"PROBE";1;63;0x00000b31;325;0;0;2194623;2829208;114;2194711;0;NOSTRESS
42653814298;53871;"NEAR_P1";"INTERVAL";"PROBE";1;63;0x00000b31;325;0;0;2194903;2829875;20;2194991;0;NOSTRESS
42653868176;53705;"NEAR_P1";"INTERVAL";"PROBE";1;63;0x00000b31;325;0;0;2189354;2815303;12;2189400;0;NOSTRESS
42653921888;53853;"NEAR_P1";"INTERVAL";"PROBE";1;63;0x00000b31;325;0;0;2194776;2827367;4;2194867;0;NOSTRESS
42653975749;160632;"TRAJ_R1";"INTERVAL";"PROBE";1;63;0x00000b31;325;0;0;6306581;8420077;167;6306805;0;NOSTRESS
42654498208;1234033;"MAF";"INTERVAL";"PROBE";1;63;0x00000b31;326;14;10;50068517;64638673;1558;50070250;0;NOSTRESS
42654498222;63;"SENS_C1";"INTERVAL";"PROBE";1;63;0x00000b31;326;0;3;1454;2062;168;1458;0;NOSTRESS
42654498293;174;"LOC_C1";"INTERVAL";"PROBE";1;63;0x00000b31;326;0;0;4922;7299;218;4926;0;NOSTRESS
42654498473;25;"LOC_C2";"INTERVAL";"PROBE";1;63;0x00000b31;326;0;0;650;889;44;654;0;NOSTRESS
42654498505;273;"LOC_C3";"INTERVAL";"PROBE";1;63;0x00000b31;326;0;0;9797;13403;144;9801;0;NOSTRESS
42654498786;34;"LOC_C4";"INTERVAL";"PROBE";1;63;0x00000b31;326;0;0;585;881;76;589;0;NOSTRESS
42654498826;53955;"NEAR_P1";"INTERVAL";"PROBE";1;63;0x00000b31;326;4;3;2195355;2829837;36;2195436;0;NOSTRESS
42654552803;53911;"NEAR_P1";"INTERVAL";"PROBE";1;63;0x00000b31;326;6;3;2194834;2831694;45;2194914;0;NOSTRESS
42654606721;53786;"NEAR_P1";"INTERVAL";"PROBE";1;63;0x00000b31;326;0;0;2190695;2821859;34;2190739;0;NOSTRESS
42654660514;53878;"NEAR_P1";"INTERVAL";"PROBE";1;63;0x00000b31;326;0;0;2194893;2831363;12;2194969;0;NOSTRESS
42654714399;53872;"NEAR_P1";"INTERVAL";"PROBE";1;63;0x00000b31;326;0;0;2194932;2831649;4;2195012;0;NOSTRESS
42654768278;53713;"NEAR_P1";"INTERVAL";"PROBE";1;63;0x00000b31;326;0;0;2189436;2819215;4;2189482;0;NOSTRESS
42654821998;53950;"NEAR_P1";"INTERVAL";"PROBE";1;63;0x00000b31;326;0;0;2196806;2835550;38;2196905;0;NOSTRESS
42654875955;53871;"NEAR_P1";"INTERVAL";"PROBE";1;63;0x00000b31;326;0;0;2194895;2828611;5;2194989;0;NOSTRESS
42654929847;53724;"NEAR_P1";"INTERVAL";"PROBE";1;63;0x00000b31;326;0;0;2189503;2817762;4;2189552;0;NOSTRESS
42654983578;53890;"NEAR_P1";"INTERVAL";"PROBE";1;63;0x00000b31;326;0;0;2194912;2830365;49;2195000;0;NOSTRESS
42655037490;53870;"NEAR_P1";"INTERVAL";"PROBE";1;63;0x00000b31;326;0;0;2194575;2828668;4;2194664;0;NOSTRESS
42655091367;53881;"NEAR_P1";"INTERVAL";"PROBE";1;63;0x00000b31;326;0;0;2194861;2832382;9;2194952;0;NOSTRESS
42655145256;53736;"NEAR_P1";"INTERVAL";"PROBE";1;63;0x00000b31;326;0;0;2189289;2818597;39;2189335;0;NOSTRESS
42655198998;53862;"NEAR_P1";"INTERVAL";"PROBE";1;63;0x00000b31;326;0;0;2194861;2831647;13;2194950;0;NOSTRESS
42655252868;53779;"NEAR_P1";"INTERVAL";"PROBE";1;63;0x00000b31;326;0;0;2194427;2810797;4;2194516;0;NOSTRESS
42655306654;53596;"NEAR_P1";"INTERVAL";"PROBE";1;63;0x00000b31;326;0;0;2189545;2784363;4;2189600;0;NOSTRESS
42655360257;53743;"NEAR_P1";"INTERVAL";"PROBE";1;63;0x00000b31;326;0;0;2194786;2798434;5;2194877;0;NOSTRESS
42655414007;53751;"NEAR_P1";"INTERVAL";"PROBE";1;63;0x00000b31;326;0;0;2194790;2803803;46;2194881;0;NOSTRESS
42655467766;53599;"NEAR_P1";"INTERVAL";"PROBE";1;63;0x00000b31;326;0;0;2189373;2790956;5;2189419;0;NOSTRESS
42655521372;53852;"NEAR_P1";"INTERVAL";"PROBE";1;63;0x00000b31;326;3;0;2196209;2804664;183;2196303;0;NOSTRESS
42655575231;157004;"TRAJ_R1";"INTERVAL";"PROBE";1;63;0x00000b31;326;1;0;6165924;8204420;324;6166193;0;NOSTRESS
42656098249;1229916;"MAF";"INTERVAL";"PROBE";1;63;0x00000b31;327;22;11;49887405;64517935;1150;49889081;0;NOSTRESS
42656098264;40;"SENS_C1";"INTERVAL";"PROBE";1;63;0x00000b31;327;0;3;1450;2083;48;1454;0;NOSTRESS
42656098310;134;"LOC_C1";"INTERVAL";"PROBE";1;63;0x00000b31;327;1;1;4919;7356;28;4923;0;NOSTRESS
42656098451;18;"LOC_C2";"INTERVAL";"PROBE";1;63;0x00000b31;327;0;0;650;894;4;654;0;NOSTRESS
42656098475;255;"LOC_C3";"INTERVAL";"PROBE";1;63;0x00000b31;327;0;0;9805;13415;20;9809;0;NOSTRESS
42656098737;17;"LOC_C4";"INTERVAL";"PROBE";1;63;0x00000b31;327;0;0;585;901;16;589;0;NOSTRESS
42656098760;54137;"NEAR_P1";"INTERVAL";"PROBE";1;63;0x00000b31;327;18;4;2197588;2823764;676;2197683;0;NOSTRESS
42656152905;53873;"NEAR_P1";"INTERVAL";"PROBE";1;63;0x00000b31;327;2;2;2194979;2829257;4;2195059;0;NOSTRESS
42656206786;53715;"NEAR_P1";"INTERVAL";"PROBE";1;63;0x00000b31;327;0;0;2189477;2819880;8;2189516;0;NOSTRESS
42656260509;53878;"NEAR_P1";"INTERVAL";"PROBE";1;63;0x00000b31;327;0;0;2194803;2826548;39;2194881;0;NOSTRESS
42656314394;53909;"NEAR_P1";"INTERVAL";"PROBE";1;63;0x00000b31;327;0;0;2194729;2829027;60;2194807;0;NOSTRESS
42656368311;53714;"NEAR_P1";"INTERVAL";"PROBE";1;63;0x00000b31;327;0;0;2189493;2821170;4;2189539;0;NOSTRESS
42656422033;53871;"NEAR_P1";"INTERVAL";"PROBE";1;63;0x00000b31;327;0;0;2194977;2828138;20;2195068;0;NOSTRESS
42656475911;53925;"NEAR_P1";"INTERVAL";"PROBE";1;63;0x00000b31;327;0;0;2196821;2831844;4;2196919;0;NOSTRESS
42656529843;53717;"NEAR_P1";"INTERVAL";"PROBE";1;63;0x00000b31;327;0;0;2189511;2817082;4;2189560;0;NOSTRESS
42656583567;53889;"NEAR_P1";"INTERVAL";"PROBE";1;63;0x00000b31;327;0;0;2195019;2819369;14;2195114;0;NOSTRESS
42656637463;53864;"NEAR_P1";"INTERVAL";"PROBE";1;63;0x00000b31;327;0;0;2194903;2826476;4;2194991;0;NOSTRESS
42656691334;53861;"NEAR_P1";"INTERVAL";"PROBE";1;63;0x00000b31;327;0;0;2194471;2827754;4;2194554;0;NOSTRESS
42656745203;53711;"NEAR_P1";"INTERVAL";"PROBE";1;63;0x00000b31;327;0;0;2189496;2818200;4;2189545;0;NOSTRESS
42656798921;53898;"NEAR_P1";"INTERVAL";"PROBE";1;63;0x00000b31;327;0;0;2194780;2815177;41;2194868;0;NOSTRESS
42656852826;53868;"NEAR_P1";"INTERVAL";"PROBE";1;63;0x00000b31;327;0;0;2194881;2828882;6;2194969;0;NOSTRESS
42656906702;53705;"NEAR_P1";"INTERVAL";"PROBE";1;63;0x00000b31;327;0;0;2189174;2815036;4;2189221;0;NOSTRESS
42656960415;53869;"NEAR_P1";"INTERVAL";"PROBE";1;63;0x00000b31;327;0;0;2194935;2826520;4;2195026;0;NOSTRESS
42657014291;53860;"NEAR_P1";"INTERVAL";"PROBE";1;63;0x00000b31;327;0;0;2194946;2825945;6;2195037;0;NOSTRESS
42657068158;53741;"NEAR_P1";"INTERVAL";"PROBE";1;63;0x00000b31;327;0;0;2189335;2816203;43;2189378;0;NOSTRESS
42657121906;53867;"NEAR_P1";"INTERVAL";"PROBE";1;63;0x00000b31;327;0;0;2194900;2827618;4;2194988;0;NOSTRESS
42657175780;152379;"TRAJ_R1";"INTERVAL";"PROBE";1;63;0x00000b31;327;0;0;5984555;7992046;49;5984780;0;NOSTRESS
42657698272;1225321;"MAF";"INTERVAL";"PROBE";1;63;0x00000b31;328;51;24;49697498;64305119;1654;49699137;0;NOSTRESS
42657698288;55;"SENS_C1";"INTERVAL";"PROBE";1;63;0x00000b31;328;0;5;1455;2075;100;1459;0;NOSTRESS
42657698349;163;"LOC_C1";"INTERVAL";"PROBE";1;63;0x00000b31;328;3;2;4927;7458;137;4931;0;NOSTRESS
42657698518;22;"LOC_C2";"INTERVAL";"PROBE";1;63;0x00000b31;328;0;1;650;908;16;654;0;NOSTRESS
42657698546;257;"LOC_C3";"INTERVAL";"PROBE";1;63;0x00000b31;328;0;0;9795;13201;28;9799;0;NOSTRESS
42657698810;21;"LOC_C4";"INTERVAL";"PROBE";1;63;0x00000b31;328;0;0;587;892;20;591;0;NOSTRESS
42657698837;54113;"NEAR_P1";"INTERVAL";"PROBE";1;63;0x00000b31;328;33;6;2195626;2833247;621;2195695;0;NOSTRESS
42657752958;53898;"NEAR_P1";"INTERVAL";"PROBE";1;63;0x00000b31;328;5;6;2195039;2828818;40;2195117;0;NOSTRESS
42657806863;53714;"NEAR_P1";"INTERVAL";"PROBE";1;63;0x00000b31;328;1;1;2189560;2816806;4;2189603;0;NOSTRESS
42657860584;53869;"NEAR_P1";"INTERVAL";"PROBE";1;63;0x00000b31;328;0;0;2194990;2828140;9;2195070;0;NOSTRESS
42657914461;53899;"NEAR_P1";"INTERVAL";"PROBE";1;63;0x00000b31;328;0;0;2194487;2828576;83;2194566;0;NOSTRESS
42657968367;53765;"NEAR_P1";"INTERVAL";"PROBE";1;63;0x00000b31;328;0;0;2189355;2817862;116;2189401;0;NOSTRESS
42658022139;53859;"NEAR_P1";"INTERVAL";"PROBE";1;63;0x00000b31;328;0;0;2194974;2826913;4;2195062;0;NOSTRESS
42658076005;53859;"NEAR_P1";"INTERVAL";"PROBE";1;63;0x00000b31;328;0;0;2194939;2827777;4;2195030;0;NOSTRESS
42658129871;53816;"NEAR_P1";"INTERVAL";"PROBE";1;63;0x00000b31;328;4;0;2191445;2823567;112;2191498;0;NOSTRESS
42658183695;53898;"NEAR_P1";"INTERVAL";"PROBE";1;63;0x00000b31;328;2;0;2195066;2828827;16;2195155;0;NOSTRESS
42658237600;53886;"NEAR_P1";"INTERVAL";"PROBE";1;63;0x00000b31;328;0;0;2194940;2829910;12;2195031;0;NOSTRESS
42658291493;53859;"NEAR_P1";"INTERVAL";"PROBE";1;63;0x00000b31;328;0;0;2194891;2825333;4;2194985;0;NOSTRESS
42658345359;53732;"NEAR_P1";"INTERVAL";"PROBE";1;63;0x00000b31;328;0;0;2189539;2817219;8;2189585;0;NOSTRESS
42658399099;53865;"NEAR_P1";"INTERVAL";"PROBE";1;63;0x00000b31;328;0;0;2194668;2828210;4;2194757;0;NOSTRESS
42658452971;53877;"NEAR_P1";"INTERVAL";"PROBE";1;63;0x00000b31;328;0;0;2194959;2829873;47;2195050;0;NOSTRESS
42658506855;53717;"NEAR_P1";"INTERVAL";"PROBE";1;63;0x00000b31;328;0;0;2189503;2817716;4;2189546;0;NOSTRESS
42658560579;53858;"NEAR_P1";"INTERVAL";"PROBE";1;63;0x00000b31;328;0;0;2194705;2828637;5;2194791;0;NOSTRESS
42658614444;53865;"NEAR_P1";"INTERVAL";"PROBE";1;63;0x00000b31;328;0;0;2194981;2829149;16;2195066;0;NOSTRESS
42658668316;53713;"NEAR_P1";"INTERVAL";"PROBE";1;63;0x00000b31;328;0;0;2189523;2818028;4;2189569;0;NOSTRESS
42658722036;53889;"NEAR_P1";"INTERVAL";"PROBE";1;63;0x00000b31;328;0;0;2194807;2826299;47;2194895;0;NOSTRESS
42658775949;147638;"TRAJ_R1";"INTERVAL";"PROBE";1;63;0x00000b31;328;1;2;5795867;7742723;157;5796085;0;NOSTRESS
42659298199;1218522;"MAF";"INTERVAL";"PROBE";1;63;0x00000b31;329;25;12;49497169;63698208;1043;49498787;0;NOSTRESS
42659298215;45;"SENS_C1";"INTERVAL";"PROBE";1;63;0x00000b31;329;0;1;1453;2117;48;1457;0;NOSTRESS
42659298266;143;"LOC_C1";"INTERVAL";"PROBE";1;63;0x00000b31;329;0;2;4924;7528;52;4928;0;NOSTRESS
42659298416;18;"LOC_C2";"INTERVAL";"PROBE";1;63;0x00000b31;329;0;0;650;919;8;654;0;NOSTRESS
42659298440;258;"LOC_C3";"INTERVAL";"PROBE";1;63;0x00000b31;329;0;0;9809;13441;28;9813;0;NOSTRESS
42659298705;18;"LOC_C4";"INTERVAL";"PROBE";1;63;0x00000b31;329;0;0;584;879;16;588;0;NOSTRESS
42659298729;53956;"NEAR_P1";"INTERVAL";"PROBE";1;63;0x00000b31;329;6;1;2195668;2834003;50;2195749;0;NOSTRESS
42659352710;53875;"NEAR_P1";"INTERVAL";"PROBE";1;63;0x00000b31;329;3;4;2195076;2829470;4;2195158;0;NOSTRESS
42659406592;53713;"NEAR_P1";"INTERVAL";"PROBE";1;63;0x00000b31;329;2;0;2189257;2817661;4;2189296;0;NOSTRESS
42659460312;53877;"NEAR_P1";"INTERVAL";"PROBE";1;63;0x00000b31;329;0;0;2195116;2828967;8;2195194;0;NOSTRESS
42659514196;53869;"NEAR_P1";"INTERVAL";"PROBE";1;63;0x00000b31;329;0;0;2195118;2830071;5;2195198;0;NOSTRESS
42659568073;53729;"NEAR_P1";"INTERVAL";"PROBE";1;63;0x00000b31;329;0;0;2189700;2818131;27;2189746;0;NOSTRESS
42659621809;53866;"NEAR_P1";"INTERVAL";"PROBE";1;63;0x00000b31;329;0;0;2195112;2830740;4;2195200;0;NOSTRESS
42659675683;53908;"NEAR_P1";"INTERVAL";"PROBE";1;63;0x00000b31;329;0;0;2195247;2830949;14;2195339;0;NOSTRESS
42659729599;53717;"NEAR_P1";"INTERVAL";"PROBE";1;63;0x00000b31;329;0;0;2189738;2818861;4;2189784;0;NOSTRESS
42659783323;53940;"NEAR_P1";"INTERVAL";"PROBE";1;63;0x00000b31;329;0;0;2196950;2833146;8;2197051;0;NOSTRESS
42659837270;53962;"NEAR_P1";"INTERVAL";"PROBE";1;63;0x00000b31;329;14;2;2196000;2803929;540;2196095;0;NOSTRESS
42659891240;53756;"NEAR_P1";"INTERVAL";"PROBE";1;63;0x00000b31;329;0;0;2195103;2804957;4;2195194;0;NOSTRESS
42659945003;53593;"NEAR_P1";"INTERVAL";"PROBE";1;63;0x00000b31;329;0;0;2189617;2791177;4;2189663;0;NOSTRESS
42659998603;53764;"NEAR_P1";"INTERVAL";"PROBE";1;63;0x00000b31;329;0;0;2195138;2801335;12;2195230;0;NOSTRESS
42660052374;53747;"NEAR_P1";"INTERVAL";"PROBE";1;63;0x00000b31;329;0;0;2194764;2799298;4;2194850;0;NOSTRESS
42660106128;53609;"NEAR_P1";"INTERVAL";"PROBE";1;63;0x00000b31;329;0;0;2189694;2790113;5;2189743;0;NOSTRESS
42660159744;53775;"NEAR_P1";"INTERVAL";"PROBE";1;63;0x00000b31;329;0;0;2194834;2801888;39;2194922;0;NOSTRESS
42660213526;53745;"NEAR_P1";"INTERVAL";"PROBE";1;63;0x00000b31;329;0;0;2194657;2802115;30;2194743;0;NOSTRESS
42660267278;53608;"NEAR_P1";"INTERVAL";"PROBE";1;63;0x00000b31;329;0;0;2189688;2790592;17;2189734;0;NOSTRESS
42660320893;53748;"NEAR_P1";"INTERVAL";"PROBE";1;63;0x00000b31;329;0;0;2195063;2800510;4;2195148;0;NOSTRESS
42660374665;142050;"TRAJ_R1";"INTERVAL";"PROBE";1;63;0x00000b31;329;0;0;5591990;7388069;88;5592165;0;NOSTRESS
42660898199;1214450;"MAF";"INTERVAL";"PROBE";1;63;0x00000b31;330;9;9;49292893;63751495;425;49294482;0;NOSTRESS
42660898213;38;"SENS_C1";"INTERVAL";"PROBE";1;63;0x00000b31;330;0;3;1456;2079;8;1460;0;NOSTRESS
42660898258;136;"LOC_C1";"INTERVAL";"PROBE";1;63;0x00000b31;330;1;1;4911;7314;8;4915;0;NOSTRESS
42660898400;18;"LOC_C2";"INTERVAL";"PROBE";1;63;0x00000b31;330;0;0;650;899;4;654;0;NOSTRESS
42660898424;253;"LOC_C3";"INTERVAL";"PROBE";1;63;0x00000b31;330;0;0;9808;13550;4;9812;0;NOSTRESS
42660898684;18;"LOC_C4";"INTERVAL";"PROBE";1;63;0x00000b31;330;0;0;585;886;12;589;0;NOSTRESS
42660898708;53923;"NEAR_P1";"INTERVAL";"PROBE";1;63;0x00000b31;330;5;3;2195618;2821543;12;2195696;0;NOSTRESS
42660952638;53888;"NEAR_P1";"INTERVAL";"PROBE";1;63;0x00000b31;330;2;1;2195177;2830385;39;2195257;0;NOSTRESS
42661006534;53717;"NEAR_P1";"INTERVAL";"PROBE";1;63;0x00000b31;330;0;0;2189736;2808307;4;2189777;0;NOSTRESS
42661060258;53857;"NEAR_P1";"INTERVAL";"PROBE";1;63;0x00000b31;330;0;0;2194697;2826989;4;2194773;0;NOSTRESS
42661114123;53860;"NEAR_P1";"INTERVAL";"PROBE";1;63;0x00000b31;330;0;0;2195124;2828747;8;2195204;0;NOSTRESS
42661167990;53717;"NEAR_P1";"INTERVAL";"PROBE";1;63;0x00000b31;330;0;0;2189716;2820221;4;2189762;0;NOSTRESS
42661221714;53892;"NEAR_P1";"INTERVAL";"PROBE";1;63;0x00000b31;330;0;0;2195100;2829888;29;2195189;0;NOSTRESS
42661275614;53872;"NEAR_P1";"INTERVAL";"PROBE";1;63;0x00000b31;330;0;0;2195115;2829061;4;2195203;0;NOSTRESS
42661329493;53716;"NEAR_P1";"INTERVAL";"PROBE";1;63;0x00000b31;330;0;0;2189742;2821392;4;2189788;0;NOSTRESS
42661383216;53866;"NEAR_P1";"INTERVAL";"PROBE";1;63;0x00000b31;330;0;0;2195160;2829859;4;2195248;0;NOSTRESS
42661437089;53913;"NEAR_P1";"INTERVAL";"PROBE";1;63;0x00000b31;330;0;0;2197002;2833496;8;2197100;0;NOSTRESS
42661491009;53870;"NEAR_P1";"INTERVAL";"PROBE";1;63;0x00000b31;330;0;0;2195034;2830169;5;2195121;0;NOSTRESS
42661544887;53716;"NEAR_P1";"INTERVAL";"PROBE";1;63;0x00000b31;330;0;0;2189675;2816723;8;2189718;0;NOSTRESS
42661598610;53911;"NEAR_P1";"INTERVAL";"PROBE";1;63;0x00000b31;330;0;0;2194919;2828024;68;2195007;0;NOSTRESS
42661652529;53864;"NEAR_P1";"INTERVAL";"PROBE";1;63;0x00000b31;330;0;0;2195158;2827281;22;2195243;0;NOSTRESS
42661706400;53714;"NEAR_P1";"INTERVAL";"PROBE";1;63;0x00000b31;330;0;0;2189272;2817764;27;2189313;0;NOSTRESS
42661760122;53881;"NEAR_P1";"INTERVAL";"PROBE";1;63;0x00000b31;330;0;0;2195187;2829972;15;2195275;0;NOSTRESS
42661814011;53872;"NEAR_P1";"INTERVAL";"PROBE";1;63;0x00000b31;330;0;0;2195174;2829683;43;2195259;0;NOSTRESS
42661867891;53715;"NEAR_P1";"INTERVAL";"PROBE";1;63;0x00000b31;330;0;0;2189714;2818678;8;2189763;0;NOSTRESS
42661921613;53856;"NEAR_P1";"INTERVAL";"PROBE";1;63;0x00000b31;330;0;0;2194810;2828117;4;2194899;0;NOSTRESS
42661975476;137167;"TRAJ_R1";"INTERVAL";"PROBE";1;63;0x00000b31;330;0;1;5388132;7193115;53;5388310;0;NOSTRESS
42662498198;1207514;"MAF";"INTERVAL";"PROBE";1;63;0x00000b31;331;14;11;49096524;62996860;685;49098130;0;NOSTRESS
42662498212;44;"SENS_C1";"INTERVAL";"PROBE";1;63;0x00000b31;331;0;2;1451;2097;40;1455;0;NOSTRESS
42662498262;149;"LOC_C1";"INTERVAL";"PROBE";1;63;0x00000b31;331;0;0;4917;7363;64;4921;0;NOSTRESS
42662498418;17;"LOC_C2";"INTERVAL";"PROBE";1;63;0x00000b31;331;0;0;650;891;4;654;0;NOSTRESS
42662498441;256;"LOC_C3";"INTERVAL";"PROBE";1;63;0x00000b31;331;0;0;9802;13280;12;9806;0;NOSTRESS
42662498703;18;"LOC_C4";"INTERVAL";"PROBE";1;63;0x00000b31;331;0;0;584;884;24;588;0;NOSTRESS
42662498727;53926;"NEAR_P1";"INTERVAL";"PROBE";1;63;0x00000b31;331;5;4;2195805;2834760;4;2195888;0;NOSTRESS
42662552661;53879;"NEAR_P1";"INTERVAL";"PROBE";1;63;0x00000b31;331;1;2;2195040;2827352;4;2195116;0;NOSTRESS
42662606548;53737;"NEAR_P1";"INTERVAL";"PROBE";1;63;0x00000b31;331;0;0;2189840;2820892;5;2189883;0;NOSTRESS
42662660292;53862;"NEAR_P1";"INTERVAL";"PROBE";1;63;0x00000b31;331;0;0;2195299;2819102;35;2195381;0;NOSTRESS
42662714161;53753;"NEAR_P1";"INTERVAL";"PROBE";1;63;0x00000b31;331;0;0;2195014;2804633;4;2195092;0;NOSTRESS
42662767922;53607;"NEAR_P1";"INTERVAL";"PROBE";1;63;0x00000b31;331;0;0;2189854;2791652;4;2189900;0;NOSTRESS
42662821537;53760;"NEAR_P1";"INTERVAL";"PROBE";1;63;0x00000b31;331;0;0;2195302;2802639;4;2195387;0;NOSTRESS
42662875304;53776;"NEAR_P1";"INTERVAL";"PROBE";1;63;0x00000b31;331;0;0;2195289;2804561;36;2195377;0;NOSTRESS
42662929087;53601;"NEAR_P1";"INTERVAL";"PROBE";1;63;0x00000b31;331;0;0;2189845;2781899;4;2189891;0;NOSTRESS
42662982695;53756;"NEAR_P1";"INTERVAL";"PROBE";1;63;0x00000b31;331;0;0;2195281;2803304;4;2195369;0;NOSTRESS
42663036458;53789;"NEAR_P1";"INTERVAL";"PROBE";1;63;0x00000b31;331;0;0;2195362;2802847;37;2195451;0;NOSTRESS
42663090255;53826;"NEAR_P1";"INTERVAL";"PROBE";1;63;0x00000b31;331;0;0;2197170;2804018;12;2197265;0;NOSTRESS
42663144089;53610;"NEAR_P1";"INTERVAL";"PROBE";1;63;0x00000b31;331;0;0;2189875;2791278;8;2189918;0;NOSTRESS
42663197706;53759;"NEAR_P1";"INTERVAL";"PROBE";1;63;0x00000b31;331;0;0;2195271;2802305;4;2195359;0;NOSTRESS
42663251473;53751;"NEAR_P1";"INTERVAL";"PROBE";1;63;0x00000b31;331;0;0;2195226;2802515;4;2195317;0;NOSTRESS
42663305232;53612;"NEAR_P1";"INTERVAL";"PROBE";1;63;0x00000b31;331;0;0;2189983;2792733;6;2190027;0;NOSTRESS
42663358851;53759;"NEAR_P1";"INTERVAL";"PROBE";1;63;0x00000b31;331;0;0;2194995;2804529;4;2195084;0;NOSTRESS
42663412617;53773;"NEAR_P1";"INTERVAL";"PROBE";1;63;0x00000b31;331;0;0;2195287;2803053;5;2195378;0;NOSTRESS
42663466406;53625;"NEAR_P1";"INTERVAL";"PROBE";1;63;0x00000b31;331;0;0;2189773;2792166;32;2189822;0;NOSTRESS
42663520039;53757;"NEAR_P1";"INTERVAL";"PROBE";1;63;0x00000b31;331;0;0;2195262;2804631;4;2195350;0;NOSTRESS
42663573803;131902;"TRAJ_R1";"INTERVAL";"PROBE";1;63;0x00000b31;331;8;3;5188127;6854316;289;5188305;0;NOSTRESS
42664098197;1202043;"MAF";"INTERVAL";"PROBE";1;63;0x00000b31;332;2;6;48898465;62647170;255;48900070;0;NOSTRESS
42664098212;39;"SENS_C1";"INTERVAL";"PROBE";1;63;0x00000b31;332;0;2;1453;2056;16;1457;0;NOSTRESS
42664098258;131;"LOC_C1";"INTERVAL";"PROBE";1;63;0x00000b31;332;0;1;4916;7312;4;4920;0;NOSTRESS
42664098396;19;"LOC_C2";"INTERVAL";"PROBE";1;63;0x00000b31;332;0;0;650;892;8;654;0;NOSTRESS
42664098421;254;"LOC_C3";"INTERVAL";"PROBE";1;63;0x00000b31;332;0;0;9804;13392;4;9808;0;NOSTRESS
42664098682;18;"LOC_C4";"INTERVAL";"PROBE";1;63;0x00000b31;332;0;0;585;878;8;589;0;NOSTRESS
42664098706;53806;"NEAR_P1";"INTERVAL";"PROBE";1;63;0x00000b31;332;2;1;2195645;2809126;4;2195720;0;NOSTRESS
42664152520;53761;"NEAR_P1";"INTERVAL";"PROBE";1;63;0x00000b31;332;0;0;2195235;2805445;4;2195313;0;NOSTRESS
42664206289;53609;"NEAR_P1";"INTERVAL";"PROBE";1;63;0x00000b31;332;0;0;2189416;2791439;4;2189455;0;NOSTRESS
42664259905;53797;"NEAR_P1";"INTERVAL";"PROBE";1;63;0x00000b31;332;0;0;2195298;2787019;14;2195375;0;NOSTRESS
42664313709;53781;"NEAR_P1";"INTERVAL";"PROBE";1;63;0x00000b31;332;0;0;2195128;2800839;35;2195204;0;NOSTRESS
42664367497;53616;"NEAR_P1";"INTERVAL";"PROBE";1;63;0x00000b31;332;0;0;2189822;2796001;4;2189865;0;NOSTRESS
42664421120;53771;"NEAR_P1";"INTERVAL";"PROBE";1;63;0x00000b31;332;0;0;2194789;2803771;20;2194879;0;NOSTRESS
42664474898;53768;"NEAR_P1";"INTERVAL";"PROBE";1;63;0x00000b31;332;0;0;2195206;2792777;4;2195297;0;NOSTRESS
42664528674;53609;"NEAR_P1";"INTERVAL";"PROBE";1;63;0x00000b31;332;0;0;2189788;2796123;10;2189837;0;NOSTRESS
42664582291;53786;"NEAR_P1";"INTERVAL";"PROBE";1;63;0x00000b31;332;0;0;2195042;2804870;38;2195133;0;NOSTRESS
42664636084;53766;"NEAR_P1";"INTERVAL";"PROBE";1;63;0x00000b31;332;0;0;2195242;2805283;4;2195327;0;NOSTRESS
42664689857;53636;"NEAR_P1";"INTERVAL";"PROBE";1;63;0x00000b31;332;0;0;2189870;2794712;10;2189917;0;NOSTRESS
42664743501;53759;"NEAR_P1";"INTERVAL";"PROBE";1;63;0x00000b31;332;0;0;2195212;2803161;4;2195303;0;NOSTRESS
42664797267;53822;"NEAR_P1";"INTERVAL";"PROBE";1;63;0x00000b31;332;0;1;2197087;2808142;4;2197185;0;NOSTRESS
42664851096;53762;"NEAR_P1";"INTERVAL";"PROBE";1;63;0x00000b31;332;0;0;2195245;2806798;4;2195336;0;NOSTRESS
42664904865;53612;"NEAR_P1";"INTERVAL";"PROBE";1;63;0x00000b31;332;0;0;2189770;2792972;4;2189816;0;NOSTRESS
42664958484;53772;"NEAR_P1";"INTERVAL";"PROBE";1;63;0x00000b31;332;0;0;2195269;2804360;4;2195361;0;NOSTRESS
42665012263;53754;"NEAR_P1";"INTERVAL";"PROBE";1;63;0x00000b31;332;0;0;2194872;2804473;4;2194961;0;NOSTRESS
42665066024;53611;"NEAR_P1";"INTERVAL";"PROBE";1;63;0x00000b31;332;0;0;2189793;2793832;4;2189839;0;NOSTRESS
42665119643;53787;"NEAR_P1";"INTERVAL";"PROBE";1;63;0x00000b31;332;0;0;2195199;2803942;28;2195290;0;NOSTRESS
42665173437;126797;"TRAJ_R1";"INTERVAL";"PROBE";1;63;0x00000b31;332;0;0;4991910;6590209;4;4992084;0;NOSTRESS
42665698223;1197164;"MAF";"INTERVAL";"PROBE";1;63;0x00000b31;333;11;13;48706650;62354599;545;48708254;0;NOSTRESS
42665698238;39;"SENS_C1";"INTERVAL";"PROBE";1;63;0x00000b31;333;0;3;1452;2066;24;1456;0;NOSTRESS
42665698284;135;"LOC_C1";"INTERVAL";"PROBE";1;63;0x00000b31;333;0;0;4922;7420;12;4926;0;NOSTRESS
42665698425;20;"LOC_C2";"INTERVAL";"PROBE";1;63;0x00000b31;333;0;0;650;905;8;654;0;NOSTRESS
42665698451;254;"LOC_C3";"INTERVAL";"PROBE";1;63;0x00000b31;333;0;0;9802;13371;4;9806;0;NOSTRESS
42665698711;18;"LOC_C4";"INTERVAL";"PROBE";1;63;0x00000b31;333;0;0;585;918;8;589;0;NOSTRESS
42665698736;53793;"NEAR_P1";"INTERVAL";"PROBE";1;63;0x00000b31;333;6;3;2195331;2804274;36;2195402;0;NOSTRESS
42665752536;53780;"NEAR_P1";"INTERVAL";"PROBE";1;63;0x00000b31;333;3;5;2195093;2802459;43;2195171;0;NOSTRESS
42665806323;53599;"NEAR_P1";"INTERVAL";"PROBE";1;63;0x00000b31;333;1;0;2189647;2788860;4;2189690;0;NOSTRESS
42665859929;53762;"NEAR_P1";"INTERVAL";"PROBE";1;63;0x00000b31;333;0;1;2194808;2802361;4;2194884;0;NOSTRESS
42665913699;53771;"NEAR_P1";"INTERVAL";"PROBE";1;63;0x00000b31;333;0;0;2195118;2802386;5;2195198;0;NOSTRESS
42665967477;53632;"NEAR_P1";"INTERVAL";"PROBE";1;63;0x00000b31;333;0;0;2189696;2791305;41;2189737;0;NOSTRESS
42666021116;53752;"NEAR_P1";"INTERVAL";"PROBE";1;63;0x00000b31;333;0;0;2195095;2801144;4;2195186;0;NOSTRESS
42666074875;53752;"NEAR_P1";"INTERVAL";"PROBE";1;63;0x00000b31;333;0;0;2194990;2801315;4;2195079;0;NOSTRESS
42666128634;53621;"NEAR_P1";"INTERVAL";"PROBE";1;63;0x00000b31;333;0;0;2189674;2787585;9;2189723;0;NOSTRESS
42666182262;53761;"NEAR_P1";"INTERVAL";"PROBE";1;63;0x00000b31;333;0;0;2194725;2798821;67;2194815;0;NOSTRESS
42666236030;53785;"NEAR_P1";"INTERVAL";"PROBE";1;63;0x00000b31;333;0;0;2194938;2799754;107;2195026;0;NOSTRESS
42666289822;53603;"NEAR_P1";"INTERVAL";"PROBE";1;63;0x00000b31;333;0;0;2189659;2788807;4;2189705;0;NOSTRESS
42666343433;53743;"NEAR_P1";"INTERVAL";"PROBE";1;63;0x00000b31;333;0;0;2195069;2800646;8;2195157;0;NOSTRESS
42666397184;53767;"NEAR_P1";"INTERVAL";"PROBE";1;63;0x00000b31;333;0;0;2195052;2801357;8;2195146;0;NOSTRESS
42666450959;53842;"NEAR_P1";"INTERVAL";"PROBE";1;63;0x00000b31;333;0;0;2197083;2803301;14;2197185;0;NOSTRESS
42666504809;53599;"NEAR_P1";"INTERVAL";"PROBE";1;63;0x00000b31;333;0;0;2189706;2786898;4;2189755;0;NOSTRESS
42666558415;53748;"NEAR_P1";"INTERVAL";"PROBE";1;63;0x00000b31;333;0;0;2195101;2798909;4;2195189;0;NOSTRESS
42666612170;53770;"NEAR_P1";"INTERVAL";"PROBE";1;63;0x00000b31;333;0;0;2195049;2801256;8;2195134;0;NOSTRESS
42666665947;53602;"NEAR_P1";"INTERVAL";"PROBE";1;63;0x00000b31;333;0;0;2189674;2789483;4;2189720;0;NOSTRESS
42666719556;53763;"NEAR_P1";"INTERVAL";"PROBE";1;63;0x00000b31;333;0;0;2194870;2800566;4;2194959;0;NOSTRESS
42666773327;122054;"TRAJ_R1";"INTERVAL";"PROBE";1;63;0x00000b31;333;0;1;4802642;6351181;103;4802817;0;NOSTRESS
42667298247;1194726;"MAF";"INTERVAL";"PROBE";1;63;0x00000b31;334;56;16;48554094;62407135;1831;48555791;0;NOSTRESS
42667298261;36;"SENS_C1";"INTERVAL";"PROBE";1;63;0x00000b31;334;0;1;1455;2071;8;1459;0;NOSTRESS
42667298304;132;"LOC_C1";"INTERVAL";"PROBE";1;63;0x00000b31;334;1;0;4917;7415;8;4921;0;NOSTRESS
42667298443;20;"LOC_C2";"INTERVAL";"PROBE";1;63;0x00000b31;334;0;0;650;908;12;654;0;NOSTRESS
42667298469;254;"LOC_C3";"INTERVAL";"PROBE";1;63;0x00000b31;334;0;0;9808;13373;4;9812;0;NOSTRESS
42667298729;18;"LOC_C4";"INTERVAL";"PROBE";1;63;0x00000b31;334;0;0;585;913;4;589;0;NOSTRESS
42667298753;53999;"NEAR_P1";"INTERVAL";"PROBE";1;63;0x00000b31;334;3;1;2198250;2838993;22;2198340;0;NOSTRESS
42667352759;53884;"NEAR_P1";"INTERVAL";"PROBE";1;63;0x00000b31;334;1;3;2195815;2828917;4;2195893;0;NOSTRESS
42667406651;54013;"NEAR_P1";"INTERVAL";"PROBE";1;63;0x00000b31;334;22;2;2193124;2822784;733;2193197;0;NOSTRESS
42667460671;53884;"NEAR_P1";"INTERVAL";"PROBE";1;63;0x00000b31;334;16;3;2196674;2806104;168;2196759;0;NOSTRESS
42667514563;53767;"NEAR_P1";"INTERVAL";"PROBE";1;63;0x00000b31;334;1;3;2195473;2808024;4;2195549;0;NOSTRESS
42667568337;53614;"NEAR_P1";"INTERVAL";"PROBE";1;63;0x00000b31;334;1;1;2190326;2792378;8;2190369;0;NOSTRESS
42667621958;53896;"NEAR_P1";"INTERVAL";"PROBE";1;63;0x00000b31;334;9;0;2197332;2808663;235;2197424;0;NOSTRESS
42667675862;54092;"NEAR_P1";"INTERVAL";"PROBE";1;63;0x00000b31;334;1;0;2199732;2834957;158;2199840;0;NOSTRESS
42667729962;53824;"NEAR_P1";"INTERVAL";"PROBE";1;63;0x00000b31;334;0;0;2191640;2821189;106;2191693;0;NOSTRESS
42667783793;54048;"NEAR_P1";"INTERVAL";"PROBE";1;63;0x00000b31;334;0;0;2198429;2838473;106;2198532;0;NOSTRESS
42667837847;53877;"NEAR_P1";"INTERVAL";"PROBE";1;63;0x00000b31;334;0;0;2195349;2830357;12;2195435;0;NOSTRESS
42667891731;53899;"NEAR_P1";"INTERVAL";"PROBE";1;63;0x00000b31;334;0;0;2197171;2817230;33;2197273;0;NOSTRESS
42667945637;53628;"NEAR_P1";"INTERVAL";"PROBE";1;63;0x00000b31;334;0;0;2190327;2793433;4;2190376;0;NOSTRESS
42667999272;53767;"NEAR_P1";"INTERVAL";"PROBE";1;63;0x00000b31;334;0;0;2195779;2803116;4;2195867;0;NOSTRESS
42668053046;53766;"NEAR_P1";"INTERVAL";"PROBE";1;63;0x00000b31;334;0;0;2195760;2804256;4;2195851;0;NOSTRESS
42668106820;53706;"NEAR_P1";"INTERVAL";"PROBE";1;63;0x00000b31;334;1;0;2192210;2795543;22;2192266;0;NOSTRESS
42668160534;53775;"NEAR_P1";"INTERVAL";"PROBE";1;63;0x00000b31;334;0;0;2195876;2804345;4;2195965;0;NOSTRESS
42668214316;53812;"NEAR_P1";"INTERVAL";"PROBE";1;63;0x00000b31;334;0;0;2195582;2802000;69;2195667;0;NOSTRESS
42668268135;53617;"NEAR_P1";"INTERVAL";"PROBE";1;63;0x00000b31;334;0;0;2190320;2793191;4;2190366;0;NOSTRESS
42668321759;53762;"NEAR_P1";"INTERVAL";"PROBE";1;63;0x00000b31;334;0;0;2195687;2802623;5;2195778;0;NOSTRESS
42668375529;117438;"TRAJ_R1";"INTERVAL";"PROBE";1;63;0x00000b31;334;0;2;4619614;6108213;81;4619781;0;NOSTRESS
42668898270;1191555;"MAF";"INTERVAL";"PROBE";1;63;0x00000b31;335;10;9;48380427;62554010;1117;48382036;0;NOSTRESS
42668898284;39;"SENS_C1";"INTERVAL";"PROBE";1;63;0x00000b31;335;0;1;1453;2053;24;1457;0;NOSTRESS
42668898329;134;"LOC_C1";"INTERVAL";"PROBE";1;63;0x00000b31;335;0;2;4914;7380;12;4918;0;NOSTRESS
42668898470;18;"LOC_C2";"INTERVAL";"PROBE";1;63;0x00000b31;335;0;0;650;895;4;654;0;NOSTRESS
42668898494;254;"LOC_C3";"INTERVAL";"PROBE";1;63;0x00000b31;335;0;0;9811;13647;4;9815;0;NOSTRESS
42668898755;18;"LOC_C4";"INTERVAL";"PROBE";1;63;0x00000b31;335;0;0;584;890;8;588;0;NOSTRESS
42668898779;53961;"NEAR_P1";"INTERVAL";"PROBE";1;63;0x00000b31;335;5;2;2196779;2835427;36;2196858;0;NOSTRESS
42668952747;53979;"NEAR_P1";"INTERVAL";"PROBE";1;63;0x00000b31;335;3;3;2198166;2837746;21;2198255;0;NOSTRESS
42669006733;53750;"NEAR_P1";"INTERVAL";"PROBE";1;63;0x00000b31;335;2;1;2190806;2823971;8;2190847;0;NOSTRESS
42669060490;53889;"NEAR_P1";"INTERVAL";"PROBE";1;63;0x00000b31;335;0;0;2196170;2830924;4;2196248;0;NOSTRESS
42669114387;53899;"NEAR_P1";"INTERVAL";"PROBE";1;63;0x00000b31;335;0;0;2196180;2831165;4;2196260;0;NOSTRESS
42669168294;53739;"NEAR_P1";"INTERVAL";"PROBE";1;63;0x00000b31;335;0;0;2190766;2818587;4;2190812;0;NOSTRESS
42669222041;53889;"NEAR_P1";"INTERVAL";"PROBE";1;63;0x00000b31;335;0;0;2195931;2819662;4;2196018;0;NOSTRESS
42669275938;53933;"NEAR_P1";"INTERVAL";"PROBE";1;63;0x00000b31;335;0;0;2196187;2832233;43;2196278;0;NOSTRESS
42669329878;53755;"NEAR_P1";"INTERVAL";"PROBE";1;63;0x00000b31;335;0;0;2190709;2820173;26;2190755;0;NOSTRESS
42669383640;53888;"NEAR_P1";"INTERVAL";"PROBE";1;63;0x00000b31;335;0;0;2195952;2820694;4;2196038;0;NOSTRESS
42669437536;53903;"NEAR_P1";"INTERVAL";"PROBE";1;63;0x00000b31;335;0;0;2196202;2831614;4;2196290;0;NOSTRESS
42669491447;53887;"NEAR_P1";"INTERVAL";"PROBE";1;63;0x00000b31;335;0;0;2196105;2831092;4;2196197;0;NOSTRESS
42669545341;53759;"NEAR_P1";"INTERVAL";"PROBE";1;63;0x00000b31;335;0;0;2190574;2819873;37;2190620;0;NOSTRESS
42669599107;53951;"NEAR_P1";"INTERVAL";"PROBE";1;63;0x00000b31;335;0;0;2196208;2829174;109;2196296;0;NOSTRESS
42669653069;54040;"NEAR_P1";"INTERVAL";"PROBE";1;63;0x00000b31;335;0;0;2196073;2831989;446;2196158;0;NOSTRESS
42669707117;53789;"NEAR_P1";"INTERVAL";"PROBE";1;63;0x00000b31;335;0;0;2191985;2822458;31;2192032;0;NOSTRESS
42669760914;53977;"NEAR_P1";"INTERVAL";"PROBE";1;63;0x00000b31;335;0;0;2198075;2836560;107;2198170;0;NOSTRESS
42669814898;53893;"NEAR_P1";"INTERVAL";"PROBE";1;63;0x00000b31;335;0;0;2196145;2831363;8;2196233;0;NOSTRESS
42669868798;53735;"NEAR_P1";"INTERVAL";"PROBE";1;63;0x00000b31;335;0;0;2190659;2818142;4;2190705;0;NOSTRESS
42669922541;53885;"NEAR_P1";"INTERVAL";"PROBE";1;63;0x00000b31;335;0;0;2196085;2829576;8;2196173;0;NOSTRESS
42669976433;113384;"TRAJ_R1";"INTERVAL";"PROBE";1;63;0x00000b31;335;0;0;4451036;5949487;125;4451213;0;NOSTRESS
42670498273;1186297;"MAF";"INTERVAL";"PROBE";1;63;0x00000b31;336;26;12;48214821;62098586;1605;48216408;0;NOSTRESS
42670498288;64;"SENS_C1";"INTERVAL";"PROBE";1;63;0x00000b31;336;0;2;1456;2085;152;1460;0;NOSTRESS
42670498360;187;"LOC_C1";"INTERVAL";"PROBE";1;63;0x00000b31;336;1;0;4911;7216;252;4915;0;NOSTRESS
42670498553;24;"LOC_C2";"INTERVAL";"PROBE";1;63;0x00000b31;336;0;0;650;884;36;654;0;NOSTRESS
42670498584;274;"LOC_C3";"INTERVAL";"PROBE";1;63;0x00000b31;336;0;0;9810;13404;92;9814;0;NOSTRESS
42670498866;28;"LOC_C4";"INTERVAL";"PROBE";1;63;0x00000b31;336;0;0;586;915;48;590;0;NOSTRESS
42670498900;53970;"NEAR_P1";"INTERVAL";"PROBE";1;63;0x00000b31;336;4;3;2196934;2834613;60;2197015;0;NOSTRESS
42670552878;53910;"NEAR_P1";"INTERVAL";"PROBE";1;63;0x00000b31;336;3;2;2196491;2833643;16;2196571;0;NOSTRESS
42670606795;53801;"NEAR_P1";"INTERVAL";"PROBE";1;63;0x00000b31;336;1;1;2192915;2824044;32;2192966;0;NOSTRESS
42670660604;53931;"NEAR_P1";"INTERVAL";"PROBE";1;63;0x00000b31;336;3;3;2196609;2831533;13;2196688;0;NOSTRESS
42670714543;53898;"NEAR_P1";"INTERVAL";"PROBE";1;63;0x00000b31;336;0;0;2196498;2830832;4;2196576;0;NOSTRESS
42670768448;53746;"NEAR_P1";"INTERVAL";"PROBE";1;63;0x00000b31;336;0;0;2191027;2820565;8;2191070;0;NOSTRESS
42670822201;53894;"NEAR_P1";"INTERVAL";"PROBE";1;63;0x00000b31;336;0;0;2196505;2830485;4;2196596;0;NOSTRESS
42670876102;53893;"NEAR_P1";"INTERVAL";"PROBE";1;63;0x00000b31;336;0;0;2196160;2833236;8;2196249;0;NOSTRESS
42670930002;53769;"NEAR_P1";"INTERVAL";"PROBE";1;63;0x00000b31;336;0;0;2191165;2820436;5;2191212;0;NOSTRESS
42670983778;53892;"NEAR_P1";"INTERVAL";"PROBE";1;63;0x00000b31;336;0;0;2196401;2829092;27;2196492;0;NOSTRESS
42671037677;53888;"NEAR_P1";"INTERVAL";"PROBE";1;63;0x00000b31;336;0;0;2196150;2834773;8;2196239;0;NOSTRESS
42671091572;53919;"NEAR_P1";"INTERVAL";"PROBE";1;63;0x00000b31;336;0;0;2196216;2829787;27;2196307;0;NOSTRESS
42671145498;53741;"NEAR_P1";"INTERVAL";"PROBE";1;63;0x00000b31;336;0;0;2191040;2818426;5;2191083;0;NOSTRESS
42671199246;54031;"NEAR_P1";"INTERVAL";"PROBE";1;63;0x00000b31;336;13;1;2196879;2808903;710;2196973;0;NOSTRESS
42671253285;53789;"NEAR_P1";"INTERVAL";"PROBE";1;63;0x00000b31;336;1;0;2196517;2806839;4;2196602;0;NOSTRESS
42671307081;53631;"NEAR_P1";"INTERVAL";"PROBE";1;63;0x00000b31;336;0;0;2191126;2794452;4;2191172;0;NOSTRESS
42671360719;53802;"NEAR_P1";"INTERVAL";"PROBE";1;63;0x00000b31;336;0;0;2196487;2805495;8;2196578;0;NOSTRESS
42671414528;53842;"NEAR_P1";"INTERVAL";"PROBE";1;63;0x00000b31;336;0;0;2198394;2796336;8;2198495;0;NOSTRESS
42671468377;53665;"NEAR_P1";"INTERVAL";"PROBE";1;63;0x00000b31;336;0;0;2191193;2797186;18;2191240;0;NOSTRESS
42671522049;53787;"NEAR_P1";"INTERVAL";"PROBE";1;63;0x00000b31;336;0;0;2196514;2808882;4;2196605;0;NOSTRESS
42671575843;108720;"TRAJ_R1";"INTERVAL";"PROBE";1;63;0x00000b31;336;0;0;4279981;5657269;20;4280114;0;NOSTRESS
42672098249;1183121;"MAF";"INTERVAL";"PROBE";1;63;0x00000b31;337;11;5;48065597;62149853;435;48067182;0;NOSTRESS
42672098263;40;"SENS_C1";"INTERVAL";"PROBE";1;63;0x00000b31;337;0;2;1453;2032;28;1457;0;NOSTRESS
42672098309;137;"LOC_C1";"INTERVAL";"PROBE";1;63;0x00000b31;337;1;0;4916;7331;28;4920;0;NOSTRESS
42672098452;19;"LOC_C2";"INTERVAL";"PROBE";1;63;0x00000b31;337;0;0;650;892;12;654;0;NOSTRESS
42672098477;253;"LOC_C3";"INTERVAL";"PROBE";1;63;0x00000b31;337;0;0;9801;13263;12;9805;0;NOSTRESS
42672098737;17;"LOC_C4";"INTERVAL";"PROBE";1;63;0x00000b31;337;0;0;585;911;8;589;0;NOSTRESS
42672098760;54025;"NEAR_P1";"INTERVAL";"PROBE";1;63;0x00000b31;337;8;2;2197997;2837108;44;2198076;0;NOSTRESS
42672152793;53908;"NEAR_P1";"INTERVAL";"PROBE";1;63;0x00000b31;337;2;1;2196780;2831696;4;2196860;0;NOSTRESS
42672206708;53754;"NEAR_P1";"INTERVAL";"PROBE";1;63;0x00000b31;337;0;0;2191343;2822776;4;2191382;0;NOSTRESS
42672260470;53953;"NEAR_P1";"INTERVAL";"PROBE";1;63;0x00000b31;337;0;0;2198619;2837800;4;2198709;0;NOSTRESS
42672314431;53912;"NEAR_P1";"INTERVAL";"PROBE";1;63;0x00000b31;337;0;0;2196823;2835018;5;2196900;0;NOSTRESS
42672368351;53747;"NEAR_P1";"INTERVAL";"PROBE";1;63;0x00000b31;337;0;0;2191334;2821954;4;2191377;0;NOSTRESS
42672422105;53902;"NEAR_P1";"INTERVAL";"PROBE";1;63;0x00000b31;337;0;0;2196734;2832683;8;2196822;0;NOSTRESS
42672476014;53922;"NEAR_P1";"INTERVAL";"PROBE";1;63;0x00000b31;337;0;0;2196794;2833391;31;2196885;0;NOSTRESS
42672529943;53742;"NEAR_P1";"INTERVAL";"PROBE";1;63;0x00000b31;337;0;0;2191058;2820444;4;2191102;0;NOSTRESS
42672583692;53918;"NEAR_P1";"INTERVAL";"PROBE";1;63;0x00000b31;337;0;0;2196711;2830487;5;2196802;0;NOSTRESS
42672637618;53905;"NEAR_P1";"INTERVAL";"PROBE";1;63;0x00000b31;337;0;0;2196745;2833217;31;2196836;0;NOSTRESS
42672691530;53888;"NEAR_P1";"INTERVAL";"PROBE";1;63;0x00000b31;337;0;0;2196302;2829473;4;2196391;0;NOSTRESS
42672745425;53755;"NEAR_P1";"INTERVAL";"PROBE";1;63;0x00000b31;337;0;0;2191390;2824181;4;2191439;0;NOSTRESS
42672799187;53908;"NEAR_P1";"INTERVAL";"PROBE";1;63;0x00000b31;337;0;0;2196797;2831652;4;2196885;0;NOSTRESS
42672853102;53944;"NEAR_P1";"INTERVAL";"PROBE";1;63;0x00000b31;337;0;0;2196187;2830193;155;2196272;0;NOSTRESS
42672907053;53757;"NEAR_P1";"INTERVAL";"PROBE";1;63;0x00000b31;337;0;0;2191368;2821069;4;2191414;0;NOSTRESS
42672960818;53902;"NEAR_P1";"INTERVAL";"PROBE";1;63;0x00000b31;337;0;0;2196767;2832819;4;2196861;0;NOSTRESS
42673014728;53900;"NEAR_P1";"INTERVAL";"PROBE";1;63;0x00000b31;337;0;0;2196721;2835711;4;2196812;0;NOSTRESS
42673068635;53754;"NEAR_P1";"INTERVAL";"PROBE";1;63;0x00000b31;337;0;0;2191339;2818659;8;2191388;0;NOSTRESS
42673122396;53956;"NEAR_P1";"INTERVAL";"PROBE";1;63;0x00000b31;337;0;0;2198628;2832468;4;2198726;0;NOSTRESS
42673176359;105004;"TRAJ_R1";"INTERVAL";"PROBE";1;63;0x00000b31;337;0;0;4125552;5505295;8;4125689;0;NOSTRESS
42673698289;1180055;"MAF";"INTERVAL";"PROBE";1;63;0x00000b31;338;51;34;47918988;61931754;2615;47920555;0;NOSTRESS
42673698314;71;"SENS_C1";"INTERVAL";"PROBE";1;63;0x00000b31;338;1;8;1456;2051;180;1460;0;NOSTRESS
42673698393;183;"LOC_C1";"INTERVAL";"PROBE";1;63;0x00000b31;338;2;3;4927;7345;232;4931;0;NOSTRESS
42673698583;28;"LOC_C2";"INTERVAL";"PROBE";1;63;0x00000b31;338;0;2;650;904;40;654;0;NOSTRESS
42673698617;269;"LOC_C3";"INTERVAL";"PROBE";1;63;0x00000b31;338;2;0;9803;13471;68;9807;0;NOSTRESS
42673698892;25;"LOC_C4";"INTERVAL";"PROBE";1;63;0x00000b31;338;0;0;585;933;28;589;0;NOSTRESS
42673698923;54323;"NEAR_P1";"INTERVAL";"PROBE";1;63;0x00000b31;338;23;8;2197762;2837746;1243;2197832;0;NOSTRESS
42673753253;53937;"NEAR_P1";"INTERVAL";"PROBE";1;63;0x00000b31;338;6;6;2196773;2823062;44;2196849;0;NOSTRESS
42673807197;53762;"NEAR_P1";"INTERVAL";"PROBE";1;63;0x00000b31;338;2;1;2191362;2820760;23;2191403;0;NOSTRESS
42673860966;53900;"NEAR_P1";"INTERVAL";"PROBE";1;63;0x00000b31;338;2;1;2196748;2834517;16;2196828;0;NOSTRESS
42673914873;53998;"NEAR_P1";"INTERVAL";"PROBE";1;63;0x00000b31;338;8;1;2198665;2837009;128;2198757;0;NOSTRESS
42673968878;53751;"NEAR_P1";"INTERVAL";"PROBE";1;63;0x00000b31;338;1;0;2191301;2822423;4;2191342;0;NOSTRESS
42674022636;53922;"NEAR_P1";"INTERVAL";"PROBE";1;63;0x00000b31;338;2;0;2196779;2825310;12;2196870;0;NOSTRESS
42674076565;53924;"NEAR_P1";"INTERVAL";"PROBE";1;63;0x00000b31;338;0;0;2196838;2830537;29;2196927;0;NOSTRESS
42674130496;53897;"NEAR_P1";"INTERVAL";"PROBE";1;63;0x00000b31;338;0;0;2196761;2830118;4;2196849;0;NOSTRESS
42674184400;53757;"NEAR_P1";"INTERVAL";"PROBE";1;63;0x00000b31;338;0;0;2191013;2820185;8;2191060;0;NOSTRESS
42674238164;53909;"NEAR_P1";"INTERVAL";"PROBE";1;63;0x00000b31;338;0;0;2196693;2830700;17;2196784;0;NOSTRESS
42674292080;53907;"NEAR_P1";"INTERVAL";"PROBE";1;63;0x00000b31;338;0;0;2196273;2828135;62;2196362;0;NOSTRESS
42674345994;53791;"NEAR_P1";"INTERVAL";"PROBE";1;63;0x00000b31;338;0;0;2191125;2819370;136;2191168;0;NOSTRESS
42674399793;53888;"NEAR_P1";"INTERVAL";"PROBE";1;63;0x00000b31;338;0;0;2196388;2829242;4;2196474;0;NOSTRESS
42674453688;53892;"NEAR_P1";"INTERVAL";"PROBE";1;63;0x00000b31;338;0;0;2196719;2833407;4;2196810;0;NOSTRESS
42674507588;53747;"NEAR_P1";"INTERVAL";"PROBE";1;63;0x00000b31;338;0;0;2191307;2819695;15;2191356;0;NOSTRESS
42674561342;53922;"NEAR_P1";"INTERVAL";"PROBE";1;63;0x00000b31;338;0;0;2196611;2834808;39;2196702;0;NOSTRESS
42674615272;53894;"NEAR_P1";"INTERVAL";"PROBE";1;63;0x00000b31;338;0;0;2196647;2830948;4;2196732;0;NOSTRESS
42674669173;53744;"NEAR_P1";"INTERVAL";"PROBE";1;63;0x00000b31;338;0;0;2191316;2819930;8;2191362;0;NOSTRESS
42674722924;53892;"NEAR_P1";"INTERVAL";"PROBE";1;63;0x00000b31;338;0;0;2196746;2832907;4;2196837;0;NOSTRESS
42674776837;101500;"TRAJ_R1";"INTERVAL";"PROBE";1;63;0x00000b31;338;0;1;3981536;5318613;231;3981680;0;NOSTRESS
42675298227;1175992;"MAF";"INTERVAL";"PROBE";1;63;0x00000b31;339;46;17;47781539;61718730;1141;47783129;0;NOSTRESS
42675298243;53;"SENS_C1";"INTERVAL";"PROBE";1;63;0x00000b31;339;0;2;1452;2080;100;1456;0;NOSTRESS
42675298304;330;"LOC_C1";"INTERVAL";"PROBE";1;63;0x00000b31;339;17;6;5794;9516;672;5805;0;NOSTRESS
42675298640;20;"LOC_C2";"INTERVAL";"PROBE";1;63;0x00000b31;339;1;0;650;899;16;654;0;NOSTRESS
42675298666;260;"LOC_C3";"INTERVAL";"PROBE";1;63;0x00000b31;339;0;0;9800;13178;24;9804;0;NOSTRESS
42675298933;22;"LOC_C4";"INTERVAL";"PROBE";1;63;0x00000b31;339;0;0;585;900;28;589;0;NOSTRESS
42675298962;53974;"NEAR_P1";"INTERVAL";"PROBE";1;63;0x00000b31;339;14;3;2197390;2835984;24;2197469;0;NOSTRESS
42675352944;53908;"NEAR_P1";"INTERVAL";"PROBE";1;63;0x00000b31;339;3;1;2196718;2829186;36;2196796;0;NOSTRESS
42675406859;53743;"NEAR_P1";"INTERVAL";"PROBE";1;63;0x00000b31;339;4;0;2191271;2820468;4;2191312;0;NOSTRESS
42675460610;53923;"NEAR_P1";"INTERVAL";"PROBE";1;63;0x00000b31;339;2;0;2196705;2828050;8;2196783;0;NOSTRESS
42675514540;53894;"NEAR_P1";"INTERVAL";"PROBE";1;63;0x00000b31;339;2;0;2196662;2823828;12;2196742;0;NOSTRESS
42675568442;53739;"NEAR_P1";"INTERVAL";"PROBE";1;63;0x00000b31;339;0;0;2191256;2817036;4;2191297;0;NOSTRESS
42675622189;53975;"NEAR_P1";"INTERVAL";"PROBE";1;63;0x00000b31;339;0;0;2198687;2834961;18;2198786;0;NOSTRESS
42675676172;53897;"NEAR_P1";"INTERVAL";"PROBE";1;63;0x00000b31;339;0;0;2196668;2830481;4;2196759;0;NOSTRESS
42675730076;53950;"NEAR_P1";"INTERVAL";"PROBE";1;63;0x00000b31;339;2;0;2197999;2832717;14;2198088;0;NOSTRESS
42675784033;53741;"NEAR_P1";"INTERVAL";"PROBE";1;63;0x00000b31;339;0;0;2191249;2821242;4;2191295;0;NOSTRESS
42675837781;53887;"NEAR_P1";"INTERVAL";"PROBE";1;63;0x00000b31;339;0;0;2196317;2827882;4;2196403;0;NOSTRESS
42675891675;53914;"NEAR_P1";"INTERVAL";"PROBE";1;63;0x00000b31;339;0;0;2196719;2828742;5;2196811;0;NOSTRESS
42675945596;53758;"NEAR_P1";"INTERVAL";"PROBE";1;63;0x00000b31;339;0;0;2191182;2816978;27;2191231;0;NOSTRESS
42675999361;53898;"NEAR_P1";"INTERVAL";"PROBE";1;63;0x00000b31;339;0;0;2196730;2829489;12;2196824;0;NOSTRESS
42676053266;53884;"NEAR_P1";"INTERVAL";"PROBE";1;63;0x00000b31;339;0;0;2196351;2827681;16;2196440;0;NOSTRESS
42676107157;53742;"NEAR_P1";"INTERVAL";"PROBE";1;63;0x00000b31;339;0;0;2191251;2819655;4;2191300;0;NOSTRESS
42676160906;53894;"NEAR_P1";"INTERVAL";"PROBE";1;63;0x00000b31;339;0;0;2196698;2830282;6;2196789;0;NOSTRESS
42676214807;53899;"NEAR_P1";"INTERVAL";"PROBE";1;63;0x00000b31;339;0;0;2196667;2832488;27;2196758;0;NOSTRESS
42676268714;53755;"NEAR_P1";"INTERVAL";"PROBE";1;63;0x00000b31;339;0;0;2191251;2815662;8;2191294;0;NOSTRESS
42676322476;53893;"NEAR_P1";"INTERVAL";"PROBE";1;63;0x00000b31;339;0;0;2196701;2831912;4;2196789;0;NOSTRESS
42676376376;97837;"TRAJ_R1";"INTERVAL";"PROBE";1;63;0x00000b31;339;0;0;3842567;5130501;32;3842710;0;NOSTRESS
42676898257;1172838;"MAF";"INTERVAL";"PROBE";1;63;0x00000b31;340;50;42;47655188;61564018;681;47656795;0;NOSTRESS
42676898271;37;"SENS_C1";"INTERVAL";"PROBE";1;63;0x00000b31;340;0;5;1455;2066;28;1459;0;NOSTRESS
42676898314;132;"LOC_C1";"INTERVAL";"PROBE";1;63;0x00000b31;340;0;2;4917;7451;8;4921;0;NOSTRESS
42676898452;18;"LOC_C2";"INTERVAL";"PROBE";1;63;0x00000b31;340;0;0;650;913;4;654;0;NOSTRESS
42676898476;253;"LOC_C3";"INTERVAL";"PROBE";1;63;0x00000b31;340;0;0;9808;13330;4;9812;0;NOSTRESS
42676898736;19;"LOC_C4";"INTERVAL";"PROBE";1;63;0x00000b31;340;0;0;585;917;12;589;0;NOSTRESS
42676898761;53962;"NEAR_P1";"INTERVAL";"PROBE";1;63;0x00000b31;340;14;5;2196812;2834503;50;2196879;0;NOSTRESS
42676952730;53905;"NEAR_P1";"INTERVAL";"PROBE";1;63;0x00000b31;340;3;1;2196629;2830641;12;2196709;0;NOSTRESS
42677006642;53745;"NEAR_P1";"INTERVAL";"PROBE";1;63;0x00000b31;340;2;1;2191156;2817811;5;2191197;0;NOSTRESS
42677060395;53914;"NEAR_P1";"INTERVAL";"PROBE";1;63;0x00000b31;340;1;1;2196479;2830147;37;2196555;0;NOSTRESS
42677114317;53895;"NEAR_P1";"INTERVAL";"PROBE";1;63;0x00000b31;340;2;0;2196565;2829040;8;2196645;0;NOSTRESS
42677168219;53738;"NEAR_P1";"INTERVAL";"PROBE";1;63;0x00000b31;340;2;1;2191136;2820548;4;2191179;0;NOSTRESS
42677221965;53896;"NEAR_P1";"INTERVAL";"PROBE";1;63;0x00000b31;340;1;1;2196592;2831021;8;2196680;0;NOSTRESS
42677275869;53977;"NEAR_P1";"INTERVAL";"PROBE";1;63;0x00000b31;340;1;1;2198566;2834418;10;2198665;0;NOSTRESS
42677329854;53748;"NEAR_P1";"INTERVAL";"PROBE";1;63;0x00000b31;340;1;1;2191323;2808370;4;2191384;0;NOSTRESS
42677383609;53887;"NEAR_P1";"INTERVAL";"PROBE";1;63;0x00000b31;340;2;1;2196611;2832802;4;2196702;0;NOSTRESS
42677437503;53892;"NEAR_P1";"INTERVAL";"PROBE";1;63;0x00000b31;340;1;1;2196616;2830205;4;2196704;0;NOSTRESS
42677491402;53884;"NEAR_P1";"INTERVAL";"PROBE";1;63;0x00000b31;340;3;0;2196209;2830888;4;2196298;0;NOSTRESS
42677545293;53744;"NEAR_P1";"INTERVAL";"PROBE";1;63;0x00000b31;340;2;1;2191157;2821836;4;2191206;0;NOSTRESS
42677599044;53926;"NEAR_P1";"INTERVAL";"PROBE";1;63;0x00000b31;340;3;2;2196492;2831333;32;2196584;0;NOSTRESS
42677652977;54186;"NEAR_P1";"INTERVAL";"PROBE";1;63;0x00000b31;340;8;2;2201578;2841950;276;2201706;0;NOSTRESS
42677707171;53756;"NEAR_P1";"INTERVAL";"PROBE";1;63;0x00000b31;340;1;0;2190867;2818638;8;2190911;0;NOSTRESS
42677760934;53976;"NEAR_P1";"INTERVAL";"PROBE";1;63;0x00000b31;340;0;0;2198040;2833721;20;2198127;0;NOSTRESS
42677814918;53917;"NEAR_P1";"INTERVAL";"PROBE";1;63;0x00000b31;340;0;0;2196587;2819536;43;2196678;0;NOSTRESS
42677868842;53756;"NEAR_P1";"INTERVAL";"PROBE";1;63;0x00000b31;340;0;0;2191134;2821037;28;2191180;0;NOSTRESS
42677922605;53889;"NEAR_P1";"INTERVAL";"PROBE";1;63;0x00000b31;340;0;0;2196590;2829765;4;2196678;0;NOSTRESS
42677976502;94570;"TRAJ_R1";"INTERVAL";"PROBE";1;63;0x00000b31;340;0;0;3714412;4963671;36;3714545;0;NOSTRESS
42678498263;1168049;"MAF";"INTERVAL";"PROBE";1;63;0x00000b31;341;23;12;47533436;60983902;1148;47535008;0;NOSTRESS
42678498280;56;"SENS_C1";"INTERVAL";"PROBE";1;63;0x00000b31;341;0;2;1453;2093;116;1457;0;NOSTRESS
42678498343;155;"LOC_C1";"INTERVAL";"PROBE";1;63;0x00000b31;341;0;1;4921;7241;104;4925;0;NOSTRESS
42678498506;22;"LOC_C2";"INTERVAL";"PROBE";1;63;0x00000b31;341;0;0;650;890;20;654;0;NOSTRESS
42678498534;264;"LOC_C3";"INTERVAL";"PROBE";1;63;0x00000b31;341;0;0;9801;13378;44;9805;0;NOSTRESS
42678498806;22;"LOC_C4";"INTERVAL";"PROBE";1;63;0x00000b31;341;0;0;585;895;20;589;0;NOSTRESS
42678498834;53997;"NEAR_P1";"INTERVAL";"PROBE";1;63;0x00000b31;341;5;1;2197373;2835526;66;2197454;0;NOSTRESS
42678552839;53930;"NEAR_P1";"INTERVAL";"PROBE";1;63;0x00000b31;341;2;2;2196436;2832044;36;2196515;0;NOSTRESS
42678606776;53749;"NEAR_P1";"INTERVAL";"PROBE";1;63;0x00000b31;341;0;0;2191365;2819523;12;2191406;0;NOSTRESS
42678660532;53899;"NEAR_P1";"INTERVAL";"PROBE";1;63;0x00000b31;341;0;0;2196792;2828237;6;2196868;0;NOSTRESS
42678714438;53962;"NEAR_P1";"INTERVAL";"PROBE";1;63;0x00000b31;341;0;0;2196714;2829120;45;2196792;0;NOSTRESS
42678768408;53745;"NEAR_P1";"INTERVAL";"PROBE";1;63;0x00000b31;341;0;0;2191351;2820840;12;2191394;0;NOSTRESS
42678822160;53967;"NEAR_P1";"INTERVAL";"PROBE";1;63;0x00000b31;341;14;5;2197676;2799132;440;2197771;0;NOSTRESS
42678876134;53789;"NEAR_P1";"INTERVAL";"PROBE";1;63;0x00000b31;341;2;0;2196815;2804340;4;2196903;0;NOSTRESS
42678929930;53688;"NEAR_P1";"INTERVAL";"PROBE";1;63;0x00000b31;341;0;0;2193205;2798306;8;2193261;0;NOSTRESS
42678983625;53814;"NEAR_P1";"INTERVAL";"PROBE";1;63;0x00000b31;341;0;0;2196837;2803643;14;2196926;0;NOSTRESS
42679037447;53792;"NEAR_P1";"INTERVAL";"PROBE";1;63;0x00000b31;341;0;0;2196718;2807539;8;2196809;0;NOSTRESS
42679091261;53787;"NEAR_P1";"INTERVAL";"PROBE";1;63;0x00000b31;341;0;0;2196738;2803305;4;2196829;0;NOSTRESS
42679145055;53636;"NEAR_P1";"INTERVAL";"PROBE";1;63;0x00000b31;341;0;0;2191338;2792717;8;2191384;0;NOSTRESS
42679198698;53793;"NEAR_P1";"INTERVAL";"PROBE";1;63;0x00000b31;341;0;0;2196724;2801933;35;2196815;0;NOSTRESS
42679252498;53828;"NEAR_P1";"INTERVAL";"PROBE";1;63;0x00000b31;341;0;0;2196663;2806241;41;2196751;0;NOSTRESS
42679306334;53631;"NEAR_P1";"INTERVAL";"PROBE";1;63;0x00000b31;341;0;0;2191325;2793985;4;2191368;0;NOSTRESS
42679359972;53777;"NEAR_P1";"INTERVAL";"PROBE";1;63;0x00000b31;341;0;0;2196330;2803234;4;2196419;0;NOSTRESS
42679413756;53788;"NEAR_P1";"INTERVAL";"PROBE";1;63;0x00000b31;341;0;0;2196787;2803926;4;2196875;0;NOSTRESS
42679467551;53634;"NEAR_P1";"INTERVAL";"PROBE";1;63;0x00000b31;341;0;0;2191301;2793855;4;2191347;0;NOSTRESS
42679521193;53791;"NEAR_P1";"INTERVAL";"PROBE";1;63;0x00000b31;341;0;0;2196731;2802160;40;2196822;0;NOSTRESS
42679574992;91314;"TRAJ_R1";"INTERVAL";"PROBE";1;63;0x00000b31;341;0;1;3594590;4752575;17;3594726;0;NOSTRESS
42680098214;1164399;"MAF";"INTERVAL";"PROBE";1;63;0x00000b31;342;11;11;47419894;60691406;645;47421452;0;NOSTRESS
42680098230;47;"SENS_C1";"INTERVAL";"PROBE";1;63;0x00000b31;342;0;2;1454;2109;68;1458;0;NOSTRESS
42680098283;140;"LOC_C1";"INTERVAL";"PROBE";1;63;0x00000b31;342;1;1;4917;7274;40;4921;0;NOSTRESS
42680098429;18;"LOC_C2";"INTERVAL";"PROBE";1;63;0x00000b31;342;0;0;650;906;4;654;0;NOSTRESS
42680098453;257;"LOC_C3";"INTERVAL";"PROBE";1;63;0x00000b31;342;0;0;9791;13307;24;9795;0;NOSTRESS
42680098718;19;"LOC_C4";"INTERVAL";"PROBE";1;63;0x00000b31;342;0;0;585;914;8;589;0;NOSTRESS
42680098743;53941;"NEAR_P1";"INTERVAL";"PROBE";1;63;0x00000b31;342;9;2;2198571;2807614;97;2198659;0;NOSTRESS
42680152691;53798;"NEAR_P1";"INTERVAL";"PROBE";1;63;0x00000b31;342;1;3;2196908;2807816;4;2196986;0;NOSTRESS
42680206496;53635;"NEAR_P1";"INTERVAL";"PROBE";1;63;0x00000b31;342;0;0;2191144;2793842;4;2191183;0;NOSTRESS
42680260138;53797;"NEAR_P1";"INTERVAL";"PROBE";1;63;0x00000b31;342;0;0;2196910;2807908;4;2196992;0;NOSTRESS
42680313942;53796;"NEAR_P1";"INTERVAL";"PROBE";1;63;0x00000b31;342;0;0;2196841;2806223;6;2196919;0;NOSTRESS
42680367745;53672;"NEAR_P1";"INTERVAL";"PROBE";1;63;0x00000b31;342;0;0;2191352;2795710;44;2191391;0;NOSTRESS
42680421424;53793;"NEAR_P1";"INTERVAL";"PROBE";1;63;0x00000b31;342;0;0;2196858;2805261;8;2196943;0;NOSTRESS
42680475223;53788;"NEAR_P1";"INTERVAL";"PROBE";1;63;0x00000b31;342;0;0;2196849;2794516;8;2196937;0;NOSTRESS
42680529019;53650;"NEAR_P1";"INTERVAL";"PROBE";1;63;0x00000b31;342;0;0;2191404;2796788;23;2191447;0;NOSTRESS
42680582677;53861;"NEAR_P1";"INTERVAL";"PROBE";1;63;0x00000b31;342;0;0;2198722;2811000;16;2198823;0;NOSTRESS
42680636546;53811;"NEAR_P1";"INTERVAL";"PROBE";1;63;0x00000b31;342;0;0;2196898;2806151;4;2196989;0;NOSTRESS
42680690364;53793;"NEAR_P1";"INTERVAL";"PROBE";1;63;0x00000b31;342;0;0;2196843;2805353;4;2196928;0;NOSTRESS
42680744164;53637;"NEAR_P1";"INTERVAL";"PROBE";1;63;0x00000b31;342;0;0;2191425;2794203;8;2191471;0;NOSTRESS
42680797808;53811;"NEAR_P1";"INTERVAL";"PROBE";1;63;0x00000b31;342;0;0;2196898;2804548;6;2196993;0;NOSTRESS
42680851626;53782;"NEAR_P1";"INTERVAL";"PROBE";1;63;0x00000b31;342;0;0;2196575;2793030;4;2196664;0;NOSTRESS
42680905415;53658;"NEAR_P1";"INTERVAL";"PROBE";1;63;0x00000b31;342;0;0;2191435;2795687;5;2191481;0;NOSTRESS
42680959080;53810;"NEAR_P1";"INTERVAL";"PROBE";1;63;0x00000b31;342;0;0;2196860;2805730;47;2196948;0;NOSTRESS
42681012897;53788;"NEAR_P1";"INTERVAL";"PROBE";1;63;0x00000b31;342;0;0;2196591;2806048;8;2196680;0;NOSTRESS
42681066692;53639;"NEAR_P1";"INTERVAL";"PROBE";1;63;0x00000b31;342;0;0;2191433;2794099;4;2191479;0;NOSTRESS
42681120338;53791;"NEAR_P1";"INTERVAL";"PROBE";1;63;0x00000b31;342;0;0;2196852;2806375;4;2196943;0;NOSTRESS
42681174136;88471;"TRAJ_R1";"INTERVAL";"PROBE";1;63;0x00000b31;342;0;2;3478915;4601628;181;3479040;0;NOSTRESS
42681698276;1163831;"MAF";"INTERVAL";"PROBE";1;63;0x00000b31;343;69;34;47310952;60886773;3018;47312541;0;NOSTRESS
42681698301;61;"SENS_C1";"INTERVAL";"PROBE";1;63;0x00000b31;343;1;6;1453;2144;140;1457;0;NOSTRESS
42681698370;201;"LOC_C1";"INTERVAL";"PROBE";1;63;0x00000b31;343;3;2;4927;7341;297;4931;0;NOSTRESS
42681698578;28;"LOC_C2";"INTERVAL";"PROBE";1;63;0x00000b31;343;0;1;650;914;32;654;0;NOSTRESS
42681698613;273;"LOC_C3";"INTERVAL";"PROBE";1;63;0x00000b31;343;1;0;9804;13390;100;9808;0;NOSTRESS
42681698894;32;"LOC_C4";"INTERVAL";"PROBE";1;63;0x00000b31;343;0;0;584;906;64;588;0;NOSTRESS
42681698933;54132;"NEAR_P1";"INTERVAL";"PROBE";1;63;0x00000b31;343;21;7;2197028;2834604;950;2197097;0;NOSTRESS
42681753072;53952;"NEAR_P1";"INTERVAL";"PROBE";1;63;0x00000b31;343;10;6;2196681;2830292;92;2196759;0;NOSTRESS
42681807032;53756;"NEAR_P1";"INTERVAL";"PROBE";1;63;0x00000b31;343;2;1;2191341;2822196;8;2191380;0;NOSTRESS
42681860795;53928;"NEAR_P1";"INTERVAL";"PROBE";1;63;0x00000b31;343;1;0;2196744;2828593;43;2196822;0;NOSTRESS
42681914730;53902;"NEAR_P1";"INTERVAL";"PROBE";1;63;0x00000b31;343;0;0;2196789;2832032;20;2196867;0;NOSTRESS
42681968639;53756;"NEAR_P1";"INTERVAL";"PROBE";1;63;0x00000b31;343;0;0;2191321;2823458;8;2191364;0;NOSTRESS
42682022402;53937;"NEAR_P1";"INTERVAL";"PROBE";1;63;0x00000b31;343;0;0;2196904;2820564;60;2197016;0;NOSTRESS
42682076346;53913;"NEAR_P1";"INTERVAL";"PROBE";1;63;0x00000b31;343;0;0;2196750;2830719;4;2196844;0;NOSTRESS
42682130267;53900;"NEAR_P1";"INTERVAL";"PROBE";1;63;0x00000b31;343;0;0;2196746;2833076;12;2196840;0;NOSTRESS
42682184174;53745;"NEAR_P1";"INTERVAL";"PROBE";1;63;0x00000b31;343;0;0;2191284;2821602;4;2191327;0;NOSTRESS
42682237927;53995;"NEAR_P1";"INTERVAL";"PROBE";1;63;0x00000b31;343;6;1;2198635;2836403;40;2198733;0;NOSTRESS
42682291929;53943;"NEAR_P1";"INTERVAL";"PROBE";1;63;0x00000b31;343;1;0;2196805;2831412;18;2196897;0;NOSTRESS
42682345879;53748;"NEAR_P1";"INTERVAL";"PROBE";1;63;0x00000b31;343;0;0;2191250;2809736;8;2191296;0;NOSTRESS
42682399634;53876;"NEAR_P1";"INTERVAL";"PROBE";1;63;0x00000b31;343;0;0;2196728;2813212;8;2196816;0;NOSTRESS
42682453518;53784;"NEAR_P1";"INTERVAL";"PROBE";1;63;0x00000b31;343;0;0;2196712;2806359;8;2196806;0;NOSTRESS
42682507309;53637;"NEAR_P1";"INTERVAL";"PROBE";1;63;0x00000b31;343;0;0;2191003;2796284;4;2191050;0;NOSTRESS
42682560954;54038;"NEAR_P1";"INTERVAL";"PROBE";1;63;0x00000b31;343;20;5;2197209;2807902;701;2197306;0;NOSTRESS
42682614999;53820;"NEAR_P1";"INTERVAL";"PROBE";1;63;0x00000b31;343;1;1;2196555;2806572;127;2196643;0;NOSTRESS
42682668827;53642;"NEAR_P1";"INTERVAL";"PROBE";1;63;0x00000b31;343;0;0;2191327;2793611;6;2191376;0;NOSTRESS
42682722476;53789;"NEAR_P1";"INTERVAL";"PROBE";1;63;0x00000b31;343;0;0;2196383;2792101;4;2196472;0;NOSTRESS
42682776289;85811;"TRAJ_R1";"INTERVAL";"PROBE";1;63;0x00000b31;343;0;1;3373121;4464297;170;3373248;0;NOSTRESS
42683298210;1118520;"MAF";"INTERVAL";"PROBE";1;63;0x00000b31;344;39;18;45603249;58344620;1588;45604748;0;NOSTRESS
42683298225;48;"SENS_C1";"INTERVAL";"PROBE";1;63;0x00000b31;344;0;3;1454;2081;72;1458;0;NOSTRESS
42683298279;142;"LOC_C1";"INTERVAL";"PROBE";1;63;0x00000b31;344;0;3;4920;7493;44;4924;0;NOSTRESS
42683298427;20;"LOC_C2";"INTERVAL";"PROBE";1;63;0x00000b31;344;0;0;650;917;12;654;0;NOSTRESS
42683298453;256;"LOC_C3";"INTERVAL";"PROBE";1;63;0x00000b31;344;0;0;9798;13343;16;9802;0;NOSTRESS
42683298716;21;"LOC_C4";"INTERVAL";"PROBE";1;63;0x00000b31;344;0;0;585;913;16;589;0;NOSTRESS
42683298743;54155;"NEAR_P1";"INTERVAL";"PROBE";1;63;0x00000b31;344;32;5;2200165;2821519;828;2200274;0;NOSTRESS
42683352906;53799;"NEAR_P1";"INTERVAL";"PROBE";1;63;0x00000b31;344;2;4;2196513;2806759;4;2196591;0;NOSTRESS
42683406712;53652;"NEAR_P1";"INTERVAL";"PROBE";1;63;0x00000b31;344;0;0;2191362;2795693;5;2191401;0;NOSTRESS
42683460371;53817;"NEAR_P1";"INTERVAL";"PROBE";1;63;0x00000b31;344;0;0;2196819;2806165;47;2196899;0;NOSTRESS
42683514196;53782;"NEAR_P1";"INTERVAL";"PROBE";1;63;0x00000b31;344;0;0;2196379;2806139;4;2196455;0;NOSTRESS
42683567985;53652;"NEAR_P1";"INTERVAL";"PROBE";1;63;0x00000b31;344;0;0;2191393;2797499;20;2191434;0;NOSTRESS
42683621644;53794;"NEAR_P1";"INTERVAL";"PROBE";1;63;0x00000b31;344;0;0;2196779;2807755;4;2196870;0;NOSTRESS
42683675446;53833;"NEAR_P1";"INTERVAL";"PROBE";1;63;0x00000b31;344;0;0;2196226;2809658;153;2196310;0;NOSTRESS
42683729286;53639;"NEAR_P1";"INTERVAL";"PROBE";1;63;0x00000b31;344;0;0;2191383;2795534;4;2191429;0;NOSTRESS
42683782932;53795;"NEAR_P1";"INTERVAL";"PROBE";1;63;0x00000b31;344;0;0;2196819;2808430;4;2196913;0;NOSTRESS
42683836734;53791;"NEAR_P1";"INTERVAL";"PROBE";1;63;0x00000b31;344;0;0;2196822;2802798;4;2196907;0;NOSTRESS
42683890532;53851;"NEAR_P1";"INTERVAL";"PROBE";1;63;0x00000b31;344;2;1;2198685;2811245;16;2198786;0;NOSTRESS
42683944390;53665;"NEAR_P1";"INTERVAL";"PROBE";1;63;0x00000b31;344;2;0;2191466;2796729;10;2191513;0;NOSTRESS
42683998062;53800;"NEAR_P1";"INTERVAL";"PROBE";1;63;0x00000b31;344;0;0;2196871;2809395;4;2196962;0;NOSTRESS
42684051869;53795;"NEAR_P1";"INTERVAL";"PROBE";1;63;0x00000b31;344;0;0;2196839;2805820;8;2196933;0;NOSTRESS
42684105671;53637;"NEAR_P1";"INTERVAL";"PROBE";1;63;0x00000b31;344;0;0;2191340;2793147;8;2191386;0;NOSTRESS
42684159315;53789;"NEAR_P1";"INTERVAL";"PROBE";1;63;0x00000b31;344;0;0;2196392;2805983;12;2196475;0;NOSTRESS
42684213111;53826;"NEAR_P1";"INTERVAL";"PROBE";1;63;0x00000b31;344;0;0;2196824;2808860;81;2196915;0;NOSTRESS
42684266944;53639;"NEAR_P1";"INTERVAL";"PROBE";1;63;0x00000b31;344;0;0;2191375;2797270;27;2191421;0;NOSTRESS
42684320590;53839;"NEAR_P1";"INTERVAL";"PROBE";1;63;0x00000b31;344;0;0;2196240;2806576;153;2196330;0;NOSTRESS
42684374436;42287;"TRAJ_R1";"INTERVAL";"PROBE";1;63;0x00000b31;344;0;1;1662937;2199900;28;1662978;0;NOSTRESS
42684898194;1263225;"MAF";"INTERVAL";"PROBE";1;63;0x00000b31;345;17;6;51312938;65817450;1109;51314604;0;NOSTRESS
42684898208;38;"SENS_C1";"INTERVAL";"PROBE";1;63;0x00000b31;345;0;2;1453;2055;28;1457;0;NOSTRESS
42684898252;132;"LOC_C1";"INTERVAL";"PROBE";1;63;0x00000b31;345;3;0;4915;7282;4;4919;0;NOSTRESS
42684898391;20;"LOC_C2";"INTERVAL";"PROBE";1;63;0x00000b31;345;0;0;650;905;8;654;0;NOSTRESS
42684898417;255;"LOC_C3";"INTERVAL";"PROBE";1;63;0x00000b31;345;0;0;9797;13394;8;9801;0;NOSTRESS
42684898678;19;"LOC_C4";"INTERVAL";"PROBE";1;63;0x00000b31;345;0;0;584;899;4;588;0;NOSTRESS
42684898703;53834;"NEAR_P1";"INTERVAL";"PROBE";1;63;0x00000b31;345;8;1;2197052;2808453;8;2197123;0;NOSTRESS
42684952545;53799;"NEAR_P1";"INTERVAL";"PROBE";1;63;0x00000b31;345;3;2;2196837;2803987;4;2196917;0;NOSTRESS
42685006351;53630;"NEAR_P1";"INTERVAL";"PROBE";1;63;0x00000b31;345;0;1;2191019;2794124;4;2191058;0;NOSTRESS
42685059988;53813;"NEAR_P1";"INTERVAL";"PROBE";1;63;0x00000b31;345;0;0;2196868;2798282;10;2196949;0;NOSTRESS
42685113809;53806;"NEAR_P1";"INTERVAL";"PROBE";1;63;0x00000b31;345;0;0;2196759;2806353;40;2196839;0;NOSTRESS
42685167622;53635;"NEAR_P1";"INTERVAL";"PROBE";1;63;0x00000b31;345;0;0;2191306;2791648;4;2191347;0;NOSTRESS
42685221264;53779;"NEAR_P1";"INTERVAL";"PROBE";1;63;0x00000b31;345;0;0;2196414;2803681;4;2196498;0;NOSTRESS
42685275051;53779;"NEAR_P1";"INTERVAL";"PROBE";1;63;0x00000b31;345;0;0;2196689;2805038;4;2196780;0;NOSTRESS
42685328837;53657;"NEAR_P1";"INTERVAL";"PROBE";1;63;0x00000b31;345;0;0;2191419;2792813;8;2191466;0;NOSTRESS
42685382502;53801;"NEAR_P1";"INTERVAL";"PROBE";1;63;0x00000b31;345;0;0;2196666;2802876;22;2196754;0;NOSTRESS
42685436310;53785;"NEAR_P1";"INTERVAL";"PROBE";1;63;0x00000b31;345;0;0;2196741;2804983;4;2196829;0;NOSTRESS
42685490102;53626;"NEAR_P1";"INTERVAL";"PROBE";1;63;0x00000b31;345;0;0;2191233;2794345;4;2191276;0;NOSTRESS
42685543735;53778;"NEAR_P1";"INTERVAL";"PROBE";1;63;0x00000b31;345;0;0;2196640;2793157;4;2196726;0;NOSTRESS
42685597520;53841;"NEAR_P1";"INTERVAL";"PROBE";1;63;0x00000b31;345;2;0;2198717;2807451;8;2198816;0;NOSTRESS
42685651369;53901;"NEAR_P1";"INTERVAL";"PROBE";1;63;0x00000b31;345;0;0;2196522;2806926;563;2196607;0;NOSTRESS
42685705278;53689;"NEAR_P1";"INTERVAL";"PROBE";1;63;0x00000b31;345;0;0;2191346;2791828;121;2191389;0;NOSTRESS
42685758974;53785;"NEAR_P1";"INTERVAL";"PROBE";1;63;0x00000b31;345;0;0;2196782;2805935;8;2196873;0;NOSTRESS
42685812766;53780;"NEAR_P1";"INTERVAL";"PROBE";1;63;0x00000b31;345;0;0;2196445;2802900;8;2196531;0;NOSTRESS
42685866553;53633;"NEAR_P1";"INTERVAL";"PROBE";1;63;0x00000b31;345;0;0;2191333;2793637;8;2191382;0;NOSTRESS
42685920193;53833;"NEAR_P1";"INTERVAL";"PROBE";1;63;0x00000b31;345;0;0;2196483;2806565;81;2196565;0;NOSTRESS
42685974033;187379;"TRAJ_R1";"INTERVAL";"PROBE";1;63;0x00000b31;345;0;0;7376045;9750739;128;7376311;0;NOSTRESS
42686498200;1279224;"MAF";"INTERVAL";"PROBE";1;63;0x00000b31;346;22;13;51852902;67025499;1593;51854604;0;NOSTRESS
42686498218;63;"SENS_C1";"INTERVAL";"PROBE";1;63;0x00000b31;346;0;3;1453;2058;164;1457;0;NOSTRESS
42686498288;183;"LOC_C1";"INTERVAL";"PROBE";1;63;0x00000b31;346;0;0;4914;7249;232;4918;0;NOSTRESS
42686498479;22;"LOC_C2";"INTERVAL";"PROBE";1;63;0x00000b31;346;0;0;650;901;32;654;0;NOSTRESS
42686498509;266;"LOC_C3";"INTERVAL";"PROBE";1;63;0x00000b31;346;0;0;9804;13426;72;9808;0;NOSTRESS
42686498783;219;"LOC_C4";"INTERVAL";"PROBE";1;63;0x00000b31;346;8;1;1475;3052;636;1486;0;NOSTRESS
42686499010;53975;"NEAR_P1";"INTERVAL";"PROBE";1;63;0x00000b31;346;7;4;2197295;2835640;56;2197374;0;NOSTRESS
42686552993;53925;"NEAR_P1";"INTERVAL";"PROBE";1;63;0x00000b31;346;6;5;2196843;2826609;16;2196921;0;NOSTRESS
42686606925;53747;"NEAR_P1";"INTERVAL";"PROBE";1;63;0x00000b31;346;0;0;2191410;2819230;4;2191453;0;NOSTRESS
42686660679;53902;"NEAR_P1";"INTERVAL";"PROBE";1;63;0x00000b31;346;0;0;2196580;2834079;4;2196656;0;NOSTRESS
42686714588;53924;"NEAR_P1";"INTERVAL";"PROBE";1;63;0x00000b31;346;0;0;2196874;2830576;13;2196960;0;NOSTRESS
42686768519;53772;"NEAR_P1";"INTERVAL";"PROBE";1;63;0x00000b31;346;0;0;2191319;2820846;48;2191368;0;NOSTRESS
42686822298;53896;"NEAR_P1";"INTERVAL";"PROBE";1;63;0x00000b31;346;0;0;2196842;2828368;4;2196930;0;NOSTRESS
42686876202;53888;"NEAR_P1";"INTERVAL";"PROBE";1;63;0x00000b31;346;0;0;2196395;2831609;4;2196484;0;NOSTRESS
42686930097;53902;"NEAR_P1";"INTERVAL";"PROBE";1;63;0x00000b31;346;0;0;2196852;2829258;16;2196943;0;NOSTRESS
42686984010;53743;"NEAR_P1";"INTERVAL";"PROBE";1;63;0x00000b31;346;0;0;2191401;2815997;5;2191447;0;NOSTRESS
42687037760;53919;"NEAR_P1";"INTERVAL";"PROBE";1;63;0x00000b31;346;0;0;2196637;2829808;36;2196722;0;NOSTRESS
42687091686;53915;"NEAR_P1";"INTERVAL";"PROBE";1;63;0x00000b31;346;0;0;2196867;2830700;12;2196952;0;NOSTRESS
42687145608;53742;"NEAR_P1";"INTERVAL";"PROBE";1;63;0x00000b31;346;0;0;2191377;2816886;8;2191420;0;NOSTRESS
42687199357;53896;"NEAR_P1";"INTERVAL";"PROBE";1;63;0x00000b31;346;0;0;2196806;2828770;32;2196897;0;NOSTRESS
42687253260;53995;"NEAR_P1";"INTERVAL";"PROBE";1;63;0x00000b31;346;0;0;2198733;2834615;43;2198832;0;NOSTRESS
42687307263;53744;"NEAR_P1";"INTERVAL";"PROBE";1;63;0x00000b31;346;0;0;2191394;2818539;8;2191437;0;NOSTRESS
42687361014;53906;"NEAR_P1";"INTERVAL";"PROBE";1;63;0x00000b31;346;0;0;2196815;2828534;4;2196900;0;NOSTRESS
42687414927;53899;"NEAR_P1";"INTERVAL";"PROBE";1;63;0x00000b31;346;0;0;2196838;2833178;8;2196929;0;NOSTRESS
42687468848;53736;"NEAR_P1";"INTERVAL";"PROBE";1;63;0x00000b31;346;0;0;2191344;2808641;4;2191393;0;NOSTRESS
42687522591;53793;"NEAR_P1";"INTERVAL";"PROBE";1;63;0x00000b31;346;0;0;2196551;2809804;4;2196643;0;NOSTRESS
42687576391;201026;"TRAJ_R1";"INTERVAL";"PROBE";1;63;0x00000b31;346;0;0;7913212;10460077;48;7913473;0;NOSTRESS
42688098263;1295231;"MAF";"INTERVAL";"PROBE";1;63;0x00000b31;347;8;7;52463878;68028538;397;52465644;0;NOSTRESS
42688098277;41;"SENS_C1";"INTERVAL";"PROBE";1;63;0x00000b31;347;0;2;1451;2043;48;1455;0;NOSTRESS
42688098324;134;"LOC_C1";"INTERVAL";"PROBE";1;63;0x00000b31;347;1;1;4920;7324;12;4924;0;NOSTRESS
42688098464;18;"LOC_C2";"INTERVAL";"PROBE";1;63;0x00000b31;347;0;0;650;905;4;654;0;NOSTRESS
42688098488;254;"LOC_C3";"INTERVAL";"PROBE";1;63;0x00000b31;347;0;0;9802;13362;8;9806;0;NOSTRESS
42688098748;18;"LOC_C4";"INTERVAL";"PROBE";1;63;0x00000b31;347;0;0;584;892;4;588;0;NOSTRESS
42688098772;54085;"NEAR_P1";"INTERVAL";"PROBE";1;63;0x00000b31;347;4;1;2199483;2843056;42;2199571;0;NOSTRESS
42688152865;53948;"NEAR_P1";"INTERVAL";"PROBE";1;63;0x00000b31;347;3;3;2197006;2824032;34;2197086;0;NOSTRESS
42688206820;53764;"NEAR_P1";"INTERVAL";"PROBE";1;63;0x00000b31;347;0;0;2191580;2822492;4;2191623;0;NOSTRESS
42688260591;53916;"NEAR_P1";"INTERVAL";"PROBE";1;63;0x00000b31;347;0;0;2197055;2833580;4;2197133;0;NOSTRESS
42688314514;53903;"NEAR_P1";"INTERVAL";"PROBE";1;63;0x00000b31;347;0;0;2196705;2835012;4;2196787;0;NOSTRESS
42688368424;53755;"NEAR_P1";"INTERVAL";"PROBE";1;63;0x00000b31;347;0;0;2191533;2822761;4;2191579;0;NOSTRESS
42688422186;53948;"NEAR_P1";"INTERVAL";"PROBE";1;63;0x00000b31;347;0;0;2197142;2833758;33;2197237;0;NOSTRESS
42688476141;53972;"NEAR_P1";"INTERVAL";"PROBE";1;63;0x00000b31;347;0;0;2198362;2836562;12;2198448;0;NOSTRESS
42688530121;53906;"NEAR_P1";"INTERVAL";"PROBE";1;63;0x00000b31;347;0;0;2196693;2833305;8;2196776;0;NOSTRESS
42688584034;53811;"NEAR_P1";"INTERVAL";"PROBE";1;63;0x00000b31;347;0;0;2191377;2820750;53;2191426;0;NOSTRESS
42688637853;53912;"NEAR_P1";"INTERVAL";"PROBE";1;63;0x00000b31;347;0;0;2196987;2833173;8;2197075;0;NOSTRESS
42688691772;53942;"NEAR_P1";"INTERVAL";"PROBE";1;63;0x00000b31;347;0;0;2196947;2833587;32;2197041;0;NOSTRESS
42688745721;53758;"NEAR_P1";"INTERVAL";"PROBE";1;63;0x00000b31;347;0;0;2191555;2822467;8;2191601;0;NOSTRESS
42688799486;53905;"NEAR_P1";"INTERVAL";"PROBE";1;63;0x00000b31;347;0;0;2196953;2831925;4;2197047;0;NOSTRESS
42688853399;53903;"NEAR_P1";"INTERVAL";"PROBE";1;63;0x00000b31;347;0;0;2196952;2833049;4;2197040;0;NOSTRESS
42688907309;53825;"NEAR_P1";"INTERVAL";"PROBE";1;63;0x00000b31;347;0;0;2193460;2824643;8;2193519;0;NOSTRESS
42688961141;53919;"NEAR_P1";"INTERVAL";"PROBE";1;63;0x00000b31;347;0;0;2196968;2828474;4;2197059;0;NOSTRESS
42689015067;53916;"NEAR_P1";"INTERVAL";"PROBE";1;63;0x00000b31;347;0;0;2197034;2835621;4;2197126;0;NOSTRESS
42689068991;53753;"NEAR_P1";"INTERVAL";"PROBE";1;63;0x00000b31;347;0;0;2191569;2820216;4;2191612;0;NOSTRESS
42689122751;53901;"NEAR_P1";"INTERVAL";"PROBE";1;63;0x00000b31;347;0;0;2196939;2831100;4;2197033;0;NOSTRESS
42689176659;216814;"TRAJ_R1";"INTERVAL";"PROBE";1;63;0x00000b31;347;0;0;8517952;11377182;35;8518253;0;NOSTRESS
42689698237;1312057;"MAF";"INTERVAL";"PROBE";1;63;0x00000b31;348;65;29;53176892;68610768;1318;53178664;0;NOSTRESS
42689698259;45;"SENS_C1";"INTERVAL";"PROBE";1;63;0x00000b31;348;1;7;1455;2083;60;1459;0;NOSTRESS
42689698310;152;"LOC_C1";"INTERVAL";"PROBE";1;63;0x00000b31;348;2;3;4921;7498;60;4925;0;NOSTRESS
42689698469;22;"LOC_C2";"INTERVAL";"PROBE";1;63;0x00000b31;348;0;1;650;903;20;654;0;NOSTRESS
42689698498;256;"LOC_C3";"INTERVAL";"PROBE";1;63;0x00000b31;348;1;0;9795;13337;16;9799;0;NOSTRESS
42689698761;17;"LOC_C4";"INTERVAL";"PROBE";1;63;0x00000b31;348;0;0;585;913;8;589;0;NOSTRESS
42689698785;54133;"NEAR_P1";"INTERVAL";"PROBE";1;63;0x00000b31;348;27;7;2198756;2841099;241;2198829;0;NOSTRESS
42689752925;54020;"NEAR_P1";"INTERVAL";"PROBE";1;63;0x00000b31;348;10;4;2199182;2840389;56;2199272;0;NOSTRESS
42689806952;53774;"NEAR_P1";"INTERVAL";"PROBE";1;63;0x00000b31;348;0;0;2191833;2824880;4;2191876;0;NOSTRESS
42689860734;53930;"NEAR_P1";"INTERVAL";"PROBE";1;63;0x00000b31;348;0;0;2197284;2834431;8;2197366;0;NOSTRESS
42689914671;53951;"NEAR_P1";"INTERVAL";"PROBE";1;63;0x00000b31;348;0;0;2197295;2835376;34;2197383;0;NOSTRESS
42689968629;53776;"NEAR_P1";"INTERVAL";"PROBE";1;63;0x00000b31;348;0;0;2191845;2823443;25;2191891;0;NOSTRESS
42690022412;53908;"NEAR_P1";"INTERVAL";"PROBE";1;63;0x00000b31;348;0;0;2196834;2831656;8;2196920;0;NOSTRESS
42690076327;53952;"NEAR_P1";"INTERVAL";"PROBE";1;63;0x00000b31;348;0;0;2197251;2836447;45;2197345;0;NOSTRESS
42690130286;53915;"NEAR_P1";"INTERVAL";"PROBE";1;63;0x00000b31;348;0;0;2197262;2833831;4;2197353;0;NOSTRESS
42690184208;53820;"NEAR_P1";"INTERVAL";"PROBE";1;63;0x00000b31;348;20;2;2192400;2798876;424;2192448;0;NOSTRESS
42690238035;53810;"NEAR_P1";"INTERVAL";"PROBE";1;63;0x00000b31;348;1;0;2197280;2807739;8;2197374;0;NOSTRESS
42690291852;53806;"NEAR_P1";"INTERVAL";"PROBE";1;63;0x00000b31;348;0;0;2197220;2807103;14;2197311;0;NOSTRESS
42690345665;53679;"NEAR_P1";"INTERVAL";"PROBE";1;63;0x00000b31;348;0;0;2191880;2798040;36;2191926;0;NOSTRESS
42690399350;53809;"NEAR_P1";"INTERVAL";"PROBE";1;63;0x00000b31;348;0;0;2197287;2810024;12;2197375;0;NOSTRESS
42690453167;53803;"NEAR_P1";"INTERVAL";"PROBE";1;63;0x00000b31;348;0;0;2197284;2810619;8;2197375;0;NOSTRESS
42690506977;53655;"NEAR_P1";"INTERVAL";"PROBE";1;63;0x00000b31;348;0;0;2191785;2795924;12;2191834;0;NOSTRESS
42690560639;53862;"NEAR_P1";"INTERVAL";"PROBE";1;63;0x00000b31;348;0;0;2199116;2812236;12;2199217;0;NOSTRESS
42690614509;53848;"NEAR_P1";"INTERVAL";"PROBE";1;63;0x00000b31;348;0;0;2197356;2808193;10;2197442;0;NOSTRESS
42690668364;53662;"NEAR_P1";"INTERVAL";"PROBE";1;63;0x00000b31;348;0;0;2191847;2797721;4;2191896;0;NOSTRESS
42690722033;53858;"NEAR_P1";"INTERVAL";"PROBE";1;63;0x00000b31;348;0;0;2197275;2809823;51;2197363;0;NOSTRESS
42690775898;234390;"TRAJ_R1";"INTERVAL";"PROBE";1;63;0x00000b31;348;0;2;9224996;12201090;110;9225298;0;NOSTRESS
42691298203;1332593;"MAF";"INTERVAL";"PROBE";1;63;0x00000b31;349;22;18;53963055;69726406;1494;53964975;0;NOSTRESS
42691298217;45;"SENS_C1";"INTERVAL";"PROBE";1;63;0x00000b31;349;0;7;1452;2035;52;1456;0;NOSTRESS
42691298268;146;"LOC_C1";"INTERVAL";"PROBE";1;63;0x00000b31;349;0;1;4923;7391;52;4927;0;NOSTRESS
42691298421;18;"LOC_C2";"INTERVAL";"PROBE";1;63;0x00000b31;349;0;0;650;900;8;654;0;NOSTRESS
42691298445;254;"LOC_C3";"INTERVAL";"PROBE";1;63;0x00000b31;349;0;0;9803;13392;8;9807;0;NOSTRESS
42691298706;18;"LOC_C4";"INTERVAL";"PROBE";1;63;0x00000b31;349;0;0;585;922;8;589;0;NOSTRESS
42691298730;54018;"NEAR_P1";"INTERVAL";"PROBE";1;63;0x00000b31;349;6;6;2197404;2837215;116;2197485;0;NOSTRESS
42691352756;53925;"NEAR_P1";"INTERVAL";"PROBE";1;63;0x00000b31;349;4;1;2197077;2834100;12;2197157;0;NOSTRESS
42691406688;53842;"NEAR_P1";"INTERVAL";"PROBE";1;63;0x00000b31;349;2;0;2193474;2829633;12;2193525;0;NOSTRESS
42691460537;53930;"NEAR_P1";"INTERVAL";"PROBE";1;63;0x00000b31;349;0;0;2197148;2834433;4;2197231;0;NOSTRESS
42691514474;53902;"NEAR_P1";"INTERVAL";"PROBE";1;63;0x00000b31;349;0;0;2196990;2833871;4;2197078;0;NOSTRESS
42691568383;53758;"NEAR_P1";"INTERVAL";"PROBE";1;63;0x00000b31;349;0;0;2191632;2821080;4;2191681;0;NOSTRESS
42691622148;53901;"NEAR_P1";"INTERVAL";"PROBE";1;63;0x00000b31;349;0;0;2197010;2815628;4;2197101;0;NOSTRESS
42691676057;53902;"NEAR_P1";"INTERVAL";"PROBE";1;63;0x00000b31;349;0;0;2196822;2820462;4;2196929;0;NOSTRESS
42691729967;53807;"NEAR_P1";"INTERVAL";"PROBE";1;63;0x00000b31;349;0;0;2193007;2824775;9;2193055;0;NOSTRESS
42691783782;54076;"NEAR_P1";"INTERVAL";"PROBE";1;63;0x00000b31;349;8;1;2198441;2835696;332;2198535;0;NOSTRESS
42691837866;54070;"NEAR_P1";"INTERVAL";"PROBE";1;63;0x00000b31;349;0;0;2199648;2842329;160;2199757;0;NOSTRESS
42691891943;54028;"NEAR_P1";"INTERVAL";"PROBE";1;63;0x00000b31;349;1;0;2199826;2823589;258;2199934;0;NOSTRESS
42691945978;53729;"NEAR_P1";"INTERVAL";"PROBE";1;63;0x00000b31;349;0;0;2193007;2797813;71;2193061;0;NOSTRESS
42691999714;53919;"NEAR_P1";"INTERVAL";"PROBE";1;63;0x00000b31;349;0;0;2196723;2831329;58;2196813;0;NOSTRESS
42692053640;54047;"NEAR_P1";"INTERVAL";"PROBE";1;63;0x00000b31;349;0;0;2199636;2838701;92;2199742;0;NOSTRESS
42692107694;53756;"NEAR_P1";"INTERVAL";"PROBE";1;63;0x00000b31;349;0;0;2192915;2815610;4;2192967;0;NOSTRESS
42692161458;53808;"NEAR_P1";"INTERVAL";"PROBE";1;63;0x00000b31;349;0;0;2197059;2800453;4;2197147;0;NOSTRESS
42692215273;53884;"NEAR_P1";"INTERVAL";"PROBE";1;63;0x00000b31;349;0;0;2198921;2812433;101;2199022;0;NOSTRESS
42692269165;53648;"NEAR_P1";"INTERVAL";"PROBE";1;63;0x00000b31;349;0;0;2191594;2797492;4;2191637;0;NOSTRESS
42692322820;53800;"NEAR_P1";"INTERVAL";"PROBE";1;63;0x00000b31;349;0;0;2197064;2806496;5;2197158;0;NOSTRESS
42692376627;254162;"TRAJ_R1";"INTERVAL";"PROBE";1;63;0x00000b31;349;0;2;10004028;13220927;88;10004385;0;NOSTRESS
42692898272;1313862;"MAF";"INTERVAL";"PROBE";1;63;0x00000b31;350;20;12;53203721;68847575;1950;53205546;0;NOSTRESS
42692898286;41;"SENS_C1";"INTERVAL";"PROBE";1;63;0x00000b31;350;0;3;1455;2024;24;1459;0;NOSTRESS
42692898333;137;"LOC_C1";"INTERVAL";"PROBE";1;63;0x00000b31;350;0;1;4920;7300;28;4924;0;NOSTRESS
42692898477;18;"LOC_C2";"INTERVAL";"PROBE";1;63;0x00000b31;350;0;0;650;894;4;654;0;NOSTRESS
42692898501;254;"LOC_C3";"INTERVAL";"PROBE";1;63;0x00000b31;350;0;0;9804;13389;12;9808;0;NOSTRESS
42692898761;18;"LOC_C4";"INTERVAL";"PROBE";1;63;0x00000b31;350;0;0;586;881;4;590;0;NOSTRESS
42692898785;54016;"NEAR_P1";"INTERVAL";"PROBE";1;63;0x00000b31;350;5;5;2197866;2836926;57;2197945;0;NOSTRESS
42692952808;53923;"NEAR_P1";"INTERVAL";"PROBE";1;63;0x00000b31;350;1;0;2197288;2824461;4;2197368;0;NOSTRESS
42693006738;53773;"NEAR_P1";"INTERVAL";"PROBE";1;63;0x00000b31;350;0;0;2191825;2821065;4;2191866;0;NOSTRESS
42693060518;53968;"NEAR_P1";"INTERVAL";"PROBE";1;63;0x00000b31;350;0;0;2199090;2835460;8;2199186;0;NOSTRESS
42693114493;53924;"NEAR_P1";"INTERVAL";"PROBE";1;63;0x00000b31;350;0;0;2197330;2834070;9;2197416;0;NOSTRESS
42693168424;53768;"NEAR_P1";"INTERVAL";"PROBE";1;63;0x00000b31;350;0;0;2191800;2822273;4;2191843;0;NOSTRESS
42693222199;53905;"NEAR_P1";"INTERVAL";"PROBE";1;63;0x00000b31;350;0;0;2197129;2826655;4;2197220;0;NOSTRESS
42693276111;53918;"NEAR_P1";"INTERVAL";"PROBE";1;63;0x00000b31;350;0;0;2197181;2833170;4;2197275;0;NOSTRESS
42693330036;53751;"NEAR_P1";"INTERVAL";"PROBE";1;63;0x00000b31;350;0;0;2191463;2821326;8;2191507;0;NOSTRESS
42693383794;53923;"NEAR_P1";"INTERVAL";"PROBE";1;63;0x00000b31;350;0;0;2197257;2833003;5;2197348;0;NOSTRESS
42693437724;53930;"NEAR_P1";"INTERVAL";"PROBE";1;63;0x00000b31;350;0;0;2197033;2832175;39;2197118;0;NOSTRESS
42693491661;53928;"NEAR_P1";"INTERVAL";"PROBE";1;63;0x00000b31;350;0;0;2196285;2830407;75;2196373;0;NOSTRESS
42693545596;53756;"NEAR_P1";"INTERVAL";"PROBE";1;63;0x00000b31;350;0;0;2191786;2821986;4;2191832;0;NOSTRESS
42693599359;53912;"NEAR_P1";"INTERVAL";"PROBE";1;63;0x00000b31;350;0;0;2197188;2833033;4;2197282;0;NOSTRESS
42693653278;54222;"NEAR_P1";"INTERVAL";"PROBE";1;63;0x00000b31;350;1;0;2202432;2844210;446;2202563;0;NOSTRESS
42693707511;53817;"NEAR_P1";"INTERVAL";"PROBE";1;63;0x00000b31;350;0;0;2191747;2820980;152;2191796;0;NOSTRESS
42693761335;53980;"NEAR_P1";"INTERVAL";"PROBE";1;63;0x00000b31;350;0;0;2198651;2837871;35;2198741;0;NOSTRESS
42693815323;53914;"NEAR_P1";"INTERVAL";"PROBE";1;63;0x00000b31;350;0;0;2197159;2832189;8;2197253;0;NOSTRESS
42693869244;53760;"NEAR_P1";"INTERVAL";"PROBE";1;63;0x00000b31;350;0;0;2191805;2821766;12;2191854;0;NOSTRESS
42693923011;54097;"NEAR_P1";"INTERVAL";"PROBE";1;63;0x00000b31;350;11;3;2199881;2810947;690;2199987;0;NOSTRESS
42693977115;235012;"TRAJ_R1";"INTERVAL";"PROBE";1;63;0x00000b31;350;0;0;9247891;12221693;274;9248193;0;NOSTRESS
42694498218;1335865;"MAF";"INTERVAL";"PROBE";1;63;0x00000b31;351;16;12;54063423;70133474;907;54065252;0;NOSTRESS
42694498236;61;"SENS_C1";"INTERVAL";"PROBE";1;63;0x00000b31;351;0;2;1452;2066;148;1456;0;NOSTRESS
42694498303;183;"LOC_C1";"INTERVAL";"PROBE";1;63;0x00000b31;351;1;0;4917;7334;216;4921;0;NOSTRESS
42694498493;22;"LOC_C2";"INTERVAL";"PROBE";1;63;0x00000b31;351;0;0;650;901;32;654;0;NOSTRESS
42694498521;265;"LOC_C3";"INTERVAL";"PROBE";1;63;0x00000b31;351;0;0;9802;13302;64;9806;0;NOSTRESS
42694498792;27;"LOC_C4";"INTERVAL";"PROBE";1;63;0x00000b31;351;0;0;586;910;44;590;0;NOSTRESS
42694498825;53987;"NEAR_P1";"INTERVAL";"PROBE";1;63;0x00000b31;351;7;1;2197499;2834416;65;2197582;0;NOSTRESS
42694552820;53926;"NEAR_P1";"INTERVAL";"PROBE";1;63;0x00000b31;351;4;5;2197218;2836313;4;2197300;0;NOSTRESS
42694606753;53763;"NEAR_P1";"INTERVAL";"PROBE";1;63;0x00000b31;351;1;0;2191780;2822583;8;2191819;0;NOSTRESS
42694660523;53925;"NEAR_P1";"INTERVAL";"PROBE";1;63;0x00000b31;351;2;1;2197214;2836410;8;2197296;0;NOSTRESS
42694714455;54001;"NEAR_P1";"INTERVAL";"PROBE";1;63;0x00000b31;351;1;2;2199058;2837655;28;2199162;0;NOSTRESS
42694768463;53790;"NEAR_P1";"INTERVAL";"PROBE";1;63;0x00000b31;351;0;0;2191881;2821120;10;2191925;0;NOSTRESS
42694822261;53909;"NEAR_P1";"INTERVAL";"PROBE";1;63;0x00000b31;351;0;0;2197193;2823953;8;2197281;0;NOSTRESS
42694876177;53914;"NEAR_P1";"INTERVAL";"PROBE";1;63;0x00000b31;351;0;0;2197104;2831735;17;2197189;0;NOSTRESS
42694930098;53907;"NEAR_P1";"INTERVAL";"PROBE";1;63;0x00000b31;351;0;0;2197114;2831018;4;2197205;0;NOSTRESS
42694984015;53754;"NEAR_P1";"INTERVAL";"PROBE";1;63;0x00000b31;351;0;0;2191324;2821371;4;2191368;0;NOSTRESS
42695037776;53925;"NEAR_P1";"INTERVAL";"PROBE";1;63;0x00000b31;351;0;0;2197278;2819994;9;2197367;0;NOSTRESS
42695091708;53930;"NEAR_P1";"INTERVAL";"PROBE";1;63;0x00000b31;351;0;0;2197086;2832550;32;2197180;0;NOSTRESS
42695145660;53761;"NEAR_P1";"INTERVAL";"PROBE";1;63;0x00000b31;351;0;0;2191709;2821177;4;2191755;0;NOSTRESS
42695199428;53910;"NEAR_P1";"INTERVAL";"PROBE";1;63;0x00000b31;351;0;0;2196893;2832590;13;2196986;0;NOSTRESS
42695253345;53900;"NEAR_P1";"INTERVAL";"PROBE";1;63;0x00000b31;351;0;0;2197066;2831143;4;2197157;0;NOSTRESS
42695307253;53786;"NEAR_P1";"INTERVAL";"PROBE";1;63;0x00000b31;351;0;0;2191578;2821060;45;2191627;0;NOSTRESS
42695361047;53911;"NEAR_P1";"INTERVAL";"PROBE";1;63;0x00000b31;351;0;0;2197084;2832970;34;2197175;0;NOSTRESS
42695414966;53914;"NEAR_P1";"INTERVAL";"PROBE";1;63;0x00000b31;351;0;0;2197165;2831597;8;2197259;0;NOSTRESS
42695468887;53760;"NEAR_P1";"INTERVAL";"PROBE";1;63;0x00000b31;351;0;0;2191673;2820814;24;2191719;0;NOSTRESS
42695522654;53911;"NEAR_P1";"INTERVAL";"PROBE";1;63;0x00000b31;351;0;0;2197063;2830717;12;2197154;0;NOSTRESS
42695576572;257505;"TRAJ_R1";"INTERVAL";"PROBE";1;63;0x00000b31;351;0;0;10117819;13510502;42;10118176;0;NOSTRESS
42696098195;1360982;"MAF";"INTERVAL";"PROBE";1;63;0x00000b31;352;4;3;55063178;71407984;477;55065056;0;NOSTRESS
42696098209;40;"SENS_C1";"INTERVAL";"PROBE";1;63;0x00000b31;352;0;0;1456;2039;16;1460;0;NOSTRESS
42696098255;132;"LOC_C1";"INTERVAL";"PROBE";1;63;0x00000b31;352;0;0;4912;7266;28;4916;0;NOSTRESS
42696098394;19;"LOC_C2";"INTERVAL";"PROBE";1;63;0x00000b31;352;0;0;650;886;8;654;0;NOSTRESS
42696098420;253;"LOC_C3";"INTERVAL";"PROBE";1;63;0x00000b31;352;0;0;9803;13248;8;9807;0;NOSTRESS
42696098680;17;"LOC_C4";"INTERVAL";"PROBE";1;63;0x00000b31;352;0;0;585;887;12;589;0;NOSTRESS
42696098704;53959;"NEAR_P1";"INTERVAL";"PROBE";1;63;0x00000b31;352;4;2;2197768;2830895;16;2197849;0;NOSTRESS
42696152671;53917;"NEAR_P1";"INTERVAL";"PROBE";1;63;0x00000b31;352;0;0;2196496;2828856;48;2196578;0;NOSTRESS
42696206595;53741;"NEAR_P1";"INTERVAL";"PROBE";1;63;0x00000b31;352;0;0;2191198;2819537;4;2191237;0;NOSTRESS
42696260343;53891;"NEAR_P1";"INTERVAL";"PROBE";1;63;0x00000b31;352;0;0;2196654;2827425;4;2196740;0;NOSTRESS
42696314241;53902;"NEAR_P1";"INTERVAL";"PROBE";1;63;0x00000b31;352;0;0;2196232;2816295;39;2196319;0;NOSTRESS
42696368150;53766;"NEAR_P1";"INTERVAL";"PROBE";1;63;0x00000b31;352;0;0;2190967;2816386;112;2191013;0;NOSTRESS
42696421923;53976;"NEAR_P1";"INTERVAL";"PROBE";1;63;0x00000b31;352;0;0;2198624;2835136;22;2198726;0;NOSTRESS
42696475906;53893;"NEAR_P1";"INTERVAL";"PROBE";1;63;0x00000b31;352;0;0;2196622;2830111;8;2196713;0;NOSTRESS
42696529806;53740;"NEAR_P1";"INTERVAL";"PROBE";1;63;0x00000b31;352;0;0;2191178;2815697;4;2191227;0;NOSTRESS
42696583553;53885;"NEAR_P1";"INTERVAL";"PROBE";1;63;0x00000b31;352;0;0;2196615;2825544;4;2196706;0;NOSTRESS
42696637445;53895;"NEAR_P1";"INTERVAL";"PROBE";1;63;0x00000b31;352;0;0;2196579;2829137;11;2196670;0;NOSTRESS
42696691347;53909;"NEAR_P1";"INTERVAL";"PROBE";1;63;0x00000b31;352;0;0;2196645;2827566;7;2196733;0;NOSTRESS
42696745263;53738;"NEAR_P1";"INTERVAL";"PROBE";1;63;0x00000b31;352;0;0;2191184;2818552;30;2191233;0;NOSTRESS
42696799008;53882;"NEAR_P1";"INTERVAL";"PROBE";1;63;0x00000b31;352;0;0;2196598;2831062;4;2196689;0;NOSTRESS
42696852898;53878;"NEAR_P1";"INTERVAL";"PROBE";1;63;0x00000b31;352;0;0;2196182;2829119;4;2196268;0;NOSTRESS
42696906784;53733;"NEAR_P1";"INTERVAL";"PROBE";1;63;0x00000b31;352;0;0;2191184;2816036;4;2191230;0;NOSTRESS
42696960524;53895;"NEAR_P1";"INTERVAL";"PROBE";1;63;0x00000b31;352;0;0;2196761;2825358;6;2196861;0;NOSTRESS
42697014426;53909;"NEAR_P1";"INTERVAL";"PROBE";1;63;0x00000b31;352;0;0;2196495;2828170;32;2196583;0;NOSTRESS
42697068342;53731;"NEAR_P1";"INTERVAL";"PROBE";1;63;0x00000b31;352;0;0;2191205;2819911;4;2191254;0;NOSTRESS
42697122081;53884;"NEAR_P1";"INTERVAL";"PROBE";1;63;0x00000b31;352;0;0;2196609;2828577;4;2196697;0;NOSTRESS
42697175973;283198;"TRAJ_R1";"INTERVAL";"PROBE";1;63;0x00000b31;352;0;0;11127763;14856814;14;11128165;0;NOSTRESS
42697700369;1390118;"MAF";"INTERVAL";"PROBE";1;63;0x00000b31;353;96;40;56239556;72613510;2447;56241465;0;NOSTRESS
42697700390;51;"SENS_C1";"INTERVAL";"PROBE";1;63;0x00000b31;353;1;6;1454;2079;84;1458;0;NOSTRESS
42697700448;157;"LOC_C1";"INTERVAL";"PROBE";1;63;0x00000b31;353;3;3;4922;7380;104;4926;0;NOSTRESS
42697700612;23;"LOC_C2";"INTERVAL";"PROBE";1;63;0x00000b31;353;0;2;650;892;20;654;0;NOSTRESS
42697700641;263;"LOC_C3";"INTERVAL";"PROBE";1;63;0x00000b31;353;2;0;9807;13263;44;9811;0;NOSTRESS
42697700911;22;"LOC_C4";"INTERVAL";"PROBE";1;63;0x00000b31;353;0;0;584;896;20;588;0;NOSTRESS
42697700939;54143;"NEAR_P1";"INTERVAL";"PROBE";1;63;0x00000b31;353;37;15;2196958;2835843;687;2197032;0;NOSTRESS
42697755089;53924;"NEAR_P1";"INTERVAL";"PROBE";1;63;0x00000b31;353;7;3;2196579;2831155;28;2196659;0;NOSTRESS
42697809021;53943;"NEAR_P1";"INTERVAL";"PROBE";1;63;0x00000b31;353;22;5;2191606;2818180;603;2191653;0;NOSTRESS
42697862971;53945;"NEAR_P1";"INTERVAL";"PROBE";1;63;0x00000b31;353;2;0;2196418;2826894;134;2196506;0;NOSTRESS
42697916923;53897;"NEAR_P1";"INTERVAL";"PROBE";1;63;0x00000b31;353;0;0;2196497;2818996;8;2196591;0;NOSTRESS
42697970828;53902;"NEAR_P1";"INTERVAL";"PROBE";1;63;0x00000b31;353;0;0;2196567;2830567;33;2196652;0;NOSTRESS
42698024737;53740;"NEAR_P1";"INTERVAL";"PROBE";1;63;0x00000b31;353;0;0;2191078;2816270;12;2191124;0;NOSTRESS
42698078484;54004;"NEAR_P1";"INTERVAL";"PROBE";1;63;0x00000b31;353;8;1;2198390;2831555;96;2198491;0;NOSTRESS
42698132495;53986;"NEAR_P1";"INTERVAL";"PROBE";1;63;0x00000b31;353;3;0;2197225;2830072;179;2197319;0;NOSTRESS
42698186489;53734;"NEAR_P1";"INTERVAL";"PROBE";1;63;0x00000b31;353;0;0;2191100;2820052;12;2191146;0;NOSTRESS
42698240230;53891;"NEAR_P1";"INTERVAL";"PROBE";1;63;0x00000b31;353;0;0;2196524;2830282;8;2196618;0;NOSTRESS
42698294128;53808;"NEAR_P1";"INTERVAL";"PROBE";1;63;0x00000b31;353;0;0;2196224;2811526;4;2196310;0;NOSTRESS
42698347943;53628;"NEAR_P1";"INTERVAL";"PROBE";1;63;0x00000b31;353;0;0;2191081;2793177;8;2191127;0;NOSTRESS
42698401578;53794;"NEAR_P1";"INTERVAL";"PROBE";1;63;0x00000b31;353;0;0;2196486;2802544;59;2196577;0;NOSTRESS
42698455379;53777;"NEAR_P1";"INTERVAL";"PROBE";1;63;0x00000b31;353;0;0;2196515;2802287;12;2196603;0;NOSTRESS
42698509163;53621;"NEAR_P1";"INTERVAL";"PROBE";1;63;0x00000b31;353;0;0;2190743;2790950;4;2190787;0;NOSTRESS
42698562791;53785;"NEAR_P1";"INTERVAL";"PROBE";1;63;0x00000b31;353;0;0;2196558;2803377;4;2196646;0;NOSTRESS
42698616584;53781;"NEAR_P1";"INTERVAL";"PROBE";1;63;0x00000b31;353;0;0;2196486;2802042;22;2196580;0;NOSTRESS
42698670372;53646;"NEAR_P1";"INTERVAL";"PROBE";1;63;0x00000b31;353;0;0;2191077;2790641;39;2191120;0;NOSTRESS
42698724025;53779;"NEAR_P1";"INTERVAL";"PROBE";1;63;0x00000b31;353;0;0;2196515;2804274;5;2196603;0;NOSTRESS
42698777812;312668;"TRAJ_R1";"INTERVAL";"PROBE";1;63;0x00000b31;353;4;1;12305297;16271358;198;12305743;0;NOSTRESS
42699298259;1425963;"MAF";"INTERVAL";"PROBE";1;63;0x00000b31;354;36;12;57593626;74822741;1631;57595617;0;NOSTRESS
42699298273;45;"SENS_C1";"INTERVAL";"PROBE";1;63;0x00000b31;354;0;2;1457;2056;44;1461;0;NOSTRESS
42699298324;150;"LOC_C1";"INTERVAL";"PROBE";1;63;0x00000b31;354;0;3;4919;7385;80;4923;0;NOSTRESS
42699298480;21;"LOC_C2";"INTERVAL";"PROBE";1;63;0x00000b31;354;0;0;650;885;12;654;0;NOSTRESS
42699298507;255;"LOC_C3";"INTERVAL";"PROBE";1;63;0x00000b31;354;0;0;9809;13408;16;9813;0;NOSTRESS
42699298769;19;"LOC_C4";"INTERVAL";"PROBE";1;63;0x00000b31;354;0;0;586;895;8;590;0;NOSTRESS
42699298794;53987;"NEAR_P1";"INTERVAL";"PROBE";1;63;0x00000b31;354;8;4;2197191;2837124;50;2197270;0;NOSTRESS
42699352788;53954;"NEAR_P1";"INTERVAL";"PROBE";1;63;0x00000b31;354;6;2;2196324;2833945;48;2196400;0;NOSTRESS
42699406750;54029;"NEAR_P1";"INTERVAL";"PROBE";1;63;0x00000b31;354;19;0;2193825;2825509;729;2193898;0;NOSTRESS
42699460787;53898;"NEAR_P1";"INTERVAL";"PROBE";1;63;0x00000b31;354;2;0;2196483;2819541;5;2196571;0;NOSTRESS
42699514692;53891;"NEAR_P1";"INTERVAL";"PROBE";1;63;0x00000b31;354;0;0;2196463;2834514;38;2196554;0;NOSTRESS
42699568591;53746;"NEAR_P1";"INTERVAL";"PROBE";1;63;0x00000b31;354;0;0;2191107;2823881;4;2191153;0;NOSTRESS
42699622344;53892;"NEAR_P1";"INTERVAL";"PROBE";1;63;0x00000b31;354;0;0;2196523;2832294;4;2196611;0;NOSTRESS
42699676243;53916;"NEAR_P1";"INTERVAL";"PROBE";1;63;0x00000b31;354;0;0;2196521;2833033;8;2196615;0;NOSTRESS
42699730166;54003;"NEAR_P1";"INTERVAL";"PROBE";1;63;0x00000b31;354;0;0;2198480;2834747;26;2198582;0;NOSTRESS
42699784176;53740;"NEAR_P1";"INTERVAL";"PROBE";1;63;0x00000b31;354;0;0;2191078;2821464;4;2191124;0;NOSTRESS
42699837924;53896;"NEAR_P1";"INTERVAL";"PROBE";1;63;0x00000b31;354;0;0;2196474;2831033;4;2196565;0;NOSTRESS
42699891827;53908;"NEAR_P1";"INTERVAL";"PROBE";1;63;0x00000b31;354;0;0;2196440;2832447;12;2196534;0;NOSTRESS
42699945742;53740;"NEAR_P1";"INTERVAL";"PROBE";1;63;0x00000b31;354;0;0;2191042;2813051;4;2191088;0;NOSTRESS
42699999489;53887;"NEAR_P1";"INTERVAL";"PROBE";1;63;0x00000b31;354;0;0;2196158;2820711;20;2196250;0;NOSTRESS
42700053383;53935;"NEAR_P1";"INTERVAL";"PROBE";1;63;0x00000b31;354;0;0;2196456;2830660;29;2196545;0;NOSTRESS
42700107326;53751;"NEAR_P1";"INTERVAL";"PROBE";1;63;0x00000b31;354;0;0;2191058;2818771;8;2191104;0;NOSTRESS
42700161084;53932;"NEAR_P1";"INTERVAL";"PROBE";1;63;0x00000b31;354;0;0;2197480;2835002;6;2197573;0;NOSTRESS
42700215023;53905;"NEAR_P1";"INTERVAL";"PROBE";1;63;0x00000b31;354;0;0;2196489;2831769;58;2196577;0;NOSTRESS
42700268936;53746;"NEAR_P1";"INTERVAL";"PROBE";1;63;0x00000b31;354;0;0;2191105;2824209;4;2191151;0;NOSTRESS
42700322689;53938;"NEAR_P1";"INTERVAL";"PROBE";1;63;0x00000b31;354;0;0;2195886;2831170;155;2195976;0;NOSTRESS
42700376634;347581;"TRAJ_R1";"INTERVAL";"PROBE";1;63;0x00000b31;354;0;1;13657410;18205592;239;13657897;0;NOSTRESS
42700898208;1459851;"MAF";"INTERVAL";"PROBE";1;63;0x00000b31;355;52;25;59045202;76034081;1010;59047203;0;NOSTRESS
42700898223;37;"SENS_C1";"INTERVAL";"PROBE";1;63;0x00000b31;355;0;2;1452;2076;12;1456;0;NOSTRESS
42700898266;134;"LOC_C1";"INTERVAL";"PROBE";1;63;0x00000b31;355;0;1;4923;7484;12;4927;0;NOSTRESS
42700898406;19;"LOC_C2";"INTERVAL";"PROBE";1;63;0x00000b31;355;0;0;650;899;8;654;0;NOSTRESS
42700898431;254;"LOC_C3";"INTERVAL";"PROBE";1;63;0x00000b31;355;0;0;9807;13383;12;9811;0;NOSTRESS
42700898692;18;"LOC_C4";"INTERVAL";"PROBE";1;63;0x00000b31;355;0;0;584;885;8;588;0;NOSTRESS
42700898716;53928;"NEAR_P1";"INTERVAL";"PROBE";1;63;0x00000b31;355;9;1;2196924;2825513;38;2197005;0;NOSTRESS
42700952652;53792;"NEAR_P1";"INTERVAL";"PROBE";1;63;0x00000b31;355;5;5;2196545;2804288;4;2196631;0;NOSTRESS
42701006451;53621;"NEAR_P1";"INTERVAL";"PROBE";1;63;0x00000b31;355;0;0;2190805;2792261;4;2190852;0;NOSTRESS
42701060079;53786;"NEAR_P1";"INTERVAL";"PROBE";1;63;0x00000b31;355;0;0;2196524;2803747;12;2196612;0;NOSTRESS
42701113872;53778;"NEAR_P1";"INTERVAL";"PROBE";1;63;0x00000b31;355;0;0;2196536;2805471;9;2196621;0;NOSTRESS
42701167658;53652;"NEAR_P1";"INTERVAL";"PROBE";1;63;0x00000b31;355;0;0;2190993;2791010;39;2191039;0;NOSTRESS
42701221317;53778;"NEAR_P1";"INTERVAL";"PROBE";1;63;0x00000b31;355;0;0;2196563;2805630;4;2196648;0;NOSTRESS
42701275102;53781;"NEAR_P1";"INTERVAL";"PROBE";1;63;0x00000b31;355;0;0;2196517;2805688;4;2196605;0;NOSTRESS
42701328891;53628;"NEAR_P1";"INTERVAL";"PROBE";1;63;0x00000b31;355;0;0;2191111;2791126;4;2191157;0;NOSTRESS
42701382526;53825;"NEAR_P1";"INTERVAL";"PROBE";1;63;0x00000b31;355;0;0;2198393;2798505;12;2198494;0;NOSTRESS
42701436359;53821;"NEAR_P1";"INTERVAL";"PROBE";1;63;0x00000b31;355;0;0;2196598;2794871;14;2196693;0;NOSTRESS
42701490187;53632;"NEAR_P1";"INTERVAL";"PROBE";1;63;0x00000b31;355;0;0;2191101;2795838;4;2191144;0;NOSTRESS
42701543827;53906;"NEAR_P1";"INTERVAL";"PROBE";1;63;0x00000b31;355;19;2;2197013;2804543;264;2197106;0;NOSTRESS
42701597740;53786;"NEAR_P1";"INTERVAL";"PROBE";1;63;0x00000b31;355;5;3;2196471;2801097;4;2196559;0;NOSTRESS
42701651533;53794;"NEAR_P1";"INTERVAL";"PROBE";1;63;0x00000b31;355;2;3;2196154;2802141;31;2196247;0;NOSTRESS
42701705334;53723;"NEAR_P1";"INTERVAL";"PROBE";1;63;0x00000b31;355;2;1;2190995;2791358;230;2191044;0;NOSTRESS
42701759065;53801;"NEAR_P1";"INTERVAL";"PROBE";1;63;0x00000b31;355;2;1;2196521;2806530;31;2196612;0;NOSTRESS
42701812874;53805;"NEAR_P1";"INTERVAL";"PROBE";1;63;0x00000b31;355;2;1;2196809;2806333;10;2196892;0;NOSTRESS
42701866686;53630;"NEAR_P1";"INTERVAL";"PROBE";1;63;0x00000b31;355;1;1;2191049;2791714;12;2191095;0;NOSTRESS
42701920324;53782;"NEAR_P1";"INTERVAL";"PROBE";1;63;0x00000b31;355;2;0;2196568;2802977;4;2196662;0;NOSTRESS
42701974113;383939;"TRAJ_R1";"INTERVAL";"PROBE";1;63;0x00000b31;355;1;2;15111377;19961474;212;15111904;0;NOSTRESS
42702498207;1495332;"MAF";"INTERVAL";"PROBE";1;63;0x00000b31;356;61;39;60446322;77915063;1240;60448393;0;NOSTRESS
42702498223;55;"SENS_C1";"INTERVAL";"PROBE";1;63;0x00000b31;356;0;4;1454;2110;96;1458;0;NOSTRESS
42702498285;163;"LOC_C1";"INTERVAL";"PROBE";1;63;0x00000b31;356;1;2;4911;7332;160;4915;0;NOSTRESS
42702498455;22;"LOC_C2";"INTERVAL";"PROBE";1;63;0x00000b31;356;0;0;650;883;20;654;0;NOSTRESS
42702498483;262;"LOC_C3";"INTERVAL";"PROBE";1;63;0x00000b31;356;0;0;9800;13314;44;9804;0;NOSTRESS
42702498752;23;"LOC_C4";"INTERVAL";"PROBE";1;63;0x00000b31;356;0;0;585;882;24;589;0;NOSTRESS
42702498781;53836;"NEAR_P1";"INTERVAL";"PROBE";1;63;0x00000b31;356;9;3;2196914;2810782;24;2196983;0;NOSTRESS
42702552625;53834;"NEAR_P1";"INTERVAL";"PROBE";1;63;0x00000b31;356;4;2;2196627;2806355;37;2196718;0;NOSTRESS
42702606466;53630;"NEAR_P1";"INTERVAL";"PROBE";1;63;0x00000b31;356;1;0;2191156;2796130;4;2191202;0;NOSTRESS
42702660103;53787;"NEAR_P1";"INTERVAL";"PROBE";1;63;0x00000b31;356;2;2;2196320;2802461;8;2196406;0;NOSTRESS
42702713897;53786;"NEAR_P1";"INTERVAL";"PROBE";1;63;0x00000b31;356;2;2;2196577;2804020;8;2196665;0;NOSTRESS
42702767690;53630;"NEAR_P1";"INTERVAL";"PROBE";1;63;0x00000b31;356;2;2;2191150;2792337;4;2191196;0;NOSTRESS
42702821327;53814;"NEAR_P1";"INTERVAL";"PROBE";1;63;0x00000b31;356;2;1;2196525;2808020;41;2196613;0;NOSTRESS
42702875149;53780;"NEAR_P1";"INTERVAL";"PROBE";1;63;0x00000b31;356;2;1;2196607;2804606;4;2196701;0;NOSTRESS
42702928936;53632;"NEAR_P1";"INTERVAL";"PROBE";1;63;0x00000b31;356;2;1;2191156;2796034;4;2191205;0;NOSTRESS
42702982575;53783;"NEAR_P1";"INTERVAL";"PROBE";1;63;0x00000b31;356;2;2;2196613;2797470;4;2196701;0;NOSTRESS
42703036365;53858;"NEAR_P1";"INTERVAL";"PROBE";1;63;0x00000b31;356;4;3;2198438;2809502;32;2198539;0;NOSTRESS
42703090231;53828;"NEAR_P1";"INTERVAL";"PROBE";1;63;0x00000b31;356;2;1;2196700;2806209;34;2196792;0;NOSTRESS
42703144066;53630;"NEAR_P1";"INTERVAL";"PROBE";1;63;0x00000b31;356;3;0;2191165;2792339;4;2191208;0;NOSTRESS
42703197703;53780;"NEAR_P1";"INTERVAL";"PROBE";1;63;0x00000b31;356;2;1;2196486;2804980;4;2196571;0;NOSTRESS
42703251490;53779;"NEAR_P1";"INTERVAL";"PROBE";1;63;0x00000b31;356;2;1;2196560;2804437;12;2196651;0;NOSTRESS
42703305276;53627;"NEAR_P1";"INTERVAL";"PROBE";1;63;0x00000b31;356;1;2;2190922;2796466;4;2190969;0;NOSTRESS
42703358910;53802;"NEAR_P1";"INTERVAL";"PROBE";1;63;0x00000b31;356;2;2;2196599;2805776;29;2196690;0;NOSTRESS
42703412720;53792;"NEAR_P1";"INTERVAL";"PROBE";1;63;0x00000b31;356;3;3;2196573;2804985;40;2196664;0;NOSTRESS
42703466519;53629;"NEAR_P1";"INTERVAL";"PROBE";1;63;0x00000b31;356;1;1;2191173;2784542;4;2191219;0;NOSTRESS
42703520155;53781;"NEAR_P1";"INTERVAL";"PROBE";1;63;0x00000b31;356;2;2;2196126;2804627;4;2196212;0;NOSTRESS
42703573943;419590;"TRAJ_R1";"INTERVAL";"PROBE";1;63;0x00000b31;356;9;0;16512317;21831428;579;16512924;0;NOSTRESS
42704098223;1519565;"MAF";"INTERVAL";"PROBE";1;63;0x00000b31;357;50;24;61400816;79140749;975;61402922;0;NOSTRESS
42704098238;45;"SENS_C1";"INTERVAL";"PROBE";1;63;0x00000b31;357;0;2;1451;2071;44;1455;0;NOSTRESS
42704098289;140;"LOC_C1";"INTERVAL";"PROBE";1;63;0x00000b31;357;0;0;4920;7308;36;4924;0;NOSTRESS
42704098435;20;"LOC_C2";"INTERVAL";"PROBE";1;63;0x00000b31;357;0;1;650;898;8;654;0;NOSTRESS
42704098461;256;"LOC_C3";"INTERVAL";"PROBE";1;63;0x00000b31;357;0;0;9811;13357;12;9815;0;NOSTRESS
42704098724;19;"LOC_C4";"INTERVAL";"PROBE";1;63;0x00000b31;357;0;0;584;876;8;588;0;NOSTRESS
42704098749;54027;"NEAR_P1";"INTERVAL";"PROBE";1;63;0x00000b31;357;8;1;2199319;2813285;276;2199418;0;NOSTRESS
42704152783;53844;"NEAR_P1";"INTERVAL";"PROBE";1;63;0x00000b31;357;6;1;2197277;2806966;4;2197371;0;NOSTRESS
42704206634;53645;"NEAR_P1";"INTERVAL";"PROBE";1;63;0x00000b31;357;1;0;2190727;2789039;13;2190773;0;NOSTRESS
42704260286;53865;"NEAR_P1";"INTERVAL";"PROBE";1;63;0x00000b31;357;1;2;2197444;2804442;96;2197536;0;NOSTRESS
42704314159;53769;"NEAR_P1";"INTERVAL";"PROBE";1;63;0x00000b31;357;3;1;2195894;2799833;8;2195980;0;NOSTRESS
42704367935;53618;"NEAR_P1";"INTERVAL";"PROBE";1;63;0x00000b31;357;2;2;2190724;2792371;4;2190773;0;NOSTRESS
42704421560;53763;"NEAR_P1";"INTERVAL";"PROBE";1;63;0x00000b31;357;3;0;2196169;2800978;4;2196257;0;NOSTRESS
42704475330;53812;"NEAR_P1";"INTERVAL";"PROBE";1;63;0x00000b31;357;1;2;2196069;2801279;45;2196157;0;NOSTRESS
42704529149;53630;"NEAR_P1";"INTERVAL";"PROBE";1;63;0x00000b31;357;3;1;2190378;2785802;39;2190423;0;NOSTRESS
42704582785;53802;"NEAR_P1";"INTERVAL";"PROBE";1;63;0x00000b31;357;2;1;2195997;2798770;131;2196079;0;NOSTRESS
42704636594;53767;"NEAR_P1";"INTERVAL";"PROBE";1;63;0x00000b31;357;2;2;2196174;2801967;12;2196265;0;NOSTRESS
42704690369;53859;"NEAR_P1";"INTERVAL";"PROBE";1;63;0x00000b31;357;3;1;2198015;2805020;45;2198110;0;NOSTRESS
42704744235;53611;"NEAR_P1";"INTERVAL";"PROBE";1;63;0x00000b31;357;0;1;2190679;2789203;4;2190725;0;NOSTRESS
42704797853;53765;"NEAR_P1";"INTERVAL";"PROBE";1;63;0x00000b31;357;3;0;2196140;2800262;4;2196231;0;NOSTRESS
42704851625;53768;"NEAR_P1";"INTERVAL";"PROBE";1;63;0x00000b31;357;2;1;2196187;2803185;4;2196275;0;NOSTRESS
42704905400;53613;"NEAR_P1";"INTERVAL";"PROBE";1;63;0x00000b31;357;0;1;2190746;2790598;4;2190792;0;NOSTRESS
42704959020;53766;"NEAR_P1";"INTERVAL";"PROBE";1;63;0x00000b31;357;3;1;2195985;2802567;4;2196072;0;NOSTRESS
42705012794;53789;"NEAR_P1";"INTERVAL";"PROBE";1;63;0x00000b31;357;2;2;2196176;2801597;13;2196270;0;NOSTRESS
42705066590;53644;"NEAR_P1";"INTERVAL";"PROBE";1;63;0x00000b31;357;1;0;2190632;2790897;39;2190681;0;NOSTRESS
42705120242;53768;"NEAR_P1";"INTERVAL";"PROBE";1;63;0x00000b31;357;3;1;2196111;2799007;8;2196199;0;NOSTRESS
42705174017;443765;"TRAJ_R1";"INTERVAL";"PROBE";1;63;0x00000b31;357;0;0;17470335;23111907;106;17470951;0;NOSTRESS
42705698221;1527931;"MAF";"INTERVAL";"PROBE";1;63;0x00000b31;358;75;43;61595111;80171958;1734;61597220;0;NOSTRESS
42705698235;154;"SENS_C1";"INTERVAL";"PROBE";1;63;0x00000b31;358;9;2;2351;4248;328;2362;0;NOSTRESS
42705698396;135;"LOC_C1";"INTERVAL";"PROBE";1;63;0x00000b31;358;0;3;4917;7330;12;4921;0;NOSTRESS
42705698537;19;"LOC_C2";"INTERVAL";"PROBE";1;63;0x00000b31;358;0;0;650;877;8;654;0;NOSTRESS
42705698562;254;"LOC_C3";"INTERVAL";"PROBE";1;63;0x00000b31;358;0;0;9807;13322;4;9811;0;NOSTRESS
42705698822;18;"LOC_C4";"INTERVAL";"PROBE";1;63;0x00000b31;358;0;0;585;891;8;589;0;NOSTRESS
42705698846;54097;"NEAR_P1";"INTERVAL";"PROBE";1;63;0x00000b31;358;11;4;2196645;2835009;426;2196734;0;NOSTRESS
42705752951;53928;"NEAR_P1";"INTERVAL";"PROBE";1;63;0x00000b31;358;5;9;2196515;2831764;20;2196600;0;NOSTRESS
42705806887;53742;"NEAR_P1";"INTERVAL";"PROBE";1;63;0x00000b31;358;4;1;2190665;2819001;8;2190712;0;NOSTRESS
42705860637;53908;"NEAR_P1";"INTERVAL";"PROBE";1;63;0x00000b31;358;3;0;2196469;2829319;5;2196563;0;NOSTRESS
42705914552;53900;"NEAR_P1";"INTERVAL";"PROBE";1;63;0x00000b31;358;5;2;2196402;2831520;44;2196493;0;NOSTRESS
42705968459;53742;"NEAR_P1";"INTERVAL";"PROBE";1;63;0x00000b31;358;2;1;2190988;2818970;4;2191034;0;NOSTRESS
42706022208;53904;"NEAR_P1";"INTERVAL";"PROBE";1;63;0x00000b31;358;3;1;2196168;2831183;8;2196260;0;NOSTRESS
42706076120;53922;"NEAR_P1";"INTERVAL";"PROBE";1;63;0x00000b31;358;2;1;2196279;2832507;31;2196364;0;NOSTRESS
42706130049;53760;"NEAR_P1";"INTERVAL";"PROBE";1;63;0x00000b31;358;2;0;2190644;2820476;39;2190692;0;NOSTRESS
42706183816;53917;"NEAR_P1";"INTERVAL";"PROBE";1;63;0x00000b31;358;0;1;2196239;2829768;118;2196330;0;NOSTRESS
42706237740;53909;"NEAR_P1";"INTERVAL";"PROBE";1;63;0x00000b31;358;3;1;2196428;2831725;8;2196516;0;NOSTRESS
42706291657;53971;"NEAR_P1";"INTERVAL";"PROBE";1;63;0x00000b31;358;2;0;2197227;2835551;88;2197318;0;NOSTRESS
42706345636;53779;"NEAR_P1";"INTERVAL";"PROBE";1;63;0x00000b31;358;2;1;2190789;2818479;123;2190838;0;NOSTRESS
42706399423;53999;"NEAR_P1";"INTERVAL";"PROBE";1;63;0x00000b31;358;2;0;2198303;2833862;84;2198401;0;NOSTRESS
42706453429;53909;"NEAR_P1";"INTERVAL";"PROBE";1;63;0x00000b31;358;1;1;2196414;2829646;12;2196508;0;NOSTRESS
42706507345;53742;"NEAR_P1";"INTERVAL";"PROBE";1;63;0x00000b31;358;3;0;2190941;2818422;4;2190990;0;NOSTRESS
42706561094;53895;"NEAR_P1";"INTERVAL";"PROBE";1;63;0x00000b31;358;1;0;2196446;2831879;5;2196537;0;NOSTRESS
42706614997;53893;"NEAR_P1";"INTERVAL";"PROBE";1;63;0x00000b31;358;1;0;2196116;2830530;9;2196203;0;NOSTRESS
42706668897;53734;"NEAR_P1";"INTERVAL";"PROBE";1;63;0x00000b31;358;0;1;2190913;2819023;4;2190956;0;NOSTRESS
42706722638;53925;"NEAR_P1";"INTERVAL";"PROBE";1;63;0x00000b31;358;1;1;2196380;2819629;34;2196471;0;NOSTRESS
42706776570;449575;"TRAJ_R1";"INTERVAL";"PROBE";1;63;0x00000b31;358;0;0;17663611;23569898;288;17664218;0;NOSTRESS
42707298203;1509632;"MAF";"INTERVAL";"PROBE";1;63;0x00000b31;359;46;31;60893760;79150664;972;60895792;0;NOSTRESS
42707298218;66;"SENS_C1";"INTERVAL";"PROBE";1;63;0x00000b31;359;0;3;1450;2120;144;1454;0;NOSTRESS
42707298291;174;"LOC_C1";"INTERVAL";"PROBE";1;63;0x00000b31;359;1;0;4915;7322;188;4919;0;NOSTRESS
42707298471;26;"LOC_C2";"INTERVAL";"PROBE";1;63;0x00000b31;359;0;0;650;894;28;654;0;NOSTRESS
42707298503;267;"LOC_C3";"INTERVAL";"PROBE";1;63;0x00000b31;359;0;0;9814;13706;60;9818;0;NOSTRESS
42707298777;21;"LOC_C4";"INTERVAL";"PROBE";1;63;0x00000b31;359;0;0;584;894;16;588;0;NOSTRESS
42707298804;53950;"NEAR_P1";"INTERVAL";"PROBE";1;63;0x00000b31;359;9;3;2196566;2831515;28;2196643;0;NOSTRESS
42707352762;53902;"NEAR_P1";"INTERVAL";"PROBE";1;63;0x00000b31;359;3;1;2196424;2829868;4;2196515;0;NOSTRESS
42707406671;53774;"NEAR_P1";"INTERVAL";"PROBE";1;63;0x00000b31;359;3;0;2190927;2820878;27;2190976;0;NOSTRESS
42707460469;53893;"NEAR_P1";"INTERVAL";"PROBE";1;63;0x00000b31;359;2;1;2196140;2818895;9;2196226;0;NOSTRESS
42707514369;53908;"NEAR_P1";"INTERVAL";"PROBE";1;63;0x00000b31;359;1;0;2196408;2816952;9;2196496;0;NOSTRESS
42707568284;53767;"NEAR_P1";"INTERVAL";"PROBE";1;63;0x00000b31;359;1;1;2190976;2821742;36;2191022;0;NOSTRESS
42707622059;53896;"NEAR_P1";"INTERVAL";"PROBE";1;63;0x00000b31;359;1;1;2196394;2829394;4;2196485;0;NOSTRESS
42707675962;53894;"NEAR_P1";"INTERVAL";"PROBE";1;63;0x00000b31;359;1;1;2196161;2831080;28;2196247;0;NOSTRESS
42707729864;53740;"NEAR_P1";"INTERVAL";"PROBE";1;63;0x00000b31;359;2;0;2190938;2819731;4;2190984;0;NOSTRESS
42707783611;53897;"NEAR_P1";"INTERVAL";"PROBE";1;63;0x00000b31;359;2;1;2196015;2829713;39;2196105;0;NOSTRESS
42707837515;53937;"NEAR_P1";"INTERVAL";"PROBE";1;63;0x00000b31;359;2;0;2196253;2831824;112;2196341;0;NOSTRESS
42707891460;53889;"NEAR_P1";"INTERVAL";"PROBE";1;63;0x00000b31;359;0;1;2196374;2830927;4;2196462;0;NOSTRESS
42707945357;53743;"NEAR_P1";"INTERVAL";"PROBE";1;63;0x00000b31;359;1;1;2190944;2819301;8;2190987;0;NOSTRESS
42707999108;53886;"NEAR_P1";"INTERVAL";"PROBE";1;63;0x00000b31;359;1;1;2196362;2831073;4;2196450;0;NOSTRESS
42708053001;53988;"NEAR_P1";"INTERVAL";"PROBE";1;63;0x00000b31;359;4;2;2198322;2834023;26;2198421;0;NOSTRESS
42708106997;53758;"NEAR_P1";"INTERVAL";"PROBE";1;63;0x00000b31;359;2;0;2190985;2818804;8;2191031;0;NOSTRESS
42708160762;53893;"NEAR_P1";"INTERVAL";"PROBE";1;63;0x00000b31;359;1;1;2196442;2825338;4;2196527;0;NOSTRESS
42708214662;53899;"NEAR_P1";"INTERVAL";"PROBE";1;63;0x00000b31;359;2;0;2196373;2826508;28;2196461;0;NOSTRESS
42708268569;53747;"NEAR_P1";"INTERVAL";"PROBE";1;63;0x00000b31;359;2;1;2191010;2818893;8;2191059;0;NOSTRESS
42708322323;53879;"NEAR_P1";"INTERVAL";"PROBE";1;63;0x00000b31;359;1;0;2196018;2820457;4;2196107;0;NOSTRESS
42708376210;431618;"TRAJ_R1";"INTERVAL";"PROBE";1;63;0x00000b31;359;0;0;16964104;22591684;126;16964677;0;NOSTRESS
42708898188;1475437;"MAF";"INTERVAL";"PROBE";1;63;0x00000b31;360;62;35;59637841;76894760;1344;59639849;0;NOSTRESS
42708898202;61;"SENS_C1";"INTERVAL";"PROBE";1;63;0x00000b31;360;0;2;1456;2071;44;1460;0;NOSTRESS
42708898269;136;"LOC_C1";"INTERVAL";"PROBE";1;63;0x00000b31;360;1;0;4914;7341;16;4918;0;NOSTRESS
42708898413;18;"LOC_C2";"INTERVAL";"PROBE";1;63;0x00000b31;360;0;0;650;893;8;654;0;NOSTRESS
42708898438;258;"LOC_C3";"INTERVAL";"PROBE";1;63;0x00000b31;360;0;0;9806;13392;12;9810;0;NOSTRESS
42708898703;18;"LOC_C4";"INTERVAL";"PROBE";1;63;0x00000b31;360;0;0;585;871;12;589;0;NOSTRESS
42708898727;54006;"NEAR_P1";"INTERVAL";"PROBE";1;63;0x00000b31;360;7;3;2198444;2834650;24;2198543;0;NOSTRESS
42708952741;53892;"NEAR_P1";"INTERVAL";"PROBE";1;63;0x00000b31;360;5;3;2196264;2826054;4;2196349;0;NOSTRESS
42709006641;53729;"NEAR_P1";"INTERVAL";"PROBE";1;63;0x00000b31;360;2;1;2190766;2815821;8;2190809;0;NOSTRESS
42709060378;53886;"NEAR_P1";"INTERVAL";"PROBE";1;63;0x00000b31;360;1;1;2196284;2827359;4;2196379;0;NOSTRESS
42709114272;53879;"NEAR_P1";"INTERVAL";"PROBE";1;63;0x00000b31;360;0;1;2195863;2826255;8;2195952;0;NOSTRESS
42709168158;53790;"NEAR_P1";"INTERVAL";"PROBE";1;63;0x00000b31;360;17;5;2191650;2794756;340;2191703;0;NOSTRESS
42709221955;53787;"NEAR_P1";"INTERVAL";"PROBE";1;63;0x00000b31;360;2;1;2196215;2802668;30;2196306;0;NOSTRESS
42709275758;53834;"NEAR_P1";"INTERVAL";"PROBE";1;63;0x00000b31;360;3;1;2197467;2794648;28;2197553;0;NOSTRESS
42709329600;53618;"NEAR_P1";"INTERVAL";"PROBE";1;63;0x00000b31;360;2;1;2190542;2792236;0;2190586;0;NOSTRESS
42709383225;53775;"NEAR_P1";"INTERVAL";"PROBE";1;63;0x00000b31;360;1;1;2196342;2791369;4;2196434;0;NOSTRESS
42709437007;53785;"NEAR_P1";"INTERVAL";"PROBE";1;63;0x00000b31;360;1;1;2196044;2800931;32;2196130;0;NOSTRESS
42709490799;53819;"NEAR_P1";"INTERVAL";"PROBE";1;63;0x00000b31;360;1;1;2195985;2801502;140;2196068;0;NOSTRESS
42709544625;53619;"NEAR_P1";"INTERVAL";"PROBE";1;63;0x00000b31;360;2;1;2190762;2793485;4;2190805;0;NOSTRESS
42709598251;53772;"NEAR_P1";"INTERVAL";"PROBE";1;63;0x00000b31;360;2;1;2196216;2793207;8;2196304;0;NOSTRESS
42709652030;53783;"NEAR_P1";"INTERVAL";"PROBE";1;63;0x00000b31;360;1;1;2196371;2803938;5;2196463;0;NOSTRESS
42709705820;53782;"NEAR_P1";"INTERVAL";"PROBE";1;63;0x00000b31;360;1;1;2192653;2797565;364;2192709;0;NOSTRESS
42709759613;53828;"NEAR_P1";"INTERVAL";"PROBE";1;63;0x00000b31;360;2;1;2196204;2801467;32;2196295;0;NOSTRESS
42709813449;53768;"NEAR_P1";"INTERVAL";"PROBE";1;63;0x00000b31;360;2;1;2196259;2801690;16;2196353;0;NOSTRESS
42709867225;53621;"NEAR_P1";"INTERVAL";"PROBE";1;63;0x00000b31;360;2;1;2190762;2789570;4;2190808;0;NOSTRESS
42709920853;53774;"NEAR_P1";"INTERVAL";"PROBE";1;63;0x00000b31;360;3;0;2196235;2799926;4;2196323;0;NOSTRESS
42709974634;398985;"TRAJ_R1";"INTERVAL";"PROBE";1;63;0x00000b31;360;0;0;15706889;20753532;169;15707407;0;NOSTRESS
42710498203;1438672;"MAF";"INTERVAL";"PROBE";1;63;0x00000b31;361;53;25;58170828;75190364;580;58172811;0;NOSTRESS
42710498217;55;"SENS_C1";"INTERVAL";"PROBE";1;63;0x00000b31;361;0;3;1450;2032;108;1454;0;NOSTRESS
42710498279;156;"LOC_C1";"INTERVAL";"PROBE";1;63;0x00000b31;361;1;0;4909;7371;100;4913;0;NOSTRESS
42710498441;21;"LOC_C2";"INTERVAL";"PROBE";1;63;0x00000b31;361;0;0;650;886;16;654;0;NOSTRESS
42710498468;258;"LOC_C3";"INTERVAL";"PROBE";1;63;0x00000b31;361;0;0;9809;13309;24;9813;0;NOSTRESS
42710498733;22;"LOC_C4";"INTERVAL";"PROBE";1;63;0x00000b31;361;0;0;585;902;20;589;0;NOSTRESS
42710498761;53858;"NEAR_P1";"INTERVAL";"PROBE";1;63;0x00000b31;361;9;2;2196927;2809152;16;2197016;0;NOSTRESS
42710552626;53870;"NEAR_P1";"INTERVAL";"PROBE";1;63;0x00000b31;361;5;1;2198372;2811661;20;2198476;0;NOSTRESS
42710606504;53643;"NEAR_P1";"INTERVAL";"PROBE";1;63;0x00000b31;361;3;0;2191062;2793540;4;2191108;0;NOSTRESS
42710660154;53802;"NEAR_P1";"INTERVAL";"PROBE";1;63;0x00000b31;361;3;0;2196558;2805656;4;2196650;0;NOSTRESS
42710713963;53792;"NEAR_P1";"INTERVAL";"PROBE";1;63;0x00000b31;361;2;0;2196477;2806589;4;2196568;0;NOSTRESS
42710767762;53635;"NEAR_P1";"INTERVAL";"PROBE";1;63;0x00000b31;361;2;1;2191032;2796399;4;2191078;0;NOSTRESS
42710821404;53778;"NEAR_P1";"INTERVAL";"PROBE";1;63;0x00000b31;361;2;1;2196144;2804691;4;2196233;0;NOSTRESS
42710875189;53828;"NEAR_P1";"INTERVAL";"PROBE";1;63;0x00000b31;361;2;1;2196452;2804529;37;2196540;0;NOSTRESS
42710929024;53635;"NEAR_P1";"INTERVAL";"PROBE";1;63;0x00000b31;361;2;1;2191078;2793693;4;2191121;0;NOSTRESS
42710982667;53777;"NEAR_P1";"INTERVAL";"PROBE";1;63;0x00000b31;361;2;1;2195955;2807829;4;2196044;0;NOSTRESS
42711036452;53794;"NEAR_P1";"INTERVAL";"PROBE";1;63;0x00000b31;361;1;1;2196606;2807766;12;2196709;0;NOSTRESS
42711090253;53791;"NEAR_P1";"INTERVAL";"PROBE";1;63;0x00000b31;361;3;2;2196597;2806751;7;2196686;0;NOSTRESS
42711144051;53659;"NEAR_P1";"INTERVAL";"PROBE";1;63;0x00000b31;361;2;1;2190917;2794201;35;2190963;0;NOSTRESS
42711197717;53784;"NEAR_P1";"INTERVAL";"PROBE";1;63;0x00000b31;361;2;1;2196444;2805635;20;2196535;0;NOSTRESS
42711251508;53779;"NEAR_P1";"INTERVAL";"PROBE";1;63;0x00000b31;361;2;0;2196408;2804699;4;2196493;0;NOSTRESS
42711305294;53733;"NEAR_P1";"INTERVAL";"PROBE";1;63;0x00000b31;361;1;1;2192172;2805317;22;2192222;0;NOSTRESS
42711359035;53943;"NEAR_P1";"INTERVAL";"PROBE";1;63;0x00000b31;361;1;1;2198084;2823574;4;2198185;0;NOSTRESS
42711412986;53910;"NEAR_P1";"INTERVAL";"PROBE";1;63;0x00000b31;361;3;0;2196114;2826743;25;2196203;0;NOSTRESS
42711466903;53737;"NEAR_P1";"INTERVAL";"PROBE";1;63;0x00000b31;361;1;2;2190785;2816125;4;2190828;0;NOSTRESS
42711520647;53884;"NEAR_P1";"INTERVAL";"PROBE";1;63;0x00000b31;361;2;0;2196187;2815697;4;2196278;0;NOSTRESS
42711574539;362330;"TRAJ_R1";"INTERVAL";"PROBE";1;63;0x00000b31;361;1;0;14236831;18998302;50;14237303;0;NOSTRESS
42712098258;1404489;"MAF";"INTERVAL";"PROBE";1;63;0x00000b31;362;58;29;56757528;73702723;715;56759424;0;NOSTRESS
42712098272;39;"SENS_C1";"INTERVAL";"PROBE";1;63;0x00000b31;362;0;3;1454;2036;24;1458;0;NOSTRESS
42712098318;134;"LOC_C1";"INTERVAL";"PROBE";1;63;0x00000b31;362;1;1;4915;7224;16;4919;0;NOSTRESS
42712098459;19;"LOC_C2";"INTERVAL";"PROBE";1;63;0x00000b31;362;0;0;650;883;8;654;0;NOSTRESS
42712098484;254;"LOC_C3";"INTERVAL";"PROBE";1;63;0x00000b31;362;0;0;9802;13416;8;9806;0;NOSTRESS
42712098745;18;"LOC_C4";"INTERVAL";"PROBE";1;63;0x00000b31;362;0;0;585;908;4;589;0;NOSTRESS
42712098769;53943;"NEAR_P1";"INTERVAL";"PROBE";1;63;0x00000b31;362;6;3;2196656;2834502;28;2196730;0;NOSTRESS
42712152720;53895;"NEAR_P1";"INTERVAL";"PROBE";1;63;0x00000b31;362;2;2;2196369;2818520;8;2196457;0;NOSTRESS
42712206623;53806;"NEAR_P1";"INTERVAL";"PROBE";1;63;0x00000b31;362;1;0;2192939;2825261;28;2192995;0;NOSTRESS
42712260437;53929;"NEAR_P1";"INTERVAL";"PROBE";1;63;0x00000b31;362;1;1;2196537;2833449;9;2196623;0;NOSTRESS
42712314373;53895;"NEAR_P1";"INTERVAL";"PROBE";1;63;0x00000b31;362;2;0;2196480;2830453;4;2196565;0;NOSTRESS
42712368276;53746;"NEAR_P1";"INTERVAL";"PROBE";1;63;0x00000b31;362;2;0;2190970;2820911;16;2191016;0;NOSTRESS
42712422030;53886;"NEAR_P1";"INTERVAL";"PROBE";1;63;0x00000b31;362;3;0;2196393;2830821;4;2196481;0;NOSTRESS
42712475924;53890;"NEAR_P1";"INTERVAL";"PROBE";1;63;0x00000b31;362;2;0;2196165;2832166;4;2196254;0;NOSTRESS
42712529822;53767;"NEAR_P1";"INTERVAL";"PROBE";1;63;0x00000b31;362;2;1;2191058;2819290;9;2191105;0;NOSTRESS
42712583596;53891;"NEAR_P1";"INTERVAL";"PROBE";1;63;0x00000b31;362;1;1;2196405;2828384;21;2196490;0;NOSTRESS
42712637495;53897;"NEAR_P1";"INTERVAL";"PROBE";1;63;0x00000b31;362;3;1;2196178;2830231;8;2196264;0;NOSTRESS
42712691399;53890;"NEAR_P1";"INTERVAL";"PROBE";1;63;0x00000b31;362;2;1;2196400;2827933;6;2196491;0;NOSTRESS
42712745296;53762;"NEAR_P1";"INTERVAL";"PROBE";1;63;0x00000b31;362;1;2;2190948;2820507;35;2190994;0;NOSTRESS
42712799065;53918;"NEAR_P1";"INTERVAL";"PROBE";1;63;0x00000b31;362;3;0;2196232;2830009;59;2196317;0;NOSTRESS
42712852990;53890;"NEAR_P1";"INTERVAL";"PROBE";1;63;0x00000b31;362;2;0;2196366;2826976;5;2196460;0;NOSTRESS
42712906888;53896;"NEAR_P1";"INTERVAL";"PROBE";1;63;0x00000b31;362;14;3;2191885;2820664;308;2191938;0;NOSTRESS
42712960791;53909;"NEAR_P1";"INTERVAL";"PROBE";1;63;0x00000b31;362;3;1;2196395;2830496;8;2196480;0;NOSTRESS
42713014708;53963;"NEAR_P1";"INTERVAL";"PROBE";1;63;0x00000b31;362;3;1;2198220;2831709;16;2198321;0;NOSTRESS
42713068679;53768;"NEAR_P1";"INTERVAL";"PROBE";1;63;0x00000b31;362;1;0;2190992;2817899;10;2191039;0;NOSTRESS
42713122454;53893;"NEAR_P1";"INTERVAL";"PROBE";1;63;0x00000b31;362;0;0;2196395;2824238;4;2196483;0;NOSTRESS
42713176355;326386;"TRAJ_R1";"INTERVAL";"PROBE";1;63;0x00000b31;362;0;0;12823925;17116583;57;12824355;0;NOSTRESS
42713698249;1369537;"MAF";"INTERVAL";"PROBE";1;63;0x00000b31;363;17;7;55493762;71305128;631;55495635;0;NOSTRESS
42713698264;36;"SENS_C1";"INTERVAL";"PROBE";1;63;0x00000b31;363;0;2;1452;2045;4;1456;0;NOSTRESS
42713698306;132;"LOC_C1";"INTERVAL";"PROBE";1;63;0x00000b31;363;1;2;4923;7329;4;4927;0;NOSTRESS
42713698445;18;"LOC_C2";"INTERVAL";"PROBE";1;63;0x00000b31;363;0;0;650;914;4;654;0;NOSTRESS
42713698469;254;"LOC_C3";"INTERVAL";"PROBE";1;63;0x00000b31;363;0;0;9806;13322;4;9810;0;NOSTRESS
42713698730;19;"LOC_C4";"INTERVAL";"PROBE";1;63;0x00000b31;363;0;0;584;915;4;588;0;NOSTRESS
42713698755;53998;"NEAR_P1";"INTERVAL";"PROBE";1;63;0x00000b31;363;6;2;2196769;2818365;209;2196848;0;NOSTRESS
42713752762;53829;"NEAR_P1";"INTERVAL";"PROBE";1;63;0x00000b31;363;3;0;2196679;2803531;52;2196763;0;NOSTRESS
42713806599;53629;"NEAR_P1";"INTERVAL";"PROBE";1;63;0x00000b31;363;0;0;2191176;2791577;4;2191225;0;NOSTRESS
42713860235;53872;"NEAR_P1";"INTERVAL";"PROBE";1;63;0x00000b31;363;1;0;2198495;2808944;40;2198593;0;NOSTRESS
42713914114;53823;"NEAR_P1";"INTERVAL";"PROBE";1;63;0x00000b31;363;3;1;2196602;2803199;16;2196693;0;NOSTRESS
42713967944;53642;"NEAR_P1";"INTERVAL";"PROBE";1;63;0x00000b31;363;1;0;2191246;2792576;5;2191293;0;NOSTRESS
42714021593;53778;"NEAR_P1";"INTERVAL";"PROBE";1;63;0x00000b31;363;0;0;2196587;2801523;4;2196675;0;NOSTRESS
42714075379;53778;"NEAR_P1";"INTERVAL";"PROBE";1;63;0x00000b31;363;0;0;2196616;2802498;4;2196710;0;NOSTRESS
42714129164;53640;"NEAR_P1";"INTERVAL";"PROBE";1;63;0x00000b31;363;0;0;2190802;2792017;20;2190847;0;NOSTRESS
42714182811;53802;"NEAR_P1";"INTERVAL";"PROBE";1;63;0x00000b31;363;0;0;2196610;2800810;5;2196701;0;NOSTRESS
42714236620;53804;"NEAR_P1";"INTERVAL";"PROBE";1;63;0x00000b31;363;0;0;2196511;2801682;38;2196596;0;NOSTRESS
42714290431;53768;"NEAR_P1";"INTERVAL";"PROBE";1;63;0x00000b31;363;0;0;2196122;2801398;16;2196211;0;NOSTRESS
42714344207;53627;"NEAR_P1";"INTERVAL";"PROBE";1;63;0x00000b31;363;0;0;2191187;2785155;4;2191230;0;NOSTRESS
42714397841;53778;"NEAR_P1";"INTERVAL";"PROBE";1;63;0x00000b31;363;0;0;2196615;2799407;4;2196706;0;NOSTRESS
42714451626;53800;"NEAR_P1";"INTERVAL";"PROBE";1;63;0x00000b31;363;0;0;2196511;2790678;44;2196605;0;NOSTRESS
42714505433;53640;"NEAR_P1";"INTERVAL";"PROBE";1;63;0x00000b31;363;0;0;2191168;2794929;5;2191211;0;NOSTRESS
42714559080;53811;"NEAR_P1";"INTERVAL";"PROBE";1;63;0x00000b31;363;0;0;2196373;2801629;42;2196461;0;NOSTRESS
42714612898;53780;"NEAR_P1";"INTERVAL";"PROBE";1;63;0x00000b31;363;0;0;2196592;2800838;4;2196683;0;NOSTRESS
42714666685;53636;"NEAR_P1";"INTERVAL";"PROBE";1;63;0x00000b31;363;0;0;2191153;2792438;4;2191202;0;NOSTRESS
42714720328;53840;"NEAR_P1";"INTERVAL";"PROBE";1;63;0x00000b31;363;1;0;2198469;2806128;8;2198564;0;NOSTRESS
42714774175;293604;"TRAJ_R1";"INTERVAL";"PROBE";1;63;0x00000b31;363;1;0;11557848;15264138;67;11558241;0;NOSTRESS
42715298194;1342947;"MAF";"INTERVAL";"PROBE";1;63;0x00000b31;364;16;6;54432740;69915841;2147;54434659;0;NOSTRESS
42715298209;53;"SENS_C1";"INTERVAL";"PROBE";1;63;0x00000b31;364;0;0;1456;2109;84;1460;0;NOSTRESS
42715298268;164;"LOC_C1";"INTERVAL";"PROBE";1;63;0x00000b31;364;0;0;4917;7222;128;4921;0;NOSTRESS
42715298438;21;"LOC_C2";"INTERVAL";"PROBE";1;63;0x00000b31;364;0;0;650;926;16;654;0;NOSTRESS
42715298465;263;"LOC_C3";"INTERVAL";"PROBE";1;63;0x00000b31;364;0;0;9804;13273;40;9808;0;NOSTRESS
42715298734;22;"LOC_C4";"INTERVAL";"PROBE";1;63;0x00000b31;364;0;0;585;900;12;589;0;NOSTRESS
42715298762;54143;"NEAR_P1";"INTERVAL";"PROBE";1;63;0x00000b31;364;10;3;2199685;2810613;893;2199792;0;NOSTRESS
42715352913;53786;"NEAR_P1";"INTERVAL";"PROBE";1;63;0x00000b31;364;0;0;2196740;2800169;4;2196830;0;NOSTRESS
42715406706;53663;"NEAR_P1";"INTERVAL";"PROBE";1;63;0x00000b31;364;0;0;2192402;2794927;8;2192446;0;NOSTRESS
42715460377;53807;"NEAR_P1";"INTERVAL";"PROBE";1;63;0x00000b31;364;0;0;2196387;2801025;31;2196481;0;NOSTRESS
42715514191;53832;"NEAR_P1";"INTERVAL";"PROBE";1;63;0x00000b31;364;1;0;2198476;2808774;4;2198577;0;NOSTRESS
42715568031;53620;"NEAR_P1";"INTERVAL";"PROBE";1;63;0x00000b31;364;1;0;2191074;2789134;12;2191120;0;NOSTRESS
42715621658;53765;"NEAR_P1";"INTERVAL";"PROBE";1;63;0x00000b31;364;0;1;2196491;2802107;4;2196585;0;NOSTRESS
42715675430;53774;"NEAR_P1";"INTERVAL";"PROBE";1;63;0x00000b31;364;0;0;2196546;2801433;4;2196637;0;NOSTRESS
42715729211;53632;"NEAR_P1";"INTERVAL";"PROBE";1;63;0x00000b31;364;0;0;2191194;2792080;4;2191238;0;NOSTRESS
42715782850;53761;"NEAR_P1";"INTERVAL";"PROBE";1;63;0x00000b31;364;0;0;2196216;2802373;4;2196305;0;NOSTRESS
42715836619;53796;"NEAR_P1";"INTERVAL";"PROBE";1;63;0x00000b31;364;0;0;2195990;2799744;43;2196080;0;NOSTRESS
42715890422;53802;"NEAR_P1";"INTERVAL";"PROBE";1;63;0x00000b31;364;0;0;2196333;2799687;123;2196418;0;NOSTRESS
42715944231;53629;"NEAR_P1";"INTERVAL";"PROBE";1;63;0x00000b31;364;0;0;2191067;2790090;63;2191113;0;NOSTRESS
42715997867;54029;"NEAR_P1";"INTERVAL";"PROBE";1;63;0x00000b31;364;2;1;2199339;2825221;265;2199446;0;NOSTRESS
42716051904;53931;"NEAR_P1";"INTERVAL";"PROBE";1;63;0x00000b31;364;0;0;2199180;2807807;163;2199280;0;NOSTRESS
42716105843;53693;"NEAR_P1";"INTERVAL";"PROBE";1;63;0x00000b31;364;0;0;2192473;2795037;66;2192524;0;NOSTRESS
42716159543;53868;"NEAR_P1";"INTERVAL";"PROBE";1;63;0x00000b31;364;0;0;2197915;2800219;46;2198011;0;NOSTRESS
42716213418;53850;"NEAR_P1";"INTERVAL";"PROBE";1;63;0x00000b31;364;0;0;2197619;2803870;38;2197713;0;NOSTRESS
42716267275;53630;"NEAR_P1";"INTERVAL";"PROBE";1;63;0x00000b31;364;0;0;2191115;2790211;6;2191164;0;NOSTRESS
42716320912;53780;"NEAR_P1";"INTERVAL";"PROBE";1;63;0x00000b31;364;0;0;2196565;2800149;4;2196656;0;NOSTRESS
42716374699;266436;"TRAJ_R1";"INTERVAL";"PROBE";1;63;0x00000b31;364;2;0;10486302;13849326;70;10486666;0;NOSTRESS
42716898203;1321797;"MAF";"INTERVAL";"PROBE";1;63;0x00000b31;365;21;13;53511292;69295367;1038;53513105;0;NOSTRESS
42716898219;42;"SENS_C1";"INTERVAL";"PROBE";1;63;0x00000b31;365;0;3;1453;2035;48;1457;0;NOSTRESS
42716898268;147;"LOC_C1";"INTERVAL";"PROBE";1;63;0x00000b31;365;0;0;4923;7386;68;4927;0;NOSTRESS
42716898421;20;"LOC_C2";"INTERVAL";"PROBE";1;63;0x00000b31;365;0;0;650;908;8;654;0;NOSTRESS
42716898447;383;"LOC_C3";"INTERVAL";"PROBE";1;63;0x00000b31;365;8;0;10691;15417;409;10702;0;NOSTRESS
42716898837;22;"LOC_C4";"INTERVAL";"PROBE";1;63;0x00000b31;365;0;0;584;893;16;588;0;NOSTRESS
42716898865;53943;"NEAR_P1";"INTERVAL";"PROBE";1;63;0x00000b31;365;10;4;2196889;2832561;8;2196960;0;NOSTRESS
42716952815;53925;"NEAR_P1";"INTERVAL";"PROBE";1;63;0x00000b31;365;1;2;2196511;2829414;51;2196589;0;NOSTRESS
42717006747;53735;"NEAR_P1";"INTERVAL";"PROBE";1;63;0x00000b31;365;0;2;2191180;2815727;4;2191219;0;NOSTRESS
42717060490;53902;"NEAR_P1";"INTERVAL";"PROBE";1;63;0x00000b31;365;0;0;2196648;2828161;8;2196731;0;NOSTRESS
42717114399;53894;"NEAR_P1";"INTERVAL";"PROBE";1;63;0x00000b31;365;0;0;2196637;2828519;4;2196725;0;NOSTRESS
42717168301;53739;"NEAR_P1";"INTERVAL";"PROBE";1;63;0x00000b31;365;0;0;2191194;2814726;4;2191240;0;NOSTRESS
42717222047;53980;"NEAR_P1";"INTERVAL";"PROBE";1;63;0x00000b31;365;0;0;2198770;2820954;22;2198887;0;NOSTRESS
42717276034;53894;"NEAR_P1";"INTERVAL";"PROBE";1;63;0x00000b31;365;0;0;2196662;2827788;4;2196753;0;NOSTRESS
42717329936;53735;"NEAR_P1";"INTERVAL";"PROBE";1;63;0x00000b31;365;0;0;2191162;2804340;4;2191208;0;NOSTRESS
42717383678;53887;"NEAR_P1";"INTERVAL";"PROBE";1;63;0x00000b31;365;0;0;2196595;2829604;4;2196683;0;NOSTRESS
42717437572;53897;"NEAR_P1";"INTERVAL";"PROBE";1;63;0x00000b31;365;0;0;2196308;2829229;8;2196394;0;NOSTRESS
42717491476;53893;"NEAR_P1";"INTERVAL";"PROBE";1;63;0x00000b31;365;0;0;2196577;2827994;4;2196663;0;NOSTRESS
42717545377;53769;"NEAR_P1";"INTERVAL";"PROBE";1;63;0x00000b31;365;0;0;2190973;2820460;37;2191022;0;NOSTRESS
42717599153;53904;"NEAR_P1";"INTERVAL";"PROBE";1;63;0x00000b31;365;0;0;2196674;2830333;8;2196765;0;NOSTRESS
42717653064;53882;"NEAR_P1";"INTERVAL";"PROBE";1;63;0x00000b31;365;0;0;2196191;2815929;6;2196277;0;NOSTRESS
42717706953;53768;"NEAR_P1";"INTERVAL";"PROBE";1;63;0x00000b31;365;0;0;2191127;2814653;44;2191176;0;NOSTRESS
42717760728;53909;"NEAR_P1";"INTERVAL";"PROBE";1;63;0x00000b31;365;0;0;2196134;2826664;70;2196224;0;NOSTRESS
42717814644;53917;"NEAR_P1";"INTERVAL";"PROBE";1;63;0x00000b31;365;0;0;2196409;2826495;132;2196491;0;NOSTRESS
42717868568;53743;"NEAR_P1";"INTERVAL";"PROBE";1;63;0x00000b31;365;0;0;2191145;2807483;4;2191188;0;NOSTRESS
42717922318;53884;"NEAR_P1";"INTERVAL";"PROBE";1;63;0x00000b31;365;0;0;2196574;2829267;12;2196665;0;NOSTRESS
42717976210;243783;"TRAJ_R1";"INTERVAL";"PROBE";1;63;0x00000b31;365;0;1;9576423;12780967;43;9576783;0;NOSTRESS
42718498267;1171550;"MAF";"INTERVAL";"PROBE";1;63;0x00000b31;366;25;21;47646012;61359857;395;47647598;0;NOSTRESS
42718498281;43;"SENS_C1";"INTERVAL";"PROBE";1;63;0x00000b31;366;0;5;1456;2079;44;1460;0;NOSTRESS
42718498330;138;"LOC_C1";"INTERVAL";"PROBE";1;63;0x00000b31;366;1;0;4924;7363;32;4928;0;NOSTRESS
42718498474;21;"LOC_C2";"INTERVAL";"PROBE";1;63;0x00000b31;366;0;0;650;894;12;654;0;NOSTRESS
42718498501;255;"LOC_C3";"INTERVAL";"PROBE";1;63;0x00000b31;366;0;0;9801;13240;12;9805;0;NOSTRESS
42718498763;18;"LOC_C4";"INTERVAL";"PROBE";1;63;0x00000b31;366;0;0;585;895;4;589;0;NOSTRESS
42718498787;53978;"NEAR_P1";"INTERVAL";"PROBE";1;63;0x00000b31;366;14;7;2197347;2836249;32;2197424;0;NOSTRESS
42718552772;53919;"NEAR_P1";"INTERVAL";"PROBE";1;63;0x00000b31;366;5;3;2196995;2834546;4;2197073;0;NOSTRESS
42718606698;53757;"NEAR_P1";"INTERVAL";"PROBE";1;63;0x00000b31;366;1;1;2191522;2818995;5;2191565;0;NOSTRESS
42718660462;53982;"NEAR_P1";"INTERVAL";"PROBE";1;63;0x00000b31;366;1;2;2198157;2831505;66;2198238;0;NOSTRESS
42718714452;53915;"NEAR_P1";"INTERVAL";"PROBE";1;63;0x00000b31;366;1;1;2196932;2833314;4;2197020;0;NOSTRESS
42718768374;53754;"NEAR_P1";"INTERVAL";"PROBE";1;63;0x00000b31;366;0;0;2191498;2823027;4;2191547;0;NOSTRESS
42718822135;53907;"NEAR_P1";"INTERVAL";"PROBE";1;63;0x00000b31;366;0;0;2196936;2834275;4;2197027;0;NOSTRESS
42718876049;53976;"NEAR_P1";"INTERVAL";"PROBE";1;63;0x00000b31;366;0;0;2198962;2837415;6;2199061;0;NOSTRESS
42718930032;53766;"NEAR_P1";"INTERVAL";"PROBE";1;63;0x00000b31;366;0;0;2191637;2820210;4;2191680;0;NOSTRESS
42718983805;53907;"NEAR_P1";"INTERVAL";"PROBE";1;63;0x00000b31;366;0;0;2196963;2829012;4;2197054;0;NOSTRESS
42719037719;53910;"NEAR_P1";"INTERVAL";"PROBE";1;63;0x00000b31;366;0;0;2196993;2833342;4;2197087;0;NOSTRESS
42719091636;53911;"NEAR_P1";"INTERVAL";"PROBE";1;63;0x00000b31;366;0;0;2196615;2829226;4;2196704;0;NOSTRESS
42719145554;53714;"NEAR_P1";"INTERVAL";"PROBE";1;63;0x00000b31;366;0;0;2191571;2811685;4;2191614;0;NOSTRESS
42719199276;53845;"NEAR_P1";"INTERVAL";"PROBE";1;63;0x00000b31;366;0;0;2196950;2808582;33;2197042;0;NOSTRESS
42719253128;53803;"NEAR_P1";"INTERVAL";"PROBE";1;63;0x00000b31;366;0;0;2196951;2809256;5;2197039;0;NOSTRESS
42719306938;53642;"NEAR_P1";"INTERVAL";"PROBE";1;63;0x00000b31;366;0;0;2191286;2799941;4;2191333;0;NOSTRESS
42719360586;53813;"NEAR_P1";"INTERVAL";"PROBE";1;63;0x00000b31;366;0;0;2196984;2806409;12;2197072;0;NOSTRESS
42719414407;53813;"NEAR_P1";"INTERVAL";"PROBE";1;63;0x00000b31;366;0;0;2197045;2809517;6;2197139;0;NOSTRESS
42719468227;53693;"NEAR_P1";"INTERVAL";"PROBE";1;63;0x00000b31;366;0;0;2191551;2797087;42;2191595;0;NOSTRESS
42719521927;53818;"NEAR_P1";"INTERVAL";"PROBE";1;63;0x00000b31;366;0;0;2196957;2807882;24;2197045;0;NOSTRESS
42719575752;94059;"TRAJ_R1";"INTERVAL";"PROBE";1;63;0x00000b31;366;0;1;3702531;4896554;16;3702664;0;NOSTRESS
42720098238;1235141;"MAF";"INTERVAL";"PROBE";1;63;0x00000b31;367;45;23;50173746;64528508;604;50175395;0;NOSTRESS
42720098254;36;"SENS_C1";"INTERVAL";"PROBE";1;63;0x00000b31;367;0;1;1451;1993;8;1455;0;NOSTRESS
42720098296;133;"LOC_C1";"INTERVAL";"PROBE";1;63;0x00000b31;367;1;0;4914;7379;8;4918;0;NOSTRESS
42720098435;19;"LOC_C2";"INTERVAL";"PROBE";1;63;0x00000b31;367;0;0;650;896;4;654;0;NOSTRESS
42720098461;254;"LOC_C3";"INTERVAL";"PROBE";1;63;0x00000b31;367;0;0;9803;13354;4;9807;0;NOSTRESS
42720098721;18;"LOC_C4";"INTERVAL";"PROBE";1;63;0x00000b31;367;0;0;584;898;4;588;0;NOSTRESS
42720098746;53972;"NEAR_P1";"INTERVAL";"PROBE";1;63;0x00000b31;367;5;0;2197093;2832122;29;2197162;0;NOSTRESS
42720152726;53905;"NEAR_P1";"INTERVAL";"PROBE";1;63;0x00000b31;367;3;4;2196546;2830972;4;2196626;0;NOSTRESS
42720206638;53745;"NEAR_P1";"INTERVAL";"PROBE";1;63;0x00000b31;367;1;1;2191403;2820033;4;2191444;0;NOSTRESS
42720260390;53897;"NEAR_P1";"INTERVAL";"PROBE";1;63;0x00000b31;367;1;2;2196848;2828357;6;2196924;0;NOSTRESS
42720314294;53920;"NEAR_P1";"INTERVAL";"PROBE";1;63;0x00000b31;367;0;0;2196727;2831020;33;2196805;0;NOSTRESS
42720368222;53750;"NEAR_P1";"INTERVAL";"PROBE";1;63;0x00000b31;367;0;0;2191438;2820422;8;2191481;0;NOSTRESS
42720421979;53902;"NEAR_P1";"INTERVAL";"PROBE";1;63;0x00000b31;367;0;0;2196875;2830867;4;2196969;0;NOSTRESS
42720475889;53911;"NEAR_P1";"INTERVAL";"PROBE";1;63;0x00000b31;367;0;0;2196897;2833968;4;2196991;0;NOSTRESS
42720529807;53797;"NEAR_P1";"INTERVAL";"PROBE";1;63;0x00000b31;367;11;1;2194203;2799538;124;2194263;0;NOSTRESS
42720583611;53819;"NEAR_P1";"INTERVAL";"PROBE";1;63;0x00000b31;367;3;0;2197007;2808659;10;2197099;0;NOSTRESS
42720637437;53791;"NEAR_P1";"INTERVAL";"PROBE";1;63;0x00000b31;367;2;0;2196944;2799861;4;2197032;0;NOSTRESS
42720691236;53785;"NEAR_P1";"INTERVAL";"PROBE";1;63;0x00000b31;367;2;1;2196883;2807760;4;2196977;0;NOSTRESS
42720745029;53641;"NEAR_P1";"INTERVAL";"PROBE";1;63;0x00000b31;367;2;0;2191500;2792783;4;2191549;0;NOSTRESS
42720798677;53788;"NEAR_P1";"INTERVAL";"PROBE";1;63;0x00000b31;367;2;0;2196543;2807036;8;2196632;0;NOSTRESS
42720852472;53815;"NEAR_P1";"INTERVAL";"PROBE";1;63;0x00000b31;367;2;2;2196760;2803983;67;2196845;0;NOSTRESS
42720906294;53641;"NEAR_P1";"INTERVAL";"PROBE";1;63;0x00000b31;367;2;1;2191066;2794793;39;2191114;0;NOSTRESS
42720959942;53817;"NEAR_P1";"INTERVAL";"PROBE";1;63;0x00000b31;367;2;1;2196483;2793689;120;2196569;0;NOSTRESS
42721013766;53787;"NEAR_P1";"INTERVAL";"PROBE";1;63;0x00000b31;367;2;1;2196848;2804229;12;2196936;0;NOSTRESS
42721067561;53630;"NEAR_P1";"INTERVAL";"PROBE";1;63;0x00000b31;367;2;2;2191426;2793431;4;2191469;0;NOSTRESS
42721121198;53799;"NEAR_P1";"INTERVAL";"PROBE";1;63;0x00000b31;367;2;2;2196847;2805533;38;2196932;0;NOSTRESS
42721175005;158367;"TRAJ_R1";"INTERVAL";"PROBE";1;63;0x00000b31;367;0;0;6233785;8237607;46;6234006;0;NOSTRESS
42721698179;1248440;"MAF";"INTERVAL";"PROBE";1;63;0x00000b31;368;55;31;50717479;65156248;471;50719147;0;NOSTRESS
42721698209;36;"SENS_C1";"INTERVAL";"PROBE";1;63;0x00000b31;368;0;1;1454;2032;4;1458;0;NOSTRESS
42721698252;150;"LOC_C1";"INTERVAL";"PROBE";1;63;0x00000b31;368;1;1;4913;7390;8;4917;0;NOSTRESS
42721698408;18;"LOC_C2";"INTERVAL";"PROBE";1;63;0x00000b31;368;0;0;650;887;4;654;0;NOSTRESS
42721698432;254;"LOC_C3";"INTERVAL";"PROBE";1;63;0x00000b31;368;0;0;9805;13297;4;9809;0;NOSTRESS
42721698693;18;"LOC_C4";"INTERVAL";"PROBE";1;63;0x00000b31;368;0;0;585;902;4;589;0;NOSTRESS
42721698717;53965;"NEAR_P1";"INTERVAL";"PROBE";1;63;0x00000b31;368;10;1;2197383;2833749;35;2197460;0;NOSTRESS
42721752689;53942;"NEAR_P1";"INTERVAL";"PROBE";1;63;0x00000b31;368;7;6;2196813;2828689;54;2196891;0;NOSTRESS
42721806638;53750;"NEAR_P1";"INTERVAL";"PROBE";1;63;0x00000b31;368;2;1;2191282;2820910;4;2191323;0;NOSTRESS
42721860395;53905;"NEAR_P1";"INTERVAL";"PROBE";1;63;0x00000b31;368;1;1;2196976;2832924;4;2197058;0;NOSTRESS
42721914307;53815;"NEAR_P1";"INTERVAL";"PROBE";1;63;0x00000b31;368;3;1;2196897;2809497;4;2196975;0;NOSTRESS
42721968129;53651;"NEAR_P1";"INTERVAL";"PROBE";1;63;0x00000b31;368;2;1;2191562;2785591;43;2191608;0;NOSTRESS
42722021787;53789;"NEAR_P1";"INTERVAL";"PROBE";1;63;0x00000b31;368;2;1;2196988;2808200;4;2197079;0;NOSTRESS
42722075583;53790;"NEAR_P1";"INTERVAL";"PROBE";1;63;0x00000b31;368;2;1;2196964;2807376;4;2197055;0;NOSTRESS
42722129381;53667;"NEAR_P1";"INTERVAL";"PROBE";1;63;0x00000b31;368;1;0;2191568;2795726;8;2191614;0;NOSTRESS
42722183055;53865;"NEAR_P1";"INTERVAL";"PROBE";1;63;0x00000b31;368;2;1;2198849;2801956;15;2198953;0;NOSTRESS
42722236928;53797;"NEAR_P1";"INTERVAL";"PROBE";1;63;0x00000b31;368;2;2;2196986;2803790;4;2197074;0;NOSTRESS
42722290733;53793;"NEAR_P1";"INTERVAL";"PROBE";1;63;0x00000b31;368;2;3;2196920;2803840;4;2197014;0;NOSTRESS
42722344533;53632;"NEAR_P1";"INTERVAL";"PROBE";1;63;0x00000b31;368;2;2;2191515;2794599;4;2191564;0;NOSTRESS
42722398172;53788;"NEAR_P1";"INTERVAL";"PROBE";1;63;0x00000b31;368;2;1;2196937;2806018;12;2197025;0;NOSTRESS
42722451967;53802;"NEAR_P1";"INTERVAL";"PROBE";1;63;0x00000b31;368;3;0;2196767;2803894;4;2196857;0;NOSTRESS
42722505776;53640;"NEAR_P1";"INTERVAL";"PROBE";1;63;0x00000b31;368;1;0;2191550;2794978;6;2191596;0;NOSTRESS
42722559423;53792;"NEAR_P1";"INTERVAL";"PROBE";1;63;0x00000b31;368;3;1;2196953;2807410;31;2197044;0;NOSTRESS
42722613222;53786;"NEAR_P1";"INTERVAL";"PROBE";1;63;0x00000b31;368;2;1;2196641;2805718;8;2196733;0;NOSTRESS
42722667015;53638;"NEAR_P1";"INTERVAL";"PROBE";1;63;0x00000b31;368;2;2;2191501;2792773;4;2191547;0;NOSTRESS
42722720660;53797;"NEAR_P1";"INTERVAL";"PROBE";1;63;0x00000b31;368;2;1;2196949;2805079;33;2197040;0;NOSTRESS
42722774464;172148;"TRAJ_R1";"INTERVAL";"PROBE";1;63;0x00000b31;368;0;0;6775852;8961957;154;6776065;0;NOSTRESS
42723298177;1264810;"MAF";"INTERVAL";"PROBE";1;63;0x00000b31;369;72;31;51378558;65883882;590;51380260;0;NOSTRESS
42723298191;40;"SENS_C1";"INTERVAL";"PROBE";1;63;0x00000b31;369;0;2;1451;2076;24;1455;0;NOSTRESS
42723298237;140;"LOC_C1";"INTERVAL";"PROBE";1;63;0x00000b31;369;0;0;4925;7409;28;4929;0;NOSTRESS
42723298383;19;"LOC_C2";"INTERVAL";"PROBE";1;63;0x00000b31;369;0;0;650;894;4;654;0;NOSTRESS
42723298408;255;"LOC_C3";"INTERVAL";"PROBE";1;63;0x00000b31;369;0;0;9803;13327;12;9807;0;NOSTRESS
42723298670;18;"LOC_C4";"INTERVAL";"PROBE";1;63;0x00000b31;369;0;0;584;896;8;588;0;NOSTRESS
42723298694;53839;"NEAR_P1";"INTERVAL";"PROBE";1;63;0x00000b31;369;6;2;2197266;2810601;4;2197345;0;NOSTRESS
42723352541;53814;"NEAR_P1";"INTERVAL";"PROBE";1;63;0x00000b31;369;3;1;2197003;2805937;29;2197081;0;NOSTRESS
42723406362;53635;"NEAR_P1";"INTERVAL";"PROBE";1;63;0x00000b31;369;2;2;2191508;2797163;8;2191549;0;NOSTRESS
42723460004;53780;"NEAR_P1";"INTERVAL";"PROBE";1;63;0x00000b31;369;3;0;2196555;2804876;4;2196633;0;NOSTRESS
42723513808;53857;"NEAR_P1";"INTERVAL";"PROBE";1;63;0x00000b31;369;3;0;2196905;2797358;69;2196990;0;NOSTRESS
42723567672;53634;"NEAR_P1";"INTERVAL";"PROBE";1;63;0x00000b31;369;2;1;2191514;2797868;4;2191560;0;NOSTRESS
42723621313;53834;"NEAR_P1";"INTERVAL";"PROBE";1;63;0x00000b31;369;1;1;2196478;2791763;152;2196565;0;NOSTRESS
42723675155;53789;"NEAR_P1";"INTERVAL";"PROBE";1;63;0x00000b31;369;2;0;2197053;2808307;4;2197138;0;NOSTRESS
42723728951;53636;"NEAR_P1";"INTERVAL";"PROBE";1;63;0x00000b31;369;2;1;2191590;2792678;12;2191636;0;NOSTRESS
42723782594;53787;"NEAR_P1";"INTERVAL";"PROBE";1;63;0x00000b31;369;2;1;2196941;2806191;4;2197026;0;NOSTRESS
42723836388;53842;"NEAR_P1";"INTERVAL";"PROBE";1;63;0x00000b31;369;3;0;2198796;2798176;4;2198891;0;NOSTRESS
42723890237;53818;"NEAR_P1";"INTERVAL";"PROBE";1;63;0x00000b31;369;4;2;2197072;2802723;10;2197161;0;NOSTRESS
42723944062;53633;"NEAR_P1";"INTERVAL";"PROBE";1;63;0x00000b31;369;1;1;2191456;2793663;4;2191499;0;NOSTRESS
42723997702;53785;"NEAR_P1";"INTERVAL";"PROBE";1;63;0x00000b31;369;2;0;2196896;2804076;4;2196987;0;NOSTRESS
42724051494;53783;"NEAR_P1";"INTERVAL";"PROBE";1;63;0x00000b31;369;4;3;2196935;2801619;4;2197026;0;NOSTRESS
42724105284;53626;"NEAR_P1";"INTERVAL";"PROBE";1;63;0x00000b31;369;3;1;2191198;2794514;4;2191242;0;NOSTRESS
42724158917;53817;"NEAR_P1";"INTERVAL";"PROBE";1;63;0x00000b31;369;3;0;2197078;2803465;5;2197170;0;NOSTRESS
42724212741;53820;"NEAR_P1";"INTERVAL";"PROBE";1;63;0x00000b31;369;2;1;2196927;2794949;52;2197018;0;NOSTRESS
42724266568;53736;"NEAR_P1";"INTERVAL";"PROBE";1;63;0x00000b31;369;18;4;2192407;2796130;85;2192460;0;NOSTRESS
42724320312;53786;"NEAR_P1";"INTERVAL";"PROBE";1;63;0x00000b31;369;4;3;2196666;2807091;4;2196752;0;NOSTRESS
42724374105;188875;"TRAJ_R1";"INTERVAL";"PROBE";1;63;0x00000b31;369;0;1;7436681;9823014;40;7436952;0;NOSTRESS
42724898191;1287539;"MAF";"INTERVAL";"PROBE";1;63;0x00000b31;370;49;39;52166520;67609333;515;52168251;0;NOSTRESS
42724898206;37;"SENS_C1";"INTERVAL";"PROBE";1;63;0x00000b31;370;0;3;1455;2053;12;1459;0;NOSTRESS
42724898250;135;"LOC_C1";"INTERVAL";"PROBE";1;63;0x00000b31;370;0;2;4921;7408;16;4925;0;NOSTRESS
42724898392;18;"LOC_C2";"INTERVAL";"PROBE";1;63;0x00000b31;370;0;0;650;891;4;654;0;NOSTRESS
42724898417;255;"LOC_C3";"INTERVAL";"PROBE";1;63;0x00000b31;370;0;0;9804;13529;4;9808;0;NOSTRESS
42724898679;17;"LOC_C4";"INTERVAL";"PROBE";1;63;0x00000b31;370;0;0;585;897;4;589;0;NOSTRESS
42724898702;54021;"NEAR_P1";"INTERVAL";"PROBE";1;63;0x00000b31;370;5;2;2197609;2835406;113;2197676;0;NOSTRESS
42724952730;53935;"NEAR_P1";"INTERVAL";"PROBE";1;63;0x00000b31;370;2;4;2196746;2833990;12;2196822;0;NOSTRESS
42725006672;53781;"NEAR_P1";"INTERVAL";"PROBE";1;63;0x00000b31;370;3;2;2191712;2821918;9;2191751;0;NOSTRESS
42725060460;53932;"NEAR_P1";"INTERVAL";"PROBE";1;63;0x00000b31;370;4;2;2196924;2831831;36;2197000;0;NOSTRESS
42725114399;53900;"NEAR_P1";"INTERVAL";"PROBE";1;63;0x00000b31;370;3;4;2196853;2832269;4;2196934;0;NOSTRESS
42725168307;53762;"NEAR_P1";"INTERVAL";"PROBE";1;63;0x00000b31;370;2;1;2191718;2822624;4;2191764;0;NOSTRESS
42725222076;53905;"NEAR_P1";"INTERVAL";"PROBE";1;63;0x00000b31;370;1;1;2197125;2832535;24;2197219;0;NOSTRESS
42725275989;53934;"NEAR_P1";"INTERVAL";"PROBE";1;63;0x00000b31;370;2;2;2197011;2832075;39;2197102;0;NOSTRESS
42725329931;53758;"NEAR_P1";"INTERVAL";"PROBE";1;63;0x00000b31;370;2;0;2191726;2822080;4;2191775;0;NOSTRESS
42725383696;53902;"NEAR_P1";"INTERVAL";"PROBE";1;63;0x00000b31;370;2;1;2197132;2831467;4;2197220;0;NOSTRESS
42725437605;53931;"NEAR_P1";"INTERVAL";"PROBE";1;63;0x00000b31;370;2;2;2197174;2831365;10;2197263;0;NOSTRESS
42725491543;53952;"NEAR_P1";"INTERVAL";"PROBE";1;63;0x00000b31;370;2;2;2198633;2834472;4;2198732;0;NOSTRESS
42725545502;53756;"NEAR_P1";"INTERVAL";"PROBE";1;63;0x00000b31;370;1;1;2191683;2822359;4;2191729;0;NOSTRESS
42725599265;53915;"NEAR_P1";"INTERVAL";"PROBE";1;63;0x00000b31;370;2;1;2197068;2829647;4;2197159;0;NOSTRESS
42725653187;53912;"NEAR_P1";"INTERVAL";"PROBE";1;63;0x00000b31;370;3;0;2197057;2830972;15;2197151;0;NOSTRESS
42725707106;53790;"NEAR_P1";"INTERVAL";"PROBE";1;63;0x00000b31;370;2;0;2191680;2821557;48;2191729;0;NOSTRESS
42725760903;53922;"NEAR_P1";"INTERVAL";"PROBE";1;63;0x00000b31;370;3;1;2196768;2832997;50;2196854;0;NOSTRESS
42725814832;53907;"NEAR_P1";"INTERVAL";"PROBE";1;63;0x00000b31;370;4;3;2197134;2830688;4;2197225;0;NOSTRESS
42725868747;53781;"NEAR_P1";"INTERVAL";"PROBE";1;63;0x00000b31;370;1;0;2191642;2822025;35;2191688;0;NOSTRESS
42725922536;53905;"NEAR_P1";"INTERVAL";"PROBE";1;63;0x00000b31;370;1;2;2197100;2829882;8;2197188;0;NOSTRESS
42725976449;209275;"TRAJ_R1";"INTERVAL";"PROBE";1;63;0x00000b31;370;2;0;8222391;10975212;40;8222690;0;NOSTRESS
42726498180;1309884;"MAF";"INTERVAL";"PROBE";1;63;0x00000b31;371;47;26;53090623;68558569;288;53092386;0;NOSTRESS
42726498195;38;"SENS_C1";"INTERVAL";"PROBE";1;63;0x00000b31;371;0;3;1452;2053;12;1456;0;NOSTRESS
42726498239;138;"LOC_C1";"INTERVAL";"PROBE";1;63;0x00000b31;371;1;0;4911;7327;24;4915;0;NOSTRESS
42726498383;20;"LOC_C2";"INTERVAL";"PROBE";1;63;0x00000b31;371;0;0;650;891;8;654;0;NOSTRESS
42726498409;255;"LOC_C3";"INTERVAL";"PROBE";1;63;0x00000b31;371;0;0;9807;13556;8;9811;0;NOSTRESS
42726498670;18;"LOC_C4";"INTERVAL";"PROBE";1;63;0x00000b31;371;0;0;584;899;4;588;0;NOSTRESS
42726498694;53955;"NEAR_P1";"INTERVAL";"PROBE";1;63;0x00000b31;371;6;2;2197514;2835418;4;2197595;0;NOSTRESS
42726552656;53934;"NEAR_P1";"INTERVAL";"PROBE";1;63;0x00000b31;371;5;3;2197102;2829460;12;2197182;0;NOSTRESS
42726606597;53745;"NEAR_P1";"INTERVAL";"PROBE";1;63;0x00000b31;371;1;0;2191295;2816808;4;2191332;0;NOSTRESS
42726660349;53924;"NEAR_P1";"INTERVAL";"PROBE";1;63;0x00000b31;371;1;2;2197035;2831640;5;2197113;0;NOSTRESS
42726714280;53910;"NEAR_P1";"INTERVAL";"PROBE";1;63;0x00000b31;371;3;1;2197025;2829339;34;2197116;0;NOSTRESS
42726768197;53755;"NEAR_P1";"INTERVAL";"PROBE";1;63;0x00000b31;371;1;0;2191645;2818774;4;2191694;0;NOSTRESS
42726821959;53901;"NEAR_P1";"INTERVAL";"PROBE";1;63;0x00000b31;371;2;2;2196730;2828633;4;2196822;0;NOSTRESS
42726875867;53905;"NEAR_P1";"INTERVAL";"PROBE";1;63;0x00000b31;371;2;1;2197059;2830809;4;2197153;0;NOSTRESS
42726929780;53756;"NEAR_P1";"INTERVAL";"PROBE";1;63;0x00000b31;371;2;0;2191717;2822109;5;2191763;0;NOSTRESS
42726983543;53912;"NEAR_P1";"INTERVAL";"PROBE";1;63;0x00000b31;371;2;0;2197018;2823781;45;2197103;0;NOSTRESS
42727037462;53918;"NEAR_P1";"INTERVAL";"PROBE";1;63;0x00000b31;371;3;0;2197057;2831194;4;2197148;0;NOSTRESS
42727091388;53901;"NEAR_P1";"INTERVAL";"PROBE";1;63;0x00000b31;371;2;0;2197015;2831952;4;2197109;0;NOSTRESS
42727145296;53754;"NEAR_P1";"INTERVAL";"PROBE";1;63;0x00000b31;371;2;1;2191619;2810722;4;2191668;0;NOSTRESS
42727199057;53984;"NEAR_P1";"INTERVAL";"PROBE";1;63;0x00000b31;371;2;1;2198972;2834653;10;2199071;0;NOSTRESS
42727253049;53915;"NEAR_P1";"INTERVAL";"PROBE";1;63;0x00000b31;371;2;1;2197029;2828369;8;2197114;0;NOSTRESS
42727306972;53648;"NEAR_P1";"INTERVAL";"PROBE";1;63;0x00000b31;371;2;0;2191751;2796063;4;2191800;0;NOSTRESS
42727360627;53804;"NEAR_P1";"INTERVAL";"PROBE";1;63;0x00000b31;371;2;0;2197147;2805443;4;2197241;0;NOSTRESS
42727414438;53795;"NEAR_P1";"INTERVAL";"PROBE";1;63;0x00000b31;371;1;1;2196825;2807623;4;2196908;0;NOSTRESS
42727468240;53652;"NEAR_P1";"INTERVAL";"PROBE";1;63;0x00000b31;371;2;2;2191721;2795322;4;2191770;0;NOSTRESS
42727521899;53836;"NEAR_P1";"INTERVAL";"PROBE";1;63;0x00000b31;371;2;1;2197196;2805018;25;2197285;0;NOSTRESS
42727575742;232315;"TRAJ_R1";"INTERVAL";"PROBE";1;63;0x00000b31;371;1;0;9146539;12093196;36;9146841;0;NOSTRESS
42728098181;1421595;"MAF";"INTERVAL";"PROBE";1;63;0x00000b31;372;44;17;59685353;78509473;2304;59687333;0;NOSTRESS
42728098197;36;"SENS_C1";"INTERVAL";"PROBE";1;63;0x00000b31;372;0;0;1456;2092;4;1460;0;NOSTRESS
42728098240;133;"LOC_C1";"INTERVAL";"PROBE";1;63;0x00000b31;372;0;1;4913;7322;8;4917;0;NOSTRESS
42728098379;18;"LOC_C2";"INTERVAL";"PROBE";1;63;0x00000b31;372;0;0;650;910;4;654;0;NOSTRESS
42728098404;254;"LOC_C3";"INTERVAL";"PROBE";1;63;0x00000b31;372;0;0;9806;13372;4;9810;0;NOSTRESS
42728098664;18;"LOC_C4";"INTERVAL";"PROBE";1;63;0x00000b31;372;0;0;586;926;4;590;0;NOSTRESS
42728098688;54026;"NEAR_P1";"INTERVAL";"PROBE";1;63;0x00000b31;372;7;2;2197347;2828588;254;2197421;0;NOSTRESS
42728152722;54023;"NEAR_P1";"INTERVAL";"PROBE";1;63;0x00000b31;372;15;4;2199784;2817991;185;2199883;0;NOSTRESS
42728206752;53733;"NEAR_P1";"INTERVAL";"PROBE";1;63;0x00000b31;372;2;2;2192459;2800028;75;2192506;0;NOSTRESS
42728260492;53966;"NEAR_P1";"INTERVAL";"PROBE";1;63;0x00000b31;372;2;0;2199165;2813811;150;2199255;0;NOSTRESS
42728314465;53830;"NEAR_P1";"INTERVAL";"PROBE";1;63;0x00000b31;372;0;0;2197075;2798649;13;2197169;0;NOSTRESS
42728368303;53667;"NEAR_P1";"INTERVAL";"PROBE";1;63;0x00000b31;372;0;0;2191546;2793232;50;2191592;0;NOSTRESS
42728421977;53791;"NEAR_P1";"INTERVAL";"PROBE";1;63;0x00000b31;372;0;0;2196960;2804374;4;2197048;0;NOSTRESS
42728475775;53801;"NEAR_P1";"INTERVAL";"PROBE";1;63;0x00000b31;372;0;0;2196723;2805541;4;2196815;0;NOSTRESS
42728529583;53640;"NEAR_P1";"INTERVAL";"PROBE";1;63;0x00000b31;372;0;0;2191530;2796284;4;2191573;0;NOSTRESS
42728583230;53797;"NEAR_P1";"INTERVAL";"PROBE";1;63;0x00000b31;372;0;0;2196985;2804840;5;2197079;0;NOSTRESS
42728637035;53828;"NEAR_P1";"INTERVAL";"PROBE";1;63;0x00000b31;372;0;0;2196915;2805763;45;2196997;0;NOSTRESS
42728690871;53788;"NEAR_P1";"INTERVAL";"PROBE";1;63;0x00000b31;372;0;0;2196987;2804100;12;2197078;0;NOSTRESS
42728744666;53635;"NEAR_P1";"INTERVAL";"PROBE";1;63;0x00000b31;372;0;0;2191519;2795328;4;2191568;0;NOSTRESS
42728798308;53781;"NEAR_P1";"INTERVAL";"PROBE";1;63;0x00000b31;372;0;0;2196980;2804169;4;2197068;0;NOSTRESS
42728852097;53890;"NEAR_P1";"INTERVAL";"PROBE";1;63;0x00000b31;372;0;0;2198986;2810240;16;2199085;0;NOSTRESS
42728905994;53660;"NEAR_P1";"INTERVAL";"PROBE";1;63;0x00000b31;372;0;0;2191353;2793205;31;2191399;0;NOSTRESS
42728959662;53796;"NEAR_P1";"INTERVAL";"PROBE";1;63;0x00000b31;372;0;0;2197015;2804218;6;2197100;0;NOSTRESS
42729013465;53789;"NEAR_P1";"INTERVAL";"PROBE";1;63;0x00000b31;372;0;0;2196944;2804450;4;2197038;0;NOSTRESS
42729067261;53638;"NEAR_P1";"INTERVAL";"PROBE";1;63;0x00000b31;372;0;0;2191572;2793114;4;2191618;0;NOSTRESS
42729120906;53804;"NEAR_P1";"INTERVAL";"PROBE";1;63;0x00000b31;372;0;0;2196576;2806423;29;2196659;0;NOSTRESS
42729174717;345052;"TRAJ_R1";"INTERVAL";"PROBE";1;63;0x00000b31;372;17;7;15737302;22373238;1357;15737806;0;NOSTRESS
42729698167;2645476;"MAF";"INTERVAL";"PROBE";1;63;0x00000b31;373;46;56;138295723;204473366;2476;138299692;0;CPUTHEFT
42729698182;53;"SENS_C1";"INTERVAL";"PROBE";1;63;0x00000b31;373;1;0;1453;2087;16;1457;0;CPUTHEFT
42729698242;133;"LOC_C1";"INTERVAL";"PROBE";1;63;0x00000b31;373;1;1;4924;7352;12;4928;0;CPUTHEFT
42729698382;18;"LOC_C2";"INTERVAL";"PROBE";1;63;0x00000b31;373;0;1;650;916;8;654;0;CPUTHEFT
42729698407;253;"LOC_C3";"INTERVAL";"PROBE";1;63;0x00000b31;373;0;0;9800;13264;4;9804;0;CPUTHEFT
42729698667;18;"LOC_C4";"INTERVAL";"PROBE";1;63;0x00000b31;373;0;0;585;920;8;589;0;CPUTHEFT
42729698691;54024;"NEAR_P1";"INTERVAL";"PROBE";1;63;0x00000b31;373;6;3;2199467;2839495;8;2199551;0;CPUTHEFT
42729752725;86107;"NEAR_P1";"INTERVAL";"PROBE";1;63;0x00000b31;373;3;2;4270509;6161570;419;4270637;0;CPUTHEFT
42729838840;85791;"NEAR_P1";"INTERVAL";"PROBE";1;63;0x00000b31;373;2;1;4267062;6144928;40;4267157;0;CPUTHEFT
42729924639;117839;"NEAR_P1";"INTERVAL";"PROBE";1;63;0x00000b31;373;0;1;6347965;9472978;45;6348152;0;CPUTHEFT
42730042486;117865;"NEAR_P1";"INTERVAL";"PROBE";1;63;0x00000b31;373;2;2;6346939;9475997;96;6347126;0;CPUTHEFT
42730160359;85663;"NEAR_P1";"INTERVAL";"PROBE";1;63;0x00000b31;373;1;2;4266951;6131743;12;4267047;0;CPUTHEFT
42730246029;117846;"NEAR_P1";"INTERVAL";"PROBE";1;63;0x00000b31;373;1;1;6345184;9465236;229;6345375;0;CPUTHEFT
42730363883;117811;"NEAR_P1";"INTERVAL";"PROBE";1;63;0x00000b31;373;2;2;6348320;9471169;28;6348514;0;CPUTHEFT
42730481701;85747;"NEAR_P1";"INTERVAL";"PROBE";1;63;0x00000b31;373;1;0;4269029;6133527;32;4269130;0;CPUTHEFT
42730567455;117822;"NEAR_P1";"INTERVAL";"PROBE";1;63;0x00000b31;373;1;2;6348244;9469719;16;6348433;0;CPUTHEFT
42730685285;117803;"NEAR_P1";"INTERVAL";"PROBE";1;63;0x00000b31;373;3;2;6347813;9470314;24;6348003;0;CPUTHEFT
42730803095;117854;"NEAR_P1";"INTERVAL";"PROBE";1;63;0x00000b31;373;0;1;6345511;9466458;114;6345696;0;CPUTHEFT
42730920956;85663;"NEAR_P1";"INTERVAL";"PROBE";1;63;0x00000b31;373;0;2;4264625;6124068;146;4264719;0;CPUTHEFT
42731006626;117845;"NEAR_P1";"INTERVAL";"PROBE";1;63;0x00000b31;373;2;3;6349008;9473670;29;6349201;0;CPUTHEFT
42731124478;117826;"NEAR_P1";"INTERVAL";"PROBE";1;63;0x00000b31;373;2;1;6347058;9471700;30;6347249;0;CPUTHEFT
42731242312;85649;"NEAR_P1";"INTERVAL";"PROBE";1;63;0x00000b31;373;0;2;4263170;6122815;16;4263300;0;CPUTHEFT
42731327969;118137;"NEAR_P1";"INTERVAL";"PROBE";1;63;0x00000b31;373;6;3;6352885;9481994;725;6353115;0;CPUTHEFT
42731446114;117821;"NEAR_P1";"INTERVAL";"PROBE";1;63;0x00000b31;373;4;3;6347744;9459725;4;6347937;0;CPUTHEFT
42731563942;85662;"NEAR_P1";"INTERVAL";"PROBE";1;63;0x00000b31;373;0;1;4266810;6128659;64;4266906;0;CPUTHEFT
42731649611;117814;"NEAR_P1";"INTERVAL";"PROBE";1;63;0x00000b31;373;2;1;6346505;9468543;65;6346695;0;CPUTHEFT
42731767432;576204;"TRAJ_R1";"INTERVAL";"PROBE";1;63;0x00000b31;373;1;2;30021292;44987009;249;30022171;0;CPUTHEFT
42732347977;2798058;"MAF";"INTERVAL";"PROBE";1;63;0x00000b31;374;53;51;147586352;218995329;1765;147590542;0;CPUTHEFT
42732347992;52;"SENS_C1";"INTERVAL";"PROBE";1;63;0x00000b31;374;0;2;1455;2074;100;1459;0;CPUTHEFT
42732348051;170;"LOC_C1";"INTERVAL";"PROBE";1;63;0x00000b31;374;0;1;4922;7454;176;4926;0;CPUTHEFT
42732348228;25;"LOC_C2";"INTERVAL";"PROBE";1;63;0x00000b31;374;0;0;650;910;32;654;0;CPUTHEFT
42732348259;271;"LOC_C3";"INTERVAL";"PROBE";1;63;0x00000b31;374;0;0;9804;13476;76;9808;0;CPUTHEFT
42732348536;24;"LOC_C4";"INTERVAL";"PROBE";1;63;0x00000b31;374;0;0;586;901;32;590;0;CPUTHEFT
42732348566;117828;"NEAR_P1";"INTERVAL";"PROBE";1;63;0x00000b31;374;7;0;6344118;9467882;40;6344310;0;CPUTHEFT
42732466402;117814;"NEAR_P1";"INTERVAL";"PROBE";1;63;0x00000b31;374;5;3;6346073;9465763;23;6346265;0;CPUTHEFT
42732584224;85636;"NEAR_P1";"INTERVAL";"PROBE";1;63;0x00000b31;374;0;1;4266487;6128128;4;4266585;0;CPUTHEFT
42732669867;117799;"NEAR_P1";"INTERVAL";"PROBE";1;63;0x00000b31;374;3;2;6345950;9467785;45;6346142;0;CPUTHEFT
42732787674;117802;"NEAR_P1";"INTERVAL";"PROBE";1;63;0x00000b31;374;0;1;6342775;9464995;57;6342998;0;CPUTHEFT
42732905484;85666;"NEAR_P1";"INTERVAL";"PROBE";1;63;0x00000b31;374;1;1;4266400;6126028;71;4266500;0;CPUTHEFT
42732991158;117867;"NEAR_P1";"INTERVAL";"PROBE";1;63;0x00000b31;374;0;1;6349392;9473447;12;6349590;0;CPUTHEFT
42733109032;117791;"NEAR_P1";"INTERVAL";"PROBE";1;63;0x00000b31;374;2;3;6347710;9467971;28;6347902;0;CPUTHEFT
42733226831;85634;"NEAR_P1";"INTERVAL";"PROBE";1;63;0x00000b31;374;1;2;4266195;6126880;4;4266288;0;CPUTHEFT
42733312473;117801;"NEAR_P1";"INTERVAL";"PROBE";1;63;0x00000b31;374;1;1;6345152;9459982;66;6345342;0;CPUTHEFT
42733430281;117801;"NEAR_P1";"INTERVAL";"PROBE";1;63;0x00000b31;374;0;2;6347653;9470868;22;6347840;0;CPUTHEFT
42733548090;85780;"NEAR_P1";"INTERVAL";"PROBE";1;63;0x00000b31;374;15;4;4266858;6128085;375;4266962;0;CPUTHEFT
42733633878;117796;"NEAR_P1";"INTERVAL";"PROBE";1;63;0x00000b31;374;2;3;6346942;9469198;35;6347129;0;CPUTHEFT
42733751681;117951;"NEAR_P1";"INTERVAL";"PROBE";1;63;0x00000b31;374;1;2;6347937;9472220;144;6348129;0;CPUTHEFT
42733869640;85655;"NEAR_P1";"INTERVAL";"PROBE";1;63;0x00000b31;374;1;2;4266355;6123930;16;4266451;0;CPUTHEFT
42733955302;117807;"NEAR_P1";"INTERVAL";"PROBE";1;63;0x00000b31;374;2;0;6345620;9455742;90;6345809;0;CPUTHEFT
42734073117;117866;"NEAR_P1";"INTERVAL";"PROBE";1;63;0x00000b31;374;3;1;6348669;9472309;21;6348860;0;CPUTHEFT
42734190991;85640;"NEAR_P1";"INTERVAL";"PROBE";1;63;0x00000b31;374;3;1;4264688;6123171;38;4264781;0;CPUTHEFT
42734276638;117829;"NEAR_P1";"INTERVAL";"PROBE";1;63;0x00000b31;374;1;1;6347723;9466354;63;6347915;0;CPUTHEFT
42734394474;117802;"NEAR_P1";"INTERVAL";"PROBE";1;63;0x00000b31;374;1;0;6344588;9465091;71;6344777;0;CPUTHEFT
42734512284;633744;"TRAJ_R1";"INTERVAL";"PROBE";1;63;0x00000b31;374;0;0;33105409;49646839;108;33106363;0;CPUTHEFT
42735150332;2816839;"MAF";"INTERVAL";"PROBE";1;63;0x00000b31;375;44;46;148281675;220332084;1118;148285873;0;CPUTHEFT
42735150346;55;"SENS_C1";"INTERVAL";"PROBE";1;63;0x00000b31;375;0;2;1451;2104;112;1455;0;CPUTHEFT
42735150411;168;"LOC_C1";"INTERVAL";"PROBE";1;63;0x00000b31;375;0;2;4917;7358;164;4921;0;CPUTHEFT
42735150585;24;"LOC_C2";"INTERVAL";"PROBE";1;63;0x00000b31;375;0;0;650;896;28;654;0;CPUTHEFT
42735150615;266;"LOC_C3";"INTERVAL";"PROBE";1;63;0x00000b31;375;0;0;9804;13534;64;9808;0;CPUTHEFT
42735150887;23;"LOC_C4";"INTERVAL";"PROBE";1;63;0x00000b31;375;0;0;584;873;20;588;0;CPUTHEFT
42735150916;85646;"NEAR_P1";"INTERVAL";"PROBE";1;63;0x00000b31;375;12;3;4264153;6124084;32;4264248;0;CPUTHEFT
42735236569;117821;"NEAR_P1";"INTERVAL";"PROBE";1;63;0x00000b31;375;5;2;6344867;9467319;78;6345055;0;CPUTHEFT
42735354398;117795;"NEAR_P1";"INTERVAL";"PROBE";1;63;0x00000b31;375;2;1;6347625;9469538;4;6347817;0;CPUTHEFT
42735472200;85705;"NEAR_P1";"INTERVAL";"PROBE";1;63;0x00000b31;375;1;1;4268140;6127463;8;4268245;0;CPUTHEFT
42735557912;117815;"NEAR_P1";"INTERVAL";"PROBE";1;63;0x00000b31;375;2;1;6347231;9469077;60;6347423;0;CPUTHEFT
42735675734;117788;"NEAR_P1";"INTERVAL";"PROBE";1;63;0x00000b31;375;0;1;6346798;9468853;12;6346986;0;CPUTHEFT
42735793530;85652;"NEAR_P1";"INTERVAL";"PROBE";1;63;0x00000b31;375;2;2;4266410;6123953;5;4266508;0;CPUTHEFT
42735879190;117789;"NEAR_P1";"INTERVAL";"PROBE";1;63;0x00000b31;375;2;2;6345994;9463083;79;6346185;0;CPUTHEFT
42735996987;117789;"NEAR_P1";"INTERVAL";"PROBE";1;63;0x00000b31;375;1;0;6344505;9468749;21;6344727;0;CPUTHEFT
42736114783;117841;"NEAR_P1";"INTERVAL";"PROBE";1;63;0x00000b31;375;2;0;6347443;9468781;32;6347634;0;CPUTHEFT
42736232632;85742;"NEAR_P1";"INTERVAL";"PROBE";1;63;0x00000b31;375;0;1;4266270;6150488;4;4266366;0;CPUTHEFT
42736318381;117975;"NEAR_P1";"INTERVAL";"PROBE";1;63;0x00000b31;375;2;2;6349114;9498551;24;6349311;0;CPUTHEFT
42736436363;117894;"NEAR_P1";"INTERVAL";"PROBE";1;63;0x00000b31;375;1;0;6347600;9497363;8;6347790;0;CPUTHEFT
42736554264;85728;"NEAR_P1";"INTERVAL";"PROBE";1;63;0x00000b31;375;2;1;4266205;6149618;8;4266298;0;CPUTHEFT
42736639999;117916;"NEAR_P1";"INTERVAL";"PROBE";1;63;0x00000b31;375;2;2;6347307;9491384;18;6347496;0;CPUTHEFT
42736757923;117897;"NEAR_P1";"INTERVAL";"PROBE";1;63;0x00000b31;375;0;2;6347803;9495048;4;6347995;0;CPUTHEFT
42736875828;85733;"NEAR_P1";"INTERVAL";"PROBE";1;63;0x00000b31;375;1;1;4265746;6149922;9;4265841;0;CPUTHEFT
42736961568;117910;"NEAR_P1";"INTERVAL";"PROBE";1;63;0x00000b31;375;0;2;6346645;9491705;140;6346839;0;CPUTHEFT
42737079486;117955;"NEAR_P1";"INTERVAL";"PROBE";1;63;0x00000b31;375;2;2;6349639;9499082;8;6349845;0;CPUTHEFT
42737197448;85763;"NEAR_P1";"INTERVAL";"PROBE";1;63;0x00000b31;375;0;1;4267021;6143355;10;4267118;0;CPUTHEFT
42737283218;683946;"TRAJ_R1";"INTERVAL";"PROBE";1;63;0x00000b31;375;0;0;35871517;54062046;155;35872558;0;CPUTHEFT
42737971393;2821767;"MAF";"INTERVAL";"PROBE";1;63;0x00000b31;376;45;54;148509303;220250572;2026;148513537;0;CPUTHEFT
42737971409;50;"SENS_C1";"INTERVAL";"PROBE";1;63;0x00000b31;376;0;2;1455;2073;92;1459;0;CPUTHEFT
42737971465;155;"LOC_C1";"INTERVAL";"PROBE";1;63;0x00000b31;376;1;1;4921;7322;144;4925;0;CPUTHEFT
42737971627;20;"LOC_C2";"INTERVAL";"PROBE";1;63;0x00000b31;376;0;0;650;902;16;654;0;CPUTHEFT
42737971653;263;"LOC_C3";"INTERVAL";"PROBE";1;63;0x00000b31;376;0;0;9806;13718;44;9810;0;CPUTHEFT
42737971923;22;"LOC_C4";"INTERVAL";"PROBE";1;63;0x00000b31;376;0;0;585;895;24;589;0;CPUTHEFT
42737971951;117984;"NEAR_P1";"INTERVAL";"PROBE";1;63;0x00000b31;376;9;4;6345904;9480556;176;6346102;0;CPUTHEFT
42738089943;85643;"NEAR_P1";"INTERVAL";"PROBE";1;63;0x00000b31;376;1;3;4266446;6125639;20;4266544;0;CPUTHEFT
42738175594;117837;"NEAR_P1";"INTERVAL";"PROBE";1;63;0x00000b31;376;1;0;6348744;9470750;6;6348935;0;CPUTHEFT
42738293439;117822;"NEAR_P1";"INTERVAL";"PROBE";1;63;0x00000b31;376;1;0;6345635;9463763;89;6345824;0;CPUTHEFT
42738411268;85635;"NEAR_P1";"INTERVAL";"PROBE";1;63;0x00000b31;376;2;1;4266511;6125911;4;4266608;0;CPUTHEFT
42738496911;117796;"NEAR_P1";"INTERVAL";"PROBE";1;63;0x00000b31;376;2;2;6347546;9471765;14;6347736;0;CPUTHEFT
42738614715;117811;"NEAR_P1";"INTERVAL";"PROBE";1;63;0x00000b31;376;0;2;6344406;9464608;58;6344593;0;CPUTHEFT
42738732534;85672;"NEAR_P1";"INTERVAL";"PROBE";1;63;0x00000b31;376;1;1;4266369;6125539;49;4266469;0;CPUTHEFT
42738818213;117865;"NEAR_P1";"INTERVAL";"PROBE";1;63;0x00000b31;376;0;2;6349245;9470289;24;6349449;0;CPUTHEFT
42738936086;117793;"NEAR_P1";"INTERVAL";"PROBE";1;63;0x00000b31;376;2;2;6347747;9457101;4;6347939;0;CPUTHEFT
42739053887;85627;"NEAR_P1";"INTERVAL";"PROBE";1;63;0x00000b31;376;2;1;4266304;6115872;8;4266400;0;CPUTHEFT
42739139522;117809;"NEAR_P1";"INTERVAL";"PROBE";1;63;0x00000b31;376;2;2;6344063;9464532;108;6344257;0;CPUTHEFT
42739257338;117817;"NEAR_P1";"INTERVAL";"PROBE";1;63;0x00000b31;376;3;1;6344006;9467101;28;6344206;0;CPUTHEFT
42739375162;85635;"NEAR_P1";"INTERVAL";"PROBE";1;63;0x00000b31;376;1;1;4266252;6128352;6;4266347;0;CPUTHEFT
42739460805;117799;"NEAR_P1";"INTERVAL";"PROBE";1;63;0x00000b31;376;2;3;6346222;9464800;65;6346409;0;CPUTHEFT
42739578611;117874;"NEAR_P1";"INTERVAL";"PROBE";1;63;0x00000b31;376;2;1;6349411;9473584;81;6349615;0;CPUTHEFT
42739696492;85634;"NEAR_P1";"INTERVAL";"PROBE";1;63;0x00000b31;376;0;2;4266198;6126306;4;4266295;0;CPUTHEFT
42739782134;117794;"NEAR_P1";"INTERVAL";"PROBE";1;63;0x00000b31;376;1;1;6347609;9470382;17;6347805;0;CPUTHEFT
42739899935;117801;"NEAR_P1";"INTERVAL";"PROBE";1;63;0x00000b31;376;0;2;6347003;9471012;24;6347192;0;CPUTHEFT
42740017744;85633;"NEAR_P1";"INTERVAL";"PROBE";1;63;0x00000b31;376;1;0;4264795;6114583;53;4264892;0;CPUTHEFT
42740103385;689768;"TRAJ_R1";"INTERVAL";"PROBE";1;63;0x00000b31;376;6;1;36105229;54245493;848;36106316;0;CPUTHEFT
42740797287;2818393;"MAF";"INTERVAL";"PROBE";1;63;0x00000b31;377;56;56;148388931;220098514;1640;148393118;0;CPUTHEFT
42740797450;50;"SENS_C1";"INTERVAL";"PROBE";1;63;0x00000b31;377;0;2;1451;2065;64;1455;0;CPUTHEFT
42740797506;146;"LOC_C1";"INTERVAL";"PROBE";1;63;0x00000b31;377;0;1;4922;7358;56;4926;0;CPUTHEFT
42740797658;20;"LOC_C2";"INTERVAL";"PROBE";1;63;0x00000b31;377;0;1;650;885;8;654;0;CPUTHEFT
42740797684;255;"LOC_C3";"INTERVAL";"PROBE";1;63;0x00000b31;377;0;0;9809;13546;12;9813;0;CPUTHEFT
42740797946;22;"LOC_C4";"INTERVAL";"PROBE";1;63;0x00000b31;377;0;0;584;895;40;588;0;CPUTHEFT
42740797975;117865;"NEAR_P1";"INTERVAL";"PROBE";1;63;0x00000b31;377;14;10;6339318;9466111;131;6339514;0;CPUTHEFT
42740915848;117836;"NEAR_P1";"INTERVAL";"PROBE";1;63;0x00000b31;377;5;7;6347879;9461213;69;6348069;0;CPUTHEFT
42741033692;85662;"NEAR_P1";"INTERVAL";"PROBE";1;63;0x00000b31;377;1;2;4267026;6128345;16;4267119;0;CPUTHEFT
42741119362;117855;"NEAR_P1";"INTERVAL";"PROBE";1;63;0x00000b31;377;1;0;6347660;9472721;77;6347850;0;CPUTHEFT
42741237225;117874;"NEAR_P1";"INTERVAL";"PROBE";1;63;0x00000b31;377;1;0;6349741;9476484;16;6349943;0;CPUTHEFT
42741355106;85657;"NEAR_P1";"INTERVAL";"PROBE";1;63;0x00000b31;377;0;1;4266791;6131713;4;4266891;0;CPUTHEFT
42741440770;117829;"NEAR_P1";"INTERVAL";"PROBE";1;63;0x00000b31;377;2;2;6347907;9474111;4;6348097;0;CPUTHEFT
42741558606;117826;"NEAR_P1";"INTERVAL";"PROBE";1;63;0x00000b31;377;1;1;6347644;9472323;9;6347835;0;CPUTHEFT
42741676440;85656;"NEAR_P1";"INTERVAL";"PROBE";1;63;0x00000b31;377;1;1;4264123;6124109;64;4264214;0;CPUTHEFT
42741762104;117874;"NEAR_P1";"INTERVAL";"PROBE";1;63;0x00000b31;377;2;1;6346701;9469285;143;6346894;0;CPUTHEFT
42741879989;117877;"NEAR_P1";"INTERVAL";"PROBE";1;63;0x00000b31;377;0;1;6347562;9471452;112;6347758;0;CPUTHEFT
42741997874;85655;"NEAR_P1";"INTERVAL";"PROBE";1;63;0x00000b31;377;3;2;4267055;6127838;4;4267153;0;CPUTHEFT
42742083537;117888;"NEAR_P1";"INTERVAL";"PROBE";1;63;0x00000b31;377;1;2;6349942;9477514;20;6350142;0;CPUTHEFT
42742201432;117821;"NEAR_P1";"INTERVAL";"PROBE";1;63;0x00000b31;377;3;2;6346828;9462109;8;6347022;0;CPUTHEFT
42742319261;85723;"NEAR_P1";"INTERVAL";"PROBE";1;63;0x00000b31;377;1;1;4268274;6131287;65;4268369;0;CPUTHEFT
42742404991;117832;"NEAR_P1";"INTERVAL";"PROBE";1;63;0x00000b31;377;1;1;6347599;9469612;13;6347782;0;CPUTHEFT
42742522831;117818;"NEAR_P1";"INTERVAL";"PROBE";1;63;0x00000b31;377;1;0;6348116;9471461;22;6348308;0;CPUTHEFT
42742640657;85657;"NEAR_P1";"INTERVAL";"PROBE";1;63;0x00000b31;377;1;1;4266931;6131357;16;4267031;0;CPUTHEFT
42742726321;117856;"NEAR_P1";"INTERVAL";"PROBE";1;63;0x00000b31;377;3;2;6347942;9464437;60;6348132;0;CPUTHEFT
42742844186;117821;"NEAR_P1";"INTERVAL";"PROBE";1;63;0x00000b31;377;0;1;6348456;9468293;4;6348645;0;CPUTHEFT
42742962015;653658;"TRAJ_R1";"INTERVAL";"PROBE";1;63;0x00000b31;377;0;0;33890889;50692094;102;33891850;0;CPUTHEFT
42743619895;2809125;"MAF";"INTERVAL";"PROBE";1;63;0x00000b31;378;42;62;148034961;219650945;1070;148039178;0;CPUTHEFT
42743619911;47;"SENS_C1";"INTERVAL";"PROBE";1;63;0x00000b31;378;0;3;1456;2047;80;1460;0;CPUTHEFT
42743619965;154;"LOC_C1";"INTERVAL";"PROBE";1;63;0x00000b31;378;0;2;4919;7357;105;4923;0;CPUTHEFT
42743620125;20;"LOC_C2";"INTERVAL";"PROBE";1;63;0x00000b31;378;0;0;650;911;16;654;0;CPUTHEFT
42743620151;264;"LOC_C3";"INTERVAL";"PROBE";1;63;0x00000b31;378;0;0;9806;13465;48;9810;0;CPUTHEFT
42743620422;21;"LOC_C4";"INTERVAL";"PROBE";1;63;0x00000b31;378;0;0;585;896;24;589;0;CPUTHEFT
42743620449;117893;"NEAR_P1";"INTERVAL";"PROBE";1;63;0x00000b31;378;14;5;6344945;9473944;134;6345139;0;CPUTHEFT
42743738350;117890;"NEAR_P1";"INTERVAL";"PROBE";1;63;0x00000b31;378;4;6;6349284;9477222;28;6349485;0;CPUTHEFT
42743856247;85673;"NEAR_P1";"INTERVAL";"PROBE";1;63;0x00000b31;378;2;1;4266997;6130168;8;4267094;0;CPUTHEFT
42743941928;117821;"NEAR_P1";"INTERVAL";"PROBE";1;63;0x00000b31;378;2;2;6348140;9472605;4;6348332;0;CPUTHEFT
42744059757;117822;"NEAR_P1";"INTERVAL";"PROBE";1;63;0x00000b31;378;0;2;6343393;9469489;29;6343613;0;CPUTHEFT
42744177587;85657;"NEAR_P1";"INTERVAL";"PROBE";1;63;0x00000b31;378;1;1;4265101;6125471;58;4265196;0;CPUTHEFT
42744263252;117822;"NEAR_P1";"INTERVAL";"PROBE";1;63;0x00000b31;378;1;0;6348277;9474615;16;6348467;0;CPUTHEFT
42744381081;117892;"NEAR_P1";"INTERVAL";"PROBE";1;63;0x00000b31;378;1;0;6347544;9472356;69;6347734;0;CPUTHEFT
42744498980;117812;"NEAR_P1";"INTERVAL";"PROBE";1;63;0x00000b31;378;1;0;6348344;9475632;18;6348537;0;CPUTHEFT
42744616799;85710;"NEAR_P1";"INTERVAL";"PROBE";1;63;0x00000b31;378;2;2;4269056;6136068;8;4269164;0;CPUTHEFT
42744702516;117819;"NEAR_P1";"INTERVAL";"PROBE";1;63;0x00000b31;378;2;1;6348152;9471728;4;6348346;0;CPUTHEFT
42744820342;117813;"NEAR_P1";"INTERVAL";"PROBE";1;63;0x00000b31;378;0;2;6348444;9474047;4;6348631;0;CPUTHEFT
42744938162;85675;"NEAR_P1";"INTERVAL";"PROBE";1;63;0x00000b31;378;1;1;4267219;6128234;5;4267314;0;CPUTHEFT
42745023845;117840;"NEAR_P1";"INTERVAL";"PROBE";1;63;0x00000b31;378;0;2;6346647;9469151;118;6346836;0;CPUTHEFT
42745141693;117813;"NEAR_P1";"INTERVAL";"PROBE";1;63;0x00000b31;378;2;2;6348230;9462380;4;6348424;0;CPUTHEFT
42745259513;85678;"NEAR_P1";"INTERVAL";"PROBE";1;63;0x00000b31;378;2;1;4267094;6129364;24;4267190;0;CPUTHEFT
42745345199;117810;"NEAR_P1";"INTERVAL";"PROBE";1;63;0x00000b31;378;2;2;6348545;9472221;4;6348737;0;CPUTHEFT
42745463017;117870;"NEAR_P1";"INTERVAL";"PROBE";1;63;0x00000b31;378;0;2;6349914;9477136;12;6350112;0;CPUTHEFT
42745580895;85659;"NEAR_P1";"INTERVAL";"PROBE";1;63;0x00000b31;378;1;1;4267195;6119570;4;4267291;0;CPUTHEFT
42745666561;117816;"NEAR_P1";"INTERVAL";"PROBE";1;63;0x00000b31;378;0;2;6347699;9474236;8;6347889;0;CPUTHEFT
42745784385;644628;"TRAJ_R1";"INTERVAL";"PROBE";1;63;0x00000b31;378;0;1;33531102;50212811;218;33532062;0;CPUTHEFT
42746433203;2798203;"MAF";"INTERVAL";"PROBE";1;63;0x00000b31;379;65;65;147559778;219139119;2438;147564025;0;CPUTHEFT
42746433219;49;"SENS_C1";"INTERVAL";"PROBE";1;63;0x00000b31;379;0;2;1453;2044;84;1457;0;CPUTHEFT
42746433274;139;"LOC_C1";"INTERVAL";"PROBE";1;63;0x00000b31;379;0;2;4919;7447;40;4923;0;CPUTHEFT
42746433420;20;"LOC_C2";"INTERVAL";"PROBE";1;63;0x00000b31;379;0;0;650;909;16;654;0;CPUTHEFT
42746433446;263;"LOC_C3";"INTERVAL";"PROBE";1;63;0x00000b31;379;0;0;9809;13392;40;9813;0;CPUTHEFT
42746433715;26;"LOC_C4";"INTERVAL";"PROBE";1;63;0x00000b31;379;0;0;584;887;40;588;0;CPUTHEFT
42746433747;118067;"NEAR_P1";"INTERVAL";"PROBE";1;63;0x00000b31;379;15;5;6345329;9498896;159;6345539;0;CPUTHEFT
42746551822;117963;"NEAR_P1";"INTERVAL";"PROBE";1;63;0x00000b31;379;5;4;6347883;9503490;13;6348075;0;CPUTHEFT
42746669792;85793;"NEAR_P1";"INTERVAL";"PROBE";1;63;0x00000b31;379;1;1;4264784;6153009;62;4264881;0;CPUTHEFT
42746755592;117974;"NEAR_P1";"INTERVAL";"PROBE";1;63;0x00000b31;379;3;2;6348694;9502588;44;6348886;0;CPUTHEFT
42746873574;118021;"NEAR_P1";"INTERVAL";"PROBE";1;63;0x00000b31;379;9;4;6348990;9475261;469;6349188;0;CPUTHEFT
42746991603;85667;"NEAR_P1";"INTERVAL";"PROBE";1;63;0x00000b31;379;3;2;4267573;6129818;6;4267667;0;CPUTHEFT
42747077277;117878;"NEAR_P1";"INTERVAL";"PROBE";1;63;0x00000b31;379;2;3;6350542;9475077;8;6350748;0;CPUTHEFT
42747195162;118069;"NEAR_P1";"INTERVAL";"PROBE";1;63;0x00000b31;379;5;2;6348186;9476604;747;6348438;0;CPUTHEFT
42747313238;85672;"NEAR_P1";"INTERVAL";"PROBE";1;63;0x00000b31;379;2;4;4265316;6127210;60;4265409;0;CPUTHEFT
42747398919;117830;"NEAR_P1";"INTERVAL";"PROBE";1;63;0x00000b31;379;2;2;6348439;9471967;5;6348631;0;CPUTHEFT
42747516757;117829;"NEAR_P1";"INTERVAL";"PROBE";1;63;0x00000b31;379;1;0;6345780;9466720;58;6345966;0;CPUTHEFT
42747634593;117857;"NEAR_P1";"INTERVAL";"PROBE";1;63;0x00000b31;379;0;2;6347685;9473690;110;6347874;0;CPUTHEFT
42747752458;85705;"NEAR_P1";"INTERVAL";"PROBE";1;63;0x00000b31;379;2;2;4267318;6133123;63;4267413;0;CPUTHEFT
42747838170;117826;"NEAR_P1";"INTERVAL";"PROBE";1;63;0x00000b31;379;1;0;6348568;9474358;4;6348759;0;CPUTHEFT
42747956004;117901;"NEAR_P1";"INTERVAL";"PROBE";1;63;0x00000b31;379;1;0;6350514;9480255;17;6350716;0;CPUTHEFT
42748073913;85672;"NEAR_P1";"INTERVAL";"PROBE";1;63;0x00000b31;379;2;1;4265438;6131089;64;4265535;0;CPUTHEFT
42748159593;117852;"NEAR_P1";"INTERVAL";"PROBE";1;63;0x00000b31;379;0;2;6348613;9470365;72;6348805;0;CPUTHEFT
42748277452;117843;"NEAR_P1";"INTERVAL";"PROBE";1;63;0x00000b31;379;2;2;6345870;9463799;59;6346056;0;CPUTHEFT
42748395302;85675;"NEAR_P1";"INTERVAL";"PROBE";1;63;0x00000b31;379;2;1;4267433;6131512;4;4267531;0;CPUTHEFT
42748480985;117871;"NEAR_P1";"INTERVAL";"PROBE";1;63;0x00000b31;379;2;2;6349551;9475639;12;6349742;0;CPUTHEFT
42748598863;632536;"TRAJ_R1";"INTERVAL";"PROBE";1;63;0x00000b31;379;0;1;33053617;49572058;170;33054565;0;CPUTHEFT
42749235548;2751168;"MAF";"INTERVAL";"PROBE";1;63;0x00000b31;380;52;53;144938157;214937835;1096;144942253;0;CPUTHEFT
42749235563;43;"SENS_C1";"INTERVAL";"PROBE";1;63;0x00000b31;380;0;1;1455;2038;52;1459;0;CPUTHEFT
42749235612;138;"LOC_C1";"INTERVAL";"PROBE";1;63;0x00000b31;380;1;0;4924;7345;40;4928;0;CPUTHEFT
42749235756;19;"LOC_C2";"INTERVAL";"PROBE";1;63;0x00000b31;380;0;0;650;895;8;654;0;CPUTHEFT
42749235782;257;"LOC_C3";"INTERVAL";"PROBE";1;63;0x00000b31;380;0;0;9809;13459;16;9813;0;CPUTHEFT
42749236045;21;"LOC_C4";"INTERVAL";"PROBE";1;63;0x00000b31;380;0;0;586;900;16;590;0;CPUTHEFT
42749236072;117842;"NEAR_P1";"INTERVAL";"PROBE";1;63;0x00000b31;380;15;3;6345835;9470677;24;6346029;0;CPUTHEFT
42749353921;85676;"NEAR_P1";"INTERVAL";"PROBE";1;63;0x00000b31;380;4;1;4267047;6117637;8;4267147;0;CPUTHEFT
42749439605;117872;"NEAR_P1";"INTERVAL";"PROBE";1;63;0x00000b31;380;4;1;6347499;9470551;77;6347687;0;CPUTHEFT
42749557485;117889;"NEAR_P1";"INTERVAL";"PROBE";1;63;0x00000b31;380;3;2;6349778;9478217;16;6349978;0;CPUTHEFT
42749675382;85654;"NEAR_P1";"INTERVAL";"PROBE";1;63;0x00000b31;380;1;2;4266927;6130303;8;4267024;0;CPUTHEFT
42749761043;117857;"NEAR_P1";"INTERVAL";"PROBE";1;63;0x00000b31;380;1;1;6348252;9468720;234;6348437;0;CPUTHEFT
42749878908;117816;"NEAR_P1";"INTERVAL";"PROBE";1;63;0x00000b31;380;2;2;6347770;9470092;9;6347957;0;CPUTHEFT
42749996732;85650;"NEAR_P1";"INTERVAL";"PROBE";1;63;0x00000b31;380;2;1;4265409;6126876;54;4265506;0;CPUTHEFT
42750082390;117818;"NEAR_P1";"INTERVAL";"PROBE";1;63;0x00000b31;380;2;2;6348321;9472089;16;6348508;0;CPUTHEFT
42750200215;117861;"NEAR_P1";"INTERVAL";"PROBE";1;63;0x00000b31;380;0;2;6347198;9459630;28;6347390;0;CPUTHEFT
42750318084;85654;"NEAR_P1";"INTERVAL";"PROBE";1;63;0x00000b31;380;1;1;4267239;6128288;4;4267334;0;CPUTHEFT
42750403745;117885;"NEAR_P1";"INTERVAL";"PROBE";1;63;0x00000b31;380;0;2;6345347;9470243;73;6345572;0;CPUTHEFT
42750521638;117873;"NEAR_P1";"INTERVAL";"PROBE";1;63;0x00000b31;380;0;2;6348855;9473273;18;6349046;0;CPUTHEFT
42750639519;85658;"NEAR_P1";"INTERVAL";"PROBE";1;63;0x00000b31;380;3;2;4267017;6130058;20;4267115;0;CPUTHEFT
42750725184;117831;"NEAR_P1";"INTERVAL";"PROBE";1;63;0x00000b31;380;2;3;6348075;9471898;17;6348266;0;CPUTHEFT
42750843022;117816;"NEAR_P1";"INTERVAL";"PROBE";1;63;0x00000b31;380;2;1;6346130;9469270;74;6346321;0;CPUTHEFT
42750960846;85653;"NEAR_P1";"INTERVAL";"PROBE";1;63;0x00000b31;380;1;1;4266978;6129378;4;4267076;0;CPUTHEFT
42751046507;117860;"NEAR_P1";"INTERVAL";"PROBE";1;63;0x00000b31;380;2;1;6348086;9471017;61;6348275;0;CPUTHEFT
42751164375;117814;"NEAR_P1";"INTERVAL";"PROBE";1;63;0x00000b31;380;0;1;6348178;9472448;4;6348369;0;CPUTHEFT
42751282197;117862;"NEAR_P1";"INTERVAL";"PROBE";1;63;0x00000b31;380;2;2;6349831;9474656;8;6350034;0;CPUTHEFT
42751400067;586642;"TRAJ_R1";"INTERVAL";"PROBE";1;63;0x00000b31;380;0;0;30434709;45530033;183;30435560;0;CPUTHEFT
42751990857;2704382;"MAF";"INTERVAL";"PROBE";1;63;0x00000b31;381;56;52;142256275;210855338;2411;142260341;0;CPUTHEFT
42751990874;45;"SENS_C1";"INTERVAL";"PROBE";1;63;0x00000b31;381;0;1;1453;2036;80;1457;0;CPUTHEFT
42751990925;142;"LOC_C1";"INTERVAL";"PROBE";1;63;0x00000b31;381;1;1;4912;7276;56;4916;0;CPUTHEFT
42751991074;23;"LOC_C2";"INTERVAL";"PROBE";1;63;0x00000b31;381;0;0;650;890;16;654;0;CPUTHEFT
42751991103;258;"LOC_C3";"INTERVAL";"PROBE";1;63;0x00000b31;381;0;0;9797;13462;24;9801;0;CPUTHEFT
42751991368;19;"LOC_C4";"INTERVAL";"PROBE";1;63;0x00000b31;381;0;0;585;902;16;589;0;CPUTHEFT
42751991393;117836;"NEAR_P1";"INTERVAL";"PROBE";1;63;0x00000b31;381;13;2;6343906;9472866;24;6344109;0;CPUTHEFT
42752109237;85728;"NEAR_P1";"INTERVAL";"PROBE";1;63;0x00000b31;381;1;1;4269424;6137237;8;4269527;0;CPUTHEFT
42752194973;117951;"NEAR_P1";"INTERVAL";"PROBE";1;63;0x00000b31;381;3;1;6348436;9475141;302;6348633;0;CPUTHEFT
42752312932;117956;"NEAR_P1";"INTERVAL";"PROBE";1;63;0x00000b31;381;2;3;6341849;9466640;411;6342059;0;CPUTHEFT
42752430895;85684;"NEAR_P1";"INTERVAL";"PROBE";1;63;0x00000b31;381;1;1;4264781;6125032;70;4264882;0;CPUTHEFT
42752516587;117946;"NEAR_P1";"INTERVAL";"PROBE";1;63;0x00000b31;381;2;1;6348923;9466008;108;6349125;0;CPUTHEFT
42752634541;117832;"NEAR_P1";"INTERVAL";"PROBE";1;63;0x00000b31;381;0;1;6348594;9477523;4;6348782;0;CPUTHEFT
42752752381;85709;"NEAR_P1";"INTERVAL";"PROBE";1;63;0x00000b31;381;2;1;4267322;6128766;75;4267420;0;CPUTHEFT
42752838097;117834;"NEAR_P1";"INTERVAL";"PROBE";1;63;0x00000b31;381;1;2;6348491;9474292;8;6348680;0;CPUTHEFT
42752955938;117927;"NEAR_P1";"INTERVAL";"PROBE";1;63;0x00000b31;381;1;0;6350331;9476989;16;6350530;0;CPUTHEFT
42753073873;85695;"NEAR_P1";"INTERVAL";"PROBE";1;63;0x00000b31;381;1;0;4267649;6131522;62;4267747;0;CPUTHEFT
42753159576;117827;"NEAR_P1";"INTERVAL";"PROBE";1;63;0x00000b31;381;2;3;6348765;9472902;4;6348955;0;CPUTHEFT
42753277410;117842;"NEAR_P1";"INTERVAL";"PROBE";1;63;0x00000b31;381;1;1;6347881;9473839;95;6348077;0;CPUTHEFT
42753395259;117835;"NEAR_P1";"INTERVAL";"PROBE";1;63;0x00000b31;381;3;2;6348809;9473263;4;6349013;0;CPUTHEFT
42753513101;85831;"NEAR_P1";"INTERVAL";"PROBE";1;63;0x00000b31;381;15;6;4268152;6133537;385;4268257;0;CPUTHEFT
42753598940;117854;"NEAR_P1";"INTERVAL";"PROBE";1;63;0x00000b31;381;1;1;6348863;9474826;33;6349049;0;CPUTHEFT
42753716802;117927;"NEAR_P1";"INTERVAL";"PROBE";1;63;0x00000b31;381;0;1;6346665;9472725;364;6346863;0;CPUTHEFT
42753834737;85694;"NEAR_P1";"INTERVAL";"PROBE";1;63;0x00000b31;381;1;2;4267632;6133444;44;4267732;0;CPUTHEFT
42753920438;117835;"NEAR_P1";"INTERVAL";"PROBE";1;63;0x00000b31;381;1;0;6348772;9472019;33;6348966;0;CPUTHEFT
42754038280;117835;"NEAR_P1";"INTERVAL";"PROBE";1;63;0x00000b31;381;0;2;6348604;9473713;17;6348791;0;CPUTHEFT
42754156123;539109;"TRAJ_R1";"INTERVAL";"PROBE";1;63;0x00000b31;381;0;2;27748814;41390853;144;27749586;0;CPUTHEFT
42754731746;2686769;"MAF";"INTERVAL";"PROBE";1;63;0x00000b31;382;44;44;141588487;209914629;1389;141592501;0;CPUTHEFT
42754731760;59;"SENS_C1";"INTERVAL";"PROBE";1;63;0x00000b31;382;1;3;1456;2062;140;1460;0;CPUTHEFT
42754731826;164;"LOC_C1";"INTERVAL";"PROBE";1;63;0x00000b31;382;1;1;4921;7428;164;4925;0;CPUTHEFT
42754731998;24;"LOC_C2";"INTERVAL";"PROBE";1;63;0x00000b31;382;0;0;650;899;28;654;0;CPUTHEFT
42754732030;263;"LOC_C3";"INTERVAL";"PROBE";1;63;0x00000b31;382;0;0;9806;13570;52;9810;0;CPUTHEFT
42754732303;25;"LOC_C4";"INTERVAL";"PROBE";1;63;0x00000b31;382;0;0;586;899;36;590;0;CPUTHEFT
42754732334;85717;"NEAR_P1";"INTERVAL";"PROBE";1;63;0x00000b31;382;11;1;4265366;6124800;60;4265464;0;CPUTHEFT
42754818059;117829;"NEAR_P1";"INTERVAL";"PROBE";1;63;0x00000b31;382;3;1;6347036;9471606;24;6347223;0;CPUTHEFT
42754935896;117845;"NEAR_P1";"INTERVAL";"PROBE";1;63;0x00000b31;382;2;1;6346515;9470298;72;6346709;0;CPUTHEFT
42755053748;85653;"NEAR_P1";"INTERVAL";"PROBE";1;63;0x00000b31;382;2;1;4267290;6126900;12;4267390;0;CPUTHEFT
42755139409;117807;"NEAR_P1";"INTERVAL";"PROBE";1;63;0x00000b31;382;0;1;6348454;9472405;20;6348648;0;CPUTHEFT
42755257224;117852;"NEAR_P1";"INTERVAL";"PROBE";1;63;0x00000b31;382;1;2;6343686;9463993;90;6343906;0;CPUTHEFT
42755375084;85652;"NEAR_P1";"INTERVAL";"PROBE";1;63;0x00000b31;382;2;1;4267204;6127308;4;4267304;0;CPUTHEFT
42755460744;117878;"NEAR_P1";"INTERVAL";"PROBE";1;63;0x00000b31;382;1;2;6347397;9469341;96;6347593;0;CPUTHEFT
42755578629;117837;"NEAR_P1";"INTERVAL";"PROBE";1;63;0x00000b31;382;2;0;6349515;9473845;4;6349705;0;CPUTHEFT
42755696474;85647;"NEAR_P1";"INTERVAL";"PROBE";1;63;0x00000b31;382;2;1;4266656;6127287;4;4266748;0;CPUTHEFT
42755782129;117844;"NEAR_P1";"INTERVAL";"PROBE";1;63;0x00000b31;382;1;1;6345384;9465229;119;6345575;0;CPUTHEFT
42755899980;117827;"NEAR_P1";"INTERVAL";"PROBE";1;63;0x00000b31;382;1;1;6348577;9470980;8;6348772;0;CPUTHEFT
42756017814;85653;"NEAR_P1";"INTERVAL";"PROBE";1;63;0x00000b31;382;1;0;4267458;6127868;8;4267554;0;CPUTHEFT
42756103475;117852;"NEAR_P1";"INTERVAL";"PROBE";1;63;0x00000b31;382;0;2;6348407;9471984;59;6348596;0;CPUTHEFT
42756221335;117914;"NEAR_P1";"INTERVAL";"PROBE";1;63;0x00000b31;382;2;1;6348850;9470150;131;6349054;0;CPUTHEFT
42756339256;117808;"NEAR_P1";"INTERVAL";"PROBE";1;63;0x00000b31;382;2;2;6348556;9470371;8;6348745;0;CPUTHEFT
42756457071;85660;"NEAR_P1";"INTERVAL";"PROBE";1;63;0x00000b31;382;0;2;4267649;6127902;4;4267742;0;CPUTHEFT
42756542739;117828;"NEAR_P1";"INTERVAL";"PROBE";1;63;0x00000b31;382;2;3;6348174;9471454;9;6348366;0;CPUTHEFT
42756660574;117859;"NEAR_P1";"INTERVAL";"PROBE";1;63;0x00000b31;382;2;0;6346961;9471507;59;6347152;0;CPUTHEFT
42756778441;85652;"NEAR_P1";"INTERVAL";"PROBE";1;63;0x00000b31;382;0;1;4267379;6124247;4;4267476;0;CPUTHEFT
42756864101;554407;"TRAJ_R1";"INTERVAL";"PROBE";1;63;0x00000b31;382;0;0;29168319;43862515;146;29169179;0;CPUTHEFT
42757422613;2669039;"MAF";"INTERVAL";"PROBE";1;63;0x00000b31;383;44;51;140878210;208967230;1531;140882175;0;CPUTHEFT
42757422627;42;"SENS_C1";"INTERVAL";"PROBE";1;63;0x00000b31;383;0;0;1452;2032;28;1456;0;CPUTHEFT
42757422676;137;"LOC_C1";"INTERVAL";"PROBE";1;63;0x00000b31;383;0;0;4917;7335;28;4921;0;CPUTHEFT
42757422819;20;"LOC_C2";"INTERVAL";"PROBE";1;63;0x00000b31;383;0;0;650;905;8;654;0;CPUTHEFT
42757422845;256;"LOC_C3";"INTERVAL";"PROBE";1;63;0x00000b31;383;0;0;9813;13609;8;9817;0;CPUTHEFT
42757423108;18;"LOC_C4";"INTERVAL";"PROBE";1;63;0x00000b31;383;0;0;585;895;12;589;0;CPUTHEFT
42757423133;85682;"NEAR_P1";"INTERVAL";"PROBE";1;63;0x00000b31;383;10;8;4264211;6124231;41;4264305;0;CPUTHEFT
42757508822;117816;"NEAR_P1";"INTERVAL";"PROBE";1;63;0x00000b31;383;2;2;6345434;9467825;54;6345626;0;CPUTHEFT
42757626645;117820;"NEAR_P1";"INTERVAL";"PROBE";1;63;0x00000b31;383;1;0;6348289;9471542;12;6348478;0;CPUTHEFT
42757744473;85682;"NEAR_P1";"INTERVAL";"PROBE";1;63;0x00000b31;383;2;1;4267229;6128247;101;4267322;0;CPUTHEFT
42757830163;149813;"NEAR_P1";"INTERVAL";"PROBE";1;63;0x00000b31;383;0;1;8422573;12797369;101;8422808;0;CPUTHEFT
42757979984;117822;"NEAR_P1";"INTERVAL";"PROBE";1;63;0x00000b31;383;1;0;6346894;9470171;28;6347094;0;CPUTHEFT
42758097813;85657;"NEAR_P1";"INTERVAL";"PROBE";1;63;0x00000b31;383;1;0;4267366;6127974;4;4267461;0;CPUTHEFT
42758183477;117821;"NEAR_P1";"INTERVAL";"PROBE";1;63;0x00000b31;383;0;2;6348662;9470699;4;6348851;0;CPUTHEFT
42758301305;117844;"NEAR_P1";"INTERVAL";"PROBE";1;63;0x00000b31;383;2;1;6348049;9472160;81;6348240;0;CPUTHEFT
42758419157;117973;"NEAR_P1";"INTERVAL";"PROBE";1;63;0x00000b31;383;1;2;6351946;9478161;61;6352166;0;CPUTHEFT
42758537138;85663;"NEAR_P1";"INTERVAL";"PROBE";1;63;0x00000b31;383;0;1;4267594;6129588;4;4267687;0;CPUTHEFT
42758622808;117816;"NEAR_P1";"INTERVAL";"PROBE";1;63;0x00000b31;383;3;2;6346944;9467932;50;6347131;0;CPUTHEFT
42758740632;117837;"NEAR_P1";"INTERVAL";"PROBE";1;63;0x00000b31;383;3;1;6345871;9468669;15;6346070;0;CPUTHEFT
42758858477;85661;"NEAR_P1";"INTERVAL";"PROBE";1;63;0x00000b31;383;2;1;4267716;6127872;8;4267816;0;CPUTHEFT
42758944146;117833;"NEAR_P1";"INTERVAL";"PROBE";1;63;0x00000b31;383;2;2;6348386;9471995;4;6348580;0;CPUTHEFT
42759061986;117829;"NEAR_P1";"INTERVAL";"PROBE";1;63;0x00000b31;383;1;1;6347799;9468223;70;6347993;0;CPUTHEFT
42759179822;85668;"NEAR_P1";"INTERVAL";"PROBE";1;63;0x00000b31;383;1;1;4267610;6127992;4;4267708;0;CPUTHEFT
42759265497;117813;"NEAR_P1";"INTERVAL";"PROBE";1;63;0x00000b31;383;3;2;6348447;9471184;4;6348637;0;CPUTHEFT
42759383318;117821;"NEAR_P1";"INTERVAL";"PROBE";1;63;0x00000b31;383;0;1;6346830;9468989;96;6347017;0;CPUTHEFT
42759501147;85759;"NEAR_P1";"INTERVAL";"PROBE";1;63;0x00000b31;383;3;1;4264074;6124932;315;4264186;0;CPUTHEFT
42759586914;504731;"TRAJ_R1";"INTERVAL";"PROBE";1;63;0x00000b31;383;0;0;26382644;39578846;370;26383411;0;CPUTHEFT
42760095739;2620556;"MAF";"INTERVAL";"PROBE";1;63;0x00000b31;384;55;51;138121781;204999002;1251;138125693;0;CPUTHEFT
42760095754;38;"SENS_C1";"INTERVAL";"PROBE";1;63;0x00000b31;384;0;1;1453;2034;24;1457;0;CPUTHEFT
42760095799;133;"LOC_C1";"INTERVAL";"PROBE";1;63;0x00000b31;384;1;1;4917;7371;12;4921;0;CPUTHEFT
42760095938;140;"LOC_C2";"INTERVAL";"PROBE";1;63;0x00000b31;384;8;3;1540;2975;388;1551;0;CPUTHEFT
42760096084;257;"LOC_C3";"INTERVAL";"PROBE";1;63;0x00000b31;384;0;0;9805;13580;8;9809;0;CPUTHEFT
42760096348;18;"LOC_C4";"INTERVAL";"PROBE";1;63;0x00000b31;384;0;0;585;877;8;589;0;CPUTHEFT
42760096372;117965;"NEAR_P1";"INTERVAL";"PROBE";1;63;0x00000b31;384;12;1;6350382;9480246;8;6350599;0;CPUTHEFT
42760214345;117817;"NEAR_P1";"INTERVAL";"PROBE";1;63;0x00000b31;384;5;2;6346291;9458423;80;6346479;0;CPUTHEFT
42760332169;85652;"NEAR_P1";"INTERVAL";"PROBE";1;63;0x00000b31;384;0;1;4267134;6129390;4;4267232;0;CPUTHEFT
42760417828;117812;"NEAR_P1";"INTERVAL";"PROBE";1;63;0x00000b31;384;2;2;6346753;9472267;4;6346954;0;CPUTHEFT
42760535648;117810;"NEAR_P1";"INTERVAL";"PROBE";1;63;0x00000b31;384;0;2;6348207;9473384;4;6348401;0;CPUTHEFT
42760653465;85651;"NEAR_P1";"INTERVAL";"PROBE";1;63;0x00000b31;384;0;1;4267309;6126970;4;4267406;0;CPUTHEFT
42760739123;117864;"NEAR_P1";"INTERVAL";"PROBE";1;63;0x00000b31;384;2;0;6345645;9476519;71;6345831;0;CPUTHEFT
42760856995;117923;"NEAR_P1";"INTERVAL";"PROBE";1;63;0x00000b31;384;1;2;6348302;9496043;10;6348488;0;CPUTHEFT
42760974926;85776;"NEAR_P1";"INTERVAL";"PROBE";1;63;0x00000b31;384;2;1;4267387;6155534;4;4267485;0;CPUTHEFT
42761060710;117924;"NEAR_P1";"INTERVAL";"PROBE";1;63;0x00000b31;384;1;2;6345123;9493383;60;6345315;0;CPUTHEFT
42761178642;117921;"NEAR_P1";"INTERVAL";"PROBE";1;63;0x00000b31;384;2;2;6347272;9495306;63;6347460;0;CPUTHEFT
42761296570;85768;"NEAR_P1";"INTERVAL";"PROBE";1;63;0x00000b31;384;2;1;4265279;6151246;12;4265380;0;CPUTHEFT
42761382345;117921;"NEAR_P1";"INTERVAL";"PROBE";1;63;0x00000b31;384;0;2;6348479;9499943;4;6348673;0;CPUTHEFT
42761500274;117925;"NEAR_P1";"INTERVAL";"PROBE";1;63;0x00000b31;384;1;0;6348522;9499085;12;6348714;0;CPUTHEFT
42761618207;117930;"NEAR_P1";"INTERVAL";"PROBE";1;63;0x00000b31;384;1;0;6347537;9497833;20;6347726;0;CPUTHEFT
42761736145;85781;"NEAR_P1";"INTERVAL";"PROBE";1;63;0x00000b31;384;1;1;4267089;6153641;36;4267189;0;CPUTHEFT
42761821935;117910;"NEAR_P1";"INTERVAL";"PROBE";1;63;0x00000b31;384;3;2;6345047;9474041;192;6345242;0;CPUTHEFT
42761939853;117841;"NEAR_P1";"INTERVAL";"PROBE";1;63;0x00000b31;384;0;1;6348043;9471433;58;6348234;0;CPUTHEFT
42762057702;85675;"NEAR_P1";"INTERVAL";"PROBE";1;63;0x00000b31;384;2;2;4267084;6125834;12;4267180;0;CPUTHEFT
42762143385;117810;"NEAR_P1";"INTERVAL";"PROBE";1;63;0x00000b31;384;2;1;6344791;9465965;24;6344992;0;CPUTHEFT
42762261203;455085;"TRAJ_R1";"INTERVAL";"PROBE";1;63;0x00000b31;384;1;1;23625576;35347734;117;23626231;0;CPUTHEFT
42762720490;2604498;"MAF";"INTERVAL";"PROBE";1;63;0x00000b31;385;56;60;137424418;204198120;2331;137428389;0;CPUTHEFT
42762720504;43;"SENS_C1";"INTERVAL";"PROBE";1;63;0x00000b31;385;0;0;1451;2041;40;1455;0;CPUTHEFT
42762720553;141;"LOC_C1";"INTERVAL";"PROBE";1;63;0x00000b31;385;1;1;4915;7224;48;4919;0;CPUTHEFT
42762720701;19;"LOC_C2";"INTERVAL";"PROBE";1;63;0x00000b31;385;0;0;650;911;8;654;0;CPUTHEFT
42762720726;261;"LOC_C3";"INTERVAL";"PROBE";1;63;0x00000b31;385;0;0;9805;13454;32;9809;0;CPUTHEFT
42762720993;18;"LOC_C4";"INTERVAL";"PROBE";1;63;0x00000b31;385;0;0;585;909;20;589;0;CPUTHEFT
42762721017;117903;"NEAR_P1";"INTERVAL";"PROBE";1;63;0x00000b31;385;11;5;6342890;9454487;98;6343077;0;CPUTHEFT
42762838928;117929;"NEAR_P1";"INTERVAL";"PROBE";1;63;0x00000b31;385;3;4;6346471;9493233;22;6346658;0;CPUTHEFT
42762956865;85761;"NEAR_P1";"INTERVAL";"PROBE";1;63;0x00000b31;385;2;3;4265292;6150073;28;4265395;0;CPUTHEFT
42763042634;117917;"NEAR_P1";"INTERVAL";"PROBE";1;63;0x00000b31;385;2;3;6348442;9497462;4;6348635;0;CPUTHEFT
42763160558;117920;"NEAR_P1";"INTERVAL";"PROBE";1;63;0x00000b31;385;1;1;6348286;9498853;8;6348473;0;CPUTHEFT
42763278486;85927;"NEAR_P1";"INTERVAL";"PROBE";1;63;0x00000b31;385;3;2;4270627;6157907;67;4270737;0;CPUTHEFT
42763364421;117940;"NEAR_P1";"INTERVAL";"PROBE";1;63;0x00000b31;385;5;3;6335330;9476180;647;6335553;0;CPUTHEFT
42763482369;117923;"NEAR_P1";"INTERVAL";"PROBE";1;63;0x00000b31;385;2;3;6348094;9497628;12;6348285;0;CPUTHEFT
42763600299;85773;"NEAR_P1";"INTERVAL";"PROBE";1;63;0x00000b31;385;2;1;4266029;6150564;60;4266125;0;CPUTHEFT
42763686079;117926;"NEAR_P1";"INTERVAL";"PROBE";1;63;0x00000b31;385;0;2;6347830;9493382;61;6348017;0;CPUTHEFT
42763804013;117925;"NEAR_P1";"INTERVAL";"PROBE";1;63;0x00000b31;385;2;1;6345064;9491675;68;6345268;0;CPUTHEFT
42763921945;85765;"NEAR_P1";"INTERVAL";"PROBE";1;63;0x00000b31;385;1;1;4267296;6155063;4;4267389;0;CPUTHEFT
42764007717;117919;"NEAR_P1";"INTERVAL";"PROBE";1;63;0x00000b31;385;2;1;6348363;9496195;16;6348550;0;CPUTHEFT
42764125644;117948;"NEAR_P1";"INTERVAL";"PROBE";1;63;0x00000b31;385;0;1;6347108;9485073;54;6347297;0;CPUTHEFT
42764243600;117935;"NEAR_P1";"INTERVAL";"PROBE";1;63;0x00000b31;385;2;2;6345841;9492392;232;6346033;0;CPUTHEFT
42764361543;85857;"NEAR_P1";"INTERVAL";"PROBE";1;63;0x00000b31;385;5;2;4264340;6148970;208;4264454;0;CPUTHEFT
42764447407;118071;"NEAR_P1";"INTERVAL";"PROBE";1;63;0x00000b31;385;1;0;6342569;9490864;392;6342782;0;CPUTHEFT
42764565486;117931;"NEAR_P1";"INTERVAL";"PROBE";1;63;0x00000b31;385;1;2;6343614;9490598;24;6343824;0;CPUTHEFT
42764683425;85650;"NEAR_P1";"INTERVAL";"PROBE";1;63;0x00000b31;385;0;1;4266978;6115030;4;4267078;0;CPUTHEFT
42764769083;117805;"NEAR_P1";"INTERVAL";"PROBE";1;63;0x00000b31;385;3;2;6348575;9469483;4;6348769;0;CPUTHEFT
42764886896;438068;"TRAJ_R1";"INTERVAL";"PROBE";1;63;0x00000b31;385;1;1;22951734;34440660;153;22952399;0;CPUTHEFT
42765329081;2554958;"MAF";"INTERVAL";"PROBE";1;63;0x00000b31;386;50;53;134760927;199746587;1421;134764745;0;CPUTHEFT
42765329095;46;"SENS_C1";"INTERVAL";"PROBE";1;63;0x00000b31;386;0;4;1455;2061;40;1459;0;CPUTHEFT
42765329147;145;"LOC_C1";"INTERVAL";"PROBE";1;63;0x00000b31;386;0;0;4922;7488;61;4926;0;CPUTHEFT
42765329299;21;"LOC_C2";"INTERVAL";"PROBE";1;63;0x00000b31;386;0;0;650;900;12;654;0;CPUTHEFT
42765329326;255;"LOC_C3";"INTERVAL";"PROBE";1;63;0x00000b31;386;0;0;9802;13386;8;9806;0;CPUTHEFT
42765329587;19;"LOC_C4";"INTERVAL";"PROBE";1;63;0x00000b31;386;0;0;585;880;8;589;0;CPUTHEFT
42765329612;85675;"NEAR_P1";"INTERVAL";"PROBE";1;63;0x00000b31;386;9;4;4265199;6128566;24;4265297;0;CPUTHEFT
42765415294;117824;"NEAR_P1";"INTERVAL";"PROBE";1;63;0x00000b31;386;2;2;6346377;9470233;4;6346583;0;CPUTHEFT
42765533126;117836;"NEAR_P1";"INTERVAL";"PROBE";1;63;0x00000b31;386;2;3;6346109;9472117;54;6346295;0;CPUTHEFT
42765650969;117828;"NEAR_P1";"INTERVAL";"PROBE";1;63;0x00000b31;386;2;0;6347893;9472120;5;6348078;0;CPUTHEFT
42765768805;85704;"NEAR_P1";"INTERVAL";"PROBE";1;63;0x00000b31;386;0;1;4266196;6129066;116;4266291;0;CPUTHEFT
42765854517;117837;"NEAR_P1";"INTERVAL";"PROBE";1;63;0x00000b31;386;1;0;6348010;9472049;41;6348199;0;CPUTHEFT
42765972361;117824;"NEAR_P1";"INTERVAL";"PROBE";1;63;0x00000b31;386;1;0;6347397;9474138;43;6347591;0;CPUTHEFT
42766090193;85879;"NEAR_P1";"INTERVAL";"PROBE";1;63;0x00000b31;386;9;4;4267346;6131813;613;4267444;0;CPUTHEFT
42766176080;117818;"NEAR_P1";"INTERVAL";"PROBE";1;63;0x00000b31;386;1;1;6348190;9471115;16;6348379;0;CPUTHEFT
42766293905;117822;"NEAR_P1";"INTERVAL";"PROBE";1;63;0x00000b31;386;3;2;6346463;9470426;16;6346658;0;CPUTHEFT
42766411736;85658;"NEAR_P1";"INTERVAL";"PROBE";1;63;0x00000b31;386;0;1;4267466;6131299;4;4267561;0;CPUTHEFT
42766497401;117958;"NEAR_P1";"INTERVAL";"PROBE";1;63;0x00000b31;386;1;2;6350544;9480764;82;6350761;0;CPUTHEFT
42766615366;117838;"NEAR_P1";"INTERVAL";"PROBE";1;63;0x00000b31;386;0;1;6347456;9471278;24;6347650;0;CPUTHEFT
42766733212;85658;"NEAR_P1";"INTERVAL";"PROBE";1;63;0x00000b31;386;2;2;4267263;6128053;4;4267361;0;CPUTHEFT
42766818877;117826;"NEAR_P1";"INTERVAL";"PROBE";1;63;0x00000b31;386;1;2;6348673;9472561;20;6348869;0;CPUTHEFT
42766936711;117860;"NEAR_P1";"INTERVAL";"PROBE";1;63;0x00000b31;386;1;1;6346546;9467375;86;6346735;0;CPUTHEFT
42767054578;85663;"NEAR_P1";"INTERVAL";"PROBE";1;63;0x00000b31;386;3;2;4267453;6127349;4;4267550;0;CPUTHEFT
42767140248;117822;"NEAR_P1";"INTERVAL";"PROBE";1;63;0x00000b31;386;3;2;6345568;9468607;16;6345772;0;CPUTHEFT
42767258078;117812;"NEAR_P1";"INTERVAL";"PROBE";1;63;0x00000b31;386;0;1;6348788;9470610;4;6348975;0;CPUTHEFT
42767375897;85663;"NEAR_P1";"INTERVAL";"PROBE";1;63;0x00000b31;386;2;2;4267183;6130143;4;4267277;0;CPUTHEFT
42767461567;422466;"TRAJ_R1";"INTERVAL";"PROBE";1;63;0x00000b31;386;0;1;22341168;33654375;104;22341834;0;CPUTHEFT
42767888233;2510393;"MAF";"INTERVAL";"PROBE";1;63;0x00000b31;387;43;59;132105828;196158778;1019;132109573;0;CPUTHEFT
42767888247;44;"SENS_C1";"INTERVAL";"PROBE";1;63;0x00000b31;387;0;2;1453;2086;52;1457;0;CPUTHEFT
42767888297;152;"LOC_C1";"INTERVAL";"PROBE";1;63;0x00000b31;387;1;2;4922;7377;96;4926;0;CPUTHEFT
42767888456;23;"LOC_C2";"INTERVAL";"PROBE";1;63;0x00000b31;387;0;0;650;899;16;654;0;CPUTHEFT
42767888485;258;"LOC_C3";"INTERVAL";"PROBE";1;63;0x00000b31;387;0;0;9803;13317;20;9807;0;CPUTHEFT
42767888750;20;"LOC_C4";"INTERVAL";"PROBE";1;63;0x00000b31;387;0;0;585;872;16;589;0;CPUTHEFT
42767888777;85664;"NEAR_P1";"INTERVAL";"PROBE";1;63;0x00000b31;387;8;3;4264276;6127119;65;4264374;0;CPUTHEFT
42767974449;117818;"NEAR_P1";"INTERVAL";"PROBE";1;63;0x00000b31;387;4;5;6345264;9469675;10;6345465;0;CPUTHEFT
42768092275;118030;"NEAR_P1";"INTERVAL";"PROBE";1;63;0x00000b31;387;3;1;6352657;9504387;12;6352861;0;CPUTHEFT
42768210313;117956;"NEAR_P1";"INTERVAL";"PROBE";1;63;0x00000b31;387;2;3;6347232;9498170;95;6347426;0;CPUTHEFT
42768328277;85771;"NEAR_P1";"INTERVAL";"PROBE";1;63;0x00000b31;387;1;2;4267064;6155612;8;4267164;0;CPUTHEFT
42768414056;117931;"NEAR_P1";"INTERVAL";"PROBE";1;63;0x00000b31;387;0;1;6348059;9498256;16;6348251;0;CPUTHEFT
42768531995;117952;"NEAR_P1";"INTERVAL";"PROBE";1;63;0x00000b31;387;2;2;6347869;9495300;68;6348060;0;CPUTHEFT
42768649955;85764;"NEAR_P1";"INTERVAL";"PROBE";1;63;0x00000b31;387;2;1;4267256;6153006;4;4267354;0;CPUTHEFT
42768735727;117931;"NEAR_P1";"INTERVAL";"PROBE";1;63;0x00000b31;387;2;2;6346830;9497938;12;6347034;0;CPUTHEFT
42768853666;117925;"NEAR_P1";"INTERVAL";"PROBE";1;63;0x00000b31;387;0;2;6348269;9496114;16;6348461;0;CPUTHEFT
42768971599;85772;"NEAR_P1";"INTERVAL";"PROBE";1;63;0x00000b31;387;1;1;4265920;6152551;6;4266021;0;CPUTHEFT
42769057379;117947;"NEAR_P1";"INTERVAL";"PROBE";1;63;0x00000b31;387;0;2;6347265;9495614;55;6347465;0;CPUTHEFT
42769175334;117927;"NEAR_P1";"INTERVAL";"PROBE";1;63;0x00000b31;387;2;2;6346846;9495656;58;6347038;0;CPUTHEFT
42769293268;85767;"NEAR_P1";"INTERVAL";"PROBE";1;63;0x00000b31;387;2;1;4267218;6154369;4;4267314;0;CPUTHEFT
42769379042;117947;"NEAR_P1";"INTERVAL";"PROBE";1;63;0x00000b31;387;2;2;6347579;9489284;82;6347771;0;CPUTHEFT
42769496997;117929;"NEAR_P1";"INTERVAL";"PROBE";1;63;0x00000b31;387;0;2;6347730;9484969;8;6347919;0;CPUTHEFT
42769614934;85775;"NEAR_P1";"INTERVAL";"PROBE";1;63;0x00000b31;387;1;1;4262986;6152572;12;4263094;0;CPUTHEFT
42769700717;117922;"NEAR_P1";"INTERVAL";"PROBE";1;63;0x00000b31;387;0;1;6348289;9498067;16;6348483;0;CPUTHEFT
42769818647;117924;"NEAR_P1";"INTERVAL";"PROBE";1;63;0x00000b31;387;2;2;6347157;9498451;82;6347347;0;CPUTHEFT
42769936579;85779;"NEAR_P1";"INTERVAL";"PROBE";1;63;0x00000b31;387;1;0;4266362;6151436;54;4266460;0;CPUTHEFT
42770022365;376255;"TRAJ_R1";"INTERVAL";"PROBE";1;63;0x00000b31;387;0;0;19690044;29637537;131;19690609;0;CPUTHEFT
42770402734;2486663;"MAF";"INTERVAL";"PROBE";1;63;0x00000b31;388;51;59;131210917;194723101;1137;131214670;0;CPUTHEFT
42770402749;37;"SENS_C1";"INTERVAL";"PROBE";1;63;0x00000b31;388;0;2;1455;2045;24;1459;0;CPUTHEFT
42770402793;139;"LOC_C1";"INTERVAL";"PROBE";1;63;0x00000b31;388;0;1;4914;7288;40;4918;0;CPUTHEFT
42770402938;22;"LOC_C2";"INTERVAL";"PROBE";1;63;0x00000b31;388;0;0;650;921;12;654;0;CPUTHEFT
42770402966;255;"LOC_C3";"INTERVAL";"PROBE";1;63;0x00000b31;388;0;0;9801;13505;4;9805;0;CPUTHEFT
42770403228;18;"LOC_C4";"INTERVAL";"PROBE";1;63;0x00000b31;388;0;0;585;885;4;589;0;CPUTHEFT
42770403252;117941;"NEAR_P1";"INTERVAL";"PROBE";1;63;0x00000b31;388;11;1;6343529;9493038;20;6343727;0;CPUTHEFT
42770521201;117928;"NEAR_P1";"INTERVAL";"PROBE";1;63;0x00000b31;388;1;2;6346914;9497275;66;6347110;0;CPUTHEFT
42770639138;85768;"NEAR_P1";"INTERVAL";"PROBE";1;63;0x00000b31;388;0;1;4267093;6152624;4;4267190;0;CPUTHEFT
42770724914;117978;"NEAR_P1";"INTERVAL";"PROBE";1;63;0x00000b31;388;3;2;6346014;9494918;123;6346206;0;CPUTHEFT
42770842900;117922;"NEAR_P1";"INTERVAL";"PROBE";1;63;0x00000b31;388;0;1;6347806;9496425;4;6347997;0;CPUTHEFT
42770960830;85769;"NEAR_P1";"INTERVAL";"PROBE";1;63;0x00000b31;388;0;2;4267054;6154459;16;4267150;0;CPUTHEFT
42771046607;117956;"NEAR_P1";"INTERVAL";"PROBE";1;63;0x00000b31;388;2;3;6346965;9493571;65;6347157;0;CPUTHEFT
42771164571;117922;"NEAR_P1";"INTERVAL";"PROBE";1;63;0x00000b31;388;2;0;6348120;9498188;4;6348310;0;CPUTHEFT
42771282500;118046;"NEAR_P1";"INTERVAL";"PROBE";1;63;0x00000b31;388;2;3;6351204;9503697;4;6351436;0;CPUTHEFT
42771400553;85777;"NEAR_P1";"INTERVAL";"PROBE";1;63;0x00000b31;388;0;1;4267063;6153272;4;4267161;0;CPUTHEFT
42771486337;117844;"NEAR_P1";"INTERVAL";"PROBE";1;63;0x00000b31;388;2;1;6348477;9478184;4;6348668;0;CPUTHEFT
42771604188;117862;"NEAR_P1";"INTERVAL";"PROBE";1;63;0x00000b31;388;0;2;6347155;9472377;81;6347345;0;CPUTHEFT
42771722058;85669;"NEAR_P1";"INTERVAL";"PROBE";1;63;0x00000b31;388;1;1;4267303;6126800;56;4267401;0;CPUTHEFT
42771807734;117832;"NEAR_P1";"INTERVAL";"PROBE";1;63;0x00000b31;388;0;2;6348688;9473570;75;6348882;0;CPUTHEFT
42771925573;117834;"NEAR_P1";"INTERVAL";"PROBE";1;63;0x00000b31;388;2;2;6346504;9468556;131;6346698;0;CPUTHEFT
42772043414;85657;"NEAR_P1";"INTERVAL";"PROBE";1;63;0x00000b31;388;2;1;4267217;6128048;4;4267315;0;CPUTHEFT
42772129079;117830;"NEAR_P1";"INTERVAL";"PROBE";1;63;0x00000b31;388;2;2;6346738;9471417;4;6346942;0;CPUTHEFT
42772246917;117937;"NEAR_P1";"INTERVAL";"PROBE";1;63;0x00000b31;388;8;3;6346762;9471103;204;6346963;0;CPUTHEFT
42772364862;85660;"NEAR_P1";"INTERVAL";"PROBE";1;63;0x00000b31;388;1;4;4267158;6129898;4;4267251;0;CPUTHEFT
42772450529;117877;"NEAR_P1";"INTERVAL";"PROBE";1;63;0x00000b31;388;2;2;6347259;9471084;63;6347446;0;CPUTHEFT
42772568413;320978;"TRAJ_R1";"INTERVAL";"PROBE";1;63;0x00000b31;388;1;3;16712243;25042129;108;16712718;0;CPUTHEFT
