TIMESTAMP;DURATION;PROBE;KIND;LAYER;CORE;PAIR_ON;PID;MAF_COUNT;EVT112;EVT113;EVT18;EVT115;EVT117;EVT1;LMC0;CONTEXT
138388369912;358880;"MAF";"INTERVAL";"PROBE";4;63;0x00001d2a;0;41201254;16398382;9240334;23454180;24142339;8508;0;NOSTRESS
138388370170;56;"SENS_C1";"INTERVAL";"PROBE";4;63;0x00001d2a;0;827;681;445;1206;0;136;0;NOSTRESS
138388370230;92;"LOC_C1";"INTERVAL";"PROBE";4;63;0x00001d2a;0;2789;1520;1085;2942;1197;164;0;NOSTRESS
138388370326;18;"LOC_C2";"INTERVAL";"PROBE";4;63;0x00001d2a;0;357;306;199;620;17;20;0;NOSTRESS
138388370349;106;"LOC_C3";"INTERVAL";"PROBE";4;63;0x00001d2a;0;9257;2473;1708;8066;3971;78;0;NOSTRESS
138388370460;25;"LOC_C4";"INTERVAL";"PROBE";4;63;0x00001d2a;0;362;288;215;627;0;30;0;NOSTRESS
138388370489;17054;"NEAR_P1";"INTERVAL";"PROBE";4;63;0x00001d2a;0;1948212;774066;432800;1103952;1135329;907;0;NOSTRESS
138388387547;16708;"NEAR_P1";"INTERVAL";"PROBE";4;63;0x00001d2a;0;1940618;770664;430085;1093769;1133741;11;0;NOSTRESS
138388404259;16806;"NEAR_P1";"INTERVAL";"PROBE";4;63;0x00001d2a;0;1944272;772452;432400;1100807;1133910;419;0;NOSTRESS
138388421069;16702;"NEAR_P1";"INTERVAL";"PROBE";4;63;0x00001d2a;0;1939343;770294;429964;1093514;1133234;12;0;NOSTRESS
138388437775;16881;"NEAR_P1";"INTERVAL";"PROBE";4;63;0x00001d2a;0;1941922;772120;433126;1102413;1131612;681;0;NOSTRESS
138388454660;16702;"NEAR_P1";"INTERVAL";"PROBE";4;63;0x00001d2a;0;1938878;770210;430029;1093255;1132803;8;0;NOSTRESS
138388471366;16854;"NEAR_P1";"INTERVAL";"PROBE";4;63;0x00001d2a;0;1941241;772092;433143;1102346;1131286;649;0;NOSTRESS
138388488224;16698;"NEAR_P1";"INTERVAL";"PROBE";4;63;0x00001d2a;0;1937217;769749;429964;1093172;1131856;9;0;NOSTRESS
138388504926;16923;"NEAR_P1";"INTERVAL";"PROBE";4;63;0x00001d2a;0;1945168;773077;433453;1103124;1133447;782;0;NOSTRESS
138388521853;16915;"NEAR_P1";"INTERVAL";"PROBE";4;63;0x00001d2a;0;1945825;773310;433516;1104028;1133443;789;0;NOSTRESS
138388538772;16699;"NEAR_P1";"INTERVAL";"PROBE";4;63;0x00001d2a;0;1939836;770147;430001;1093003;1133452;21;0;NOSTRESS
138388555475;16849;"NEAR_P1";"INTERVAL";"PROBE";4;63;0x00001d2a;0;1943532;772436;433003;1101493;1133080;631;0;NOSTRESS
138388572329;16700;"NEAR_P1";"INTERVAL";"PROBE";4;63;0x00001d2a;0;1937676;769820;430006;1093115;1132134;19;0;NOSTRESS
138388589033;16841;"NEAR_P1";"INTERVAL";"PROBE";4;63;0x00001d2a;0;1943357;772518;433223;1102081;1132605;627;0;NOSTRESS
138388605880;16699;"NEAR_P1";"INTERVAL";"PROBE";4;63;0x00001d2a;0;1938355;770010;430055;1093054;1132565;18;0;NOSTRESS
138388622583;16836;"NEAR_P1";"INTERVAL";"PROBE";4;63;0x00001d2a;0;1941578;772034;432973;1101217;1131845;572;0;NOSTRESS
138388639423;16697;"NEAR_P1";"INTERVAL";"PROBE";4;63;0x00001d2a;0;1937610;769881;429983;1093091;1132012;18;0;NOSTRESS
138388656124;16836;"NEAR_P1";"INTERVAL";"PROBE";4;63;0x00001d2a;0;1942883;772416;433184;1101983;1132385;615;0;NOSTRESS
138388672964;16692;"NEAR_P1";"INTERVAL";"PROBE";4;63;0x00001d2a;0;1936794;769441;429988;1092656;1131540;21;0;NOSTRESS
138388689660;16857;"NEAR_P1";"INTERVAL";"PROBE";4;63;0x00001d2a;0;1947028;773634;433335;1102478;1135055;614;0;NOSTRESS
138388706525;22261;"TRAJ_R1";"INTERVAL";"PROBE";4;63;0x00001d2a;0;2343796;954079;593850;1451055;1479820;99;0;NOSTRESS
138389969935;359231;"MAF";"INTERVAL";"PROBE";4;63;0x00001d2a;1;41328104;16442745;9254525;23490920;24230400;6556;0;NOSTRESS
138389969957;84;"SENS_C1";"INTERVAL";"PROBE";4;63;0x00001d2a;1;792;646;454;1147;0;119;0;NOSTRESS
138389970046;99;"LOC_C1";"INTERVAL";"PROBE";4;63;0x00001d2a;1;2646;1428;1044;2778;1150;149;0;NOSTRESS
138389970149;24;"LOC_C2";"INTERVAL";"PROBE";4;63;0x00001d2a;1;349;294;196;607;17;21;0;NOSTRESS
138389970179;117;"LOC_C3";"INTERVAL";"PROBE";4;63;0x00001d2a;1;9078;2450;1702;7904;3922;70;0;NOSTRESS
138389970300;25;"LOC_C4";"INTERVAL";"PROBE";4;63;0x00001d2a;1;377;294;218;649;0;31;0;NOSTRESS
138389970330;16995;"NEAR_P1";"INTERVAL";"PROBE";4;63;0x00001d2a;1;1946975;774071;433288;1104326;1134544;819;0;NOSTRESS
138389987329;16720;"NEAR_P1";"INTERVAL";"PROBE";4;63;0x00001d2a;1;1941503;771250;430187;1094021;1134328;13;0;NOSTRESS
138390004054;16819;"NEAR_P1";"INTERVAL";"PROBE";4;63;0x00001d2a;1;1945116;772955;432545;1101246;1134078;560;0;NOSTRESS
138390020877;16710;"NEAR_P1";"INTERVAL";"PROBE";4;63;0x00001d2a;1;1941697;770855;430066;1093526;1134662;15;0;NOSTRESS
138390037591;16846;"NEAR_P1";"INTERVAL";"PROBE";4;63;0x00001d2a;1;1947857;773614;432541;1101176;1136057;446;0;NOSTRESS
138390054442;16718;"NEAR_P1";"INTERVAL";"PROBE";4;63;0x00001d2a;1;1942730;771310;430138;1093996;1135219;9;0;NOSTRESS
138390071164;16829;"NEAR_P1";"INTERVAL";"PROBE";4;63;0x00001d2a;1;1943241;772229;432431;1100230;1133123;489;0;NOSTRESS
138390087998;16712;"NEAR_P1";"INTERVAL";"PROBE";4;63;0x00001d2a;1;1942152;770925;430169;1093653;1134860;7;0;NOSTRESS
138390104714;16850;"NEAR_P1";"INTERVAL";"PROBE";4;63;0x00001d2a;1;1947396;773402;432605;1100806;1135659;480;0;NOSTRESS
138390121568;16848;"NEAR_P1";"INTERVAL";"PROBE";4;63;0x00001d2a;1;1945747;773009;432507;1100542;1134848;461;0;NOSTRESS
138390138420;16721;"NEAR_P1";"INTERVAL";"PROBE";4;63;0x00001d2a;1;1943775;771390;430205;1093912;1135826;18;0;NOSTRESS
138390155145;16809;"NEAR_P1";"INTERVAL";"PROBE";4;63;0x00001d2a;1;1945824;772993;432498;1100619;1134914;467;0;NOSTRESS
138390171958;16703;"NEAR_P1";"INTERVAL";"PROBE";4;63;0x00001d2a;1;1940104;770404;430012;1093268;1133575;18;0;NOSTRESS
138390188666;16856;"NEAR_P1";"INTERVAL";"PROBE";4;63;0x00001d2a;1;1948754;774097;433066;1102771;1136033;594;0;NOSTRESS
138390205526;16712;"NEAR_P1";"INTERVAL";"PROBE";4;63;0x00001d2a;1;1941242;770692;430112;1093614;1134469;17;0;NOSTRESS
138390222243;16807;"NEAR_P1";"INTERVAL";"PROBE";4;63;0x00001d2a;1;1944488;772629;432431;1100480;1134315;502;0;NOSTRESS
138390239054;16702;"NEAR_P1";"INTERVAL";"PROBE";4;63;0x00001d2a;1;1939366;770316;430007;1093229;1133352;18;0;NOSTRESS
138390255760;16816;"NEAR_P1";"INTERVAL";"PROBE";4;63;0x00001d2a;1;1946598;773315;432562;1101021;1135504;468;0;NOSTRESS
138390272580;16720;"NEAR_P1";"INTERVAL";"PROBE";4;63;0x00001d2a;1;1942722;771346;430170;1093927;1135422;17;0;NOSTRESS
138390289304;16820;"NEAR_P1";"INTERVAL";"PROBE";4;63;0x00001d2a;1;1946750;773471;432592;1101043;1135617;465;0;NOSTRESS
138390306146;23015;"TRAJ_R1";"INTERVAL";"PROBE";4;63;0x00001d2a;1;2421192;986252;614736;1501141;1528906;77;0;NOSTRESS
138391569863;359750;"MAF";"INTERVAL";"PROBE";4;63;0x00001d2a;2;41309695;16444723;9273273;23525707;24219137;7228;0;NOSTRESS
138391569881;79;"SENS_C1";"INTERVAL";"PROBE";4;63;0x00001d2a;2;780;630;449;1101;0;120;0;NOSTRESS
138391569964;98;"LOC_C1";"INTERVAL";"PROBE";4;63;0x00001d2a;2;3841;1853;1245;3110;1839;155;0;NOSTRESS
138391570066;19;"LOC_C2";"INTERVAL";"PROBE";4;63;0x00001d2a;2;347;294;197;600;17;22;0;NOSTRESS
138391570090;99;"LOC_C3";"INTERVAL";"PROBE";4;63;0x00001d2a;2;8947;2442;1695;7738;3882;64;0;NOSTRESS
138391570193;24;"LOC_C4";"INTERVAL";"PROBE";4;63;0x00001d2a;2;365;279;213;619;0;29;0;NOSTRESS
138391570221;16976;"NEAR_P1";"INTERVAL";"PROBE";4;63;0x00001d2a;2;1945948;773749;433038;1103782;1133765;734;0;NOSTRESS
138391587201;16690;"NEAR_P1";"INTERVAL";"PROBE";4;63;0x00001d2a;2;1937184;769541;429874;1092984;1131638;13;0;NOSTRESS
138391603895;16835;"NEAR_P1";"INTERVAL";"PROBE";4;63;0x00001d2a;2;1942371;772073;432318;1100465;1132558;543;0;NOSTRESS
138391620735;16693;"NEAR_P1";"INTERVAL";"PROBE";4;63;0x00001d2a;2;1937725;769737;429847;1092890;1132182;16;0;NOSTRESS
138391637433;16789;"NEAR_P1";"INTERVAL";"PROBE";4;63;0x00001d2a;2;1940503;771465;432305;1099702;1131442;489;0;NOSTRESS
138391654226;16683;"NEAR_P1";"INTERVAL";"PROBE";4;63;0x00001d2a;2;1935607;768981;429801;1092289;1130913;11;0;NOSTRESS
138391670913;16782;"NEAR_P1";"INTERVAL";"PROBE";4;63;0x00001d2a;2;1939786;771093;432205;1099285;1131230;491;0;NOSTRESS
138391687699;16689;"NEAR_P1";"INTERVAL";"PROBE";4;63;0x00001d2a;2;1936876;769445;429814;1092608;1131709;8;0;NOSTRESS
138391704392;16816;"NEAR_P1";"INTERVAL";"PROBE";4;63;0x00001d2a;2;1939218;770767;432149;1098773;1131012;428;0;NOSTRESS
138391721212;16825;"NEAR_P1";"INTERVAL";"PROBE";4;63;0x00001d2a;2;1940461;771228;432195;1099129;1131689;474;0;NOSTRESS
138391738042;16676;"NEAR_P1";"INTERVAL";"PROBE";4;63;0x00001d2a;2;1935083;768597;429710;1091824;1130738;18;0;NOSTRESS
138391754722;16808;"NEAR_P1";"INTERVAL";"PROBE";4;63;0x00001d2a;2;1938971;770852;432039;1098795;1130859;408;0;NOSTRESS
138391771535;16680;"NEAR_P1";"INTERVAL";"PROBE";4;63;0x00001d2a;2;1935519;768822;429742;1092156;1130918;18;0;NOSTRESS
138391788219;16820;"NEAR_P1";"INTERVAL";"PROBE";4;63;0x00001d2a;2;1941556;771733;432234;1099711;1132346;468;0;NOSTRESS
138391805043;16678;"NEAR_P1";"INTERVAL";"PROBE";4;63;0x00001d2a;2;1935156;768775;429780;1092095;1130677;20;0;NOSTRESS
138391821725;16783;"NEAR_P1";"INTERVAL";"PROBE";4;63;0x00001d2a;2;1940236;771316;432233;1099414;1131509;468;0;NOSTRESS
138391838512;16683;"NEAR_P1";"INTERVAL";"PROBE";4;63;0x00001d2a;2;1935963;769133;429816;1092279;1131229;20;0;NOSTRESS
138391855200;16801;"NEAR_P1";"INTERVAL";"PROBE";4;63;0x00001d2a;2;1939920;771242;432615;1100794;1130855;614;0;NOSTRESS
138391872006;16858;"NEAR_P1";"INTERVAL";"PROBE";4;63;0x00001d2a;2;1936933;769478;429899;1092655;1131566;45;0;NOSTRESS
138391888868;16801;"NEAR_P1";"INTERVAL";"PROBE";4;63;0x00001d2a;2;1938881;770662;432198;1098883;1130789;602;0;NOSTRESS
138391905691;23917;"TRAJ_R1";"INTERVAL";"PROBE";4;63;0x00001d2a;2;2511190;1023072;639150;1561392;1583775;543;0;NOSTRESS
138393169839;360417;"MAF";"INTERVAL";"PROBE";4;63;0x00001d2a;3;41422720;16483264;9294488;23579392;24294550;6576;0;NOSTRESS
138393169862;85;"SENS_C1";"INTERVAL";"PROBE";4;63;0x00001d2a;3;778;635;446;1079;0;113;0;NOSTRESS
138393169951;105;"LOC_C1";"INTERVAL";"PROBE";4;63;0x00001d2a;3;3701;1815;1236;3041;1778;154;0;NOSTRESS
138393170060;20;"LOC_C2";"INTERVAL";"PROBE";4;63;0x00001d2a;3;352;297;198;610;17;19;0;NOSTRESS
138393170085;101;"LOC_C3";"INTERVAL";"PROBE";4;63;0x00001d2a;3;9022;2478;1715;7786;3933;61;0;NOSTRESS
138393170190;22;"LOC_C4";"INTERVAL";"PROBE";4;63;0x00001d2a;3;351;279;211;601;0;26;0;NOSTRESS
138393170216;16976;"NEAR_P1";"INTERVAL";"PROBE";4;63;0x00001d2a;3;1946096;773329;432997;1103473;1134002;764;0;NOSTRESS
138393187197;16700;"NEAR_P1";"INTERVAL";"PROBE";4;63;0x00001d2a;3;1940319;770225;430004;1093678;1133590;12;0;NOSTRESS
138393203901;16842;"NEAR_P1";"INTERVAL";"PROBE";4;63;0x00001d2a;3;1942767;771987;432284;1100279;1133123;528;0;NOSTRESS
138393220748;16684;"NEAR_P1";"INTERVAL";"PROBE";4;63;0x00001d2a;3;1936746;769275;429802;1092762;1131513;14;0;NOSTRESS
138393237436;16810;"NEAR_P1";"INTERVAL";"PROBE";4;63;0x00001d2a;3;1940038;771050;432004;1098850;1131737;421;0;NOSTRESS
138393254251;16695;"NEAR_P1";"INTERVAL";"PROBE";4;63;0x00001d2a;3;1939437;769973;429889;1093133;1133160;9;0;NOSTRESS
138393270950;16818;"NEAR_P1";"INTERVAL";"PROBE";4;63;0x00001d2a;3;1944028;772135;432241;1099760;1134173;484;0;NOSTRESS
138393287772;16675;"NEAR_P1";"INTERVAL";"PROBE";4;63;0x00001d2a;3;1937187;769007;429758;1092148;1132173;7;0;NOSTRESS
138393304452;16790;"NEAR_P1";"INTERVAL";"PROBE";4;63;0x00001d2a;3;1943777;772037;432223;1099812;1133946;470;0;NOSTRESS
138393321246;16785;"NEAR_P1";"INTERVAL";"PROBE";4;63;0x00001d2a;3;1942806;771690;432158;1099617;1133445;462;0;NOSTRESS
138393338035;16676;"NEAR_P1";"INTERVAL";"PROBE";4;63;0x00001d2a;3;1936853;769016;429744;1092123;1131931;18;0;NOSTRESS
138393354715;16803;"NEAR_P1";"INTERVAL";"PROBE";4;63;0x00001d2a;3;1940909;770948;431941;1098673;1132405;406;0;NOSTRESS
138393371522;16679;"NEAR_P1";"INTERVAL";"PROBE";4;63;0x00001d2a;3;1935891;768930;429733;1092198;1131181;16;0;NOSTRESS
138393388205;16814;"NEAR_P1";"INTERVAL";"PROBE";4;63;0x00001d2a;3;1942259;771743;432254;1099680;1132814;460;0;NOSTRESS
138393405024;16679;"NEAR_P1";"INTERVAL";"PROBE";4;63;0x00001d2a;3;1936294;768897;429764;1092252;1131475;19;0;NOSTRESS
138393421707;16803;"NEAR_P1";"INTERVAL";"PROBE";4;63;0x00001d2a;3;1941588;771304;432094;1099030;1132635;403;0;NOSTRESS
138393438514;16679;"NEAR_P1";"INTERVAL";"PROBE";4;63;0x00001d2a;3;1935801;768932;429714;1092265;1131358;17;0;NOSTRESS
138393455197;16802;"NEAR_P1";"INTERVAL";"PROBE";4;63;0x00001d2a;3;1939379;770706;432113;1099074;1131124;465;0;NOSTRESS
138393472003;16676;"NEAR_P1";"INTERVAL";"PROBE";4;63;0x00001d2a;3;1936405;768857;429778;1092101;1131603;19;0;NOSTRESS
138393488684;16787;"NEAR_P1";"INTERVAL";"PROBE";4;63;0x00001d2a;3;1942385;771618;432290;1099522;1133094;460;0;NOSTRESS
138393505476;24775;"TRAJ_R1";"INTERVAL";"PROBE";4;63;0x00001d2a;3;2598007;1059043;661865;1616664;1638340;540;0;NOSTRESS
138394769865;361027;"MAF";"INTERVAL";"PROBE";4;63;0x00001d2a;4;41458003;16509183;9317235;23631023;24316000;6731;0;NOSTRESS
138394769888;83;"SENS_C1";"INTERVAL";"PROBE";4;63;0x00001d2a;4;802;648;448;1111;0;114;0;NOSTRESS
138394769975;94;"LOC_C1";"INTERVAL";"PROBE";4;63;0x00001d2a;4;3686;1796;1233;3051;1781;153;0;NOSTRESS
138394770074;19;"LOC_C2";"INTERVAL";"PROBE";4;63;0x00001d2a;4;344;292;195;592;17;21;0;NOSTRESS
138394770098;100;"LOC_C3";"INTERVAL";"PROBE";4;63;0x00001d2a;4;8901;2440;1704;7721;3868;60;0;NOSTRESS
138394770203;22;"LOC_C4";"INTERVAL";"PROBE";4;63;0x00001d2a;4;338;272;209;571;0;27;0;NOSTRESS
138394770229;16947;"NEAR_P1";"INTERVAL";"PROBE";4;63;0x00001d2a;4;1940694;772033;432519;1101829;1130830;760;0;NOSTRESS
138394787180;16691;"NEAR_P1";"INTERVAL";"PROBE";4;63;0x00001d2a;4;1937069;769541;429785;1093154;1131626;14;0;NOSTRESS
138394803875;16788;"NEAR_P1";"INTERVAL";"PROBE";4;63;0x00001d2a;4;1939365;771079;432119;1099667;1130843;518;0;NOSTRESS
138394820667;16677;"NEAR_P1";"INTERVAL";"PROBE";4;63;0x00001d2a;4;1934898;768780;429673;1092235;1130545;15;0;NOSTRESS
138394837348;16788;"NEAR_P1";"INTERVAL";"PROBE";4;63;0x00001d2a;4;1937997;770633;432093;1098968;1130240;475;0;NOSTRESS
138394854141;16677;"NEAR_P1";"INTERVAL";"PROBE";4;63;0x00001d2a;4;1934609;768737;429652;1092339;1130318;10;0;NOSTRESS
138394870822;16764;"NEAR_P1";"INTERVAL";"PROBE";4;63;0x00001d2a;4;1935949;770124;431964;1098562;1129061;471;0;NOSTRESS
138394887590;16664;"NEAR_P1";"INTERVAL";"PROBE";4;63;0x00001d2a;4;1932673;768070;429526;1091841;1129263;8;0;NOSTRESS
138394904258;16793;"NEAR_P1";"INTERVAL";"PROBE";4;63;0x00001d2a;4;1940018;771170;432202;1099217;1131462;477;0;NOSTRESS
138394921055;16779;"NEAR_P1";"INTERVAL";"PROBE";4;63;0x00001d2a;4;1939751;771054;432135;1099156;1131385;477;0;NOSTRESS
138394937839;16679;"NEAR_P1";"INTERVAL";"PROBE";4;63;0x00001d2a;4;1936088;769186;429692;1092378;1131223;18;0;NOSTRESS
138394954522;16771;"NEAR_P1";"INTERVAL";"PROBE";4;63;0x00001d2a;4;1939701;770902;432058;1098894;1131150;459;0;NOSTRESS
138394971297;16676;"NEAR_P1";"INTERVAL";"PROBE";4;63;0x00001d2a;4;1935775;769015;429684;1092062;1131139;19;0;NOSTRESS
138394987977;16754;"NEAR_P1";"INTERVAL";"PROBE";4;63;0x00001d2a;4;1936066;769880;431914;1098321;1129062;465;0;NOSTRESS
138395004736;16679;"NEAR_P1";"INTERVAL";"PROBE";4;63;0x00001d2a;4;1936580;769099;429727;1092253;1131556;20;0;NOSTRESS
138395021419;16795;"NEAR_P1";"INTERVAL";"PROBE";4;63;0x00001d2a;4;1937272;770265;431977;1098342;1129845;454;0;NOSTRESS
138395038219;16678;"NEAR_P1";"INTERVAL";"PROBE";4;63;0x00001d2a;4;1936332;769133;429746;1092096;1131517;20;0;NOSTRESS
138395054901;16782;"NEAR_P1";"INTERVAL";"PROBE";4;63;0x00001d2a;4;1937145;770150;431949;1098388;1129692;463;0;NOSTRESS
138395071687;16667;"NEAR_P1";"INTERVAL";"PROBE";4;63;0x00001d2a;4;1933842;768398;429537;1091794;1129942;18;0;NOSTRESS
138395088359;16803;"NEAR_P1";"INTERVAL";"PROBE";4;63;0x00001d2a;4;1938143;770468;432002;1098762;1130408;456;0;NOSTRESS
138395105166;25722;"TRAJ_R1";"INTERVAL";"PROBE";4;63;0x00001d2a;4;2694363;1098967;687455;1678549;1699227;544;0;NOSTRESS
138396369865;362405;"MAF";"INTERVAL";"PROBE";4;63;0x00001d2a;5;41659141;16573196;9345603;23705244;24446644;7186;0;NOSTRESS
138396369888;84;"SENS_C1";"INTERVAL";"PROBE";4;63;0x00001d2a;5;760;630;445;1052;0;115;0;NOSTRESS
138396369976;101;"LOC_C1";"INTERVAL";"PROBE";4;63;0x00001d2a;5;3863;1864;1252;3143;1859;159;0;NOSTRESS
138396370081;19;"LOC_C2";"INTERVAL";"PROBE";4;63;0x00001d2a;5;342;292;195;591;17;19;0;NOSTRESS
138396370105;98;"LOC_C3";"INTERVAL";"PROBE";4;63;0x00001d2a;5;8992;2475;1708;7709;3933;58;0;NOSTRESS
138396370208;22;"LOC_C4";"INTERVAL";"PROBE";4;63;0x00001d2a;5;336;272;208;570;0;27;0;NOSTRESS
138396370235;16985;"NEAR_P1";"INTERVAL";"PROBE";4;63;0x00001d2a;5;1946841;773571;432735;1102722;1134602;838;0;NOSTRESS
138396387224;16832;"NEAR_P1";"INTERVAL";"PROBE";4;63;0x00001d2a;5;1942371;770640;429934;1093433;1135139;41;0;NOSTRESS
138396404060;16820;"NEAR_P1";"INTERVAL";"PROBE";4;63;0x00001d2a;5;1947022;773122;432365;1101159;1135726;629;0;NOSTRESS
138396420884;16688;"NEAR_P1";"INTERVAL";"PROBE";4;63;0x00001d2a;5;1940630;769846;429747;1092754;1134179;14;0;NOSTRESS
138396437576;16775;"NEAR_P1";"INTERVAL";"PROBE";4;63;0x00001d2a;5;1942399;771292;432053;1099338;1133034;483;0;NOSTRESS
138396454356;16690;"NEAR_P1";"INTERVAL";"PROBE";4;63;0x00001d2a;5;1940937;770048;429832;1092743;1134576;9;0;NOSTRESS
138396471050;16791;"NEAR_P1";"INTERVAL";"PROBE";4;63;0x00001d2a;5;1944245;771927;432229;1099640;1134225;484;0;NOSTRESS
138396487846;16680;"NEAR_P1";"INTERVAL";"PROBE";4;63;0x00001d2a;5;1939466;769543;429705;1092390;1133732;8;0;NOSTRESS
138396504530;16795;"NEAR_P1";"INTERVAL";"PROBE";4;63;0x00001d2a;5;1942986;771664;432104;1099057;1133681;467;0;NOSTRESS
138396521329;16798;"NEAR_P1";"INTERVAL";"PROBE";4;63;0x00001d2a;5;1943346;771797;432183;1099333;1133717;466;0;NOSTRESS
138396538131;16686;"NEAR_P1";"INTERVAL";"PROBE";4;63;0x00001d2a;5;1939297;769686;429737;1092515;1133772;19;0;NOSTRESS
138396554821;16823;"NEAR_P1";"INTERVAL";"PROBE";4;63;0x00001d2a;5;1946089;772641;432203;1099782;1135510;459;0;NOSTRESS
138396571649;16695;"NEAR_P1";"INTERVAL";"PROBE";4;63;0x00001d2a;5;1940744;770319;429802;1092814;1134522;19;0;NOSTRESS
138396588348;16797;"NEAR_P1";"INTERVAL";"PROBE";4;63;0x00001d2a;5;1941871;771475;432095;1099001;1132944;460;0;NOSTRESS
138396605149;16687;"NEAR_P1";"INTERVAL";"PROBE";4;63;0x00001d2a;5;1939845;769852;429743;1092516;1133999;19;0;NOSTRESS
138396621840;16774;"NEAR_P1";"INTERVAL";"PROBE";4;63;0x00001d2a;5;1942096;771295;432109;1098964;1133119;456;0;NOSTRESS
138396638618;16678;"NEAR_P1";"INTERVAL";"PROBE";4;63;0x00001d2a;5;1937797;769349;429660;1092168;1132760;19;0;NOSTRESS
138396655301;16791;"NEAR_P1";"INTERVAL";"PROBE";4;63;0x00001d2a;5;1945061;772476;432274;1099771;1134826;466;0;NOSTRESS
138396672096;16684;"NEAR_P1";"INTERVAL";"PROBE";4;63;0x00001d2a;5;1939338;769664;429725;1092252;1133728;18;0;NOSTRESS
138396688784;16816;"NEAR_P1";"INTERVAL";"PROBE";4;63;0x00001d2a;5;1942694;771729;432094;1099159;1133429;464;0;NOSTRESS
138396705622;26644;"TRAJ_R1";"INTERVAL";"PROBE";4;63;0x00001d2a;5;2789486;1138287;712956;1740072;1759615;547;0;NOSTRESS
138397969912;363164;"MAF";"INTERVAL";"PROBE";4;63;0x00001d2a;6;41702142;16601727;9374660;23768187;24475292;7070;0;NOSTRESS
138397969936;81;"SENS_C1";"INTERVAL";"PROBE";4;63;0x00001d2a;6;782;648;447;1082;0;121;0;NOSTRESS
138397970022;97;"LOC_C1";"INTERVAL";"PROBE";4;63;0x00001d2a;6;3779;1840;1241;3126;1813;158;0;NOSTRESS
138397970123;19;"LOC_C2";"INTERVAL";"PROBE";4;63;0x00001d2a;6;355;300;197;611;17;20;0;NOSTRESS
138397970148;92;"LOC_C3";"INTERVAL";"PROBE";4;63;0x00001d2a;6;9047;2451;1708;7754;3965;60;0;NOSTRESS
138397970245;22;"LOC_C4";"INTERVAL";"PROBE";4;63;0x00001d2a;6;337;272;207;575;0;28;0;NOSTRESS
138397970271;16988;"NEAR_P1";"INTERVAL";"PROBE";4;63;0x00001d2a;6;1944272;773122;432954;1103320;1133099;778;0;NOSTRESS
138397987263;16675;"NEAR_P1";"INTERVAL";"PROBE";4;63;0x00001d2a;6;1935853;768748;429724;1092222;1131352;14;0;NOSTRESS
138398003942;16846;"NEAR_P1";"INTERVAL";"PROBE";4;63;0x00001d2a;6;1941224;771838;433080;1102283;1131343;610;0;NOSTRESS
138398020792;16685;"NEAR_P1";"INTERVAL";"PROBE";4;63;0x00001d2a;6;1938040;769465;429738;1092526;1132716;13;0;NOSTRESS
138398037481;16774;"NEAR_P1";"INTERVAL";"PROBE";4;63;0x00001d2a;6;1939904;770819;432077;1098815;1131734;499;0;NOSTRESS
138398054260;16668;"NEAR_P1";"INTERVAL";"PROBE";4;63;0x00001d2a;6;1935044;768451;429665;1091651;1131169;9;0;NOSTRESS
138398070932;16773;"NEAR_P1";"INTERVAL";"PROBE";4;63;0x00001d2a;6;1940180;770918;432018;1098906;1131847;481;0;NOSTRESS
138398087709;16673;"NEAR_P1";"INTERVAL";"PROBE";4;63;0x00001d2a;6;1937132;769060;429583;1091874;1132434;9;0;NOSTRESS
138398104386;16772;"NEAR_P1";"INTERVAL";"PROBE";4;63;0x00001d2a;6;1940288;770858;432040;1098590;1132042;485;0;NOSTRESS
138398121162;16772;"NEAR_P1";"INTERVAL";"PROBE";4;63;0x00001d2a;6;1940729;770920;432072;1098697;1132237;471;0;NOSTRESS
138398137938;16676;"NEAR_P1";"INTERVAL";"PROBE";4;63;0x00001d2a;6;1937138;768933;429678;1092019;1132242;19;0;NOSTRESS
138398154618;16792;"NEAR_P1";"INTERVAL";"PROBE";4;63;0x00001d2a;6;1942361;771414;432191;1098949;1133211;454;0;NOSTRESS
138398171415;16681;"NEAR_P1";"INTERVAL";"PROBE";4;63;0x00001d2a;6;1937967;769338;429716;1092157;1132740;19;0;NOSTRESS
138398188100;16804;"NEAR_P1";"INTERVAL";"PROBE";4;63;0x00001d2a;6;1939965;770961;432485;1099921;1131270;589;0;NOSTRESS
138398204909;16672;"NEAR_P1";"INTERVAL";"PROBE";4;63;0x00001d2a;6;1935417;768637;429605;1091708;1131425;20;0;NOSTRESS
138398221585;16803;"NEAR_P1";"INTERVAL";"PROBE";4;63;0x00001d2a;6;1939011;770686;432027;1098528;1131433;489;0;NOSTRESS
138398238392;16681;"NEAR_P1";"INTERVAL";"PROBE";4;63;0x00001d2a;6;1935487;769052;429734;1092211;1131177;18;0;NOSTRESS
138398255077;16806;"NEAR_P1";"INTERVAL";"PROBE";4;63;0x00001d2a;6;1940679;771268;432172;1099145;1132114;457;0;NOSTRESS
138398271887;16682;"NEAR_P1";"INTERVAL";"PROBE";4;63;0x00001d2a;6;1936574;769261;429770;1092222;1131995;19;0;NOSTRESS
138398288573;16781;"NEAR_P1";"INTERVAL";"PROBE";4;63;0x00001d2a;6;1940263;771319;432198;1099315;1131977;469;0;NOSTRESS
138398305359;27712;"TRAJ_R1";"INTERVAL";"PROBE";4;63;0x00001d2a;6;2900710;1184094;742294;1810790;1829940;547;0;NOSTRESS
138399569920;364610;"MAF";"INTERVAL";"PROBE";4;63;0x00001d2a;7;41802979;16651092;9406917;23852408;24532362;7517;0;NOSTRESS
138399569941;79;"SENS_C1";"INTERVAL";"PROBE";4;63;0x00001d2a;7;761;632;449;1056;0;119;0;NOSTRESS
138399570024;99;"LOC_C1";"INTERVAL";"PROBE";4;63;0x00001d2a;7;3824;1861;1249;3136;1841;153;0;NOSTRESS
138399570128;20;"LOC_C2";"INTERVAL";"PROBE";4;63;0x00001d2a;7;344;292;195;592;17;19;0;NOSTRESS
138399570153;98;"LOC_C3";"INTERVAL";"PROBE";4;63;0x00001d2a;7;8913;2418;1703;7687;3894;60;0;NOSTRESS
138399570255;20;"LOC_C4";"INTERVAL";"PROBE";4;63;0x00001d2a;7;344;277;210;589;0;28;0;NOSTRESS
138399570280;17062;"NEAR_P1";"INTERVAL";"PROBE";4;63;0x00001d2a;7;1944846;773626;433693;1105696;1132654;1057;0;NOSTRESS
138399587346;16687;"NEAR_P1";"INTERVAL";"PROBE";4;63;0x00001d2a;7;1936548;769348;429795;1093053;1131474;18;0;NOSTRESS
138399604038;16784;"NEAR_P1";"INTERVAL";"PROBE";4;63;0x00001d2a;7;1938624;770711;432172;1099715;1130452;569;0;NOSTRESS
138399620826;16672;"NEAR_P1";"INTERVAL";"PROBE";4;63;0x00001d2a;7;1934114;768525;429657;1092147;1130254;15;0;NOSTRESS
138399637503;16780;"NEAR_P1";"INTERVAL";"PROBE";4;63;0x00001d2a;7;1940084;771224;432133;1099729;1131519;484;0;NOSTRESS
138399654287;16689;"NEAR_P1";"INTERVAL";"PROBE";4;63;0x00001d2a;7;1937078;769573;429807;1092848;1131922;11;0;NOSTRESS
138399670980;16869;"NEAR_P1";"INTERVAL";"PROBE";4;63;0x00001d2a;7;1942171;772466;433139;1102556;1131935;567;0;NOSTRESS
138399687854;16692;"NEAR_P1";"INTERVAL";"PROBE";4;63;0x00001d2a;7;1937380;769668;429769;1092944;1132312;10;0;NOSTRESS
138399704550;16773;"NEAR_P1";"INTERVAL";"PROBE";4;63;0x00001d2a;7;1937787;770622;432046;1099056;1130184;489;0;NOSTRESS
138399721327;16773;"NEAR_P1";"INTERVAL";"PROBE";4;63;0x00001d2a;7;1937609;770547;432127;1099044;1130135;463;0;NOSTRESS
138399738105;16675;"NEAR_P1";"INTERVAL";"PROBE";4;63;0x00001d2a;7;1933676;768425;429684;1091969;1129981;18;0;NOSTRESS
138399754784;16988;"NEAR_P1";"INTERVAL";"PROBE";4;63;0x00001d2a;7;1942347;771956;432340;1099921;1132779;604;0;NOSTRESS
138399771777;16685;"NEAR_P1";"INTERVAL";"PROBE";4;63;0x00001d2a;7;1936492;769315;429780;1092452;1131603;18;0;NOSTRESS
138399788466;16773;"NEAR_P1";"INTERVAL";"PROBE";4;63;0x00001d2a;7;1938988;770969;432153;1099294;1130818;462;0;NOSTRESS
138399805243;16679;"NEAR_P1";"INTERVAL";"PROBE";4;63;0x00001d2a;7;1935493;768979;429694;1092359;1130864;20;0;NOSTRESS
138399821926;16793;"NEAR_P1";"INTERVAL";"PROBE";4;63;0x00001d2a;7;1939649;771001;432125;1099101;1131188;459;0;NOSTRESS
138399838724;16685;"NEAR_P1";"INTERVAL";"PROBE";4;63;0x00001d2a;7;1936860;769307;429814;1092441;1131762;20;0;NOSTRESS
138399855413;16778;"NEAR_P1";"INTERVAL";"PROBE";4;63;0x00001d2a;7;1939600;771076;432246;1099273;1131211;462;0;NOSTRESS
138399872196;16678;"NEAR_P1";"INTERVAL";"PROBE";4;63;0x00001d2a;7;1935123;768893;429759;1092259;1130616;20;0;NOSTRESS
138399888878;16820;"NEAR_P1";"INTERVAL";"PROBE";4;63;0x00001d2a;7;1941362;771561;432143;1099443;1132269;408;0;NOSTRESS
138399905703;28823;"TRAJ_R1";"INTERVAL";"PROBE";4;63;0x00001d2a;7;3012652;1230451;772525;1883565;1900678;555;0;NOSTRESS
138401169907;365692;"MAF";"INTERVAL";"PROBE";4;63;0x00001d2a;8;41952471;16709902;9439270;23934913;24623770;6891;0;NOSTRESS
138401169929;79;"SENS_C1";"INTERVAL";"PROBE";4;63;0x00001d2a;8;757;631;443;1061;0;118;0;NOSTRESS
138401170013;90;"LOC_C1";"INTERVAL";"PROBE";4;63;0x00001d2a;8;3762;1827;1259;3120;1777;156;0;NOSTRESS
138401170107;19;"LOC_C2";"INTERVAL";"PROBE";4;63;0x00001d2a;8;350;299;197;602;17;20;0;NOSTRESS
138401170132;96;"LOC_C3";"INTERVAL";"PROBE";4;63;0x00001d2a;8;9013;2477;1705;7720;3949;61;0;NOSTRESS
138401170233;22;"LOC_C4";"INTERVAL";"PROBE";4;63;0x00001d2a;8;346;277;210;584;0;28;0;NOSTRESS
138401170259;16992;"NEAR_P1";"INTERVAL";"PROBE";4;63;0x00001d2a;8;1944330;773270;432928;1103293;1132891;752;0;NOSTRESS
138401187255;16703;"NEAR_P1";"INTERVAL";"PROBE";4;63;0x00001d2a;8;1937580;769898;429922;1093698;1131654;12;0;NOSTRESS
138401203962;16827;"NEAR_P1";"INTERVAL";"PROBE";4;63;0x00001d2a;8;1942165;772073;432277;1100359;1132302;537;0;NOSTRESS
138401220793;16706;"NEAR_P1";"INTERVAL";"PROBE";4;63;0x00001d2a;8;1939356;770253;429933;1093567;1132920;15;0;NOSTRESS
138401237503;16787;"NEAR_P1";"INTERVAL";"PROBE";4;63;0x00001d2a;8;1940448;771171;432192;1099509;1131663;487;0;NOSTRESS
138401254294;16698;"NEAR_P1";"INTERVAL";"PROBE";4;63;0x00001d2a;8;1937744;769768;429838;1093146;1132051;9;0;NOSTRESS
138401270996;16784;"NEAR_P1";"INTERVAL";"PROBE";4;63;0x00001d2a;8;1939836;771189;432149;1099345;1131248;482;0;NOSTRESS
138401287784;16693;"NEAR_P1";"INTERVAL";"PROBE";4;63;0x00001d2a;8;1937546;769687;429786;1092995;1132123;8;0;NOSTRESS
138401304482;16775;"NEAR_P1";"INTERVAL";"PROBE";4;63;0x00001d2a;8;1938655;770788;432047;1098995;1130458;472;0;NOSTRESS
138401321262;16859;"NEAR_P1";"INTERVAL";"PROBE";4;63;0x00001d2a;8;1941844;772285;433079;1102342;1131600;547;0;NOSTRESS
138401338125;16695;"NEAR_P1";"INTERVAL";"PROBE";4;63;0x00001d2a;8;1936911;769486;429777;1092804;1131731;20;0;NOSTRESS
138401354824;16789;"NEAR_P1";"INTERVAL";"PROBE";4;63;0x00001d2a;8;1940439;771251;432139;1099532;1131560;477;0;NOSTRESS
138401371618;16699;"NEAR_P1";"INTERVAL";"PROBE";4;63;0x00001d2a;8;1938452;769977;429813;1093250;1132548;18;0;NOSTRESS
138401388322;16780;"NEAR_P1";"INTERVAL";"PROBE";4;63;0x00001d2a;8;1939408;770977;432177;1099243;1130873;460;0;NOSTRESS
138401405106;16698;"NEAR_P1";"INTERVAL";"PROBE";4;63;0x00001d2a;8;1937965;769813;429845;1092981;1132190;20;0;NOSTRESS
138401421808;16784;"NEAR_P1";"INTERVAL";"PROBE";4;63;0x00001d2a;8;1940462;771352;432163;1099468;1131694;453;0;NOSTRESS
138401438596;16704;"NEAR_P1";"INTERVAL";"PROBE";4;63;0x00001d2a;8;1938645;770013;429880;1093138;1132781;18;0;NOSTRESS
138401455305;16784;"NEAR_P1";"INTERVAL";"PROBE";4;63;0x00001d2a;8;1940427;771301;432160;1099333;1131689;458;0;NOSTRESS
138401472093;16687;"NEAR_P1";"INTERVAL";"PROBE";4;63;0x00001d2a;8;1936700;769301;429709;1092501;1131835;19;0;NOSTRESS
138401488785;16797;"NEAR_P1";"INTERVAL";"PROBE";4;63;0x00001d2a;8;1941397;771606;432028;1099321;1132502;361;0;NOSTRESS
138401505587;30008;"TRAJ_R1";"INTERVAL";"PROBE";4;63;0x00001d2a;8;3138377;1281881;805580;1963836;1979714;668;0;NOSTRESS
138402769913;366399;"MAF";"INTERVAL";"PROBE";4;63;0x00001d2a;9;42020975;16734438;9468504;23988198;24681558;7009;0;NOSTRESS
138402769935;74;"SENS_C1";"INTERVAL";"PROBE";4;63;0x00001d2a;9;759;635;443;1057;0;118;0;NOSTRESS
138402770014;97;"LOC_C1";"INTERVAL";"PROBE";4;63;0x00001d2a;9;3825;1844;1241;3099;1846;158;0;NOSTRESS
138402770115;19;"LOC_C2";"INTERVAL";"PROBE";4;63;0x00001d2a;9;344;292;195;601;17;20;0;NOSTRESS
138402770139;93;"LOC_C3";"INTERVAL";"PROBE";4;63;0x00001d2a;9;8878;2403;1682;7653;3875;62;0;NOSTRESS
138402770236;22;"LOC_C4";"INTERVAL";"PROBE";4;63;0x00001d2a;9;348;282;212;591;0;30;0;NOSTRESS
138402770262;16981;"NEAR_P1";"INTERVAL";"PROBE";4;63;0x00001d2a;9;1940856;771666;432915;1102383;1131070;865;0;NOSTRESS
138402787247;16688;"NEAR_P1";"INTERVAL";"PROBE";4;63;0x00001d2a;9;1937791;769503;429760;1092904;1132420;17;0;NOSTRESS
138402803939;16773;"NEAR_P1";"INTERVAL";"PROBE";4;63;0x00001d2a;9;1939291;770451;431954;1098632;1131309;539;0;NOSTRESS
138402820716;16670;"NEAR_P1";"INTERVAL";"PROBE";4;63;0x00001d2a;9;1935145;768497;429611;1091807;1131003;14;0;NOSTRESS
138402837390;16779;"NEAR_P1";"INTERVAL";"PROBE";4;63;0x00001d2a;9;1938498;770168;431923;1098209;1130984;481;0;NOSTRESS
138402854173;16654;"NEAR_P1";"INTERVAL";"PROBE";4;63;0x00001d2a;9;1932028;767415;429424;1091020;1129239;11;0;NOSTRESS
138402870832;16773;"NEAR_P1";"INTERVAL";"PROBE";4;63;0x00001d2a;9;1935801;769403;431811;1097743;1129393;492;0;NOSTRESS
138402887609;16672;"NEAR_P1";"INTERVAL";"PROBE";4;63;0x00001d2a;9;1935738;768632;429625;1091799;1131526;9;0;NOSTRESS
138402904285;16765;"NEAR_P1";"INTERVAL";"PROBE";4;63;0x00001d2a;9;1938933;770344;431935;1098136;1131479;488;0;NOSTRESS
138402921055;16758;"NEAR_P1";"INTERVAL";"PROBE";4;63;0x00001d2a;9;1937668;770048;431920;1098305;1130622;461;0;NOSTRESS
138402937817;16652;"NEAR_P1";"INTERVAL";"PROBE";4;63;0x00001d2a;9;1931311;767203;429483;1090725;1128897;19;0;NOSTRESS
138402954473;16764;"NEAR_P1";"INTERVAL";"PROBE";4;63;0x00001d2a;9;1936103;769515;431819;1097615;1129651;465;0;NOSTRESS
138402971242;16665;"NEAR_P1";"INTERVAL";"PROBE";4;63;0x00001d2a;9;1934162;768167;429503;1091526;1130536;18;0;NOSTRESS
138402987911;16816;"NEAR_P1";"INTERVAL";"PROBE";4;63;0x00001d2a;9;1939977;770948;432737;1100498;1131289;549;0;NOSTRESS
138403004731;16658;"NEAR_P1";"INTERVAL";"PROBE";4;63;0x00001d2a;9;1932798;767727;429411;1091212;1129781;20;0;NOSTRESS
138403021393;16763;"NEAR_P1";"INTERVAL";"PROBE";4;63;0x00001d2a;9;1937242;769930;431913;1098094;1130290;475;0;NOSTRESS
138403038160;16665;"NEAR_P1";"INTERVAL";"PROBE";4;63;0x00001d2a;9;1933936;768052;429522;1091333;1130431;21;0;NOSTRESS
138403054829;16758;"NEAR_P1";"INTERVAL";"PROBE";4;63;0x00001d2a;9;1938208;770202;431967;1098000;1131002;455;0;NOSTRESS
138403071591;16657;"NEAR_P1";"INTERVAL";"PROBE";4;63;0x00001d2a;9;1932751;767540;429452;1091044;1129850;20;0;NOSTRESS
138403088252;16758;"NEAR_P1";"INTERVAL";"PROBE";4;63;0x00001d2a;9;1937484;770033;431958;1098171;1130413;459;0;NOSTRESS
138403105032;31276;"TRAJ_R1";"INTERVAL";"PROBE";4;63;0x00001d2a;9;3271510;1336453;840050;2046817;2064635;540;0;NOSTRESS
138404369903;368131;"MAF";"INTERVAL";"PROBE";4;63;0x00001d2a;10;42227031;16811742;9506021;24093357;24805929;7042;0;NOSTRESS
138404370057;78;"SENS_C1";"INTERVAL";"PROBE";4;63;0x00001d2a;10;773;644;439;1043;0;118;0;NOSTRESS
138404370139;98;"LOC_C1";"INTERVAL";"PROBE";4;63;0x00001d2a;10;3905;1886;1252;3141;1874;157;0;NOSTRESS
138404370242;20;"LOC_C2";"INTERVAL";"PROBE";4;63;0x00001d2a;10;350;299;197;602;17;21;0;NOSTRESS
138404370268;97;"LOC_C3";"INTERVAL";"PROBE";4;63;0x00001d2a;10;8968;2467;1720;7759;3887;58;0;NOSTRESS
138404370369;24;"LOC_C4";"INTERVAL";"PROBE";4;63;0x00001d2a;10;345;277;211;585;0;30;0;NOSTRESS
138404370397;16973;"NEAR_P1";"INTERVAL";"PROBE";4;63;0x00001d2a;10;1945391;773014;432973;1103505;1133669;884;0;NOSTRESS
138404387375;16682;"NEAR_P1";"INTERVAL";"PROBE";4;63;0x00001d2a;10;1938187;769372;429692;1092667;1132746;15;0;NOSTRESS
138404404061;16789;"NEAR_P1";"INTERVAL";"PROBE";4;63;0x00001d2a;10;1942668;771474;432056;1099776;1133081;550;0;NOSTRESS
138404420854;16687;"NEAR_P1";"INTERVAL";"PROBE";4;63;0x00001d2a;10;1938931;769702;429727;1092768;1133290;15;0;NOSTRESS
138404437545;16788;"NEAR_P1";"INTERVAL";"PROBE";4;63;0x00001d2a;10;1944379;771929;432124;1099661;1134508;478;0;NOSTRESS
138404454338;16693;"NEAR_P1";"INTERVAL";"PROBE";4;63;0x00001d2a;10;1940342;770004;429772;1092930;1134089;10;0;NOSTRESS
138404471035;16790;"NEAR_P1";"INTERVAL";"PROBE";4;63;0x00001d2a;10;1943949;772072;432139;1099667;1134156;477;0;NOSTRESS
138404487830;16671;"NEAR_P1";"INTERVAL";"PROBE";4;63;0x00001d2a;10;1936121;768702;429612;1092088;1131593;9;0;NOSTRESS
138404504506;16804;"NEAR_P1";"INTERVAL";"PROBE";4;63;0x00001d2a;10;1940603;770975;431921;1099082;1132165;475;0;NOSTRESS
138404521315;16795;"NEAR_P1";"INTERVAL";"PROBE";4;63;0x00001d2a;10;1940871;770986;431971;1098991;1132434;471;0;NOSTRESS
138404538114;16681;"NEAR_P1";"INTERVAL";"PROBE";4;63;0x00001d2a;10;1938383;769217;429617;1092206;1133242;21;0;NOSTRESS
138404554799;16793;"NEAR_P1";"INTERVAL";"PROBE";4;63;0x00001d2a;10;1941889;771486;432058;1099643;1132892;471;0;NOSTRESS
138404571596;16674;"NEAR_P1";"INTERVAL";"PROBE";4;63;0x00001d2a;10;1937312;768949;429648;1091962;1132385;18;0;NOSTRESS
138404588275;16779;"NEAR_P1";"INTERVAL";"PROBE";4;63;0x00001d2a;10;1942423;771487;432028;1099358;1133280;461;0;NOSTRESS
138404605058;16678;"NEAR_P1";"INTERVAL";"PROBE";4;63;0x00001d2a;10;1936682;769134;429613;1092240;1131810;19;0;NOSTRESS
138404621740;16776;"NEAR_P1";"INTERVAL";"PROBE";4;63;0x00001d2a;10;1941045;771174;432092;1099271;1131954;458;0;NOSTRESS
138404638521;16687;"NEAR_P1";"INTERVAL";"PROBE";4;63;0x00001d2a;10;1938314;769586;429751;1092704;1132806;20;0;NOSTRESS
138404655212;16832;"NEAR_P1";"INTERVAL";"PROBE";4;63;0x00001d2a;10;1943885;772305;433112;1102037;1133027;548;0;NOSTRESS
138404672049;16672;"NEAR_P1";"INTERVAL";"PROBE";4;63;0x00001d2a;10;1936403;768752;429581;1091856;1131940;23;0;NOSTRESS
138404688725;16775;"NEAR_P1";"INTERVAL";"PROBE";4;63;0x00001d2a;10;1941438;771120;431993;1099248;1132712;480;0;NOSTRESS
138404705521;32509;"TRAJ_R1";"INTERVAL";"PROBE";4;63;0x00001d2a;10;3393871;1387623;874679;2129328;2142372;552;0;NOSTRESS
138405969881;369726;"MAF";"INTERVAL";"PROBE";4;63;0x00001d2a;11;42426981;16891361;9547262;24196389;24924525;7155;0;NOSTRESS
138405969903;75;"SENS_C1";"INTERVAL";"PROBE";4;63;0x00001d2a;11;756;626;439;1047;0;110;0;NOSTRESS
138405969982;90;"LOC_C1";"INTERVAL";"PROBE";4;63;0x00001d2a;11;3800;1841;1242;3094;1837;154;0;NOSTRESS
138405970076;20;"LOC_C2";"INTERVAL";"PROBE";4;63;0x00001d2a;11;342;294;195;593;17;19;0;NOSTRESS
138405970102;93;"LOC_C3";"INTERVAL";"PROBE";4;63;0x00001d2a;11;8776;2392;1684;7604;3819;62;0;NOSTRESS
138405970200;22;"LOC_C4";"INTERVAL";"PROBE";4;63;0x00001d2a;11;342;281;209;586;0;30;0;NOSTRESS
138405970226;17018;"NEAR_P1";"INTERVAL";"PROBE";4;63;0x00001d2a;11;1947798;774171;432971;1104015;1134863;877;0;NOSTRESS
138405987249;16714;"NEAR_P1";"INTERVAL";"PROBE";4;63;0x00001d2a;11;1943704;771286;430023;1094151;1135685;17;0;NOSTRESS
138406003967;16847;"NEAR_P1";"INTERVAL";"PROBE";4;63;0x00001d2a;11;1943625;772143;432541;1101085;1133071;657;0;NOSTRESS
138406020819;16708;"NEAR_P1";"INTERVAL";"PROBE";4;63;0x00001d2a;11;1943112;771013;429926;1093494;1135487;17;0;NOSTRESS
138406037531;16819;"NEAR_P1";"INTERVAL";"PROBE";4;63;0x00001d2a;11;1944598;772214;432148;1099542;1134330;540;0;NOSTRESS
138406054354;16690;"NEAR_P1";"INTERVAL";"PROBE";4;63;0x00001d2a;11;1939967;770004;429756;1092725;1133675;9;0;NOSTRESS
138406071048;16796;"NEAR_P1";"INTERVAL";"PROBE";4;63;0x00001d2a;11;1945145;772401;432225;1099828;1134573;488;0;NOSTRESS
138406087848;16692;"NEAR_P1";"INTERVAL";"PROBE";4;63;0x00001d2a;11;1939756;770006;429797;1092916;1133490;9;0;NOSTRESS
138406104545;16807;"NEAR_P1";"INTERVAL";"PROBE";4;63;0x00001d2a;11;1947513;773184;432404;1100243;1135953;468;0;NOSTRESS
138406121356;16786;"NEAR_P1";"INTERVAL";"PROBE";4;63;0x00001d2a;11;1943057;771905;432184;1099411;1133272;461;0;NOSTRESS
138406138146;16691;"NEAR_P1";"INTERVAL";"PROBE";4;63;0x00001d2a;11;1940088;769978;429731;1092674;1133766;20;0;NOSTRESS
138406154841;16818;"NEAR_P1";"INTERVAL";"PROBE";4;63;0x00001d2a;11;1943412;771943;432156;1099340;1133534;453;0;NOSTRESS
138406171663;16692;"NEAR_P1";"INTERVAL";"PROBE";4;63;0x00001d2a;11;1940290;770161;429733;1092849;1133848;20;0;NOSTRESS
138406188360;16807;"NEAR_P1";"INTERVAL";"PROBE";4;63;0x00001d2a;11;1943535;772033;432126;1099711;1133575;455;0;NOSTRESS
138406205172;16697;"NEAR_P1";"INTERVAL";"PROBE";4;63;0x00001d2a;11;1941458;770478;429831;1092998;1134434;19;0;NOSTRESS
138406221873;16793;"NEAR_P1";"INTERVAL";"PROBE";4;63;0x00001d2a;11;1944667;772335;432297;1099857;1134190;462;0;NOSTRESS
138406238670;16697;"NEAR_P1";"INTERVAL";"PROBE";4;63;0x00001d2a;11;1940994;770363;429826;1093100;1134234;19;0;NOSTRESS
138406255372;16787;"NEAR_P1";"INTERVAL";"PROBE";4;63;0x00001d2a;11;1944462;772147;432154;1099576;1134204;465;0;NOSTRESS
138406272163;16698;"NEAR_P1";"INTERVAL";"PROBE";4;63;0x00001d2a;11;1941236;770330;429830;1092914;1134483;18;0;NOSTRESS
138406288865;16798;"NEAR_P1";"INTERVAL";"PROBE";4;63;0x00001d2a;11;1945272;772497;432249;1099890;1134644;468;0;NOSTRESS
138406305668;33934;"TRAJ_R1";"INTERVAL";"PROBE";4;63;0x00001d2a;11;3539672;1448260;913551;2223927;2233541;631;0;NOSTRESS
138407569897;371224;"MAF";"INTERVAL";"PROBE";4;63;0x00001d2a;12;42528590;16940011;9584597;24286915;24992372;7243;0;NOSTRESS
138407569919;81;"SENS_C1";"INTERVAL";"PROBE";4;63;0x00001d2a;12;754;628;439;1044;0;119;0;NOSTRESS
138407570004;90;"LOC_C1";"INTERVAL";"PROBE";4;63;0x00001d2a;12;3777;1850;1244;3142;1821;156;0;NOSTRESS
138407570099;18;"LOC_C2";"INTERVAL";"PROBE";4;63;0x00001d2a;12;344;292;195;592;17;19;0;NOSTRESS
138407570123;93;"LOC_C3";"INTERVAL";"PROBE";4;63;0x00001d2a;12;8876;2414;1703;7654;3877;60;0;NOSTRESS
138407570220;25;"LOC_C4";"INTERVAL";"PROBE";4;63;0x00001d2a;12;338;272;209;571;0;27;0;NOSTRESS
138407570249;16931;"NEAR_P1";"INTERVAL";"PROBE";4;63;0x00001d2a;12;1940766;771742;432619;1102291;1130833;793;0;NOSTRESS
138407587184;16704;"NEAR_P1";"INTERVAL";"PROBE";4;63;0x00001d2a;12;1940448;770197;429918;1093651;1133748;15;0;NOSTRESS
138407603892;16811;"NEAR_P1";"INTERVAL";"PROBE";4;63;0x00001d2a;12;1939964;770782;432003;1098941;1131477;457;0;NOSTRESS
138407620707;16685;"NEAR_P1";"INTERVAL";"PROBE";4;63;0x00001d2a;12;1937383;769243;429675;1092634;1132243;13;0;NOSTRESS
138407637396;16985;"NEAR_P1";"INTERVAL";"PROBE";4;63;0x00001d2a;12;1943547;772177;432162;1099948;1133585;632;0;NOSTRESS
138407654385;16696;"NEAR_P1";"INTERVAL";"PROBE";4;63;0x00001d2a;12;1939254;770130;429768;1093110;1133259;9;0;NOSTRESS
138407671085;16848;"NEAR_P1";"INTERVAL";"PROBE";4;63;0x00001d2a;12;1944349;772540;432651;1101413;1133642;617;0;NOSTRESS
138407687938;16696;"NEAR_P1";"INTERVAL";"PROBE";4;63;0x00001d2a;12;1940144;770165;429741;1093191;1133803;9;0;NOSTRESS
138407704638;16800;"NEAR_P1";"INTERVAL";"PROBE";4;63;0x00001d2a;12;1944212;772218;432190;1099768;1134139;513;0;NOSTRESS
138407721442;16798;"NEAR_P1";"INTERVAL";"PROBE";4;63;0x00001d2a;12;1941596;771510;432076;1099300;1132554;472;0;NOSTRESS
138407738244;16701;"NEAR_P1";"INTERVAL";"PROBE";4;63;0x00001d2a;12;1940360;770442;429760;1093315;1133821;19;0;NOSTRESS
138407754950;16802;"NEAR_P1";"INTERVAL";"PROBE";4;63;0x00001d2a;12;1945261;772786;432274;1100434;1134547;460;0;NOSTRESS
138407771756;16681;"NEAR_P1";"INTERVAL";"PROBE";4;63;0x00001d2a;12;1936655;769240;429676;1092321;1131656;19;0;NOSTRESS
138407788441;16778;"NEAR_P1";"INTERVAL";"PROBE";4;63;0x00001d2a;12;1940932;771367;432101;1099306;1132079;466;0;NOSTRESS
138407805223;16686;"NEAR_P1";"INTERVAL";"PROBE";4;63;0x00001d2a;12;1937498;769504;429640;1092717;1132215;18;0;NOSTRESS
138407821913;16832;"NEAR_P1";"INTERVAL";"PROBE";4;63;0x00001d2a;12;1943547;772109;432215;1099903;1133646;416;0;NOSTRESS
138407838749;16689;"NEAR_P1";"INTERVAL";"PROBE";4;63;0x00001d2a;12;1938804;769781;429739;1092732;1132953;17;0;NOSTRESS
138407855442;16812;"NEAR_P1";"INTERVAL";"PROBE";4;63;0x00001d2a;12;1942024;771636;432066;1099575;1132876;468;0;NOSTRESS
138407872258;16694;"NEAR_P1";"INTERVAL";"PROBE";4;63;0x00001d2a;12;1939284;769915;429719;1093021;1133254;20;0;NOSTRESS
138407888956;16798;"NEAR_P1";"INTERVAL";"PROBE";4;63;0x00001d2a;12;1941752;771613;432165;1099624;1132632;465;0;NOSTRESS
138407905775;35341;"TRAJ_R1";"INTERVAL";"PROBE";4;63;0x00001d2a;12;3686458;1508070;952167;2316293;2327695;553;0;NOSTRESS
138409169913;372543;"MAF";"INTERVAL";"PROBE";4;63;0x00001d2a;13;42686291;17002178;9622893;24380621;25094516;6882;0;NOSTRESS
138409169935;81;"SENS_C1";"INTERVAL";"PROBE";4;63;0x00001d2a;13;776;634;440;1085;0;120;0;NOSTRESS
138409170021;87;"LOC_C1";"INTERVAL";"PROBE";4;63;0x00001d2a;13;3669;1803;1238;3097;1747;155;0;NOSTRESS
138409170112;19;"LOC_C2";"INTERVAL";"PROBE";4;63;0x00001d2a;13;348;299;197;601;17;21;0;NOSTRESS
138409170136;91;"LOC_C3";"INTERVAL";"PROBE";4;63;0x00001d2a;13;8763;2405;1697;7609;3788;61;0;NOSTRESS
138409170231;22;"LOC_C4";"INTERVAL";"PROBE";4;63;0x00001d2a;13;336;276;209;578;0;28;0;NOSTRESS
138409170258;16971;"NEAR_P1";"INTERVAL";"PROBE";4;63;0x00001d2a;13;1944754;773290;432812;1103394;1132968;762;0;NOSTRESS
138409187233;16696;"NEAR_P1";"INTERVAL";"PROBE";4;63;0x00001d2a;13;1938416;769772;429723;1093382;1132726;18;0;NOSTRESS
138409203933;16834;"NEAR_P1";"INTERVAL";"PROBE";4;63;0x00001d2a;13;1941618;771753;432101;1099873;1132517;558;0;NOSTRESS
138409220771;16684;"NEAR_P1";"INTERVAL";"PROBE";4;63;0x00001d2a;13;1936725;769188;429661;1092579;1131721;13;0;NOSTRESS
138409237460;16800;"NEAR_P1";"INTERVAL";"PROBE";4;63;0x00001d2a;13;1944651;772317;432227;1100236;1134475;487;0;NOSTRESS
138409254264;16703;"NEAR_P1";"INTERVAL";"PROBE";4;63;0x00001d2a;13;1941455;770561;429884;1093484;1134558;8;0;NOSTRESS
138409270972;16812;"NEAR_P1";"INTERVAL";"PROBE";4;63;0x00001d2a;13;1940688;770910;431979;1098871;1132144;424;0;NOSTRESS
138409287789;16694;"NEAR_P1";"INTERVAL";"PROBE";4;63;0x00001d2a;13;1939798;769946;429769;1093045;1133758;9;0;NOSTRESS
138409304487;16816;"NEAR_P1";"INTERVAL";"PROBE";4;63;0x00001d2a;13;1943318;771799;432152;1099492;1133714;475;0;NOSTRESS
138409321307;16837;"NEAR_P1";"INTERVAL";"PROBE";4;63;0x00001d2a;13;1946158;772863;432646;1101582;1134881;592;0;NOSTRESS
138409338148;16684;"NEAR_P1";"INTERVAL";"PROBE";4;63;0x00001d2a;13;1936656;769164;429572;1092367;1131847;20;0;NOSTRESS
138409354836;16789;"NEAR_P1";"INTERVAL";"PROBE";4;63;0x00001d2a;13;1942818;771787;432061;1099444;1133326;495;0;NOSTRESS
138409371629;16688;"NEAR_P1";"INTERVAL";"PROBE";4;63;0x00001d2a;13;1938894;769645;429703;1092564;1133086;20;0;NOSTRESS
138409388321;16784;"NEAR_P1";"INTERVAL";"PROBE";4;63;0x00001d2a;13;1943221;771681;432041;1099387;1133859;470;0;NOSTRESS
138409405109;16681;"NEAR_P1";"INTERVAL";"PROBE";4;63;0x00001d2a;13;1937235;769104;429603;1092359;1132201;20;0;NOSTRESS
138409421794;16794;"NEAR_P1";"INTERVAL";"PROBE";4;63;0x00001d2a;13;1944441;772281;432175;1100073;1134285;467;0;NOSTRESS
138409438592;16697;"NEAR_P1";"INTERVAL";"PROBE";4;63;0x00001d2a;13;1939979;770190;429743;1093061;1133791;20;0;NOSTRESS
138409455294;16791;"NEAR_P1";"INTERVAL";"PROBE";4;63;0x00001d2a;13;1944301;772083;432098;1099742;1134179;458;0;NOSTRESS
138409472089;16694;"NEAR_P1";"INTERVAL";"PROBE";4;63;0x00001d2a;13;1939683;769942;429699;1092864;1133700;19;0;NOSTRESS
138409488787;16827;"NEAR_P1";"INTERVAL";"PROBE";4;63;0x00001d2a;13;1943922;771930;432132;1099563;1134237;410;0;NOSTRESS
138409505647;36804;"TRAJ_R1";"INTERVAL";"PROBE";4;63;0x00001d2a;13;3834082;1569478;991293;2411089;2420991;547;0;NOSTRESS
138410769895;374417;"MAF";"INTERVAL";"PROBE";4;63;0x00001d2a;14;42848295;17078437;9665115;24493234;25188112;7266;0;NOSTRESS
138410769915;83;"SENS_C1";"INTERVAL";"PROBE";4;63;0x00001d2a;14;783;623;446;1097;0;112;0;NOSTRESS
138410770004;88;"LOC_C1";"INTERVAL";"PROBE";4;63;0x00001d2a;14;3748;1847;1250;3127;1800;154;0;NOSTRESS
138410770096;19;"LOC_C2";"INTERVAL";"PROBE";4;63;0x00001d2a;14;344;292;195;592;17;20;0;NOSTRESS
138410770121;93;"LOC_C3";"INTERVAL";"PROBE";4;63;0x00001d2a;14;8901;2449;1708;7664;3870;61;0;NOSTRESS
138410770219;22;"LOC_C4";"INTERVAL";"PROBE";4;63;0x00001d2a;14;344;277;211;583;0;27;0;NOSTRESS
138410770245;16971;"NEAR_P1";"INTERVAL";"PROBE";4;63;0x00001d2a;14;1942618;773043;432813;1103458;1131608;764;0;NOSTRESS
138410787221;16710;"NEAR_P1";"INTERVAL";"PROBE";4;63;0x00001d2a;14;1939538;770614;429937;1094095;1132921;15;0;NOSTRESS
138410803935;16815;"NEAR_P1";"INTERVAL";"PROBE";4;63;0x00001d2a;14;1943877;772761;432358;1101054;1133431;516;0;NOSTRESS
138410820754;16705;"NEAR_P1";"INTERVAL";"PROBE";4;63;0x00001d2a;14;1938290;770165;429838;1093608;1132401;15;0;NOSTRESS
138410837463;16832;"NEAR_P1";"INTERVAL";"PROBE";4;63;0x00001d2a;14;1942378;772156;432119;1100255;1132782;479;0;NOSTRESS
138410854300;16704;"NEAR_P1";"INTERVAL";"PROBE";4;63;0x00001d2a;14;1939142;770279;429850;1093574;1133044;9;0;NOSTRESS
138410871009;16824;"NEAR_P1";"INTERVAL";"PROBE";4;63;0x00001d2a;14;1943415;772422;432276;1100290;1133363;472;0;NOSTRESS
138410887837;16706;"NEAR_P1";"INTERVAL";"PROBE";4;63;0x00001d2a;14;1939169;770363;429842;1093740;1132964;8;0;NOSTRESS
138410904547;16797;"NEAR_P1";"INTERVAL";"PROBE";4;63;0x00001d2a;14;1940483;771667;432201;1099905;1131528;478;0;NOSTRESS
138410921349;16829;"NEAR_P1";"INTERVAL";"PROBE";4;63;0x00001d2a;14;1942696;772203;432165;1100114;1133088;465;0;NOSTRESS
138410938182;16714;"NEAR_P1";"INTERVAL";"PROBE";4;63;0x00001d2a;14;1940839;770784;429952;1093809;1134025;18;0;NOSTRESS
138410954900;16843;"NEAR_P1";"INTERVAL";"PROBE";4;63;0x00001d2a;14;1943819;772626;432272;1100505;1133584;458;0;NOSTRESS
138410971747;16701;"NEAR_P1";"INTERVAL";"PROBE";4;63;0x00001d2a;14;1938522;770081;429837;1093223;1132655;19;0;NOSTRESS
138410988452;16824;"NEAR_P1";"INTERVAL";"PROBE";4;63;0x00001d2a;14;1943730;772706;432707;1101907;1132937;587;0;NOSTRESS
138411005281;16840;"NEAR_P1";"INTERVAL";"PROBE";4;63;0x00001d2a;14;1936470;769671;429753;1093165;1131173;46;0;NOSTRESS
138411022125;16817;"NEAR_P1";"INTERVAL";"PROBE";4;63;0x00001d2a;14;1943514;772467;432341;1100415;1133322;600;0;NOSTRESS
138411038947;16707;"NEAR_P1";"INTERVAL";"PROBE";4;63;0x00001d2a;14;1939836;770492;429886;1093464;1133308;18;0;NOSTRESS
138411055658;16807;"NEAR_P1";"INTERVAL";"PROBE";4;63;0x00001d2a;14;1943135;772546;432362;1100849;1133054;465;0;NOSTRESS
138411072469;16712;"NEAR_P1";"INTERVAL";"PROBE";4;63;0x00001d2a;14;1940487;770675;429896;1093833;1133636;19;0;NOSTRESS
138411089185;16797;"NEAR_P1";"INTERVAL";"PROBE";4;63;0x00001d2a;14;1942004;772006;432249;1100149;1132428;466;0;NOSTRESS
138411106004;38304;"TRAJ_R1";"INTERVAL";"PROBE";4;63;0x00001d2a;14;3999992;1635813;1030156;2508279;2525173;548;0;NOSTRESS
138412369876;375573;"MAF";"INTERVAL";"PROBE";4;63;0x00001d2a;15;43039664;17141878;9703393;24583698;25315743;6953;0;NOSTRESS
138412369897;81;"SENS_C1";"INTERVAL";"PROBE";4;63;0x00001d2a;15;805;646;441;1121;0;117;0;NOSTRESS
138412369983;97;"LOC_C1";"INTERVAL";"PROBE";4;63;0x00001d2a;15;3863;1867;1253;3152;1841;161;0;NOSTRESS
138412370084;22;"LOC_C2";"INTERVAL";"PROBE";4;63;0x00001d2a;15;342;292;195;591;17;20;0;NOSTRESS
138412370112;97;"LOC_C3";"INTERVAL";"PROBE";4;63;0x00001d2a;15;8896;2427;1712;7690;3861;60;0;NOSTRESS
138412370213;22;"LOC_C4";"INTERVAL";"PROBE";4;63;0x00001d2a;15;336;272;207;570;0;28;0;NOSTRESS
138412370239;16969;"NEAR_P1";"INTERVAL";"PROBE";4;63;0x00001d2a;15;1946031;773607;432992;1103742;1133709;749;0;NOSTRESS
138412387213;16718;"NEAR_P1";"INTERVAL";"PROBE";4;63;0x00001d2a;15;1943376;771298;430151;1094700;1135372;13;0;NOSTRESS
138412403935;16814;"NEAR_P1";"INTERVAL";"PROBE";4;63;0x00001d2a;15;1941989;771496;432290;1100171;1132464;529;0;NOSTRESS
138412420753;16710;"NEAR_P1";"INTERVAL";"PROBE";4;63;0x00001d2a;15;1942454;770908;430015;1094027;1135057;15;0;NOSTRESS
138412437467;16796;"NEAR_P1";"INTERVAL";"PROBE";4;63;0x00001d2a;15;1944490;772191;432319;1100147;1134223;495;0;NOSTRESS
138412454267;16695;"NEAR_P1";"INTERVAL";"PROBE";4;63;0x00001d2a;15;1941108;770270;429836;1093410;1134582;10;0;NOSTRESS
138412470966;16810;"NEAR_P1";"INTERVAL";"PROBE";4;63;0x00001d2a;15;1944972;772488;432297;1100347;1134664;483;0;NOSTRESS
138412487780;16702;"NEAR_P1";"INTERVAL";"PROBE";4;63;0x00001d2a;15;1940954;770415;429875;1093479;1134573;8;0;NOSTRESS
138412504486;16819;"NEAR_P1";"INTERVAL";"PROBE";4;63;0x00001d2a;15;1945419;772532;432262;1100107;1135129;483;0;NOSTRESS
138412521309;16817;"NEAR_P1";"INTERVAL";"PROBE";4;63;0x00001d2a;15;1944154;772376;432273;1100271;1134232;460;0;NOSTRESS
138412538130;16694;"NEAR_P1";"INTERVAL";"PROBE";4;63;0x00001d2a;15;1939314;769984;429829;1093031;1133527;18;0;NOSTRESS
138412554828;16795;"NEAR_P1";"INTERVAL";"PROBE";4;63;0x00001d2a;15;1944254;772170;432363;1100041;1134337;458;0;NOSTRESS
138412571627;16698;"NEAR_P1";"INTERVAL";"PROBE";4;63;0x00001d2a;15;1940300;770249;429896;1093277;1134177;18;0;NOSTRESS
138412588329;16805;"NEAR_P1";"INTERVAL";"PROBE";4;63;0x00001d2a;15;1942400;771707;432101;1099759;1133197;458;0;NOSTRESS
138412605139;16691;"NEAR_P1";"INTERVAL";"PROBE";4;63;0x00001d2a;15;1939231;769864;429777;1093127;1133402;18;0;NOSTRESS
138412621834;16812;"NEAR_P1";"INTERVAL";"PROBE";4;63;0x00001d2a;15;1943530;772150;432239;1100010;1133880;457;0;NOSTRESS
138412638650;16697;"NEAR_P1";"INTERVAL";"PROBE";4;63;0x00001d2a;15;1939936;770099;429872;1093336;1133689;19;0;NOSTRESS
138412655351;16832;"NEAR_P1";"INTERVAL";"PROBE";4;63;0x00001d2a;15;1947841;773534;432790;1102377;1135918;599;0;NOSTRESS
138412672188;16705;"NEAR_P1";"INTERVAL";"PROBE";4;63;0x00001d2a;15;1941781;770707;429912;1093631;1135031;22;0;NOSTRESS
138412688897;16804;"NEAR_P1";"INTERVAL";"PROBE";4;63;0x00001d2a;15;1945440;772651;432343;1100581;1134923;498;0;NOSTRESS
138412705706;39738;"TRAJ_R1";"INTERVAL";"PROBE";4;63;0x00001d2a;15;4156864;1698581;1068113;2601714;2623938;543;0;NOSTRESS
138413969858;376601;"MAF";"INTERVAL";"PROBE";4;63;0x00001d2a;16;43132008;17181832;9736736;24655733;25375612;6788;0;NOSTRESS
138413969880;87;"SENS_C1";"INTERVAL";"PROBE";4;63;0x00001d2a;16;755;640;438;1033;0;113;0;NOSTRESS
138413969971;94;"LOC_C1";"INTERVAL";"PROBE";4;63;0x00001d2a;16;3820;1854;1238;3094;1841;158;0;NOSTRESS
138413970070;21;"LOC_C2";"INTERVAL";"PROBE";4;63;0x00001d2a;16;349;293;195;601;17;17;0;NOSTRESS
138413970096;90;"LOC_C3";"INTERVAL";"PROBE";4;63;0x00001d2a;16;8811;2394;1702;7659;3809;63;0;NOSTRESS
138413970191;24;"LOC_C4";"INTERVAL";"PROBE";4;63;0x00001d2a;16;351;280;212;601;0;27;0;NOSTRESS
138413970219;16964;"NEAR_P1";"INTERVAL";"PROBE";4;63;0x00001d2a;16;1944840;773075;432898;1103180;1133326;749;0;NOSTRESS
138413987188;16697;"NEAR_P1";"INTERVAL";"PROBE";4;63;0x00001d2a;16;1940026;770211;429967;1093903;1133430;9;0;NOSTRESS
138414003889;16806;"NEAR_P1";"INTERVAL";"PROBE";4;63;0x00001d2a;16;1942807;771610;432262;1099691;1133258;532;0;NOSTRESS
138414020699;16696;"NEAR_P1";"INTERVAL";"PROBE";4;63;0x00001d2a;16;1940908;770149;429891;1093460;1134356;14;0;NOSTRESS
138414037399;16816;"NEAR_P1";"INTERVAL";"PROBE";4;63;0x00001d2a;16;1943027;771638;432148;1099457;1133578;483;0;NOSTRESS
138414054219;16684;"NEAR_P1";"INTERVAL";"PROBE";4;63;0x00001d2a;16;1938732;769634;429839;1092795;1133121;10;0;NOSTRESS
138414070907;16819;"NEAR_P1";"INTERVAL";"PROBE";4;63;0x00001d2a;16;1945226;772645;432313;1100534;1134789;479;0;NOSTRESS
138414087730;16688;"NEAR_P1";"INTERVAL";"PROBE";4;63;0x00001d2a;16;1939294;769793;429886;1093014;1133389;7;0;NOSTRESS
138414104423;16788;"NEAR_P1";"INTERVAL";"PROBE";4;63;0x00001d2a;16;1943479;771833;432266;1099902;1133818;479;0;NOSTRESS
138414121216;16793;"NEAR_P1";"INTERVAL";"PROBE";4;63;0x00001d2a;16;1944620;772351;432325;1100108;1134480;466;0;NOSTRESS
138414138013;16695;"NEAR_P1";"INTERVAL";"PROBE";4;63;0x00001d2a;16;1938896;769898;429923;1093393;1132983;19;0;NOSTRESS
138414154713;16798;"NEAR_P1";"INTERVAL";"PROBE";4;63;0x00001d2a;16;1942041;771474;432201;1099316;1132905;460;0;NOSTRESS
138414171515;16691;"NEAR_P1";"INTERVAL";"PROBE";4;63;0x00001d2a;16;1939148;769840;429853;1093185;1133312;19;0;NOSTRESS
138414188210;16802;"NEAR_P1";"INTERVAL";"PROBE";4;63;0x00001d2a;16;1941829;771412;432235;1099648;1132762;462;0;NOSTRESS
138414205017;16686;"NEAR_P1";"INTERVAL";"PROBE";4;63;0x00001d2a;16;1937829;769355;429819;1092798;1132548;18;0;NOSTRESS
138414221707;16788;"NEAR_P1";"INTERVAL";"PROBE";4;63;0x00001d2a;16;1941196;771156;432187;1099381;1132373;473;0;NOSTRESS
138414238500;16682;"NEAR_P1";"INTERVAL";"PROBE";4;63;0x00001d2a;16;1937351;769242;429843;1092688;1132134;20;0;NOSTRESS
138414255186;16798;"NEAR_P1";"INTERVAL";"PROBE";4;63;0x00001d2a;16;1942038;771591;432253;1099846;1132888;469;0;NOSTRESS
138414271988;16680;"NEAR_P1";"INTERVAL";"PROBE";4;63;0x00001d2a;16;1937389;769189;429772;1092545;1132300;18;0;NOSTRESS
138414288672;16781;"NEAR_P1";"INTERVAL";"PROBE";4;63;0x00001d2a;16;1941426;771209;432227;1099474;1132411;472;0;NOSTRESS
138414305458;40997;"TRAJ_R1";"INTERVAL";"PROBE";4;63;0x00001d2a;16;4286230;1751990;1102804;2685215;2705784;546;0;NOSTRESS
138415569861;377881;"MAF";"INTERVAL";"PROBE";4;63;0x00001d2a;17;43213403;17221117;9768542;24723440;25425245;6915;0;NOSTRESS
138415569882;84;"SENS_C1";"INTERVAL";"PROBE";4;63;0x00001d2a;17;755;626;437;1035;0;113;0;NOSTRESS
138415569971;94;"LOC_C1";"INTERVAL";"PROBE";4;63;0x00001d2a;17;3653;1787;1240;3041;1747;153;0;NOSTRESS
138415570069;155;"LOC_C2";"INTERVAL";"PROBE";4;63;0x00001d2a;17;343;296;197;599;17;28;0;NOSTRESS
138415570230;97;"LOC_C3";"INTERVAL";"PROBE";4;63;0x00001d2a;17;8934;2471;1721;7708;3877;66;0;NOSTRESS
138415570331;26;"LOC_C4";"INTERVAL";"PROBE";4;63;0x00001d2a;17;343;278;210;585;0;30;0;NOSTRESS
138415570361;16962;"NEAR_P1";"INTERVAL";"PROBE";4;63;0x00001d2a;17;1943987;772869;432766;1102218;1132867;829;0;NOSTRESS
138415587328;16684;"NEAR_P1";"INTERVAL";"PROBE";4;63;0x00001d2a;17;1936765;769162;429873;1092950;1131494;14;0;NOSTRESS
138415604016;16803;"NEAR_P1";"INTERVAL";"PROBE";4;63;0x00001d2a;17;1941357;771249;432316;1099694;1132132;502;0;NOSTRESS
138415620823;16677;"NEAR_P1";"INTERVAL";"PROBE";4;63;0x00001d2a;17;1935455;768724;429793;1092257;1131000;16;0;NOSTRESS
138415637505;16806;"NEAR_P1";"INTERVAL";"PROBE";4;63;0x00001d2a;17;1942530;771726;432361;1099686;1133064;488;0;NOSTRESS
138415654315;16688;"NEAR_P1";"INTERVAL";"PROBE";4;63;0x00001d2a;17;1937368;769505;429870;1092782;1132041;10;0;NOSTRESS
138415671007;16783;"NEAR_P1";"INTERVAL";"PROBE";4;63;0x00001d2a;17;1941051;771324;432221;1099423;1132280;482;0;NOSTRESS
138415687794;16674;"NEAR_P1";"INTERVAL";"PROBE";4;63;0x00001d2a;17;1935671;768688;429785;1092123;1131200;9;0;NOSTRESS
138415704472;16818;"NEAR_P1";"INTERVAL";"PROBE";4;63;0x00001d2a;17;1940789;771190;432284;1099269;1131909;420;0;NOSTRESS
138415721294;16822;"NEAR_P1";"INTERVAL";"PROBE";4;63;0x00001d2a;17;1940419;770951;432258;1099136;1131694;466;0;NOSTRESS
138415738120;16679;"NEAR_P1";"INTERVAL";"PROBE";4;63;0x00001d2a;17;1935135;768728;429813;1092325;1130632;19;0;NOSTRESS
138415754803;16795;"NEAR_P1";"INTERVAL";"PROBE";4;63;0x00001d2a;17;1943046;771942;432443;1100055;1133107;454;0;NOSTRESS
138415771602;16687;"NEAR_P1";"INTERVAL";"PROBE";4;63;0x00001d2a;17;1938073;769586;429829;1092543;1132610;18;0;NOSTRESS
138415788293;16777;"NEAR_P1";"INTERVAL";"PROBE";4;63;0x00001d2a;17;1940779;771114;432232;1099288;1132026;464;0;NOSTRESS
138415805075;16688;"NEAR_P1";"INTERVAL";"PROBE";4;63;0x00001d2a;17;1938540;769598;429822;1092694;1132835;18;0;NOSTRESS
138415821767;16784;"NEAR_P1";"INTERVAL";"PROBE";4;63;0x00001d2a;17;1941930;771553;432238;1099504;1132856;458;0;NOSTRESS
138415838555;16686;"NEAR_P1";"INTERVAL";"PROBE";4;63;0x00001d2a;17;1937554;769356;429852;1092585;1132294;20;0;NOSTRESS
138415855245;16808;"NEAR_P1";"INTERVAL";"PROBE";4;63;0x00001d2a;17;1939433;770678;432156;1098921;1131215;405;0;NOSTRESS
138415872057;16674;"NEAR_P1";"INTERVAL";"PROBE";4;63;0x00001d2a;17;1934619;768525;429771;1092100;1130195;17;0;NOSTRESS
138415888735;16813;"NEAR_P1";"INTERVAL";"PROBE";4;63;0x00001d2a;17;1941554;771478;432272;1099530;1132289;465;0;NOSTRESS
138415905570;42167;"TRAJ_R1";"INTERVAL";"PROBE";4;63;0x00001d2a;17;4403088;1800321;1134289;2760927;2779864;537;0;NOSTRESS
138417169844;378660;"MAF";"INTERVAL";"PROBE";4;63;0x00001d2a;18;43303111;17262367;9796531;24796834;25484035;6714;0;NOSTRESS
138417169862;79;"SENS_C1";"INTERVAL";"PROBE";4;63;0x00001d2a;18;732;616;436;1012;0;114;0;NOSTRESS
138417169945;101;"LOC_C1";"INTERVAL";"PROBE";4;63;0x00001d2a;18;3765;1830;1243;3083;1809;154;0;NOSTRESS
138417170051;18;"LOC_C2";"INTERVAL";"PROBE";4;63;0x00001d2a;18;348;298;197;601;17;20;0;NOSTRESS
138417170073;100;"LOC_C3";"INTERVAL";"PROBE";4;63;0x00001d2a;18;8931;2441;1706;7705;3881;60;0;NOSTRESS
138417170177;23;"LOC_C4";"INTERVAL";"PROBE";4;63;0x00001d2a;18;338;279;210;581;0;29;0;NOSTRESS
138417170204;16969;"NEAR_P1";"INTERVAL";"PROBE";4;63;0x00001d2a;18;1943949;772981;432846;1102628;1132680;824;0;NOSTRESS
138417187178;16690;"NEAR_P1";"INTERVAL";"PROBE";4;63;0x00001d2a;18;1936666;769456;429975;1093703;1131636;16;0;NOSTRESS
138417203872;16788;"NEAR_P1";"INTERVAL";"PROBE";4;63;0x00001d2a;18;1940492;771258;432379;1100262;1131720;498;0;NOSTRESS
138417220665;16674;"NEAR_P1";"INTERVAL";"PROBE";4;63;0x00001d2a;18;1934945;768584;429865;1092646;1130751;16;0;NOSTRESS
138417237343;16780;"NEAR_P1";"INTERVAL";"PROBE";4;63;0x00001d2a;18;1940015;771196;432307;1099950;1131571;471;0;NOSTRESS
138417254127;16679;"NEAR_P1";"INTERVAL";"PROBE";4;63;0x00001d2a;18;1936187;768942;429895;1092890;1131545;9;0;NOSTRESS
138417270811;16782;"NEAR_P1";"INTERVAL";"PROBE";4;63;0x00001d2a;18;1940885;771322;432295;1099818;1132226;477;0;NOSTRESS
138417287597;16686;"NEAR_P1";"INTERVAL";"PROBE";4;63;0x00001d2a;18;1936842;769319;429995;1093163;1131906;7;0;NOSTRESS
138417304287;16780;"NEAR_P1";"INTERVAL";"PROBE";4;63;0x00001d2a;18;1937296;770158;432190;1098808;1130114;476;0;NOSTRESS
138417321071;16789;"NEAR_P1";"INTERVAL";"PROBE";4;63;0x00001d2a;18;1939422;770830;432259;1099443;1131392;458;0;NOSTRESS
138417337865;16676;"NEAR_P1";"INTERVAL";"PROBE";4;63;0x00001d2a;18;1935567;768677;429841;1092617;1131164;19;0;NOSTRESS
138417354546;16803;"NEAR_P1";"INTERVAL";"PROBE";4;63;0x00001d2a;18;1938648;770416;432208;1099181;1130949;448;0;NOSTRESS
138417371353;16677;"NEAR_P1";"INTERVAL";"PROBE";4;63;0x00001d2a;18;1934186;768474;429934;1092571;1130153;19;0;NOSTRESS
138417388034;16797;"NEAR_P1";"INTERVAL";"PROBE";4;63;0x00001d2a;18;1938998;770823;432280;1099577;1130945;463;0;NOSTRESS
138417404835;16690;"NEAR_P1";"INTERVAL";"PROBE";4;63;0x00001d2a;18;1936774;769278;429978;1093275;1131722;20;0;NOSTRESS
138417421529;16793;"NEAR_P1";"INTERVAL";"PROBE";4;63;0x00001d2a;18;1942162;771821;432559;1100520;1132703;461;0;NOSTRESS
138417438326;16696;"NEAR_P1";"INTERVAL";"PROBE";4;63;0x00001d2a;18;1937925;769677;430053;1093511;1132396;20;0;NOSTRESS
138417455026;16789;"NEAR_P1";"INTERVAL";"PROBE";4;63;0x00001d2a;18;1941583;771729;432424;1100321;1132391;462;0;NOSTRESS
138417471820;16685;"NEAR_P1";"INTERVAL";"PROBE";4;63;0x00001d2a;18;1935887;769192;429995;1093124;1131180;19;0;NOSTRESS
138417488509;16779;"NEAR_P1";"INTERVAL";"PROBE";4;63;0x00001d2a;18;1940187;771226;432394;1099863;1131593;462;0;NOSTRESS
138417505293;43207;"TRAJ_R1";"INTERVAL";"PROBE";4;63;0x00001d2a;18;4510814;1844442;1161027;2826753;2847591;472;0;NOSTRESS
138418769901;379330;"MAF";"INTERVAL";"PROBE";4;63;0x00001d2a;19;43332214;17276131;9816707;24835848;25494930;7392;0;NOSTRESS
138418769919;81;"SENS_C1";"INTERVAL";"PROBE";4;63;0x00001d2a;19;757;622;438;1045;0;110;0;NOSTRESS
138418770005;96;"LOC_C1";"INTERVAL";"PROBE";4;63;0x00001d2a;19;3876;1868;1241;3116;1866;155;0;NOSTRESS
138418770105;22;"LOC_C2";"INTERVAL";"PROBE";4;63;0x00001d2a;19;344;292;195;592;17;20;0;NOSTRESS
138418770131;94;"LOC_C3";"INTERVAL";"PROBE";4;63;0x00001d2a;19;8913;2456;1710;7679;3876;62;0;NOSTRESS
138418770229;24;"LOC_C4";"INTERVAL";"PROBE";4;63;0x00001d2a;19;338;276;208;576;0;30;0;NOSTRESS
138418770257;16950;"NEAR_P1";"INTERVAL";"PROBE";4;63;0x00001d2a;19;1939494;771686;433014;1102656;1129558;790;0;NOSTRESS
138418787211;16678;"NEAR_P1";"INTERVAL";"PROBE";4;63;0x00001d2a;19;1935164;768575;429894;1092964;1130297;16;0;NOSTRESS
138418803893;16832;"NEAR_P1";"INTERVAL";"PROBE";4;63;0x00001d2a;19;1941372;771730;433303;1102536;1130936;609;0;NOSTRESS
138418820729;16674;"NEAR_P1";"INTERVAL";"PROBE";4;63;0x00001d2a;19;1934418;768450;429894;1092694;1129992;12;0;NOSTRESS
138418837407;16778;"NEAR_P1";"INTERVAL";"PROBE";4;63;0x00001d2a;19;1939161;770682;432309;1099600;1130662;500;0;NOSTRESS
138418854189;16681;"NEAR_P1";"INTERVAL";"PROBE";4;63;0x00001d2a;19;1935915;768864;430016;1092831;1130982;11;0;NOSTRESS
138418870874;16764;"NEAR_P1";"INTERVAL";"PROBE";4;63;0x00001d2a;19;1937044;769968;432278;1098924;1129423;472;0;NOSTRESS
138418887642;16836;"NEAR_P1";"INTERVAL";"PROBE";4;63;0x00001d2a;19;1934857;768535;429906;1092591;1130363;36;0;NOSTRESS
138418904482;16771;"NEAR_P1";"INTERVAL";"PROBE";4;63;0x00001d2a;19;1936789;769880;432253;1098826;1129378;577;0;NOSTRESS
138418921257;16795;"NEAR_P1";"INTERVAL";"PROBE";4;63;0x00001d2a;19;1937779;770230;432376;1099664;1129829;520;0;NOSTRESS
138418938056;16667;"NEAR_P1";"INTERVAL";"PROBE";4;63;0x00001d2a;19;1933048;767932;429851;1092002;1129218;19;0;NOSTRESS
138418954728;16792;"NEAR_P1";"INTERVAL";"PROBE";4;63;0x00001d2a;19;1938261;770302;432379;1099007;1130185;471;0;NOSTRESS
138418971524;16681;"NEAR_P1";"INTERVAL";"PROBE";4;63;0x00001d2a;19;1936245;768859;429975;1092566;1131149;19;0;NOSTRESS
138418988209;16777;"NEAR_P1";"INTERVAL";"PROBE";4;63;0x00001d2a;19;1936163;769879;432560;1099945;1128619;590;0;NOSTRESS
138419004990;16669;"NEAR_P1";"INTERVAL";"PROBE";4;63;0x00001d2a;19;1933505;768118;429895;1092090;1129545;19;0;NOSTRESS
138419021664;16809;"NEAR_P1";"INTERVAL";"PROBE";4;63;0x00001d2a;19;1939477;770685;432228;1099162;1130988;430;0;NOSTRESS
138419038478;16661;"NEAR_P1";"INTERVAL";"PROBE";4;63;0x00001d2a;19;1932138;767669;429737;1091857;1128663;17;0;NOSTRESS
138419055143;16788;"NEAR_P1";"INTERVAL";"PROBE";4;63;0x00001d2a;19;1936897;770032;432253;1098861;1129321;465;0;NOSTRESS
138419071936;16667;"NEAR_P1";"INTERVAL";"PROBE";4;63;0x00001d2a;19;1933223;768118;429859;1092153;1129230;18;0;NOSTRESS
138419088608;16758;"NEAR_P1";"INTERVAL";"PROBE";4;63;0x00001d2a;19;1936622;769834;432235;1098788;1129172;464;0;NOSTRESS
138419105388;43839;"TRAJ_R1";"INTERVAL";"PROBE";4;63;0x00001d2a;19;4580170;1873200;1180205;2872716;2891661;548;0;NOSTRESS
138420369892;380056;"MAF";"INTERVAL";"PROBE";4;63;0x00001d2a;20;43455661;17323512;9835116;24898169;25571900;7079;0;NOSTRESS
138420369914;84;"SENS_C1";"INTERVAL";"PROBE";4;63;0x00001d2a;20;753;618;438;1044;0;116;0;NOSTRESS
138420370002;90;"LOC_C1";"INTERVAL";"PROBE";4;63;0x00001d2a;20;3878;1860;1244;3120;1879;157;0;NOSTRESS
138420370096;21;"LOC_C2";"INTERVAL";"PROBE";4;63;0x00001d2a;20;350;299;197;602;17;21;0;NOSTRESS
138420370121;94;"LOC_C3";"INTERVAL";"PROBE";4;63;0x00001d2a;20;8785;2408;1698;7606;3816;59;0;NOSTRESS
138420370219;21;"LOC_C4";"INTERVAL";"PROBE";4;63;0x00001d2a;20;343;280;210;586;0;28;0;NOSTRESS
138420370244;16970;"NEAR_P1";"INTERVAL";"PROBE";4;63;0x00001d2a;20;1943551;773195;433315;1104192;1132161;779;0;NOSTRESS
138420387219;16681;"NEAR_P1";"INTERVAL";"PROBE";4;63;0x00001d2a;20;1933935;768698;430129;1093807;1129427;14;0;NOSTRESS
138420403904;16795;"NEAR_P1";"INTERVAL";"PROBE";4;63;0x00001d2a;20;1939785;771402;432620;1101109;1130834;525;0;NOSTRESS
138420420704;16686;"NEAR_P1";"INTERVAL";"PROBE";4;63;0x00001d2a;20;1936043;769096;430132;1093651;1131111;14;0;NOSTRESS
138420437395;16802;"NEAR_P1";"INTERVAL";"PROBE";4;63;0x00001d2a;20;1943897;772479;432749;1101229;1133549;485;0;NOSTRESS
138420454202;16690;"NEAR_P1";"INTERVAL";"PROBE";4;63;0x00001d2a;20;1937489;769606;430152;1094053;1131918;9;0;NOSTRESS
138420470896;16856;"NEAR_P1";"INTERVAL";"PROBE";4;63;0x00001d2a;20;1945155;772984;433473;1103539;1133575;559;0;NOSTRESS
138420487756;16682;"NEAR_P1";"INTERVAL";"PROBE";4;63;0x00001d2a;20;1937112;769218;430005;1093484;1131841;7;0;NOSTRESS
138420504443;16785;"NEAR_P1";"INTERVAL";"PROBE";4;63;0x00001d2a;20;1941150;771363;432468;1100345;1132167;493;0;NOSTRESS
138420521233;16795;"NEAR_P1";"INTERVAL";"PROBE";4;63;0x00001d2a;20;1941067;771281;432481;1100177;1131930;459;0;NOSTRESS
138420538032;16696;"NEAR_P1";"INTERVAL";"PROBE";4;63;0x00001d2a;20;1938023;769753;430187;1094069;1132132;19;0;NOSTRESS
138420554732;16785;"NEAR_P1";"INTERVAL";"PROBE";4;63;0x00001d2a;20;1941394;771521;432489;1100608;1132090;459;0;NOSTRESS
138420571521;16681;"NEAR_P1";"INTERVAL";"PROBE";4;63;0x00001d2a;20;1936758;769021;430060;1093351;1131434;19;0;NOSTRESS
138420588206;16844;"NEAR_P1";"INTERVAL";"PROBE";4;63;0x00001d2a;20;1941317;771720;433012;1102137;1131495;633;0;NOSTRESS
138420605055;16682;"NEAR_P1";"INTERVAL";"PROBE";4;63;0x00001d2a;20;1936484;769113;430089;1093276;1131328;23;0;NOSTRESS
138420621741;16812;"NEAR_P1";"INTERVAL";"PROBE";4;63;0x00001d2a;20;1941585;771636;432527;1100560;1132231;492;0;NOSTRESS
138420638557;16682;"NEAR_P1";"INTERVAL";"PROBE";4;63;0x00001d2a;20;1936697;769040;430058;1093319;1131529;20;0;NOSTRESS
138420655243;16772;"NEAR_P1";"INTERVAL";"PROBE";4;63;0x00001d2a;20;1939645;770933;432333;1100086;1131094;460;0;NOSTRESS
138420672019;16682;"NEAR_P1";"INTERVAL";"PROBE";4;63;0x00001d2a;20;1936494;769173;430093;1093485;1131193;18;0;NOSTRESS
138420688705;16812;"NEAR_P1";"INTERVAL";"PROBE";4;63;0x00001d2a;20;1941121;771410;432383;1100283;1131835;457;0;NOSTRESS
138420705522;44421;"TRAJ_R1";"INTERVAL";"PROBE";4;63;0x00001d2a;20;4643253;1898313;1194536;2909226;2931314;541;0;NOSTRESS
138421969911;380407;"MAF";"INTERVAL";"PROBE";4;63;0x00001d2a;21;43504897;17333036;9842348;24906494;25608416;7421;0;NOSTRESS
138421969929;79;"SENS_C1";"INTERVAL";"PROBE";4;63;0x00001d2a;21;741;617;440;1043;0;117;0;NOSTRESS
138421970012;98;"LOC_C1";"INTERVAL";"PROBE";4;63;0x00001d2a;21;3886;1853;1239;3083;1892;153;0;NOSTRESS
138421970114;18;"LOC_C2";"INTERVAL";"PROBE";4;63;0x00001d2a;21;349;293;195;601;17;19;0;NOSTRESS
138421970137;90;"LOC_C3";"INTERVAL";"PROBE";4;63;0x00001d2a;21;8694;2358;1681;7567;3778;63;0;NOSTRESS
138421970231;22;"LOC_C4";"INTERVAL";"PROBE";4;63;0x00001d2a;21;350;278;212;598;0;26;0;NOSTRESS
138421970257;16981;"NEAR_P1";"INTERVAL";"PROBE";4;63;0x00001d2a;21;1945094;773248;433274;1103981;1133274;759;0;NOSTRESS
138421987242;16706;"NEAR_P1";"INTERVAL";"PROBE";4;63;0x00001d2a;21;1941727;770664;430331;1094580;1134490;11;0;NOSTRESS
138422003952;16829;"NEAR_P1";"INTERVAL";"PROBE";4;63;0x00001d2a;21;1942965;771558;432490;1100450;1133240;544;0;NOSTRESS
138422020786;16677;"NEAR_P1";"INTERVAL";"PROBE";4;63;0x00001d2a;21;1937027;768934;430078;1093106;1131901;15;0;NOSTRESS
138422037468;16768;"NEAR_P1";"INTERVAL";"PROBE";4;63;0x00001d2a;21;1940067;770570;432424;1099372;1131648;485;0;NOSTRESS
138422054240;16678;"NEAR_P1";"INTERVAL";"PROBE";4;63;0x00001d2a;21;1937536;769195;430045;1093119;1132252;9;0;NOSTRESS
138422070923;16780;"NEAR_P1";"INTERVAL";"PROBE";4;63;0x00001d2a;21;1942572;771542;432463;1100046;1133073;471;0;NOSTRESS
138422087707;16685;"NEAR_P1";"INTERVAL";"PROBE";4;63;0x00001d2a;21;1939315;769581;430134;1093244;1133480;8;0;NOSTRESS
138422104396;16776;"NEAR_P1";"INTERVAL";"PROBE";4;63;0x00001d2a;21;1942270;771243;432471;1099797;1133020;466;0;NOSTRESS
138422121177;16865;"NEAR_P1";"INTERVAL";"PROBE";4;63;0x00001d2a;21;1945409;772571;433451;1103035;1133956;558;0;NOSTRESS
138422138046;16676;"NEAR_P1";"INTERVAL";"PROBE";4;63;0x00001d2a;21;1936271;768789;430003;1092869;1131479;19;0;NOSTRESS
138422154726;16779;"NEAR_P1";"INTERVAL";"PROBE";4;63;0x00001d2a;21;1942360;771437;432478;1099944;1133046;474;0;NOSTRESS
138422171509;16682;"NEAR_P1";"INTERVAL";"PROBE";4;63;0x00001d2a;21;1937983;769265;430044;1093128;1132560;19;0;NOSTRESS
138422188196;16769;"NEAR_P1";"INTERVAL";"PROBE";4;63;0x00001d2a;21;1940832;770960;432350;1099538;1132126;461;0;NOSTRESS
138422204970;16686;"NEAR_P1";"INTERVAL";"PROBE";4;63;0x00001d2a;21;1938174;769538;430141;1093374;1132537;18;0;NOSTRESS
138422221661;16771;"NEAR_P1";"INTERVAL";"PROBE";4;63;0x00001d2a;21;1940819;770936;432440;1099638;1132145;462;0;NOSTRESS
138422238437;16672;"NEAR_P1";"INTERVAL";"PROBE";4;63;0x00001d2a;21;1937098;768718;429999;1092716;1132106;18;0;NOSTRESS
138422255113;16982;"NEAR_P1";"INTERVAL";"PROBE";4;63;0x00001d2a;21;1941229;771016;432469;1100064;1132247;638;0;NOSTRESS
138422272100;16680;"NEAR_P1";"INTERVAL";"PROBE";4;63;0x00001d2a;21;1937861;769185;430042;1093025;1132510;21;0;NOSTRESS
138422288784;16793;"NEAR_P1";"INTERVAL";"PROBE";4;63;0x00001d2a;21;1940955;771008;432370;1099761;1132216;476;0;NOSTRESS
138422305598;44716;"TRAJ_R1";"INTERVAL";"PROBE";4;63;0x00001d2a;21;4673004;1910269;1202543;2928326;2949423;684;0;NOSTRESS
138423569880;380464;"MAF";"INTERVAL";"PROBE";4;63;0x00001d2a;22;43517782;17339812;9846039;24916419;25612684;7710;0;NOSTRESS
138423569898;74;"SENS_C1";"INTERVAL";"PROBE";4;63;0x00001d2a;22;756;620;438;1051;0;113;0;NOSTRESS
138423569977;91;"LOC_C1";"INTERVAL";"PROBE";4;63;0x00001d2a;22;3707;1805;1235;3062;1770;157;0;NOSTRESS
138423570073;23;"LOC_C2";"INTERVAL";"PROBE";4;63;0x00001d2a;22;347;294;197;600;17;22;0;NOSTRESS
138423570100;92;"LOC_C3";"INTERVAL";"PROBE";4;63;0x00001d2a;22;8848;2418;1704;7630;3856;58;0;NOSTRESS
138423570197;22;"LOC_C4";"INTERVAL";"PROBE";4;63;0x00001d2a;22;345;278;210;587;0;31;0;NOSTRESS
138423570223;17076;"NEAR_P1";"INTERVAL";"PROBE";4;63;0x00001d2a;22;1947132;773991;434766;1107137;1133257;1011;0;NOSTRESS
138423587303;16689;"NEAR_P1";"INTERVAL";"PROBE";4;63;0x00001d2a;22;1937877;769531;430123;1093755;1132092;18;0;NOSTRESS
138423603996;16870;"NEAR_P1";"INTERVAL";"PROBE";4;63;0x00001d2a;22;1942948;771984;433350;1103200;1132243;766;0;NOSTRESS
138423620870;16695;"NEAR_P1";"INTERVAL";"PROBE";4;63;0x00001d2a;22;1940270;770005;430099;1093627;1133909;18;0;NOSTRESS
138423637569;16842;"NEAR_P1";"INTERVAL";"PROBE";4;63;0x00001d2a;22;1944180;772263;433322;1102660;1133267;743;0;NOSTRESS
138423654416;16677;"NEAR_P1";"INTERVAL";"PROBE";4;63;0x00001d2a;22;1937405;768986;429984;1092682;1132146;15;0;NOSTRESS
138423671097;16815;"NEAR_P1";"INTERVAL";"PROBE";4;63;0x00001d2a;22;1945570;772698;432678;1101141;1134610;526;0;NOSTRESS
138423687916;16679;"NEAR_P1";"INTERVAL";"PROBE";4;63;0x00001d2a;22;1937441;769133;430034;1092893;1132075;10;0;NOSTRESS
138423704599;16785;"NEAR_P1";"INTERVAL";"PROBE";4;63;0x00001d2a;22;1942990;771649;432468;1100023;1133371;477;0;NOSTRESS
138423721389;16764;"NEAR_P1";"INTERVAL";"PROBE";4;63;0x00001d2a;22;1939568;770471;432315;1099126;1131261;463;0;NOSTRESS
138423738157;16683;"NEAR_P1";"INTERVAL";"PROBE";4;63;0x00001d2a;22;1937784;769140;430046;1092895;1132423;20;0;NOSTRESS
138423754844;16771;"NEAR_P1";"INTERVAL";"PROBE";4;63;0x00001d2a;22;1941038;770975;432348;1099523;1132311;461;0;NOSTRESS
138423771619;16694;"NEAR_P1";"INTERVAL";"PROBE";4;63;0x00001d2a;22;1939940;769978;430113;1093500;1133550;19;0;NOSTRESS
138423788317;16834;"NEAR_P1";"INTERVAL";"PROBE";4;63;0x00001d2a;22;1942609;771847;433334;1102259;1132067;549;0;NOSTRESS
138423805155;16693;"NEAR_P1";"INTERVAL";"PROBE";4;63;0x00001d2a;22;1939815;769886;430112;1093387;1133586;21;0;NOSTRESS
138423821852;16783;"NEAR_P1";"INTERVAL";"PROBE";4;63;0x00001d2a;22;1942159;771537;432503;1100047;1132689;473;0;NOSTRESS
138423838640;16687;"NEAR_P1";"INTERVAL";"PROBE";4;63;0x00001d2a;22;1938782;769479;430070;1093062;1133069;18;0;NOSTRESS
138423855332;16778;"NEAR_P1";"INTERVAL";"PROBE";4;63;0x00001d2a;22;1941970;771347;432485;1099676;1132713;450;0;NOSTRESS
138423872115;16696;"NEAR_P1";"INTERVAL";"PROBE";4;63;0x00001d2a;22;1939689;770032;430170;1093533;1133467;19;0;NOSTRESS
138423888815;16788;"NEAR_P1";"INTERVAL";"PROBE";4;63;0x00001d2a;22;1942807;771716;432484;1100252;1133118;462;0;NOSTRESS
138423905624;44715;"TRAJ_R1";"INTERVAL";"PROBE";4;63;0x00001d2a;22;4672225;1910639;1203411;2929871;2949817;570;0;NOSTRESS
138425169882;380132;"MAF";"INTERVAL";"PROBE";4;63;0x00001d2a;23;43482608;17328178;9839276;24904397;25590607;6953;0;NOSTRESS
138425169901;80;"SENS_C1";"INTERVAL";"PROBE";4;63;0x00001d2a;23;756;624;441;1066;0;115;0;NOSTRESS
138425169985;90;"LOC_C1";"INTERVAL";"PROBE";4;63;0x00001d2a;23;3725;1822;1239;3097;1797;158;0;NOSTRESS
138425170079;22;"LOC_C2";"INTERVAL";"PROBE";4;63;0x00001d2a;23;342;292;195;591;17;20;0;NOSTRESS
138425170105;91;"LOC_C3";"INTERVAL";"PROBE";4;63;0x00001d2a;23;8766;2418;1698;7613;3791;61;0;NOSTRESS
138425170201;23;"LOC_C4";"INTERVAL";"PROBE";4;63;0x00001d2a;23;342;281;210;587;0;31;0;NOSTRESS
138425170229;17003;"NEAR_P1";"INTERVAL";"PROBE";4;63;0x00001d2a;23;1943518;772810;433358;1104297;1132023;921;0;NOSTRESS
138425187236;16697;"NEAR_P1";"INTERVAL";"PROBE";4;63;0x00001d2a;23;1939450;769961;430214;1094120;1132847;18;0;NOSTRESS
138425203937;16789;"NEAR_P1";"INTERVAL";"PROBE";4;63;0x00001d2a;23;1939571;770563;432422;1099846;1130838;507;0;NOSTRESS
138425220730;16688;"NEAR_P1";"INTERVAL";"PROBE";4;63;0x00001d2a;23;1939296;769539;430058;1093624;1133029;16;0;NOSTRESS
138425237423;16784;"NEAR_P1";"INTERVAL";"PROBE";4;63;0x00001d2a;23;1942830;771586;432502;1100396;1132980;466;0;NOSTRESS
138425254211;16674;"NEAR_P1";"INTERVAL";"PROBE";4;63;0x00001d2a;23;1935953;768711;429952;1093083;1131077;9;0;NOSTRESS
138425270889;16778;"NEAR_P1";"INTERVAL";"PROBE";4;63;0x00001d2a;23;1941070;771197;432459;1100073;1131829;468;0;NOSTRESS
138425287672;16682;"NEAR_P1";"INTERVAL";"PROBE";4;63;0x00001d2a;23;1937828;769208;430027;1093459;1132129;7;0;NOSTRESS
138425304358;16803;"NEAR_P1";"INTERVAL";"PROBE";4;63;0x00001d2a;23;1940480;770882;432368;1099850;1131550;461;0;NOSTRESS
138425321165;16788;"NEAR_P1";"INTERVAL";"PROBE";4;63;0x00001d2a;23;1940674;770786;432344;1099507;1131798;462;0;NOSTRESS
138425337958;16700;"NEAR_P1";"INTERVAL";"PROBE";4;63;0x00001d2a;23;1939553;770117;430170;1094278;1133242;18;0;NOSTRESS
138425354662;16772;"NEAR_P1";"INTERVAL";"PROBE";4;63;0x00001d2a;23;1940218;770940;432406;1100092;1131441;452;0;NOSTRESS
138425371438;16685;"NEAR_P1";"INTERVAL";"PROBE";4;63;0x00001d2a;23;1937204;769269;430151;1093467;1131834;20;0;NOSTRESS
138425388128;16773;"NEAR_P1";"INTERVAL";"PROBE";4;63;0x00001d2a;23;1939290;770729;432479;1099934;1130889;462;0;NOSTRESS
138425404905;16682;"NEAR_P1";"INTERVAL";"PROBE";4;63;0x00001d2a;23;1936436;769043;430012;1093285;1131275;18;0;NOSTRESS
138425421591;16777;"NEAR_P1";"INTERVAL";"PROBE";4;63;0x00001d2a;23;1940156;771056;432511;1100113;1131586;452;0;NOSTRESS
138425438372;16689;"NEAR_P1";"INTERVAL";"PROBE";4;63;0x00001d2a;23;1938367;769589;430070;1093660;1132523;19;0;NOSTRESS
138425455065;16840;"NEAR_P1";"INTERVAL";"PROBE";4;63;0x00001d2a;23;1941912;771913;433360;1102960;1131686;553;0;NOSTRESS
138425471909;16679;"NEAR_P1";"INTERVAL";"PROBE";4;63;0x00001d2a;23;1936187;768892;430022;1093132;1131337;20;0;NOSTRESS
138425488592;16779;"NEAR_P1";"INTERVAL";"PROBE";4;63;0x00001d2a;23;1940638;771038;432514;1100173;1131722;467;0;NOSTRESS
138425505392;44618;"TRAJ_R1";"INTERVAL";"PROBE";4;63;0x00001d2a;23;4668453;1907804;1200056;2922814;2947367;534;0;NOSTRESS
138426769872;379994;"MAF";"INTERVAL";"PROBE";4;63;0x00001d2a;24;43452373;17316706;9830767;24880781;25568682;7320;0;NOSTRESS
138426769893;80;"SENS_C1";"INTERVAL";"PROBE";4;63;0x00001d2a;24;739;627;436;1006;0;112;0;NOSTRESS
138426769977;91;"LOC_C1";"INTERVAL";"PROBE";4;63;0x00001d2a;24;3716;1823;1242;3117;1786;154;0;NOSTRESS
138426770073;21;"LOC_C2";"INTERVAL";"PROBE";4;63;0x00001d2a;24;344;292;195;592;17;20;0;NOSTRESS
138426770098;94;"LOC_C3";"INTERVAL";"PROBE";4;63;0x00001d2a;24;8779;2426;1689;7549;3823;59;0;NOSTRESS
138426770197;24;"LOC_C4";"INTERVAL";"PROBE";4;63;0x00001d2a;24;338;276;207;576;0;28;0;NOSTRESS
138426770225;17118;"NEAR_P1";"INTERVAL";"PROBE";4;63;0x00001d2a;24;1943619;772865;433159;1103641;1132137;901;0;NOSTRESS
138426787347;16704;"NEAR_P1";"INTERVAL";"PROBE";4;63;0x00001d2a;24;1940045;770239;430276;1094230;1133364;16;0;NOSTRESS
138426804055;16815;"NEAR_P1";"INTERVAL";"PROBE";4;63;0x00001d2a;24;1941759;771684;433002;1102012;1131652;643;0;NOSTRESS
138426820874;16691;"NEAR_P1";"INTERVAL";"PROBE";4;63;0x00001d2a;24;1938184;769452;430180;1093361;1132360;15;0;NOSTRESS
138426837570;16781;"NEAR_P1";"INTERVAL";"PROBE";4;63;0x00001d2a;24;1940939;771037;432428;1099812;1131835;511;0;NOSTRESS
138426854355;16693;"NEAR_P1";"INTERVAL";"PROBE";4;63;0x00001d2a;24;1938074;769576;430176;1093664;1132199;9;0;NOSTRESS
138426871052;16794;"NEAR_P1";"INTERVAL";"PROBE";4;63;0x00001d2a;24;1943617;772006;432567;1100517;1133432;468;0;NOSTRESS
138426887850;16683;"NEAR_P1";"INTERVAL";"PROBE";4;63;0x00001d2a;24;1936627;769032;430120;1093153;1131433;7;0;NOSTRESS
138426904537;16794;"NEAR_P1";"INTERVAL";"PROBE";4;63;0x00001d2a;24;1943427;771962;432549;1100513;1133303;474;0;NOSTRESS
138426921335;16777;"NEAR_P1";"INTERVAL";"PROBE";4;63;0x00001d2a;24;1939982;770947;432515;1099732;1131268;461;0;NOSTRESS
138426938117;16693;"NEAR_P1";"INTERVAL";"PROBE";4;63;0x00001d2a;24;1938242;769703;430157;1093541;1132204;20;0;NOSTRESS
138426954814;16815;"NEAR_P1";"INTERVAL";"PROBE";4;63;0x00001d2a;24;1941355;771388;432438;1100032;1131984;456;0;NOSTRESS
138426971633;16694;"NEAR_P1";"INTERVAL";"PROBE";4;63;0x00001d2a;24;1938528;769734;430165;1093600;1132585;18;0;NOSTRESS
138426988332;16811;"NEAR_P1";"INTERVAL";"PROBE";4;63;0x00001d2a;24;1943014;771804;432559;1100441;1133089;454;0;NOSTRESS
138427005148;16699;"NEAR_P1";"INTERVAL";"PROBE";4;63;0x00001d2a;24;1939586;770021;430225;1093774;1133129;19;0;NOSTRESS
138427021852;16776;"NEAR_P1";"INTERVAL";"PROBE";4;63;0x00001d2a;24;1939880;771007;432493;1100002;1131044;457;0;NOSTRESS
138427038633;16690;"NEAR_P1";"INTERVAL";"PROBE";4;63;0x00001d2a;24;1937549;769341;430198;1093398;1131832;17;0;NOSTRESS
138427055327;16790;"NEAR_P1";"INTERVAL";"PROBE";4;63;0x00001d2a;24;1942548;771742;432573;1100395;1132661;461;0;NOSTRESS
138427072122;16690;"NEAR_P1";"INTERVAL";"PROBE";4;63;0x00001d2a;24;1938287;769503;430088;1093436;1132490;19;0;NOSTRESS
138427088816;16773;"NEAR_P1";"INTERVAL";"PROBE";4;63;0x00001d2a;24;1939508;770777;432377;1099710;1131016;456;0;NOSTRESS
138427105611;44251;"TRAJ_R1";"INTERVAL";"PROBE";4;63;0x00001d2a;24;4623358;1889987;1190237;2898391;2918039;637;0;NOSTRESS
138428369864;379523;"MAF";"INTERVAL";"PROBE";4;63;0x00001d2a;25;43432693;17306270;9815426;24853098;25557075;6827;0;NOSTRESS
138428369888;86;"SENS_C1";"INTERVAL";"PROBE";4;63;0x00001d2a;25;766;632;438;1049;0;114;0;NOSTRESS
138428369978;95;"LOC_C1";"INTERVAL";"PROBE";4;63;0x00001d2a;25;3745;1815;1240;3085;1797;154;0;NOSTRESS
138428370077;21;"LOC_C2";"INTERVAL";"PROBE";4;63;0x00001d2a;25;345;294;197;599;17;22;0;NOSTRESS
138428370102;93;"LOC_C3";"INTERVAL";"PROBE";4;63;0x00001d2a;25;8896;2474;1714;7640;3859;62;0;NOSTRESS
138428370199;23;"LOC_C4";"INTERVAL";"PROBE";4;63;0x00001d2a;25;342;280;209;586;0;30;0;NOSTRESS
138428370227;16994;"NEAR_P1";"INTERVAL";"PROBE";4;63;0x00001d2a;25;1945086;773547;433062;1103910;1132738;855;0;NOSTRESS
138428387225;16707;"NEAR_P1";"INTERVAL";"PROBE";4;63;0x00001d2a;25;1940240;770267;430218;1094550;1133521;19;0;NOSTRESS
138428403936;16834;"NEAR_P1";"INTERVAL";"PROBE";4;63;0x00001d2a;25;1943344;772112;432552;1101205;1133156;515;0;NOSTRESS
138428420774;16699;"NEAR_P1";"INTERVAL";"PROBE";4;63;0x00001d2a;25;1939625;770016;430159;1094225;1133212;14;0;NOSTRESS
138428437477;16815;"NEAR_P1";"INTERVAL";"PROBE";4;63;0x00001d2a;25;1943051;771810;432519;1100699;1133016;480;0;NOSTRESS
138428454296;16686;"NEAR_P1";"INTERVAL";"PROBE";4;63;0x00001d2a;25;1937570;769477;430073;1093470;1132018;10;0;NOSTRESS
138428470986;16790;"NEAR_P1";"INTERVAL";"PROBE";4;63;0x00001d2a;25;1943102;771931;432547;1100544;1133148;476;0;NOSTRESS
138428487780;16692;"NEAR_P1";"INTERVAL";"PROBE";4;63;0x00001d2a;25;1938868;769834;430124;1093763;1132641;7;0;NOSTRESS
138428504476;16802;"NEAR_P1";"INTERVAL";"PROBE";4;63;0x00001d2a;25;1944480;772549;432608;1101316;1133860;469;0;NOSTRESS
138428521282;16803;"NEAR_P1";"INTERVAL";"PROBE";4;63;0x00001d2a;25;1945795;772770;432650;1101132;1134667;460;0;NOSTRESS
138428538089;16707;"NEAR_P1";"INTERVAL";"PROBE";4;63;0x00001d2a;25;1941844;770600;430258;1094312;1134568;18;0;NOSTRESS
138428554800;16791;"NEAR_P1";"INTERVAL";"PROBE";4;63;0x00001d2a;25;1943080;771927;432534;1100434;1133292;463;0;NOSTRESS
138428571595;16694;"NEAR_P1";"INTERVAL";"PROBE";4;63;0x00001d2a;25;1939139;769823;430107;1093856;1132845;19;0;NOSTRESS
138428588293;16791;"NEAR_P1";"INTERVAL";"PROBE";4;63;0x00001d2a;25;1943275;771996;432498;1100527;1133289;468;0;NOSTRESS
138428605089;16692;"NEAR_P1";"INTERVAL";"PROBE";4;63;0x00001d2a;25;1938273;769725;430057;1093878;1132376;19;0;NOSTRESS
138428621785;16823;"NEAR_P1";"INTERVAL";"PROBE";4;63;0x00001d2a;25;1943041;771842;432480;1100387;1133210;449;0;NOSTRESS
138428638612;16695;"NEAR_P1";"INTERVAL";"PROBE";4;63;0x00001d2a;25;1939430;769956;430139;1093795;1133074;19;0;NOSTRESS
138428655311;16821;"NEAR_P1";"INTERVAL";"PROBE";4;63;0x00001d2a;25;1944634;772488;432578;1101104;1133999;455;0;NOSTRESS
138428672137;16708;"NEAR_P1";"INTERVAL";"PROBE";4;63;0x00001d2a;25;1941488;770713;430220;1094309;1134312;19;0;NOSTRESS
138428688849;16808;"NEAR_P1";"INTERVAL";"PROBE";4;63;0x00001d2a;25;1943839;772193;432571;1100900;1133622;465;0;NOSTRESS
138428705679;43704;"TRAJ_R1";"INTERVAL";"PROBE";4;63;0x00001d2a;25;4569795;1868096;1175632;2862599;2884838;545;0;NOSTRESS
138429969899;379405;"MAF";"INTERVAL";"PROBE";4;63;0x00001d2a;26;43413618;17294440;9804146;24832763;25537631;7206;0;NOSTRESS
138429969918;80;"SENS_C1";"INTERVAL";"PROBE";4;63;0x00001d2a;26;729;626;437;1009;0;118;0;NOSTRESS
138429970002;88;"LOC_C1";"INTERVAL";"PROBE";4;63;0x00001d2a;26;3715;1802;1244;3094;1750;153;0;NOSTRESS
138429970094;21;"LOC_C2";"INTERVAL";"PROBE";4;63;0x00001d2a;26;344;292;195;592;17;19;0;NOSTRESS
138429970120;92;"LOC_C3";"INTERVAL";"PROBE";4;63;0x00001d2a;26;8739;2414;1684;7548;3790;59;0;NOSTRESS
138429970216;24;"LOC_C4";"INTERVAL";"PROBE";4;63;0x00001d2a;26;338;275;208;575;0;28;0;NOSTRESS
138429970244;16992;"NEAR_P1";"INTERVAL";"PROBE";4;63;0x00001d2a;26;1946022;774015;433456;1105070;1133266;790;0;NOSTRESS
138429987240;16718;"NEAR_P1";"INTERVAL";"PROBE";4;63;0x00001d2a;26;1942047;770928;430452;1095378;1134119;15;0;NOSTRESS
138430003962;16830;"NEAR_P1";"INTERVAL";"PROBE";4;63;0x00001d2a;26;1944848;772677;432767;1101644;1133817;518;0;NOSTRESS
138430020796;16714;"NEAR_P1";"INTERVAL";"PROBE";4;63;0x00001d2a;26;1942841;771046;430351;1094942;1134918;15;0;NOSTRESS
138430037514;16830;"NEAR_P1";"INTERVAL";"PROBE";4;63;0x00001d2a;26;1946262;772839;432776;1101688;1134734;476;0;NOSTRESS
138430054348;16706;"NEAR_P1";"INTERVAL";"PROBE";4;63;0x00001d2a;26;1940353;770311;430354;1094716;1133358;7;0;NOSTRESS
138430071058;16833;"NEAR_P1";"INTERVAL";"PROBE";4;63;0x00001d2a;26;1946460;772937;432745;1101854;1134822;476;0;NOSTRESS
138430087895;16711;"NEAR_P1";"INTERVAL";"PROBE";4;63;0x00001d2a;26;1942506;770840;430414;1094969;1134726;8;0;NOSTRESS
138430104610;16834;"NEAR_P1";"INTERVAL";"PROBE";4;63;0x00001d2a;26;1945647;772791;432803;1101782;1134342;467;0;NOSTRESS
138430121448;16859;"NEAR_P1";"INTERVAL";"PROBE";4;63;0x00001d2a;26;1948427;773862;433310;1103587;1135522;596;0;NOSTRESS
138430138311;16878;"NEAR_P1";"INTERVAL";"PROBE";4;63;0x00001d2a;26;1942736;770975;430434;1095023;1134848;46;0;NOSTRESS
138430155193;16833;"NEAR_P1";"INTERVAL";"PROBE";4;63;0x00001d2a;26;1946726;772761;432817;1101537;1135104;590;0;NOSTRESS
138430172030;16708;"NEAR_P1";"INTERVAL";"PROBE";4;63;0x00001d2a;26;1941015;770348;430409;1094563;1133787;20;0;NOSTRESS
138430188742;16808;"NEAR_P1";"INTERVAL";"PROBE";4;63;0x00001d2a;26;1945035;772619;432813;1101839;1133802;461;0;NOSTRESS
138430205554;16714;"NEAR_P1";"INTERVAL";"PROBE";4;63;0x00001d2a;26;1942080;770786;430383;1094872;1134425;20;0;NOSTRESS
138430222273;16816;"NEAR_P1";"INTERVAL";"PROBE";4;63;0x00001d2a;26;1947040;773217;432907;1101942;1135190;464;0;NOSTRESS
138430239094;16704;"NEAR_P1";"INTERVAL";"PROBE";4;63;0x00001d2a;26;1938324;769997;430338;1094430;1132247;18;0;NOSTRESS
138430255802;16815;"NEAR_P1";"INTERVAL";"PROBE";4;63;0x00001d2a;26;1945778;772998;432794;1101974;1134548;460;0;NOSTRESS
138430272621;16720;"NEAR_P1";"INTERVAL";"PROBE";4;63;0x00001d2a;26;1942209;771000;430448;1095186;1134532;19;0;NOSTRESS
138430289345;16833;"NEAR_P1";"INTERVAL";"PROBE";4;63;0x00001d2a;26;1946033;772869;432799;1101446;1134822;415;0;NOSTRESS
138430306212;43088;"TRAJ_R1";"INTERVAL";"PROBE";4;63;0x00001d2a;26;4507061;1841776;1158302;2821001;2845145;543;0;NOSTRESS
138431569896;377848;"MAF";"INTERVAL";"PROBE";4;63;0x00001d2a;27;43202670;17224077;9777794;24755880;25411189;6836;0;NOSTRESS
138431569915;76;"SENS_C1";"INTERVAL";"PROBE";4;63;0x00001d2a;27;748;624;438;1037;0;116;0;NOSTRESS
138431569995;92;"LOC_C1";"INTERVAL";"PROBE";4;63;0x00001d2a;27;3799;1856;1247;3135;1827;153;0;NOSTRESS
138431570091;18;"LOC_C2";"INTERVAL";"PROBE";4;63;0x00001d2a;27;345;294;197;599;17;21;0;NOSTRESS
138431570114;92;"LOC_C3";"INTERVAL";"PROBE";4;63;0x00001d2a;27;8835;2448;1713;7631;3845;61;0;NOSTRESS
138431570210;24;"LOC_C4";"INTERVAL";"PROBE";4;63;0x00001d2a;27;336;276;208;575;0;30;0;NOSTRESS
138431570238;16958;"NEAR_P1";"INTERVAL";"PROBE";4;63;0x00001d2a;27;1941739;772583;433140;1103709;1131053;763;0;NOSTRESS
138431587201;16684;"NEAR_P1";"INTERVAL";"PROBE";4;63;0x00001d2a;27;1935518;769035;430235;1094113;1130435;14;0;NOSTRESS
138431603890;16793;"NEAR_P1";"INTERVAL";"PROBE";4;63;0x00001d2a;27;1937572;770313;432390;1100150;1129721;449;0;NOSTRESS
138431620688;16681;"NEAR_P1";"INTERVAL";"PROBE";4;63;0x00001d2a;27;1935230;768912;430190;1093785;1130455;13;0;NOSTRESS
138431637373;16798;"NEAR_P1";"INTERVAL";"PROBE";4;63;0x00001d2a;27;1936934;770384;432433;1100244;1129274;502;0;NOSTRESS
138431654175;16678;"NEAR_P1";"INTERVAL";"PROBE";4;63;0x00001d2a;27;1934836;768779;430114;1093660;1129999;10;0;NOSTRESS
138431670858;16814;"NEAR_P1";"INTERVAL";"PROBE";4;63;0x00001d2a;27;1939177;770870;432523;1100249;1130597;480;0;NOSTRESS
138431687676;16677;"NEAR_P1";"INTERVAL";"PROBE";4;63;0x00001d2a;27;1934890;768645;430175;1093456;1130212;8;0;NOSTRESS
138431704357;16802;"NEAR_P1";"INTERVAL";"PROBE";4;63;0x00001d2a;27;1939019;770918;432515;1100396;1130504;479;0;NOSTRESS
138431721164;16810;"NEAR_P1";"INTERVAL";"PROBE";4;63;0x00001d2a;27;1938203;770617;432474;1100150;1129983;403;0;NOSTRESS
138431737978;16683;"NEAR_P1";"INTERVAL";"PROBE";4;63;0x00001d2a;27;1935753;769016;430168;1093652;1130782;17;0;NOSTRESS
138431754665;16809;"NEAR_P1";"INTERVAL";"PROBE";4;63;0x00001d2a;27;1939668;771109;432596;1100626;1130873;463;0;NOSTRESS
138431771478;16673;"NEAR_P1";"INTERVAL";"PROBE";4;63;0x00001d2a;27;1933756;768410;430050;1093141;1129536;19;0;NOSTRESS
138431788155;16803;"NEAR_P1";"INTERVAL";"PROBE";4;63;0x00001d2a;27;1940645;771444;433031;1102014;1131012;593;0;NOSTRESS
138431804962;16675;"NEAR_P1";"INTERVAL";"PROBE";4;63;0x00001d2a;27;1934026;768509;430066;1093291;1129755;19;0;NOSTRESS
138431821641;16785;"NEAR_P1";"INTERVAL";"PROBE";4;63;0x00001d2a;27;1940081;771105;432627;1100551;1131211;499;0;NOSTRESS
138431838430;16686;"NEAR_P1";"INTERVAL";"PROBE";4;63;0x00001d2a;27;1936495;769271;430201;1093887;1131126;20;0;NOSTRESS
138431855120;16776;"NEAR_P1";"INTERVAL";"PROBE";4;63;0x00001d2a;27;1938476;770794;432537;1100364;1130174;468;0;NOSTRESS
138431871900;16682;"NEAR_P1";"INTERVAL";"PROBE";4;63;0x00001d2a;27;1935209;768771;430164;1093561;1130503;19;0;NOSTRESS
138431888586;16790;"NEAR_P1";"INTERVAL";"PROBE";4;63;0x00001d2a;27;1939404;770965;432612;1100462;1130817;460;0;NOSTRESS
138431905397;42342;"TRAJ_R1";"INTERVAL";"PROBE";4;63;0x00001d2a;27;4432382;1811025;1137711;2772172;2797478;540;0;NOSTRESS
138433169857;377153;"MAF";"INTERVAL";"PROBE";4;63;0x00001d2a;28;43133534;17191084;9754181;24702367;25369051;7230;0;NOSTRESS
138433169878;75;"SENS_C1";"INTERVAL";"PROBE";4;63;0x00001d2a;28;732;619;435;998;0;111;0;NOSTRESS
138433169958;98;"LOC_C1";"INTERVAL";"PROBE";4;63;0x00001d2a;28;3754;1829;1248;3105;1802;154;0;NOSTRESS
138433170060;17;"LOC_C2";"INTERVAL";"PROBE";4;63;0x00001d2a;28;342;292;195;591;17;19;0;NOSTRESS
138433170081;91;"LOC_C3";"INTERVAL";"PROBE";4;63;0x00001d2a;28;8680;2393;1687;7528;3764;62;0;NOSTRESS
138433170177;23;"LOC_C4";"INTERVAL";"PROBE";4;63;0x00001d2a;28;339;277;210;580;0;29;0;NOSTRESS
138433170205;16958;"NEAR_P1";"INTERVAL";"PROBE";4;63;0x00001d2a;28;1942523;772753;433149;1103956;1131542;731;0;NOSTRESS
138433187168;16705;"NEAR_P1";"INTERVAL";"PROBE";4;63;0x00001d2a;28;1939920;770300;430286;1094974;1133236;14;0;NOSTRESS
138433203877;16812;"NEAR_P1";"INTERVAL";"PROBE";4;63;0x00001d2a;28;1940970;771360;432495;1101202;1131738;538;0;NOSTRESS
138433220694;16688;"NEAR_P1";"INTERVAL";"PROBE";4;63;0x00001d2a;28;1935710;769169;430157;1093931;1130899;15;0;NOSTRESS
138433237387;16781;"NEAR_P1";"INTERVAL";"PROBE";4;63;0x00001d2a;28;1938931;770943;432517;1100690;1130384;473;0;NOSTRESS
138433254172;16676;"NEAR_P1";"INTERVAL";"PROBE";4;63;0x00001d2a;28;1933338;768124;430018;1093265;1129589;10;0;NOSTRESS
138433270852;16782;"NEAR_P1";"INTERVAL";"PROBE";4;63;0x00001d2a;28;1939451;771000;432528;1100343;1130791;474;0;NOSTRESS
138433287639;16676;"NEAR_P1";"INTERVAL";"PROBE";4;63;0x00001d2a;28;1934329;768435;430094;1093421;1129786;8;0;NOSTRESS
138433304319;16768;"NEAR_P1";"INTERVAL";"PROBE";4;63;0x00001d2a;28;1936262;770014;432326;1099623;1129020;473;0;NOSTRESS
138433321091;16798;"NEAR_P1";"INTERVAL";"PROBE";4;63;0x00001d2a;28;1938713;770702;432460;1100228;1130215;454;0;NOSTRESS
138433337894;16687;"NEAR_P1";"INTERVAL";"PROBE";4;63;0x00001d2a;28;1936132;768963;430147;1093668;1130902;20;0;NOSTRESS
138433354586;16804;"NEAR_P1";"INTERVAL";"PROBE";4;63;0x00001d2a;28;1940475;771233;432535;1100595;1131420;457;0;NOSTRESS
138433371394;16690;"NEAR_P1";"INTERVAL";"PROBE";4;63;0x00001d2a;28;1936965;769379;430168;1093911;1131610;19;0;NOSTRESS
138433388089;16798;"NEAR_P1";"INTERVAL";"PROBE";4;63;0x00001d2a;28;1940226;770923;432461;1100211;1131500;462;0;NOSTRESS
138433404891;16701;"NEAR_P1";"INTERVAL";"PROBE";4;63;0x00001d2a;28;1939848;770001;430272;1094428;1133330;17;0;NOSTRESS
138433421596;16796;"NEAR_P1";"INTERVAL";"PROBE";4;63;0x00001d2a;28;1939863;770826;432442;1100009;1131229;458;0;NOSTRESS
138433438397;16674;"NEAR_P1";"INTERVAL";"PROBE";4;63;0x00001d2a;28;1934919;768406;429992;1093093;1130577;17;0;NOSTRESS
138433455075;16801;"NEAR_P1";"INTERVAL";"PROBE";4;63;0x00001d2a;28;1941186;771460;432872;1101785;1131628;597;0;NOSTRESS
138433471881;16691;"NEAR_P1";"INTERVAL";"PROBE";4;63;0x00001d2a;28;1938364;769641;430065;1094004;1132604;15;0;NOSTRESS
138433488576;16777;"NEAR_P1";"INTERVAL";"PROBE";4;63;0x00001d2a;28;1939438;770700;432389;1100130;1131076;499;0;NOSTRESS
138433505375;41630;"TRAJ_R1";"INTERVAL";"PROBE";4;63;0x00001d2a;28;4341854;1773910;1114527;2715579;2740392;683;0;NOSTRESS
138434769849;376077;"MAF";"INTERVAL";"PROBE";4;63;0x00001d2a;29;43026529;17149983;9727210;24637247;25303288;6738;0;NOSTRESS
138434769871;76;"SENS_C1";"INTERVAL";"PROBE";4;63;0x00001d2a;29;764;634;436;1049;0;117;0;NOSTRESS
138434769952;97;"LOC_C1";"INTERVAL";"PROBE";4;63;0x00001d2a;29;3813;1838;1241;3115;1841;157;0;NOSTRESS
138434770053;19;"LOC_C2";"INTERVAL";"PROBE";4;63;0x00001d2a;29;352;295;197;609;17;22;0;NOSTRESS
138434770077;91;"LOC_C3";"INTERVAL";"PROBE";4;63;0x00001d2a;29;8969;2485;1719;7644;3926;61;0;NOSTRESS
138434770172;23;"LOC_C4";"INTERVAL";"PROBE";4;63;0x00001d2a;29;340;272;208;574;0;26;0;NOSTRESS
138434770199;16954;"NEAR_P1";"INTERVAL";"PROBE";4;63;0x00001d2a;29;1941872;772729;433094;1103883;1131307;739;0;NOSTRESS
138434787157;16710;"NEAR_P1";"INTERVAL";"PROBE";4;63;0x00001d2a;29;1937781;770154;430327;1095260;1131636;13;0;NOSTRESS
138434803871;16798;"NEAR_P1";"INTERVAL";"PROBE";4;63;0x00001d2a;29;1939282;771129;432626;1101372;1130536;534;0;NOSTRESS
138434820673;16688;"NEAR_P1";"INTERVAL";"PROBE";4;63;0x00001d2a;29;1935204;768963;430169;1093938;1130480;15;0;NOSTRESS
138434837365;16811;"NEAR_P1";"INTERVAL";"PROBE";4;63;0x00001d2a;29;1938728;770692;432412;1100194;1130519;487;0;NOSTRESS
138434854180;16689;"NEAR_P1";"INTERVAL";"PROBE";4;63;0x00001d2a;29;1936659;769230;430160;1093885;1131453;10;0;NOSTRESS
138434870873;16796;"NEAR_P1";"INTERVAL";"PROBE";4;63;0x00001d2a;29;1938514;770643;432378;1100160;1130475;475;0;NOSTRESS
138434887673;16681;"NEAR_P1";"INTERVAL";"PROBE";4;63;0x00001d2a;29;1935387;768869;430061;1093586;1130603;9;0;NOSTRESS
138434904358;16776;"NEAR_P1";"INTERVAL";"PROBE";4;63;0x00001d2a;29;1938371;770674;432449;1100148;1130258;469;0;NOSTRESS
138434921139;16796;"NEAR_P1";"INTERVAL";"PROBE";4;63;0x00001d2a;29;1942656;771850;432637;1100959;1132960;472;0;NOSTRESS
138434937939;16679;"NEAR_P1";"INTERVAL";"PROBE";4;63;0x00001d2a;29;1934948;768734;430023;1093497;1130338;19;0;NOSTRESS
138434954623;16783;"NEAR_P1";"INTERVAL";"PROBE";4;63;0x00001d2a;29;1939500;771085;432524;1100486;1130871;463;0;NOSTRESS
138434971410;16687;"NEAR_P1";"INTERVAL";"PROBE";4;63;0x00001d2a;29;1936428;769154;430112;1093725;1131267;17;0;NOSTRESS
138434988102;16812;"NEAR_P1";"INTERVAL";"PROBE";4;63;0x00001d2a;29;1939805;771118;432429;1100519;1131185;456;0;NOSTRESS
138435004919;16677;"NEAR_P1";"INTERVAL";"PROBE";4;63;0x00001d2a;29;1934794;768612;430074;1093139;1130374;18;0;NOSTRESS
138435021600;16804;"NEAR_P1";"INTERVAL";"PROBE";4;63;0x00001d2a;29;1940222;771193;432485;1100684;1131487;463;0;NOSTRESS
138435038408;16678;"NEAR_P1";"INTERVAL";"PROBE";4;63;0x00001d2a;29;1934624;768509;430101;1093301;1130113;18;0;NOSTRESS
138435055090;16799;"NEAR_P1";"INTERVAL";"PROBE";4;63;0x00001d2a;29;1939588;770996;432427;1100115;1131175;458;0;NOSTRESS
138435071894;16689;"NEAR_P1";"INTERVAL";"PROBE";4;63;0x00001d2a;29;1936783;769327;430080;1093902;1131464;17;0;NOSTRESS
138435088587;16798;"NEAR_P1";"INTERVAL";"PROBE";4;63;0x00001d2a;29;1939317;770947;432492;1100212;1130971;457;0;NOSTRESS
138435105406;40515;"TRAJ_R1";"INTERVAL";"PROBE";4;63;0x00001d2a;29;4242225;1732768;1088308;2652073;2678032;537;0;NOSTRESS
138436369867;375417;"MAF";"INTERVAL";"PROBE";4;63;0x00001d2a;30;42982868;17117932;9702865;24583096;25268040;6894;0;NOSTRESS
138436369888;85;"SENS_C1";"INTERVAL";"PROBE";4;63;0x00001d2a;30;765;633;440;1064;0;120;0;NOSTRESS
138436369977;94;"LOC_C1";"INTERVAL";"PROBE";4;63;0x00001d2a;30;3622;1786;1237;3077;1724;155;0;NOSTRESS
138436370076;18;"LOC_C2";"INTERVAL";"PROBE";4;63;0x00001d2a;30;344;292;195;592;17;19;0;NOSTRESS
138436370098;96;"LOC_C3";"INTERVAL";"PROBE";4;63;0x00001d2a;30;8923;2466;1704;7665;3888;59;0;NOSTRESS
138436370198;23;"LOC_C4";"INTERVAL";"PROBE";4;63;0x00001d2a;30;338;276;208;576;0;30;0;NOSTRESS
138436370226;16979;"NEAR_P1";"INTERVAL";"PROBE";4;63;0x00001d2a;30;1944305;773150;433084;1103878;1132585;781;0;NOSTRESS
138436387209;16712;"NEAR_P1";"INTERVAL";"PROBE";4;63;0x00001d2a;30;1940183;770400;430417;1095260;1133010;13;0;NOSTRESS
138436403926;16805;"NEAR_P1";"INTERVAL";"PROBE";4;63;0x00001d2a;30;1943391;772109;432740;1101737;1132773;513;0;NOSTRESS
138436420735;16692;"NEAR_P1";"INTERVAL";"PROBE";4;63;0x00001d2a;30;1938306;769389;430192;1094183;1132212;13;0;NOSTRESS
138436437432;16790;"NEAR_P1";"INTERVAL";"PROBE";4;63;0x00001d2a;30;1941517;771283;432592;1100851;1131773;477;0;NOSTRESS
138436454226;16689;"NEAR_P1";"INTERVAL";"PROBE";4;63;0x00001d2a;30;1937870;769270;430166;1093979;1132020;9;0;NOSTRESS
138436470920;16918;"NEAR_P1";"INTERVAL";"PROBE";4;63;0x00001d2a;30;1945434;772861;433877;1105001;1133163;684;0;NOSTRESS
138436487843;16694;"NEAR_P1";"INTERVAL";"PROBE";4;63;0x00001d2a;30;1938483;769525;430225;1094257;1132206;7;0;NOSTRESS
138436504541;16838;"NEAR_P1";"INTERVAL";"PROBE";4;63;0x00001d2a;30;1943444;771803;432535;1100793;1133240;481;0;NOSTRESS
138436521383;16828;"NEAR_P1";"INTERVAL";"PROBE";4;63;0x00001d2a;30;1943744;771758;432645;1101274;1133416;471;0;NOSTRESS
138436538215;16692;"NEAR_P1";"INTERVAL";"PROBE";4;63;0x00001d2a;30;1937873;769316;430171;1094019;1131920;18;0;NOSTRESS
138436554911;16800;"NEAR_P1";"INTERVAL";"PROBE";4;63;0x00001d2a;30;1944463;772118;432751;1101468;1133609;467;0;NOSTRESS
138436571715;16685;"NEAR_P1";"INTERVAL";"PROBE";4;63;0x00001d2a;30;1936973;768825;430159;1093532;1131368;20;0;NOSTRESS
138436588404;16779;"NEAR_P1";"INTERVAL";"PROBE";4;63;0x00001d2a;30;1940664;770997;432545;1100599;1131508;473;0;NOSTRESS
138436605188;16694;"NEAR_P1";"INTERVAL";"PROBE";4;63;0x00001d2a;30;1938824;769524;430217;1094111;1132608;20;0;NOSTRESS
138436621886;16786;"NEAR_P1";"INTERVAL";"PROBE";4;63;0x00001d2a;30;1941775;771259;432569;1100859;1132043;463;0;NOSTRESS
138436638676;16697;"NEAR_P1";"INTERVAL";"PROBE";4;63;0x00001d2a;30;1937958;769475;430218;1094248;1131905;20;0;NOSTRESS
138436655377;16819;"NEAR_P1";"INTERVAL";"PROBE";4;63;0x00001d2a;30;1941962;771081;432491;1100259;1132323;417;0;NOSTRESS
138436672201;16696;"NEAR_P1";"INTERVAL";"PROBE";4;63;0x00001d2a;30;1939367;769748;430153;1094274;1132852;19;0;NOSTRESS
138436688901;16815;"NEAR_P1";"INTERVAL";"PROBE";4;63;0x00001d2a;30;1941452;771141;432511;1100690;1131957;460;0;NOSTRESS
138436705737;39543;"TRAJ_R1";"INTERVAL";"PROBE";4;63;0x00001d2a;30;4141320;1690364;1060782;2585616;2613920;481;0;NOSTRESS
138437969840;374543;"MAF";"INTERVAL";"PROBE";4;63;0x00001d2a;31;42863663;17081026;9673432;24516040;25192930;7147;0;NOSTRESS
138437969858;84;"SENS_C1";"INTERVAL";"PROBE";4;63;0x00001d2a;31;741;626;436;1023;0;112;0;NOSTRESS
138437969947;100;"LOC_C1";"INTERVAL";"PROBE";4;63;0x00001d2a;31;3854;1844;1236;3098;1867;155;0;NOSTRESS
138437970051;19;"LOC_C2";"INTERVAL";"PROBE";4;63;0x00001d2a;31;346;292;195;599;17;17;0;NOSTRESS
138437970074;96;"LOC_C3";"INTERVAL";"PROBE";4;63;0x00001d2a;31;8825;2427;1705;7634;3828;60;0;NOSTRESS
138437970174;22;"LOC_C4";"INTERVAL";"PROBE";4;63;0x00001d2a;31;351;279;210;600;0;28;0;NOSTRESS
138437970200;16993;"NEAR_P1";"INTERVAL";"PROBE";4;63;0x00001d2a;31;1944715;773218;433088;1103584;1133033;812;0;NOSTRESS
138437987198;16712;"NEAR_P1";"INTERVAL";"PROBE";4;63;0x00001d2a;31;1940154;770514;430382;1095119;1133222;15;0;NOSTRESS
138438003914;16816;"NEAR_P1";"INTERVAL";"PROBE";4;63;0x00001d2a;31;1944190;772641;432755;1101872;1133508;521;0;NOSTRESS
138438020734;16878;"NEAR_P1";"INTERVAL";"PROBE";4;63;0x00001d2a;31;1938242;770110;430286;1094885;1132127;40;0;NOSTRESS
138438037616;16810;"NEAR_P1";"INTERVAL";"PROBE";4;63;0x00001d2a;31;1941357;771756;432634;1101256;1131711;585;0;NOSTRESS
138438054430;16710;"NEAR_P1";"INTERVAL";"PROBE";4;63;0x00001d2a;31;1939100;770214;430262;1094858;1132665;11;0;NOSTRESS
138438071145;16797;"NEAR_P1";"INTERVAL";"PROBE";4;63;0x00001d2a;31;1941117;771737;432568;1100903;1131662;480;0;NOSTRESS
138438087946;16707;"NEAR_P1";"INTERVAL";"PROBE";4;63;0x00001d2a;31;1939022;770261;430246;1094729;1132602;6;0;NOSTRESS
138438104657;16812;"NEAR_P1";"INTERVAL";"PROBE";4;63;0x00001d2a;31;1940956;771672;432528;1100899;1131671;476;0;NOSTRESS
138438121474;16793;"NEAR_P1";"INTERVAL";"PROBE";4;63;0x00001d2a;31;1940757;771558;432599;1100862;1131436;466;0;NOSTRESS
138438138271;16706;"NEAR_P1";"INTERVAL";"PROBE";4;63;0x00001d2a;31;1938452;770145;430281;1094566;1132203;18;0;NOSTRESS
138438154981;16840;"NEAR_P1";"INTERVAL";"PROBE";4;63;0x00001d2a;31;1943257;772405;432661;1101396;1132942;454;0;NOSTRESS
138438171826;16717;"NEAR_P1";"INTERVAL";"PROBE";4;63;0x00001d2a;31;1940472;770608;430390;1094927;1133377;19;0;NOSTRESS
138438188547;16813;"NEAR_P1";"INTERVAL";"PROBE";4;63;0x00001d2a;31;1940045;771585;432527;1101068;1130891;462;0;NOSTRESS
138438205364;16701;"NEAR_P1";"INTERVAL";"PROBE";4;63;0x00001d2a;31;1937136;769763;430249;1094407;1131299;19;0;NOSTRESS
138438222069;16797;"NEAR_P1";"INTERVAL";"PROBE";4;63;0x00001d2a;31;1941551;771889;432702;1101415;1131823;464;0;NOSTRESS
138438238871;16715;"NEAR_P1";"INTERVAL";"PROBE";4;63;0x00001d2a;31;1940676;770664;430299;1094962;1133571;19;0;NOSTRESS
138438255590;16796;"NEAR_P1";"INTERVAL";"PROBE";4;63;0x00001d2a;31;1941432;771680;432630;1101221;1131784;468;0;NOSTRESS
138438272391;16696;"NEAR_P1";"INTERVAL";"PROBE";4;63;0x00001d2a;31;1936021;769369;430203;1094247;1130688;18;0;NOSTRESS
138438289091;16790;"NEAR_P1";"INTERVAL";"PROBE";4;63;0x00001d2a;31;1940282;771399;432612;1100866;1131159;457;0;NOSTRESS
138438305903;38476;"TRAJ_R1";"INTERVAL";"PROBE";4;63;0x00001d2a;31;4030355;1644944;1031236;2514484;2543844;539;0;NOSTRESS
138439569869;373232;"MAF";"INTERVAL";"PROBE";4;63;0x00001d2a;32;42752205;17030164;9642580;24443124;25124596;7104;0;NOSTRESS
138439569889;75;"SENS_C1";"INTERVAL";"PROBE";4;63;0x00001d2a;32;762;632;436;1037;0;112;0;NOSTRESS
138439569969;99;"LOC_C1";"INTERVAL";"PROBE";4;63;0x00001d2a;32;3698;1822;1237;3072;1780;154;0;NOSTRESS
138439570072;19;"LOC_C2";"INTERVAL";"PROBE";4;63;0x00001d2a;32;347;294;197;600;17;21;0;NOSTRESS
138439570095;90;"LOC_C3";"INTERVAL";"PROBE";4;63;0x00001d2a;32;8782;2422;1694;7570;3818;62;0;NOSTRESS
138439570189;22;"LOC_C4";"INTERVAL";"PROBE";4;63;0x00001d2a;32;341;277;210;581;0;31;0;NOSTRESS
138439570216;17022;"NEAR_P1";"INTERVAL";"PROBE";4;63;0x00001d2a;32;1944832;773456;433330;1104755;1132845;844;0;NOSTRESS
138439587243;16712;"NEAR_P1";"INTERVAL";"PROBE";4;63;0x00001d2a;32;1940478;770533;430301;1095019;1133524;15;0;NOSTRESS
138439603959;16849;"NEAR_P1";"INTERVAL";"PROBE";4;63;0x00001d2a;32;1943464;772570;433522;1104055;1132147;587;0;NOSTRESS
138439620812;16707;"NEAR_P1";"INTERVAL";"PROBE";4;63;0x00001d2a;32;1939604;770191;430238;1094837;1132865;11;0;NOSTRESS
138439637523;16797;"NEAR_P1";"INTERVAL";"PROBE";4;63;0x00001d2a;32;1942080;771708;432501;1101112;1132278;499;0;NOSTRESS
138439654324;16693;"NEAR_P1";"INTERVAL";"PROBE";4;63;0x00001d2a;32;1937519;769488;430075;1094130;1131925;10;0;NOSTRESS
138439671022;16799;"NEAR_P1";"INTERVAL";"PROBE";4;63;0x00001d2a;32;1942730;771998;432488;1101242;1132761;468;0;NOSTRESS
138439687826;16701;"NEAR_P1";"INTERVAL";"PROBE";4;63;0x00001d2a;32;1938792;769927;430179;1094485;1132596;9;0;NOSTRESS
138439704531;16807;"NEAR_P1";"INTERVAL";"PROBE";4;63;0x00001d2a;32;1944333;772483;432643;1101447;1133821;460;0;NOSTRESS
138439721342;16834;"NEAR_P1";"INTERVAL";"PROBE";4;63;0x00001d2a;32;1944470;772466;432736;1101887;1133864;501;0;NOSTRESS
138439738180;16698;"NEAR_P1";"INTERVAL";"PROBE";4;63;0x00001d2a;32;1938242;769755;430119;1094207;1132363;19;0;NOSTRESS
138439754882;16810;"NEAR_P1";"INTERVAL";"PROBE";4;63;0x00001d2a;32;1940854;771325;432506;1100704;1131679;475;0;NOSTRESS
138439771697;16709;"NEAR_P1";"INTERVAL";"PROBE";4;63;0x00001d2a;32;1939985;770373;430185;1094706;1133263;19;0;NOSTRESS
138439788411;16832;"NEAR_P1";"INTERVAL";"PROBE";4;63;0x00001d2a;32;1946095;773060;433141;1103170;1134407;585;0;NOSTRESS
138439805247;16707;"NEAR_P1";"INTERVAL";"PROBE";4;63;0x00001d2a;32;1940035;770213;430139;1094587;1133423;18;0;NOSTRESS
138439821958;16828;"NEAR_P1";"INTERVAL";"PROBE";4;63;0x00001d2a;32;1941372;771425;432433;1100808;1132122;497;0;NOSTRESS
138439838790;16705;"NEAR_P1";"INTERVAL";"PROBE";4;63;0x00001d2a;32;1939507;770049;430166;1094499;1133018;19;0;NOSTRESS
138439855499;16804;"NEAR_P1";"INTERVAL";"PROBE";4;63;0x00001d2a;32;1940187;771043;432382;1100525;1131398;458;0;NOSTRESS
138439872307;16698;"NEAR_P1";"INTERVAL";"PROBE";4;63;0x00001d2a;32;1938637;769752;430111;1094061;1132587;18;0;NOSTRESS
138439889010;16796;"NEAR_P1";"INTERVAL";"PROBE";4;63;0x00001d2a;32;1942360;771900;432527;1101158;1132702;463;0;NOSTRESS
138439905811;37286;"TRAJ_R1";"INTERVAL";"PROBE";4;63;0x00001d2a;32;3903112;1593934;1001047;2439690;2463393;540;0;NOSTRESS
138441169907;372255;"MAF";"INTERVAL";"PROBE";4;63;0x00001d2a;33;42643115;16981372;9612519;24365178;25059026;7444;0;NOSTRESS
138441169928;81;"SENS_C1";"INTERVAL";"PROBE";4;63;0x00001d2a;33;756;623;436;1061;0;118;0;NOSTRESS
138441170014;99;"LOC_C1";"INTERVAL";"PROBE";4;63;0x00001d2a;33;3765;1830;1240;3120;1801;156;0;NOSTRESS
138441170117;19;"LOC_C2";"INTERVAL";"PROBE";4;63;0x00001d2a;33;348;292;195;600;17;19;0;NOSTRESS
138441170140;92;"LOC_C3";"INTERVAL";"PROBE";4;63;0x00001d2a;33;8853;2442;1715;7627;3849;60;0;NOSTRESS
138441170236;21;"LOC_C4";"INTERVAL";"PROBE";4;63;0x00001d2a;33;351;279;209;600;0;28;0;NOSTRESS
138441170262;16995;"NEAR_P1";"INTERVAL";"PROBE";4;63;0x00001d2a;33;1944899;773363;433321;1104610;1133180;765;0;NOSTRESS
138441187262;16707;"NEAR_P1";"INTERVAL";"PROBE";4;63;0x00001d2a;33;1939047;770298;430300;1095002;1132589;13;0;NOSTRESS
138441203973;16805;"NEAR_P1";"INTERVAL";"PROBE";4;63;0x00001d2a;33;1943219;772003;432661;1101196;1133039;525;0;NOSTRESS
138441220782;16701;"NEAR_P1";"INTERVAL";"PROBE";4;63;0x00001d2a;33;1939244;769914;430210;1094296;1132984;13;0;NOSTRESS
138441237487;16792;"NEAR_P1";"INTERVAL";"PROBE";4;63;0x00001d2a;33;1942518;771632;432544;1100784;1132835;474;0;NOSTRESS
138441254283;16691;"NEAR_P1";"INTERVAL";"PROBE";4;63;0x00001d2a;33;1938117;769359;430118;1093799;1132390;9;0;NOSTRESS
138441270978;16850;"NEAR_P1";"INTERVAL";"PROBE";4;63;0x00001d2a;33;1943632;772355;433373;1103158;1132645;565;0;NOSTRESS
138441287833;16684;"NEAR_P1";"INTERVAL";"PROBE";4;63;0x00001d2a;33;1936922;769033;430061;1093467;1131728;7;0;NOSTRESS
138441304521;16791;"NEAR_P1";"INTERVAL";"PROBE";4;63;0x00001d2a;33;1941878;771567;432573;1100670;1132534;482;0;NOSTRESS
138441321317;16803;"NEAR_P1";"INTERVAL";"PROBE";4;63;0x00001d2a;33;1944342;772291;432675;1101258;1133812;458;0;NOSTRESS
138441338124;16703;"NEAR_P1";"INTERVAL";"PROBE";4;63;0x00001d2a;33;1939789;770016;430201;1094232;1133350;19;0;NOSTRESS
138441354831;16784;"NEAR_P1";"INTERVAL";"PROBE";4;63;0x00001d2a;33;1941142;771228;432497;1100386;1132029;453;0;NOSTRESS
138441371619;16690;"NEAR_P1";"INTERVAL";"PROBE";4;63;0x00001d2a;33;1937293;769269;430067;1093594;1131920;19;0;NOSTRESS
138441388313;17018;"NEAR_P1";"INTERVAL";"PROBE";4;63;0x00001d2a;33;1943333;771992;432604;1101347;1133327;643;0;NOSTRESS
138441405336;16701;"NEAR_P1";"INTERVAL";"PROBE";4;63;0x00001d2a;33;1939646;769975;430082;1094320;1133350;22;0;NOSTRESS
138441422041;16816;"NEAR_P1";"INTERVAL";"PROBE";4;63;0x00001d2a;33;1943826;772007;432555;1100952;1133653;468;0;NOSTRESS
138441438862;16705;"NEAR_P1";"INTERVAL";"PROBE";4;63;0x00001d2a;33;1940276;770292;430172;1094357;1133733;19;0;NOSTRESS
138441455572;16836;"NEAR_P1";"INTERVAL";"PROBE";4;63;0x00001d2a;33;1944753;772442;432951;1102369;1133911;607;0;NOSTRESS
138441472412;16688;"NEAR_P1";"INTERVAL";"PROBE";4;63;0x00001d2a;33;1936742;769065;430002;1093618;1131739;21;0;NOSTRESS
138441489104;16817;"NEAR_P1";"INTERVAL";"PROBE";4;63;0x00001d2a;33;1941470;771259;432363;1100393;1132414;506;0;NOSTRESS
138441505925;36233;"TRAJ_R1";"INTERVAL";"PROBE";4;63;0x00001d2a;33;3796709;1549161;970892;2367926;2396197;557;0;NOSTRESS
138442769883;371300;"MAF";"INTERVAL";"PROBE";4;63;0x00001d2a;34;42604262;16958270;9585045;24312841;25024845;7039;0;NOSTRESS
138442769906;76;"SENS_C1";"INTERVAL";"PROBE";4;63;0x00001d2a;34;755;623;436;1060;0;115;0;NOSTRESS
138442769986;98;"LOC_C1";"INTERVAL";"PROBE";4;63;0x00001d2a;34;3774;1837;1240;3103;1831;156;0;NOSTRESS
138442770088;19;"LOC_C2";"INTERVAL";"PROBE";4;63;0x00001d2a;34;352;295;197;609;17;20;0;NOSTRESS
138442770111;95;"LOC_C3";"INTERVAL";"PROBE";4;63;0x00001d2a;34;8755;2414;1684;7553;3802;60;0;NOSTRESS
138442770211;20;"LOC_C4";"INTERVAL";"PROBE";4;63;0x00001d2a;34;341;272;208;578;0;27;0;NOSTRESS
138442770235;16999;"NEAR_P1";"INTERVAL";"PROBE";4;63;0x00001d2a;34;1948676;774540;433401;1105156;1135104;760;0;NOSTRESS
138442787239;16721;"NEAR_P1";"INTERVAL";"PROBE";4;63;0x00001d2a;34;1942771;771232;430358;1095868;1134526;9;0;NOSTRESS
138442803964;16835;"NEAR_P1";"INTERVAL";"PROBE";4;63;0x00001d2a;34;1944928;772567;432659;1101936;1133814;534;0;NOSTRESS
138442820804;16724;"NEAR_P1";"INTERVAL";"PROBE";4;63;0x00001d2a;34;1942965;771358;430473;1095657;1134615;15;0;NOSTRESS
138442837532;16831;"NEAR_P1";"INTERVAL";"PROBE";4;63;0x00001d2a;34;1945655;772819;432803;1102513;1133989;495;0;NOSTRESS
138442854368;16727;"NEAR_P1";"INTERVAL";"PROBE";4;63;0x00001d2a;34;1945258;771886;430451;1095766;1136309;10;0;NOSTRESS
138442871099;16802;"NEAR_P1";"INTERVAL";"PROBE";4;63;0x00001d2a;34;1945099;772442;432680;1101550;1133964;476;0;NOSTRESS
138442887905;16712;"NEAR_P1";"INTERVAL";"PROBE";4;63;0x00001d2a;34;1941979;770660;430283;1094998;1134381;7;0;NOSTRESS
138442904621;16816;"NEAR_P1";"INTERVAL";"PROBE";4;63;0x00001d2a;34;1947290;773258;432686;1102154;1135506;470;0;NOSTRESS
138442921441;16883;"NEAR_P1";"INTERVAL";"PROBE";4;63;0x00001d2a;34;1948008;773590;433639;1104457;1135122;544;0;NOSTRESS
138442938328;16714;"NEAR_P1";"INTERVAL";"PROBE";4;63;0x00001d2a;34;1942736;770954;430327;1095012;1134873;20;0;NOSTRESS
138442955046;16800;"NEAR_P1";"INTERVAL";"PROBE";4;63;0x00001d2a;34;1944507;772237;432638;1101339;1133777;475;0;NOSTRESS
138442971850;16715;"NEAR_P1";"INTERVAL";"PROBE";4;63;0x00001d2a;34;1942988;771048;430245;1095170;1135089;19;0;NOSTRESS
138442988570;16807;"NEAR_P1";"INTERVAL";"PROBE";4;63;0x00001d2a;34;1946708;772769;432645;1101701;1135186;459;0;NOSTRESS
138443005381;16720;"NEAR_P1";"INTERVAL";"PROBE";4;63;0x00001d2a;34;1943682;771371;430344;1095476;1135367;18;0;NOSTRESS
138443022106;16805;"NEAR_P1";"INTERVAL";"PROBE";4;63;0x00001d2a;34;1945781;772779;432667;1101743;1134477;464;0;NOSTRESS
138443038915;16727;"NEAR_P1";"INTERVAL";"PROBE";4;63;0x00001d2a;34;1944618;771609;430365;1095760;1135969;18;0;NOSTRESS
138443055647;16838;"NEAR_P1";"INTERVAL";"PROBE";4;63;0x00001d2a;34;1947926;773248;432804;1102292;1135835;503;0;NOSTRESS
138443072489;16715;"NEAR_P1";"INTERVAL";"PROBE";4;63;0x00001d2a;34;1943207;770973;430294;1094953;1135286;20;0;NOSTRESS
138443089208;16830;"NEAR_P1";"INTERVAL";"PROBE";4;63;0x00001d2a;34;1946332;772781;432714;1101769;1134878;470;0;NOSTRESS
138443106060;35118;"TRAJ_R1";"INTERVAL";"PROBE";4;63;0x00001d2a;34;3679605;1501628;940764;2295465;2321128;679;0;NOSTRESS
138444369899;370108;"MAF";"INTERVAL";"PROBE";4;63;0x00001d2a;35;42466456;16899722;9555315;24233574;24941428;7163;0;NOSTRESS
138444369919;79;"SENS_C1";"INTERVAL";"PROBE";4;63;0x00001d2a;35;729;618;435;1005;0;117;0;NOSTRESS
138444370002;99;"LOC_C1";"INTERVAL";"PROBE";4;63;0x00001d2a;35;3787;1843;1242;3092;1837;153;0;NOSTRESS
138444370105;21;"LOC_C2";"INTERVAL";"PROBE";4;63;0x00001d2a;35;344;292;195;592;17;21;0;NOSTRESS
138444370130;92;"LOC_C3";"INTERVAL";"PROBE";4;63;0x00001d2a;35;8740;2421;1701;7576;3794;61;0;NOSTRESS
138444370226;24;"LOC_C4";"INTERVAL";"PROBE";4;63;0x00001d2a;35;345;281;209;590;0;32;0;NOSTRESS
138444370254;17016;"NEAR_P1";"INTERVAL";"PROBE";4;63;0x00001d2a;35;1947926;774145;433695;1106264;1134443;852;0;NOSTRESS
138444387275;16725;"NEAR_P1";"INTERVAL";"PROBE";4;63;0x00001d2a;35;1943840;771453;430607;1096123;1135285;13;0;NOSTRESS
138444404005;16807;"NEAR_P1";"INTERVAL";"PROBE";4;63;0x00001d2a;35;1944570;772279;432727;1101933;1133730;533;0;NOSTRESS
138444420817;16699;"NEAR_P1";"INTERVAL";"PROBE";4;63;0x00001d2a;35;1940288;769944;430240;1094583;1133415;14;0;NOSTRESS
138444437520;16849;"NEAR_P1";"INTERVAL";"PROBE";4;63;0x00001d2a;35;1947419;773010;432810;1102031;1135721;476;0;NOSTRESS
138444454373;16693;"NEAR_P1";"INTERVAL";"PROBE";4;63;0x00001d2a;35;1939548;769579;430245;1094094;1133218;8;0;NOSTRESS
138444471070;16820;"NEAR_P1";"INTERVAL";"PROBE";4;63;0x00001d2a;35;1944474;772020;432659;1101189;1134004;482;0;NOSTRESS
138444487894;16706;"NEAR_P1";"INTERVAL";"PROBE";4;63;0x00001d2a;35;1941958;770442;430343;1094720;1134610;8;0;NOSTRESS
138444504604;16810;"NEAR_P1";"INTERVAL";"PROBE";4;63;0x00001d2a;35;1947141;772961;432752;1101988;1135515;471;0;NOSTRESS
138444521418;16799;"NEAR_P1";"INTERVAL";"PROBE";4;63;0x00001d2a;35;1944449;772129;432704;1101340;1133869;467;0;NOSTRESS
138444538221;16708;"NEAR_P1";"INTERVAL";"PROBE";4;63;0x00001d2a;35;1941695;770436;430357;1094797;1134341;17;0;NOSTRESS
138444554934;16803;"NEAR_P1";"INTERVAL";"PROBE";4;63;0x00001d2a;35;1945862;772531;432732;1101580;1134756;465;0;NOSTRESS
138444571741;16703;"NEAR_P1";"INTERVAL";"PROBE";4;63;0x00001d2a;35;1940891;770158;430312;1094549;1133851;17;0;NOSTRESS
138444588449;16879;"NEAR_P1";"INTERVAL";"PROBE";4;63;0x00001d2a;35;1948272;773555;433719;1104236;1135489;560;0;NOSTRESS
138444605333;16703;"NEAR_P1";"INTERVAL";"PROBE";4;63;0x00001d2a;35;1941415;770204;430218;1094523;1134333;18;0;NOSTRESS
138444622040;16802;"NEAR_P1";"INTERVAL";"PROBE";4;63;0x00001d2a;35;1944819;772323;432725;1101576;1133964;478;0;NOSTRESS
138444638846;16710;"NEAR_P1";"INTERVAL";"PROBE";4;63;0x00001d2a;35;1941991;770605;430284;1094987;1134600;17;0;NOSTRESS
138444655560;16948;"NEAR_P1";"INTERVAL";"PROBE";4;63;0x00001d2a;35;1949354;773906;434018;1106036;1135673;593;0;NOSTRESS
138444672512;16710;"NEAR_P1";"INTERVAL";"PROBE";4;63;0x00001d2a;35;1942634;770764;430385;1094842;1135047;20;0;NOSTRESS
138444689226;16810;"NEAR_P1";"INTERVAL";"PROBE";4;63;0x00001d2a;35;1946220;772694;432737;1101616;1135170;504;0;NOSTRESS
138444706057;33945;"TRAJ_R1";"INTERVAL";"PROBE";4;63;0x00001d2a;35;3558127;1452024;909223;2218466;2244746;555;0;NOSTRESS
138445969894;368415;"MAF";"INTERVAL";"PROBE";4;63;0x00001d2a;36;42231672;16816409;9521908;24136328;24794633;7223;0;NOSTRESS
138445969914;72;"SENS_C1";"INTERVAL";"PROBE";4;63;0x00001d2a;36;736;619;435;1027;0;117;0;NOSTRESS
138445969990;230;"LOC_C1";"INTERVAL";"PROBE";4;63;0x00001d2a;36;3851;1854;1246;3121;1868;174;0;NOSTRESS
138445970224;19;"LOC_C2";"INTERVAL";"PROBE";4;63;0x00001d2a;36;347;294;197;600;17;21;0;NOSTRESS
138445970247;91;"LOC_C3";"INTERVAL";"PROBE";4;63;0x00001d2a;36;8809;2423;1700;7571;3827;58;0;NOSTRESS
138445970342;23;"LOC_C4";"INTERVAL";"PROBE";4;63;0x00001d2a;36;345;277;210;585;0;30;0;NOSTRESS
138445970369;16977;"NEAR_P1";"INTERVAL";"PROBE";4;63;0x00001d2a;36;1941195;772210;433461;1104501;1130501;905;0;NOSTRESS
138445987351;16688;"NEAR_P1";"INTERVAL";"PROBE";4;63;0x00001d2a;36;1936181;769017;430298;1094366;1130759;15;0;NOSTRESS
138446004044;16809;"NEAR_P1";"INTERVAL";"PROBE";4;63;0x00001d2a;36;1940980;771210;432649;1101341;1131547;523;0;NOSTRESS
138446020857;16688;"NEAR_P1";"INTERVAL";"PROBE";4;63;0x00001d2a;36;1936977;769108;430215;1094209;1131324;15;0;NOSTRESS
138446037549;16777;"NEAR_P1";"INTERVAL";"PROBE";4;63;0x00001d2a;36;1940170;770738;432664;1100416;1131169;479;0;NOSTRESS
138446054330;16688;"NEAR_P1";"INTERVAL";"PROBE";4;63;0x00001d2a;36;1936887;769030;430312;1094119;1131253;8;0;NOSTRESS
138446071022;16777;"NEAR_P1";"INTERVAL";"PROBE";4;63;0x00001d2a;36;1939532;770687;432634;1100461;1130787;478;0;NOSTRESS
138446087804;16676;"NEAR_P1";"INTERVAL";"PROBE";4;63;0x00001d2a;36;1935668;768513;430201;1093583;1130675;8;0;NOSTRESS
138446104484;16772;"NEAR_P1";"INTERVAL";"PROBE";4;63;0x00001d2a;36;1936013;769517;432376;1099724;1128727;475;0;NOSTRESS
138446121260;16798;"NEAR_P1";"INTERVAL";"PROBE";4;63;0x00001d2a;36;1939656;770618;432585;1100477;1130936;462;0;NOSTRESS
138446138062;16677;"NEAR_P1";"INTERVAL";"PROBE";4;63;0x00001d2a;36;1935460;768564;430163;1093676;1130460;20;0;NOSTRESS
138446154743;16788;"NEAR_P1";"INTERVAL";"PROBE";4;63;0x00001d2a;36;1941691;771443;432741;1101268;1132037;460;0;NOSTRESS
138446171536;16676;"NEAR_P1";"INTERVAL";"PROBE";4;63;0x00001d2a;36;1935523;768457;430198;1093550;1130526;20;0;NOSTRESS
138446188216;16771;"NEAR_P1";"INTERVAL";"PROBE";4;63;0x00001d2a;36;1938462;770393;432625;1100340;1130036;458;0;NOSTRESS
138446204991;16686;"NEAR_P1";"INTERVAL";"PROBE";4;63;0x00001d2a;36;1936383;768954;430273;1093957;1130961;20;0;NOSTRESS
138446221681;16775;"NEAR_P1";"INTERVAL";"PROBE";4;63;0x00001d2a;36;1939678;770773;432626;1100683;1130840;463;0;NOSTRESS
138446238460;16676;"NEAR_P1";"INTERVAL";"PROBE";4;63;0x00001d2a;36;1935222;768480;430175;1093650;1130423;19;0;NOSTRESS
138446255141;16849;"NEAR_P1";"INTERVAL";"PROBE";4;63;0x00001d2a;36;1940203;771249;433514;1102959;1130267;546;0;NOSTRESS
138446271994;16677;"NEAR_P1";"INTERVAL";"PROBE";4;63;0x00001d2a;36;1935508;768533;430135;1093644;1130519;20;0;NOSTRESS
138446288675;16780;"NEAR_P1";"INTERVAL";"PROBE";4;63;0x00001d2a;36;1940359;770915;432655;1100675;1131240;482;0;NOSTRESS
138446305476;32829;"TRAJ_R1";"INTERVAL";"PROBE";4;63;0x00001d2a;36;3445572;1405133;879124;2145384;2173934;539;0;NOSTRESS
138447569868;367506;"MAF";"INTERVAL";"PROBE";4;63;0x00001d2a;37;42135647;16769982;9498738;24080013;24729012;8650;0;NOSTRESS
138447569887;78;"SENS_C1";"INTERVAL";"PROBE";4;63;0x00001d2a;37;763;635;438;1065;0;120;0;NOSTRESS
138447569970;94;"LOC_C1";"INTERVAL";"PROBE";4;63;0x00001d2a;37;3838;1844;1239;3096;1855;151;0;NOSTRESS
138447570068;19;"LOC_C2";"INTERVAL";"PROBE";4;63;0x00001d2a;37;344;292;195;592;17;21;0;NOSTRESS
138447570091;91;"LOC_C3";"INTERVAL";"PROBE";4;63;0x00001d2a;37;8758;2401;1696;7561;3804;59;0;NOSTRESS
138447570187;21;"LOC_C4";"INTERVAL";"PROBE";4;63;0x00001d2a;37;349;278;209;593;0;27;0;NOSTRESS
138447570213;16980;"NEAR_P1";"INTERVAL";"PROBE";4;63;0x00001d2a;37;1941305;771596;433345;1104195;1130531;838;0;NOSTRESS
138447587197;16692;"NEAR_P1";"INTERVAL";"PROBE";4;63;0x00001d2a;37;1938914;769419;430429;1094908;1132351;16;0;NOSTRESS
138447603893;16817;"NEAR_P1";"INTERVAL";"PROBE";4;63;0x00001d2a;37;1940461;770745;433095;1102291;1130741;653;0;NOSTRESS
138447620715;16667;"NEAR_P1";"INTERVAL";"PROBE";4;63;0x00001d2a;37;1934087;767859;430193;1093403;1129658;14;0;NOSTRESS
138447637387;16774;"NEAR_P1";"INTERVAL";"PROBE";4;63;0x00001d2a;37;1939825;770471;432649;1100463;1130999;519;0;NOSTRESS
138447654165;16677;"NEAR_P1";"INTERVAL";"PROBE";4;63;0x00001d2a;37;1937475;768683;430299;1093777;1131849;9;0;NOSTRESS
138447670847;16774;"NEAR_P1";"INTERVAL";"PROBE";4;63;0x00001d2a;37;1939555;770206;432656;1100234;1130785;492;0;NOSTRESS
138447687625;16682;"NEAR_P1";"INTERVAL";"PROBE";4;63;0x00001d2a;37;1937160;768880;430249;1094087;1131645;10;0;NOSTRESS
138447704311;16896;"NEAR_P1";"INTERVAL";"PROBE";4;63;0x00001d2a;37;1943703;772059;433743;1104059;1132314;765;0;NOSTRESS
138447721211;16836;"NEAR_P1";"INTERVAL";"PROBE";4;63;0x00001d2a;37;1942626;771446;433568;1103284;1131855;711;0;NOSTRESS
138447738051;16668;"NEAR_P1";"INTERVAL";"PROBE";4;63;0x00001d2a;37;1935167;768036;430195;1093304;1130460;25;0;NOSTRESS
138447754723;16778;"NEAR_P1";"INTERVAL";"PROBE";4;63;0x00001d2a;37;1940369;770431;432658;1100492;1131325;514;0;NOSTRESS
138447771505;16673;"NEAR_P1";"INTERVAL";"PROBE";4;63;0x00001d2a;37;1935516;768179;430235;1093542;1130646;22;0;NOSTRESS
138447788182;16773;"NEAR_P1";"INTERVAL";"PROBE";4;63;0x00001d2a;37;1938623;770074;432695;1100260;1130265;462;0;NOSTRESS
138447804959;16674;"NEAR_P1";"INTERVAL";"PROBE";4;63;0x00001d2a;37;1935633;768328;430255;1093716;1130581;19;0;NOSTRESS
138447821637;16826;"NEAR_P1";"INTERVAL";"PROBE";4;63;0x00001d2a;37;1940311;770822;433543;1102869;1130536;676;0;NOSTRESS
138447838467;16684;"NEAR_P1";"INTERVAL";"PROBE";4;63;0x00001d2a;37;1936656;768803;430366;1094067;1131078;22;0;NOSTRESS
138447855155;16837;"NEAR_P1";"INTERVAL";"PROBE";4;63;0x00001d2a;37;1942729;771639;433645;1103273;1132006;686;0;NOSTRESS
138447871996;16670;"NEAR_P1";"INTERVAL";"PROBE";4;63;0x00001d2a;37;1934900;768097;430192;1093476;1130240;24;0;NOSTRESS
138447888670;16840;"NEAR_P1";"INTERVAL";"PROBE";4;63;0x00001d2a;37;1943449;771896;433640;1103565;1132406;694;0;NOSTRESS
138447905531;31839;"TRAJ_R1";"INTERVAL";"PROBE";4;63;0x00001d2a;37;3333494;1359750;851267;2078563;2101065;876;0;NOSTRESS
138449169884;366837;"MAF";"INTERVAL";"PROBE";4;63;0x00001d2a;38;42106849;16755185;9468858;24024017;24711354;7369;0;NOSTRESS
138449169904;80;"SENS_C1";"INTERVAL";"PROBE";4;63;0x00001d2a;38;736;620;438;1023;0;114;0;NOSTRESS
138449169989;95;"LOC_C1";"INTERVAL";"PROBE";4;63;0x00001d2a;38;3682;1808;1243;3099;1760;156;0;NOSTRESS
138449170088;22;"LOC_C2";"INTERVAL";"PROBE";4;63;0x00001d2a;38;347;294;197;600;17;21;0;NOSTRESS
138449170114;93;"LOC_C3";"INTERVAL";"PROBE";4;63;0x00001d2a;38;8753;2416;1704;7609;3787;59;0;NOSTRESS
138449170211;23;"LOC_C4";"INTERVAL";"PROBE";4;63;0x00001d2a;38;338;276;209;576;0;31;0;NOSTRESS
138449170239;17014;"NEAR_P1";"INTERVAL";"PROBE";4;63;0x00001d2a;38;1948775;774363;433866;1106175;1135007;842;0;NOSTRESS
138449187258;16724;"NEAR_P1";"INTERVAL";"PROBE";4;63;0x00001d2a;38;1943171;771343;430704;1096579;1134612;14;0;NOSTRESS
138449203987;16844;"NEAR_P1";"INTERVAL";"PROBE";4;63;0x00001d2a;38;1945631;772717;432944;1102614;1134249;517;0;NOSTRESS
138449220836;16712;"NEAR_P1";"INTERVAL";"PROBE";4;63;0x00001d2a;38;1942124;770631;430530;1095607;1134449;12;0;NOSTRESS
138449237552;16815;"NEAR_P1";"INTERVAL";"PROBE";4;63;0x00001d2a;38;1943757;771806;432781;1101551;1133301;488;0;NOSTRESS
138449254372;16703;"NEAR_P1";"INTERVAL";"PROBE";4;63;0x00001d2a;38;1941252;770237;430458;1095201;1134070;9;0;NOSTRESS
138449271080;17027;"NEAR_P1";"INTERVAL";"PROBE";4;63;0x00001d2a;38;1944852;772584;433290;1103551;1133406;759;0;NOSTRESS
138449288112;16689;"NEAR_P1";"INTERVAL";"PROBE";4;63;0x00001d2a;38;1937346;769279;430353;1094634;1131631;11;0;NOSTRESS
138449304805;16811;"NEAR_P1";"INTERVAL";"PROBE";4;63;0x00001d2a;38;1945355;772558;432942;1102289;1134139;509;0;NOSTRESS
138449321620;16793;"NEAR_P1";"INTERVAL";"PROBE";4;63;0x00001d2a;38;1942665;771645;432758;1101653;1132604;466;0;NOSTRESS
138449338417;16700;"NEAR_P1";"INTERVAL";"PROBE";4;63;0x00001d2a;38;1940120;769909;430489;1095033;1133143;19;0;NOSTRESS
138449355121;16799;"NEAR_P1";"INTERVAL";"PROBE";4;63;0x00001d2a;38;1944641;772260;432875;1101947;1133786;462;0;NOSTRESS
138449371924;16701;"NEAR_P1";"INTERVAL";"PROBE";4;63;0x00001d2a;38;1940487;770024;430495;1095175;1133369;19;0;NOSTRESS
138449388629;16795;"NEAR_P1";"INTERVAL";"PROBE";4;63;0x00001d2a;38;1943215;771904;432826;1101747;1132923;465;0;NOSTRESS
138449405428;16704;"NEAR_P1";"INTERVAL";"PROBE";4;63;0x00001d2a;38;1940387;770128;430469;1095345;1133284;19;0;NOSTRESS
138449422136;16815;"NEAR_P1";"INTERVAL";"PROBE";4;63;0x00001d2a;38;1944181;772145;432748;1101861;1133503;450;0;NOSTRESS
138449438955;16706;"NEAR_P1";"INTERVAL";"PROBE";4;63;0x00001d2a;38;1940942;770242;430514;1095240;1133599;19;0;NOSTRESS
138449455665;16814;"NEAR_P1";"INTERVAL";"PROBE";4;63;0x00001d2a;38;1943023;771797;432827;1101828;1132622;460;0;NOSTRESS
138449472483;16703;"NEAR_P1";"INTERVAL";"PROBE";4;63;0x00001d2a;38;1939965;770023;430525;1095191;1133036;20;0;NOSTRESS
138449489190;16805;"NEAR_P1";"INTERVAL";"PROBE";4;63;0x00001d2a;38;1945713;772570;432973;1102229;1134365;466;0;NOSTRESS
138449506017;30700;"TRAJ_R1";"INTERVAL";"PROBE";4;63;0x00001d2a;38;3225110;1314185;821198;2005151;2034692;541;0;NOSTRESS
138450769906;365860;"MAF";"INTERVAL";"PROBE";4;63;0x00001d2a;39;42008021;16719478;9440766;23964784;24646192;6862;0;NOSTRESS
138450769929;80;"SENS_C1";"INTERVAL";"PROBE";4;63;0x00001d2a;39;761;625;444;1066;0;115;0;NOSTRESS
138450770015;97;"LOC_C1";"INTERVAL";"PROBE";4;63;0x00001d2a;39;3799;1829;1245;3098;1829;157;0;NOSTRESS
138450770116;21;"LOC_C2";"INTERVAL";"PROBE";4;63;0x00001d2a;39;342;294;195;593;17;20;0;NOSTRESS
138450770141;93;"LOC_C3";"INTERVAL";"PROBE";4;63;0x00001d2a;39;8774;2409;1708;7607;3813;62;0;NOSTRESS
138450770239;23;"LOC_C4";"INTERVAL";"PROBE";4;63;0x00001d2a;39;333;272;208;568;0;28;0;NOSTRESS
138450770266;16982;"NEAR_P1";"INTERVAL";"PROBE";4;63;0x00001d2a;39;1946841;773655;433497;1105542;1134002;761;0;NOSTRESS
138450787253;16727;"NEAR_P1";"INTERVAL";"PROBE";4;63;0x00001d2a;39;1942390;771326;430668;1096835;1134064;16;0;NOSTRESS
138450803984;16842;"NEAR_P1";"INTERVAL";"PROBE";4;63;0x00001d2a;39;1946066;773127;432980;1103136;1134282;460;0;NOSTRESS
138450820830;16713;"NEAR_P1";"INTERVAL";"PROBE";4;63;0x00001d2a;39;1941199;770692;430528;1095871;1133819;12;0;NOSTRESS
138450837547;16835;"NEAR_P1";"INTERVAL";"PROBE";4;63;0x00001d2a;39;1942267;771751;432774;1101947;1132105;496;0;NOSTRESS
138450854387;16712;"NEAR_P1";"INTERVAL";"PROBE";4;63;0x00001d2a;39;1940875;770591;430535;1095748;1133320;9;0;NOSTRESS
138450871103;16836;"NEAR_P1";"INTERVAL";"PROBE";4;63;0x00001d2a;39;1945851;772920;432824;1102455;1134441;433;0;NOSTRESS
138450887943;16710;"NEAR_P1";"INTERVAL";"PROBE";4;63;0x00001d2a;39;1941330;770561;430483;1095704;1133779;8;0;NOSTRESS
138450904657;16852;"NEAR_P1";"INTERVAL";"PROBE";4;63;0x00001d2a;39;1946186;772905;432868;1102640;1134583;483;0;NOSTRESS
138450921514;16859;"NEAR_P1";"INTERVAL";"PROBE";4;63;0x00001d2a;39;1945579;773091;433343;1104042;1133643;593;0;NOSTRESS
138450938377;16705;"NEAR_P1";"INTERVAL";"PROBE";4;63;0x00001d2a;39;1938729;769989;430450;1095459;1132083;20;0;NOSTRESS
138450955086;16812;"NEAR_P1";"INTERVAL";"PROBE";4;63;0x00001d2a;39;1944739;772618;432904;1102433;1133704;504;0;NOSTRESS
138450971903;16711;"NEAR_P1";"INTERVAL";"PROBE";4;63;0x00001d2a;39;1939849;770463;430541;1095806;1132724;19;0;NOSTRESS
138450988619;16809;"NEAR_P1";"INTERVAL";"PROBE";4;63;0x00001d2a;39;1945165;772718;432886;1102649;1133885;466;0;NOSTRESS
138451005433;16714;"NEAR_P1";"INTERVAL";"PROBE";4;63;0x00001d2a;39;1941064;770654;430529;1095826;1133725;20;0;NOSTRESS
138451022152;16806;"NEAR_P1";"INTERVAL";"PROBE";4;63;0x00001d2a;39;1944511;772640;432904;1102416;1133567;463;0;NOSTRESS
138451038963;16713;"NEAR_P1";"INTERVAL";"PROBE";4;63;0x00001d2a;39;1942214;770819;430522;1095779;1134340;19;0;NOSTRESS
138451055680;16796;"NEAR_P1";"INTERVAL";"PROBE";4;63;0x00001d2a;39;1943078;772017;432798;1102019;1132704;463;0;NOSTRESS
138451072480;16716;"NEAR_P1";"INTERVAL";"PROBE";4;63;0x00001d2a;39;1942782;770889;430498;1095760;1134802;18;0;NOSTRESS
138451089200;16838;"NEAR_P1";"INTERVAL";"PROBE";4;63;0x00001d2a;39;1944763;772475;432848;1102272;1133720;463;0;NOSTRESS
138451106059;29703;"TRAJ_R1";"INTERVAL";"PROBE";4;63;0x00001d2a;39;3118905;1271049;793547;1938260;1967241;541;0;NOSTRESS
138452369870;364682;"MAF";"INTERVAL";"PROBE";4;63;0x00001d2a;40;41872437;16665067;9411457;23889448;24563807;7393;0;NOSTRESS
138452369892;79;"SENS_C1";"INTERVAL";"PROBE";4;63;0x00001d2a;40;776;657;441;1058;0;122;0;NOSTRESS
138452369976;91;"LOC_C1";"INTERVAL";"PROBE";4;63;0x00001d2a;40;3777;1830;1230;3074;1830;155;0;NOSTRESS
138452370071;21;"LOC_C2";"INTERVAL";"PROBE";4;63;0x00001d2a;40;347;294;197;600;17;22;0;NOSTRESS
138452370097;92;"LOC_C3";"INTERVAL";"PROBE";4;63;0x00001d2a;40;8951;2451;1708;7662;3891;60;0;NOSTRESS
138452370194;22;"LOC_C4";"INTERVAL";"PROBE";4;63;0x00001d2a;40;348;278;210;591;0;29;0;NOSTRESS
138452370220;16978;"NEAR_P1";"INTERVAL";"PROBE";4;63;0x00001d2a;40;1946652;773623;433563;1105615;1133728;836;0;NOSTRESS
138452387203;16699;"NEAR_P1";"INTERVAL";"PROBE";4;63;0x00001d2a;40;1939085;769852;430410;1095403;1132353;14;0;NOSTRESS
138452403906;16786;"NEAR_P1";"INTERVAL";"PROBE";4;63;0x00001d2a;40;1940444;771125;432733;1101692;1130854;514;0;NOSTRESS
138452420697;16698;"NEAR_P1";"INTERVAL";"PROBE";4;63;0x00001d2a;40;1940509;770060;430340;1095154;1133420;16;0;NOSTRESS
138452437399;16805;"NEAR_P1";"INTERVAL";"PROBE";4;63;0x00001d2a;40;1944714;772554;432831;1102348;1133868;486;0;NOSTRESS
138452454208;16698;"NEAR_P1";"INTERVAL";"PROBE";4;63;0x00001d2a;40;1938686;769834;430358;1095221;1132292;10;0;NOSTRESS
138452470910;16810;"NEAR_P1";"INTERVAL";"PROBE";4;63;0x00001d2a;40;1942486;771673;432636;1101392;1132436;478;0;NOSTRESS
138452487724;16688;"NEAR_P1";"INTERVAL";"PROBE";4;63;0x00001d2a;40;1936540;769180;430276;1094515;1131038;9;0;NOSTRESS
138452504416;16828;"NEAR_P1";"INTERVAL";"PROBE";4;63;0x00001d2a;40;1945632;772691;432808;1102448;1134346;475;0;NOSTRESS
138452521248;16823;"NEAR_P1";"INTERVAL";"PROBE";4;63;0x00001d2a;40;1942015;771578;432646;1101625;1132165;473;0;NOSTRESS
138452538075;16707;"NEAR_P1";"INTERVAL";"PROBE";4;63;0x00001d2a;40;1941137;770504;430433;1095420;1133767;20;0;NOSTRESS
138452554787;16815;"NEAR_P1";"INTERVAL";"PROBE";4;63;0x00001d2a;40;1943620;772123;432694;1101851;1133169;453;0;NOSTRESS
138452571606;16694;"NEAR_P1";"INTERVAL";"PROBE";4;63;0x00001d2a;40;1938033;769583;430294;1094881;1131895;18;0;NOSTRESS
138452588305;16823;"NEAR_P1";"INTERVAL";"PROBE";4;63;0x00001d2a;40;1944906;772629;433262;1103617;1133478;596;0;NOSTRESS
138452605133;16692;"NEAR_P1";"INTERVAL";"PROBE";4;63;0x00001d2a;40;1937619;769497;430320;1094727;1131697;19;0;NOSTRESS
138452621830;16794;"NEAR_P1";"INTERVAL";"PROBE";4;63;0x00001d2a;40;1942609;771804;432787;1101642;1132567;495;0;NOSTRESS
138452638628;16887;"NEAR_P1";"INTERVAL";"PROBE";4;63;0x00001d2a;40;1940919;770787;430422;1095845;1133698;47;0;NOSTRESS
138452655519;16823;"NEAR_P1";"INTERVAL";"PROBE";4;63;0x00001d2a;40;1944771;772769;432854;1102866;1133853;574;0;NOSTRESS
138452672346;16704;"NEAR_P1";"INTERVAL";"PROBE";4;63;0x00001d2a;40;1939255;770169;430352;1095419;1132624;20;0;NOSTRESS
138452689054;16797;"NEAR_P1";"INTERVAL";"PROBE";4;63;0x00001d2a;40;1942745;772062;432766;1102123;1132623;465;0;NOSTRESS
138452705872;28675;"TRAJ_R1";"INTERVAL";"PROBE";4;63;0x00001d2a;40;3015535;1228038;766353;1872087;1902198;548;0;NOSTRESS
138453969856;363843;"MAF";"INTERVAL";"PROBE";4;63;0x00001d2a;41;41783127;16630644;9389601;23838046;24504915;6880;0;NOSTRESS
138453969876;80;"SENS_C1";"INTERVAL";"PROBE";4;63;0x00001d2a;41;748;619;438;1045;0;116;0;NOSTRESS
138453969961;97;"LOC_C1";"INTERVAL";"PROBE";4;63;0x00001d2a;41;3902;1869;1257;3141;1878;157;0;NOSTRESS
138453970062;21;"LOC_C2";"INTERVAL";"PROBE";4;63;0x00001d2a;41;345;294;197;599;17;21;0;NOSTRESS
138453970088;94;"LOC_C3";"INTERVAL";"PROBE";4;63;0x00001d2a;41;8835;2433;1699;7628;3842;62;0;NOSTRESS
138453970187;23;"LOC_C4";"INTERVAL";"PROBE";4;63;0x00001d2a;41;342;279;210;585;0;30;0;NOSTRESS
138453970214;16971;"NEAR_P1";"INTERVAL";"PROBE";4;63;0x00001d2a;41;1944544;773096;433471;1105067;1132741;748;0;NOSTRESS
138453987190;16699;"NEAR_P1";"INTERVAL";"PROBE";4;63;0x00001d2a;41;1937206;769506;430460;1095483;1131199;13;0;NOSTRESS
138454003893;16829;"NEAR_P1";"INTERVAL";"PROBE";4;63;0x00001d2a;41;1943218;772152;432903;1102453;1132656;549;0;NOSTRESS
138454020727;16717;"NEAR_P1";"INTERVAL";"PROBE";4;63;0x00001d2a;41;1941051;770786;430591;1096274;1133470;14;0;NOSTRESS
138454037449;16808;"NEAR_P1";"INTERVAL";"PROBE";4;63;0x00001d2a;41;1943597;772369;433031;1102613;1132785;489;0;NOSTRESS
138454054262;16719;"NEAR_P1";"INTERVAL";"PROBE";4;63;0x00001d2a;41;1941895;770925;430592;1096219;1134031;11;0;NOSTRESS
138454070985;16803;"NEAR_P1";"INTERVAL";"PROBE";4;63;0x00001d2a;41;1943090;772184;432943;1102429;1132421;467;0;NOSTRESS
138454087792;16704;"NEAR_P1";"INTERVAL";"PROBE";4;63;0x00001d2a;41;1938617;770030;430498;1095710;1132113;7;0;NOSTRESS
138454104500;16811;"NEAR_P1";"INTERVAL";"PROBE";4;63;0x00001d2a;41;1944960;772719;432977;1102595;1133870;467;0;NOSTRESS
138454121315;16840;"NEAR_P1";"INTERVAL";"PROBE";4;63;0x00001d2a;41;1943095;772095;432952;1102316;1132611;410;0;NOSTRESS
138454138159;16715;"NEAR_P1";"INTERVAL";"PROBE";4;63;0x00001d2a;41;1940029;770497;430554;1095882;1132897;16;0;NOSTRESS
138454154878;16835;"NEAR_P1";"INTERVAL";"PROBE";4;63;0x00001d2a;41;1942426;771775;432794;1102091;1132316;461;0;NOSTRESS
138454171717;16707;"NEAR_P1";"INTERVAL";"PROBE";4;63;0x00001d2a;41;1939688;770184;430523;1095566;1132900;20;0;NOSTRESS
138454188429;16838;"NEAR_P1";"INTERVAL";"PROBE";4;63;0x00001d2a;41;1944617;772428;432872;1102417;1133686;459;0;NOSTRESS
138454205271;16716;"NEAR_P1";"INTERVAL";"PROBE";4;63;0x00001d2a;41;1941107;770760;430624;1095948;1133710;20;0;NOSTRESS
138454221991;16833;"NEAR_P1";"INTERVAL";"PROBE";4;63;0x00001d2a;41;1942540;771900;432846;1102156;1132479;463;0;NOSTRESS
138454238828;16711;"NEAR_P1";"INTERVAL";"PROBE";4;63;0x00001d2a;41;1940263;770305;430538;1095794;1133165;20;0;NOSTRESS
138454255544;16837;"NEAR_P1";"INTERVAL";"PROBE";4;63;0x00001d2a;41;1945620;773085;433441;1104375;1133826;595;0;NOSTRESS
138454272386;16700;"NEAR_P1";"INTERVAL";"PROBE";4;63;0x00001d2a;41;1937593;769545;430483;1095326;1131435;20;0;NOSTRESS
138454289090;16816;"NEAR_P1";"INTERVAL";"PROBE";4;63;0x00001d2a;41;1944551;772667;433039;1102934;1133533;495;0;NOSTRESS
138454305927;27767;"TRAJ_R1";"INTERVAL";"PROBE";4;63;0x00001d2a;41;2919655;1189039;741629;1812178;1841334;546;0;NOSTRESS
138455569876;362923;"MAF";"INTERVAL";"PROBE";4;63;0x00001d2a;42;41663998;16584857;9366826;23775893;24424047;6686;0;NOSTRESS
138455569898;78;"SENS_C1";"INTERVAL";"PROBE";4;63;0x00001d2a;42;740;618;438;1034;0;117;0;NOSTRESS
138455569981;91;"LOC_C1";"INTERVAL";"PROBE";4;63;0x00001d2a;42;3778;1834;1237;3086;1823;157;0;NOSTRESS
138455570076;21;"LOC_C2";"INTERVAL";"PROBE";4;63;0x00001d2a;42;344;292;195;592;17;19;0;NOSTRESS
138455570101;96;"LOC_C3";"INTERVAL";"PROBE";4;63;0x00001d2a;42;8838;2431;1706;7650;3828;59;0;NOSTRESS
138455570201;23;"LOC_C4";"INTERVAL";"PROBE";4;63;0x00001d2a;42;344;278;210;583;0;30;0;NOSTRESS
138455570229;16998;"NEAR_P1";"INTERVAL";"PROBE";4;63;0x00001d2a;42;1947996;774140;433768;1105958;1134383;750;0;NOSTRESS
138455587231;16712;"NEAR_P1";"INTERVAL";"PROBE";4;63;0x00001d2a;42;1939015;770161;430712;1096095;1131924;13;0;NOSTRESS
138455603947;16827;"NEAR_P1";"INTERVAL";"PROBE";4;63;0x00001d2a;42;1944716;772776;433132;1103362;1133184;531;0;NOSTRESS
138455620778;16708;"NEAR_P1";"INTERVAL";"PROBE";4;63;0x00001d2a;42;1938378;769833;430664;1095625;1131625;15;0;NOSTRESS
138455637490;16825;"NEAR_P1";"INTERVAL";"PROBE";4;63;0x00001d2a;42;1940654;771298;432901;1101867;1131046;480;0;NOSTRESS
138455654319;16699;"NEAR_P1";"INTERVAL";"PROBE";4;63;0x00001d2a;42;1936990;769457;430568;1095353;1130672;11;0;NOSTRESS
138455671022;16822;"NEAR_P1";"INTERVAL";"PROBE";4;63;0x00001d2a;42;1941732;771756;432961;1102451;1131564;485;0;NOSTRESS
138455687848;16713;"NEAR_P1";"INTERVAL";"PROBE";4;63;0x00001d2a;42;1939070;770195;430675;1095878;1131956;8;0;NOSTRESS
138455704565;16804;"NEAR_P1";"INTERVAL";"PROBE";4;63;0x00001d2a;42;1941967;771830;433060;1102430;1131548;476;0;NOSTRESS
138455721373;16809;"NEAR_P1";"INTERVAL";"PROBE";4;63;0x00001d2a;42;1942790;772101;433163;1102679;1132104;463;0;NOSTRESS
138455738186;16710;"NEAR_P1";"INTERVAL";"PROBE";4;63;0x00001d2a;42;1938789;770082;430650;1095961;1131677;19;0;NOSTRESS
138455754900;16806;"NEAR_P1";"INTERVAL";"PROBE";4;63;0x00001d2a;42;1943130;772160;433125;1102416;1132335;466;0;NOSTRESS
138455771710;16715;"NEAR_P1";"INTERVAL";"PROBE";4;63;0x00001d2a;42;1939821;770472;430678;1096078;1132470;18;0;NOSTRESS
138455788430;16838;"NEAR_P1";"INTERVAL";"PROBE";4;63;0x00001d2a;42;1942268;771831;433065;1102270;1131786;408;0;NOSTRESS
138455805272;16707;"NEAR_P1";"INTERVAL";"PROBE";4;63;0x00001d2a;42;1938211;769901;430607;1095722;1131516;16;0;NOSTRESS
138455821984;16829;"NEAR_P1";"INTERVAL";"PROBE";4;63;0x00001d2a;42;1941536;771650;433000;1102244;1131465;464;0;NOSTRESS
138455838817;16701;"NEAR_P1";"INTERVAL";"PROBE";4;63;0x00001d2a;42;1937116;769474;430617;1095291;1130912;18;0;NOSTRESS
138455855523;16824;"NEAR_P1";"INTERVAL";"PROBE";4;63;0x00001d2a;42;1940923;771323;432909;1101757;1131179;463;0;NOSTRESS
138455872351;16708;"NEAR_P1";"INTERVAL";"PROBE";4;63;0x00001d2a;42;1938873;769912;430646;1095607;1131970;18;0;NOSTRESS
138455889063;16828;"NEAR_P1";"INTERVAL";"PROBE";4;63;0x00001d2a;42;1943288;772222;433114;1102467;1132591;458;0;NOSTRESS
138455905915;26880;"TRAJ_R1";"INTERVAL";"PROBE";4;63;0x00001d2a;42;2823138;1149745;716987;1752236;1780472;524;0;NOSTRESS
138457169870;362224;"MAF";"INTERVAL";"PROBE";4;63;0x00001d2a;43;41643860;16564091;9343740;23727855;24417772;7043;0;NOSTRESS
138457169892;73;"SENS_C1";"INTERVAL";"PROBE";4;63;0x00001d2a;43;749;632;437;1017;0;113;0;NOSTRESS
138457169969;90;"LOC_C1";"INTERVAL";"PROBE";4;63;0x00001d2a;43;3790;1834;1243;3081;1832;156;0;NOSTRESS
138457170063;18;"LOC_C2";"INTERVAL";"PROBE";4;63;0x00001d2a;43;344;292;195;592;17;20;0;NOSTRESS
138457170085;93;"LOC_C3";"INTERVAL";"PROBE";4;63;0x00001d2a;43;8697;2382;1698;7542;3778;59;0;NOSTRESS
138457170183;151;"LOC_C4";"INTERVAL";"PROBE";4;63;0x00001d2a;43;336;278;206;601;0;38;0;NOSTRESS
138457170338;16973;"NEAR_P1";"INTERVAL";"PROBE";4;63;0x00001d2a;43;1945433;773316;433346;1104722;1133388;830;0;NOSTRESS
138457187315;16721;"NEAR_P1";"INTERVAL";"PROBE";4;63;0x00001d2a;43;1941809;770956;430672;1096604;1133929;14;0;NOSTRESS
138457204040;16820;"NEAR_P1";"INTERVAL";"PROBE";4;63;0x00001d2a;43;1944665;772779;433048;1103244;1133563;521;0;NOSTRESS
138457220864;16731;"NEAR_P1";"INTERVAL";"PROBE";4;63;0x00001d2a;43;1943873;771530;430734;1096766;1135464;16;0;NOSTRESS
138457237599;16820;"NEAR_P1";"INTERVAL";"PROBE";4;63;0x00001d2a;43;1946963;773002;433039;1102898;1134995;477;0;NOSTRESS
138457254423;16716;"NEAR_P1";"INTERVAL";"PROBE";4;63;0x00001d2a;43;1942247;770875;430663;1096246;1134317;8;0;NOSTRESS
138457271144;16805;"NEAR_P1";"INTERVAL";"PROBE";4;63;0x00001d2a;43;1944702;772321;432973;1102466;1133721;479;0;NOSTRESS
138457287953;16715;"NEAR_P1";"INTERVAL";"PROBE";4;63;0x00001d2a;43;1942300;770674;430659;1095920;1134542;9;0;NOSTRESS
138457304673;16842;"NEAR_P1";"INTERVAL";"PROBE";4;63;0x00001d2a;43;1946143;772807;432937;1102796;1134707;472;0;NOSTRESS
138457321520;16828;"NEAR_P1";"INTERVAL";"PROBE";4;63;0x00001d2a;43;1945848;772618;432923;1102639;1134563;465;0;NOSTRESS
138457338352;16719;"NEAR_P1";"INTERVAL";"PROBE";4;63;0x00001d2a;43;1942708;770979;430664;1096096;1134676;18;0;NOSTRESS
138457355075;16805;"NEAR_P1";"INTERVAL";"PROBE";4;63;0x00001d2a;43;1944805;772286;432989;1102566;1133759;462;0;NOSTRESS
138457371884;16712;"NEAR_P1";"INTERVAL";"PROBE";4;63;0x00001d2a;43;1942048;770586;430597;1095858;1134296;18;0;NOSTRESS
138457388601;16808;"NEAR_P1";"INTERVAL";"PROBE";4;63;0x00001d2a;43;1946259;772757;433068;1102853;1134575;458;0;NOSTRESS
138457405414;16716;"NEAR_P1";"INTERVAL";"PROBE";4;63;0x00001d2a;43;1942395;770797;430641;1096048;1134495;19;0;NOSTRESS
138457422134;16807;"NEAR_P1";"INTERVAL";"PROBE";4;63;0x00001d2a;43;1945376;772592;433036;1102681;1134164;458;0;NOSTRESS
138457438945;16717;"NEAR_P1";"INTERVAL";"PROBE";4;63;0x00001d2a;43;1942854;770884;430648;1096039;1134763;19;0;NOSTRESS
138457455667;16825;"NEAR_P1";"INTERVAL";"PROBE";4;63;0x00001d2a;43;1946744;772870;433011;1102857;1134939;471;0;NOSTRESS
138457472496;16719;"NEAR_P1";"INTERVAL";"PROBE";4;63;0x00001d2a;43;1942292;770861;430621;1096157;1134386;18;0;NOSTRESS
138457489219;16811;"NEAR_P1";"INTERVAL";"PROBE";4;63;0x00001d2a;43;1945235;772557;433051;1102642;1133930;465;0;NOSTRESS
138457506052;26037;"TRAJ_R1";"INTERVAL";"PROBE";4;63;0x00001d2a;43;2734998;1113235;694147;1696453;1724973;548;0;NOSTRESS
138458769851;360975;"MAF";"INTERVAL";"PROBE";4;63;0x00001d2a;44;41497977;16512688;9320707;23659958;24325340;6765;0;NOSTRESS
138458769871;79;"SENS_C1";"INTERVAL";"PROBE";4;63;0x00001d2a;44;798;652;440;1108;0;124;0;NOSTRESS
138458769954;93;"LOC_C1";"INTERVAL";"PROBE";4;63;0x00001d2a;44;3905;1864;1246;3102;1912;156;0;NOSTRESS
138458770051;19;"LOC_C2";"INTERVAL";"PROBE";4;63;0x00001d2a;44;347;294;197;600;17;21;0;NOSTRESS
138458770074;96;"LOC_C3";"INTERVAL";"PROBE";4;63;0x00001d2a;44;8641;2362;1678;7464;3780;61;0;NOSTRESS
138458770174;23;"LOC_C4";"INTERVAL";"PROBE";4;63;0x00001d2a;44;338;274;208;574;0;30;0;NOSTRESS
138458770202;16947;"NEAR_P1";"INTERVAL";"PROBE";4;63;0x00001d2a;44;1943706;772772;433492;1104207;1131832;811;0;NOSTRESS
138458787154;16716;"NEAR_P1";"INTERVAL";"PROBE";4;63;0x00001d2a;44;1940481;770616;430791;1096450;1132864;16;0;NOSTRESS
138458803874;16830;"NEAR_P1";"INTERVAL";"PROBE";4;63;0x00001d2a;44;1944198;772278;433065;1102557;1133107;514;0;NOSTRESS
138458820708;16701;"NEAR_P1";"INTERVAL";"PROBE";4;63;0x00001d2a;44;1939402;770069;430662;1095499;1132385;15;0;NOSTRESS
138458837413;16800;"NEAR_P1";"INTERVAL";"PROBE";4;63;0x00001d2a;44;1943797;772117;433049;1102490;1133055;480;0;NOSTRESS
138458854218;16699;"NEAR_P1";"INTERVAL";"PROBE";4;63;0x00001d2a;44;1939414;769848;430623;1095325;1132504;10;0;NOSTRESS
138458870921;16796;"NEAR_P1";"INTERVAL";"PROBE";4;63;0x00001d2a;44;1943066;771949;432981;1102123;1132616;478;0;NOSTRESS
138458887722;16703;"NEAR_P1";"INTERVAL";"PROBE";4;63;0x00001d2a;44;1939653;770036;430642;1095502;1132774;8;0;NOSTRESS
138458904429;16798;"NEAR_P1";"INTERVAL";"PROBE";4;63;0x00001d2a;44;1941408;771444;432800;1101365;1131880;389;0;NOSTRESS
138458921231;16801;"NEAR_P1";"INTERVAL";"PROBE";4;63;0x00001d2a;44;1943064;772005;433008;1102312;1132703;470;0;NOSTRESS
138458938036;16707;"NEAR_P1";"INTERVAL";"PROBE";4;63;0x00001d2a;44;1939721;770132;430705;1095595;1132764;20;0;NOSTRESS
138458954747;16834;"NEAR_P1";"INTERVAL";"PROBE";4;63;0x00001d2a;44;1943073;772213;432919;1102331;1132791;461;0;NOSTRESS
138458971585;16714;"NEAR_P1";"INTERVAL";"PROBE";4;63;0x00001d2a;44;1940295;770469;430732;1096025;1132926;19;0;NOSTRESS
138458988303;16824;"NEAR_P1";"INTERVAL";"PROBE";4;63;0x00001d2a;44;1943403;772148;433012;1102426;1132837;471;0;NOSTRESS
138459005131;16708;"NEAR_P1";"INTERVAL";"PROBE";4;63;0x00001d2a;44;1939695;770194;430694;1095647;1132800;20;0;NOSTRESS
138459021843;16802;"NEAR_P1";"INTERVAL";"PROBE";4;63;0x00001d2a;44;1944069;772194;433024;1102458;1133363;472;0;NOSTRESS
138459038649;16709;"NEAR_P1";"INTERVAL";"PROBE";4;63;0x00001d2a;44;1940118;770267;430671;1095627;1133120;19;0;NOSTRESS
138459055362;16791;"NEAR_P1";"INTERVAL";"PROBE";4;63;0x00001d2a;44;1941892;771533;432954;1101891;1131987;471;0;NOSTRESS
138459072157;16698;"NEAR_P1";"INTERVAL";"PROBE";4;63;0x00001d2a;44;1937673;769688;430565;1095261;1131541;19;0;NOSTRESS
138459088859;16789;"NEAR_P1";"INTERVAL";"PROBE";4;63;0x00001d2a;44;1941256;771351;432964;1101746;1131591;461;0;NOSTRESS
138459105652;25169;"TRAJ_R1";"INTERVAL";"PROBE";4;63;0x00001d2a;44;2644980;1076846;671546;1641070;1668191;539;0;NOSTRESS
138460369909;360496;"MAF";"INTERVAL";"PROBE";4;63;0x00001d2a;45;41428435;16477123;9300593;23611941;24283637;7550;0;NOSTRESS
138460369929;72;"SENS_C1";"INTERVAL";"PROBE";4;63;0x00001d2a;45;740;625;437;1028;0;113;0;NOSTRESS
138460370005;93;"LOC_C1";"INTERVAL";"PROBE";4;63;0x00001d2a;45;3846;1851;1236;3091;1874;156;0;NOSTRESS
138460370103;18;"LOC_C2";"INTERVAL";"PROBE";4;63;0x00001d2a;45;348;292;195;600;17;18;0;NOSTRESS
138460370126;91;"LOC_C3";"INTERVAL";"PROBE";4;63;0x00001d2a;45;8912;2482;1726;7659;3902;63;0;NOSTRESS
138460370221;25;"LOC_C4";"INTERVAL";"PROBE";4;63;0x00001d2a;45;350;278;212;599;0;32;0;NOSTRESS
138460370251;17077;"NEAR_P1";"INTERVAL";"PROBE";4;63;0x00001d2a;45;1946867;773743;434520;1108040;1133050;1068;0;NOSTRESS
138460387333;16703;"NEAR_P1";"INTERVAL";"PROBE";4;63;0x00001d2a;45;1939418;769979;430571;1095822;1132365;17;0;NOSTRESS
138460404040;16849;"NEAR_P1";"INTERVAL";"PROBE";4;63;0x00001d2a;45;1943573;772166;433874;1104898;1131918;658;0;NOSTRESS
138460420893;16707;"NEAR_P1";"INTERVAL";"PROBE";4;63;0x00001d2a;45;1940371;770190;430619;1095615;1133291;10;0;NOSTRESS
138460437604;16799;"NEAR_P1";"INTERVAL";"PROBE";4;63;0x00001d2a;45;1942267;771393;432960;1102008;1132289;492;0;NOSTRESS
138460454407;16703;"NEAR_P1";"INTERVAL";"PROBE";4;63;0x00001d2a;45;1939860;769799;430598;1095206;1133236;10;0;NOSTRESS
138460471114;16784;"NEAR_P1";"INTERVAL";"PROBE";4;63;0x00001d2a;45;1941643;771078;432867;1101331;1132036;475;0;NOSTRESS
138460487903;16693;"NEAR_P1";"INTERVAL";"PROBE";4;63;0x00001d2a;45;1938625;769389;430448;1094922;1132431;7;0;NOSTRESS
138460504600;16782;"NEAR_P1";"INTERVAL";"PROBE";4;63;0x00001d2a;45;1940702;770959;432813;1101290;1131433;464;0;NOSTRESS
138460521386;16975;"NEAR_P1";"INTERVAL";"PROBE";4;63;0x00001d2a;45;1940790;771010;432804;1101391;1131550;602;0;NOSTRESS
138460538365;16706;"NEAR_P1";"INTERVAL";"PROBE";4;63;0x00001d2a;45;1940784;770127;430557;1095386;1133669;20;0;NOSTRESS
138460555075;16818;"NEAR_P1";"INTERVAL";"PROBE";4;63;0x00001d2a;45;1944757;772192;432927;1102293;1134018;462;0;NOSTRESS
138460571898;16698;"NEAR_P1";"INTERVAL";"PROBE";4;63;0x00001d2a;45;1939409;769653;430480;1094938;1132954;20;0;NOSTRESS
138460588600;16798;"NEAR_P1";"INTERVAL";"PROBE";4;63;0x00001d2a;45;1942953;771661;432912;1101985;1132649;467;0;NOSTRESS
138460605402;16697;"NEAR_P1";"INTERVAL";"PROBE";4;63;0x00001d2a;45;1939039;769551;430517;1094835;1132641;19;0;NOSTRESS
138460622103;16813;"NEAR_P1";"INTERVAL";"PROBE";4;63;0x00001d2a;45;1940787;770962;432708;1101255;1131670;460;0;NOSTRESS
138460638921;16698;"NEAR_P1";"INTERVAL";"PROBE";4;63;0x00001d2a;45;1939597;769725;430499;1094987;1133051;18;0;NOSTRESS
138460655623;16811;"NEAR_P1";"INTERVAL";"PROBE";4;63;0x00001d2a;45;1942556;771364;432794;1101666;1132608;458;0;NOSTRESS
138460672438;16706;"NEAR_P1";"INTERVAL";"PROBE";4;63;0x00001d2a;45;1940888;770117;430541;1095386;1133767;19;0;NOSTRESS
138460689148;16798;"NEAR_P1";"INTERVAL";"PROBE";4;63;0x00001d2a;45;1943961;771916;432954;1101983;1133540;469;0;NOSTRESS
138460705951;24450;"TRAJ_R1";"INTERVAL";"PROBE";4;63;0x00001d2a;45;2575127;1047218;651315;1593215;1623678;541;0;NOSTRESS
138461969924;359654;"MAF";"INTERVAL";"PROBE";4;63;0x00001d2a;46;41370431;16453153;9279639;23567018;24249913;6954;0;NOSTRESS
138461969945;81;"SENS_C1";"INTERVAL";"PROBE";4;63;0x00001d2a;46;760;625;440;1073;0;118;0;NOSTRESS
138461970030;95;"LOC_C1";"INTERVAL";"PROBE";4;63;0x00001d2a;46;3670;1811;1244;3132;1743;157;0;NOSTRESS
138461970129;21;"LOC_C2";"INTERVAL";"PROBE";4;63;0x00001d2a;46;347;294;197;600;17;20;0;NOSTRESS
138461970155;97;"LOC_C3";"INTERVAL";"PROBE";4;63;0x00001d2a;46;9063;2496;1706;7722;3963;63;0;NOSTRESS
138461970256;23;"LOC_C4";"INTERVAL";"PROBE";4;63;0x00001d2a;46;338;276;209;576;0;30;0;NOSTRESS
138461970283;17013;"NEAR_P1";"INTERVAL";"PROBE";4;63;0x00001d2a;46;1946329;773527;433650;1105667;1133892;794;0;NOSTRESS
138461987301;16729;"NEAR_P1";"INTERVAL";"PROBE";4;63;0x00001d2a;46;1944202;771555;430756;1096815;1135472;15;0;NOSTRESS
138462004034;16802;"NEAR_P1";"INTERVAL";"PROBE";4;63;0x00001d2a;46;1943077;771776;432918;1102272;1132826;515;0;NOSTRESS
138462020841;16709;"NEAR_P1";"INTERVAL";"PROBE";4;63;0x00001d2a;46;1940820;770192;430592;1095701;1133677;16;0;NOSTRESS
138462037555;16788;"NEAR_P1";"INTERVAL";"PROBE";4;63;0x00001d2a;46;1941269;771298;432840;1101534;1131994;482;0;NOSTRESS
138462054348;16690;"NEAR_P1";"INTERVAL";"PROBE";4;63;0x00001d2a;46;1936701;769028;430469;1094839;1131224;9;0;NOSTRESS
138462071042;16843;"NEAR_P1";"INTERVAL";"PROBE";4;63;0x00001d2a;46;1943995;772496;433776;1104901;1132528;573;0;NOSTRESS
138462087890;16710;"NEAR_P1";"INTERVAL";"PROBE";4;63;0x00001d2a;46;1941540;770419;430535;1095598;1134313;9;0;NOSTRESS
138462104604;16809;"NEAR_P1";"INTERVAL";"PROBE";4;63;0x00001d2a;46;1945592;772478;432906;1102399;1134460;487;0;NOSTRESS
138462121417;16800;"NEAR_P1";"INTERVAL";"PROBE";4;63;0x00001d2a;46;1944193;772064;432935;1102337;1133634;452;0;NOSTRESS
138462138222;16707;"NEAR_P1";"INTERVAL";"PROBE";4;63;0x00001d2a;46;1940943;770228;430523;1095588;1133943;19;0;NOSTRESS
138462154933;16808;"NEAR_P1";"INTERVAL";"PROBE";4;63;0x00001d2a;46;1945140;772404;432975;1102414;1134333;461;0;NOSTRESS
138462171745;16710;"NEAR_P1";"INTERVAL";"PROBE";4;63;0x00001d2a;46;1941124;770345;430570;1095478;1133975;20;0;NOSTRESS
138462188459;16799;"NEAR_P1";"INTERVAL";"PROBE";4;63;0x00001d2a;46;1943864;771987;432921;1102200;1133602;456;0;NOSTRESS
138462205263;16695;"NEAR_P1";"INTERVAL";"PROBE";4;63;0x00001d2a;46;1938003;769402;430438;1094880;1132141;20;0;NOSTRESS
138462221962;16812;"NEAR_P1";"INTERVAL";"PROBE";4;63;0x00001d2a;46;1944278;771980;432820;1101759;1133974;375;0;NOSTRESS
138462238778;16704;"NEAR_P1";"INTERVAL";"PROBE";4;63;0x00001d2a;46;1939263;769849;430534;1095321;1132729;16;0;NOSTRESS
138462255486;16824;"NEAR_P1";"INTERVAL";"PROBE";4;63;0x00001d2a;46;1945055;772465;433400;1103737;1133729;590;0;NOSTRESS
138462272314;16722;"NEAR_P1";"INTERVAL";"PROBE";4;63;0x00001d2a;46;1943928;771133;430624;1096146;1135759;19;0;NOSTRESS
138462289040;16839;"NEAR_P1";"INTERVAL";"PROBE";4;63;0x00001d2a;46;1944715;772161;432836;1102142;1134197;494;0;NOSTRESS
138462305900;23571;"TRAJ_R1";"INTERVAL";"PROBE";4;63;0x00001d2a;46;2488902;1011805;628357;1536060;1571788;73;0;NOSTRESS
138463569890;357160;"MAF";"INTERVAL";"PROBE";4;63;0x00001d2a;47;41122433;16348869;9206909;23391997;24082582;6683;0;NOSTRESS
138463569910;81;"SENS_C1";"INTERVAL";"PROBE";4;63;0x00001d2a;47;754;623;437;1059;0;117;0;NOSTRESS
138463569996;92;"LOC_C1";"INTERVAL";"PROBE";4;63;0x00001d2a;47;3817;1832;1240;3087;1842;155;0;NOSTRESS
138463570093;19;"LOC_C2";"INTERVAL";"PROBE";4;63;0x00001d2a;47;347;293;195;600;17;20;0;NOSTRESS
138463570116;89;"LOC_C3";"INTERVAL";"PROBE";4;63;0x00001d2a;47;8931;2465;1708;7625;3901;63;0;NOSTRESS
138463570209;22;"LOC_C4";"INTERVAL";"PROBE";4;63;0x00001d2a;47;348;278;210;598;0;27;0;NOSTRESS
138463570235;17016;"NEAR_P1";"INTERVAL";"PROBE";4;63;0x00001d2a;47;1949471;774368;434034;1106690;1135291;769;0;NOSTRESS
138463587255;16727;"NEAR_P1";"INTERVAL";"PROBE";4;63;0x00001d2a;47;1943449;771441;430922;1097276;1134556;17;0;NOSTRESS
138463603986;16861;"NEAR_P1";"INTERVAL";"PROBE";4;63;0x00001d2a;47;1949592;774074;433400;1104229;1136212;537;0;NOSTRESS
138463620851;16722;"NEAR_P1";"INTERVAL";"PROBE";4;63;0x00001d2a;47;1943643;771263;430880;1096563;1135026;15;0;NOSTRESS
138463637577;16822;"NEAR_P1";"INTERVAL";"PROBE";4;63;0x00001d2a;47;1948046;773416;433312;1103398;1135524;477;0;NOSTRESS
138463654403;16728;"NEAR_P1";"INTERVAL";"PROBE";4;63;0x00001d2a;47;1944265;771614;430939;1096784;1135496;8;0;NOSTRESS
138463671135;16822;"NEAR_P1";"INTERVAL";"PROBE";4;63;0x00001d2a;47;1946969;773088;433308;1103183;1134818;481;0;NOSTRESS
138463687961;16721;"NEAR_P1";"INTERVAL";"PROBE";4;63;0x00001d2a;47;1943042;771059;430886;1096604;1134683;8;0;NOSTRESS
138463704686;16827;"NEAR_P1";"INTERVAL";"PROBE";4;63;0x00001d2a;47;1947598;773253;433323;1103436;1135185;473;0;NOSTRESS
138463721517;16893;"NEAR_P1";"INTERVAL";"PROBE";4;63;0x00001d2a;47;1948995;774099;434271;1106035;1135253;545;0;NOSTRESS
138463738414;16727;"NEAR_P1";"INTERVAL";"PROBE";4;63;0x00001d2a;47;1944243;771432;430956;1096574;1135412;24;0;NOSTRESS
138463755146;16816;"NEAR_P1";"INTERVAL";"PROBE";4;63;0x00001d2a;47;1947070;773015;433208;1103185;1135000;475;0;NOSTRESS
138463771967;16729;"NEAR_P1";"INTERVAL";"PROBE";4;63;0x00001d2a;47;1944320;771515;431056;1096674;1135295;20;0;NOSTRESS
138463788701;16820;"NEAR_P1";"INTERVAL";"PROBE";4;63;0x00001d2a;47;1946899;773196;433377;1103468;1134695;458;0;NOSTRESS
138463805526;16732;"NEAR_P1";"INTERVAL";"PROBE";4;63;0x00001d2a;47;1943500;771528;430981;1097002;1134701;20;0;NOSTRESS
138463822263;16811;"NEAR_P1";"INTERVAL";"PROBE";4;63;0x00001d2a;47;1945434;772684;433270;1102971;1133826;455;0;NOSTRESS
138463839078;16731;"NEAR_P1";"INTERVAL";"PROBE";4;63;0x00001d2a;47;1943824;771480;430954;1096776;1135000;18;0;NOSTRESS
138463855813;16812;"NEAR_P1";"INTERVAL";"PROBE";4;63;0x00001d2a;47;1945260;772577;433258;1103015;1133578;462;0;NOSTRESS
138463872629;16731;"NEAR_P1";"INTERVAL";"PROBE";4;63;0x00001d2a;47;1944013;771533;430982;1096811;1135116;17;0;NOSTRESS
138463889365;17012;"NEAR_P1";"INTERVAL";"PROBE";4;63;0x00001d2a;47;1947291;773043;433333;1103014;1134986;524;0;NOSTRESS
138463906396;20650;"TRAJ_R1";"INTERVAL";"PROBE";4;63;0x00001d2a;47;2181096;886294;549992;1344916;1377169;75;0;NOSTRESS
138465169907;350106;"MAF";"INTERVAL";"PROBE";4;63;0x00001d2a;48;40362127;16046853;9022774;22947348;23604312;6503;0;NOSTRESS
138465169925;74;"SENS_C1";"INTERVAL";"PROBE";4;63;0x00001d2a;48;737;618;437;1028;0;115;0;NOSTRESS
138465170004;99;"LOC_C1";"INTERVAL";"PROBE";4;63;0x00001d2a;48;3806;1835;1243;3080;1846;155;0;NOSTRESS
138465170107;21;"LOC_C2";"INTERVAL";"PROBE";4;63;0x00001d2a;48;347;294;197;600;17;22;0;NOSTRESS
138465170132;92;"LOC_C3";"INTERVAL";"PROBE";4;63;0x00001d2a;48;8690;2404;1692;7534;3772;60;0;NOSTRESS
138465170228;25;"LOC_C4";"INTERVAL";"PROBE";4;63;0x00001d2a;48;344;281;210;588;0;32;0;NOSTRESS
138465170257;17021;"NEAR_P1";"INTERVAL";"PROBE";4;63;0x00001d2a;48;1946919;773849;434092;1107203;1133775;843;0;NOSTRESS
138465187283;16737;"NEAR_P1";"INTERVAL";"PROBE";4;63;0x00001d2a;48;1943090;771783;430946;1097700;1134226;14;0;NOSTRESS
138465204025;16813;"NEAR_P1";"INTERVAL";"PROBE";4;63;0x00001d2a;48;1943809;772257;433141;1103128;1132745;534;0;NOSTRESS
138465220842;16711;"NEAR_P1";"INTERVAL";"PROBE";4;63;0x00001d2a;48;1940819;770470;430724;1096172;1133235;16;0;NOSTRESS
138465237557;16836;"NEAR_P1";"INTERVAL";"PROBE";4;63;0x00001d2a;48;1944034;772180;432999;1102821;1133139;478;0;NOSTRESS
138465254397;16717;"NEAR_P1";"INTERVAL";"PROBE";4;63;0x00001d2a;48;1941487;770645;430824;1096421;1133767;10;0;NOSTRESS
138465271119;16834;"NEAR_P1";"INTERVAL";"PROBE";4;63;0x00001d2a;48;1943212;772004;432977;1102655;1132651;487;0;NOSTRESS
138465287957;16697;"NEAR_P1";"INTERVAL";"PROBE";4;63;0x00001d2a;48;1938539;769709;430567;1095730;1131989;7;0;NOSTRESS
138465304658;16808;"NEAR_P1";"INTERVAL";"PROBE";4;63;0x00001d2a;48;1943651;772252;433098;1102907;1132846;474;0;NOSTRESS
138465321470;16807;"NEAR_P1";"INTERVAL";"PROBE";4;63;0x00001d2a;48;1944588;772483;433130;1103111;1133358;465;0;NOSTRESS
138465338281;16724;"NEAR_P1";"INTERVAL";"PROBE";4;63;0x00001d2a;48;1943172;771180;430839;1096601;1134742;18;0;NOSTRESS
138465355009;16810;"NEAR_P1";"INTERVAL";"PROBE";4;63;0x00001d2a;48;1943945;772490;433082;1103087;1132931;467;0;NOSTRESS
138465371823;16725;"NEAR_P1";"INTERVAL";"PROBE";4;63;0x00001d2a;48;1943049;771278;430809;1096961;1134592;18;0;NOSTRESS
138465388552;16904;"NEAR_P1";"INTERVAL";"PROBE";4;63;0x00001d2a;48;1950245;774640;434245;1106685;1135856;552;0;NOSTRESS
138465405460;16711;"NEAR_P1";"INTERVAL";"PROBE";4;63;0x00001d2a;48;1939879;770437;430763;1096177;1132669;20;0;NOSTRESS
138465422175;16800;"NEAR_P1";"INTERVAL";"PROBE";4;63;0x00001d2a;48;1942236;771851;433106;1102843;1131996;476;0;NOSTRESS
138465438979;16716;"NEAR_P1";"INTERVAL";"PROBE";4;63;0x00001d2a;48;1941018;770639;430814;1096473;1133302;18;0;NOSTRESS
138465455699;16803;"NEAR_P1";"INTERVAL";"PROBE";4;63;0x00001d2a;48;1943635;772220;433089;1103069;1132704;459;0;NOSTRESS
138465472507;16732;"NEAR_P1";"INTERVAL";"PROBE";4;63;0x00001d2a;48;1944440;771765;430945;1097183;1135466;18;0;NOSTRESS
138465489243;16800;"NEAR_P1";"INTERVAL";"PROBE";4;63;0x00001d2a;48;1943076;772056;433108;1102842;1132422;456;0;NOSTRESS
138465506067;13941;"TRAJ_R1";"INTERVAL";"PROBE";4;63;0x00001d2a;48;1473755;598139;369657;905497;930266;83;0;NOSTRESS
138466769889;349996;"MAF";"INTERVAL";"PROBE";4;63;0x00001d2a;49;40342961;16039234;9027110;22944560;23594788;6476;0;NOSTRESS
138466769910;73;"SENS_C1";"INTERVAL";"PROBE";4;63;0x00001d2a;49;751;637;436;1027;0;116;0;NOSTRESS
138466769987;90;"LOC_C1";"INTERVAL";"PROBE";4;63;0x00001d2a;49;3823;1827;1237;3087;1854;160;0;NOSTRESS
138466770081;20;"LOC_C2";"INTERVAL";"PROBE";4;63;0x00001d2a;49;344;292;195;592;17;22;0;NOSTRESS
138466770106;91;"LOC_C3";"INTERVAL";"PROBE";4;63;0x00001d2a;49;8791;2417;1707;7580;3820;60;0;NOSTRESS
138466770202;22;"LOC_C4";"INTERVAL";"PROBE";4;63;0x00001d2a;49;349;278;211;594;0;30;0;NOSTRESS
138466770228;16974;"NEAR_P1";"INTERVAL";"PROBE";4;63;0x00001d2a;49;1943035;772311;433842;1105407;1131491;854;0;NOSTRESS
138466787207;16706;"NEAR_P1";"INTERVAL";"PROBE";4;63;0x00001d2a;49;1940060;770111;430717;1096160;1132623;14;0;NOSTRESS
138466803917;16816;"NEAR_P1";"INTERVAL";"PROBE";4;63;0x00001d2a;49;1941685;771495;432987;1102259;1131508;534;0;NOSTRESS
138466820737;16690;"NEAR_P1";"INTERVAL";"PROBE";4;63;0x00001d2a;49;1936941;769145;430573;1094938;1130932;15;0;NOSTRESS
138466837431;16795;"NEAR_P1";"INTERVAL";"PROBE";4;63;0x00001d2a;49;1942821;771789;433011;1102339;1132360;475;0;NOSTRESS
138466854230;16701;"NEAR_P1";"INTERVAL";"PROBE";4;63;0x00001d2a;49;1939689;769920;430594;1095555;1132641;9;0;NOSTRESS
138466870935;16789;"NEAR_P1";"INTERVAL";"PROBE";4;63;0x00001d2a;49;1941846;771416;432989;1101902;1131688;459;0;NOSTRESS
138466887728;16689;"NEAR_P1";"INTERVAL";"PROBE";4;63;0x00001d2a;49;1936809;769015;430555;1094946;1130918;8;0;NOSTRESS
138466904421;16831;"NEAR_P1";"INTERVAL";"PROBE";4;63;0x00001d2a;49;1942361;771762;432962;1102324;1132147;473;0;NOSTRESS
138466921257;16816;"NEAR_P1";"INTERVAL";"PROBE";4;63;0x00001d2a;49;1942766;771740;432999;1102274;1132320;459;0;NOSTRESS
138466938077;16705;"NEAR_P1";"INTERVAL";"PROBE";4;63;0x00001d2a;49;1939952;770026;430634;1095653;1132806;18;0;NOSTRESS
138466954787;16792;"NEAR_P1";"INTERVAL";"PROBE";4;63;0x00001d2a;49;1941957;771429;432976;1102131;1131784;466;0;NOSTRESS
138466971583;16695;"NEAR_P1";"INTERVAL";"PROBE";4;63;0x00001d2a;49;1937823;769468;430606;1095228;1131514;19;0;NOSTRESS
138466988283;16798;"NEAR_P1";"INTERVAL";"PROBE";4;63;0x00001d2a;49;1941788;771651;433026;1102226;1131688;464;0;NOSTRESS
138467005085;16705;"NEAR_P1";"INTERVAL";"PROBE";4;63;0x00001d2a;49;1939963;770103;430630;1095666;1132752;19;0;NOSTRESS
138467021794;16792;"NEAR_P1";"INTERVAL";"PROBE";4;63;0x00001d2a;49;1942733;771732;432965;1101996;1132360;456;0;NOSTRESS
138467038590;16691;"NEAR_P1";"INTERVAL";"PROBE";4;63;0x00001d2a;49;1937527;769259;430522;1095016;1131388;19;0;NOSTRESS
138467055285;16861;"NEAR_P1";"INTERVAL";"PROBE";4;63;0x00001d2a;49;1942409;771930;433773;1104274;1131378;546;0;NOSTRESS
138467072150;16694;"NEAR_P1";"INTERVAL";"PROBE";4;63;0x00001d2a;49;1937540;769324;430524;1095165;1131328;20;0;NOSTRESS
138467088848;16800;"NEAR_P1";"INTERVAL";"PROBE";4;63;0x00001d2a;49;1942786;771906;432999;1102602;1132316;470;0;NOSTRESS
138467105653;14228;"TRAJ_R1";"INTERVAL";"PROBE";4;63;0x00001d2a;49;1506811;611171;377404;924371;951155;73;0;NOSTRESS
138468369860;350232;"MAF";"INTERVAL";"PROBE";4;63;0x00001d2a;50;40362834;16042675;9024023;22934731;23610546;6848;0;NOSTRESS
138468369879;79;"SENS_C1";"INTERVAL";"PROBE";4;63;0x00001d2a;50;759;633;440;1034;0;113;0;NOSTRESS
138468369962;88;"LOC_C1";"INTERVAL";"PROBE";4;63;0x00001d2a;50;3906;1870;1250;3113;1905;157;0;NOSTRESS
138468370054;21;"LOC_C2";"INTERVAL";"PROBE";4;63;0x00001d2a;50;344;292;195;592;17;20;0;NOSTRESS
138468370079;92;"LOC_C3";"INTERVAL";"PROBE";4;63;0x00001d2a;50;8845;2429;1712;7581;3863;59;0;NOSTRESS
138468370175;23;"LOC_C4";"INTERVAL";"PROBE";4;63;0x00001d2a;50;345;277;211;585;0;28;0;NOSTRESS
138468370202;17022;"NEAR_P1";"INTERVAL";"PROBE";4;63;0x00001d2a;50;1948160;773761;433760;1105640;1134977;837;0;NOSTRESS
138468387229;16703;"NEAR_P1";"INTERVAL";"PROBE";4;63;0x00001d2a;50;1940107;770157;430602;1095782;1132861;15;0;NOSTRESS
138468403936;16985;"NEAR_P1";"INTERVAL";"PROBE";4;63;0x00001d2a;50;1943999;772019;433421;1103468;1132736;774;0;NOSTRESS
138468420926;16701;"NEAR_P1";"INTERVAL";"PROBE";4;63;0x00001d2a;50;1940042;769927;430546;1095246;1133023;17;0;NOSTRESS
138468437631;16806;"NEAR_P1";"INTERVAL";"PROBE";4;63;0x00001d2a;50;1944349;772165;432943;1102155;1133521;517;0;NOSTRESS
138468454442;16698;"NEAR_P1";"INTERVAL";"PROBE";4;63;0x00001d2a;50;1939647;769846;430598;1095068;1132937;10;0;NOSTRESS
138468471144;16847;"NEAR_P1";"INTERVAL";"PROBE";4;63;0x00001d2a;50;1943985;771931;432888;1101794;1133440;435;0;NOSTRESS
138468487995;16698;"NEAR_P1";"INTERVAL";"PROBE";4;63;0x00001d2a;50;1939439;769884;430532;1095041;1132759;9;0;NOSTRESS
138468504697;16838;"NEAR_P1";"INTERVAL";"PROBE";4;63;0x00001d2a;50;1944771;772462;433058;1102267;1133572;480;0;NOSTRESS
138468521539;16805;"NEAR_P1";"INTERVAL";"PROBE";4;63;0x00001d2a;50;1944243;772326;433050;1102205;1133295;465;0;NOSTRESS
138468538348;16702;"NEAR_P1";"INTERVAL";"PROBE";4;63;0x00001d2a;50;1939423;769954;430638;1095181;1132657;19;0;NOSTRESS
138468555054;16823;"NEAR_P1";"INTERVAL";"PROBE";4;63;0x00001d2a;50;1942088;771565;432952;1101642;1132111;465;0;NOSTRESS
138468571882;16700;"NEAR_P1";"INTERVAL";"PROBE";4;63;0x00001d2a;50;1938550;769658;430591;1095055;1132066;18;0;NOSTRESS
138468588586;16823;"NEAR_P1";"INTERVAL";"PROBE";4;63;0x00001d2a;50;1941774;771471;432895;1101735;1131799;461;0;NOSTRESS
138468605413;16710;"NEAR_P1";"INTERVAL";"PROBE";4;63;0x00001d2a;50;1942076;770620;430630;1095537;1134239;20;0;NOSTRESS
138468622128;16791;"NEAR_P1";"INTERVAL";"PROBE";4;63;0x00001d2a;50;1942157;771399;432972;1101612;1132105;470;0;NOSTRESS
138468638923;16692;"NEAR_P1";"INTERVAL";"PROBE";4;63;0x00001d2a;50;1938333;769413;430553;1094691;1132080;19;0;NOSTRESS
138468655619;16791;"NEAR_P1";"INTERVAL";"PROBE";4;63;0x00001d2a;50;1942889;771699;432920;1101779;1132537;457;0;NOSTRESS
138468672414;16704;"NEAR_P1";"INTERVAL";"PROBE";4;63;0x00001d2a;50;1940851;770258;430587;1095256;1133578;17;0;NOSTRESS
138468689122;16797;"NEAR_P1";"INTERVAL";"PROBE";4;63;0x00001d2a;50;1944316;772038;432976;1102083;1133570;463;0;NOSTRESS
138468705924;14164;"TRAJ_R1";"INTERVAL";"PROBE";4;63;0x00001d2a;50;1497158;607228;374608;918119;944898;91;0;NOSTRESS
138469969883;350187;"MAF";"INTERVAL";"PROBE";4;63;0x00001d2a;51;40387017;16049793;9029743;22945455;23628966;6546;0;NOSTRESS
138469969903;75;"SENS_C1";"INTERVAL";"PROBE";4;63;0x00001d2a;51;773;627;439;1084;0;119;0;NOSTRESS
138469969983;94;"LOC_C1";"INTERVAL";"PROBE";4;63;0x00001d2a;51;3770;1830;1234;3111;1797;157;0;NOSTRESS
138469970081;20;"LOC_C2";"INTERVAL";"PROBE";4;63;0x00001d2a;51;347;294;197;600;17;22;0;NOSTRESS
138469970105;90;"LOC_C3";"INTERVAL";"PROBE";4;63;0x00001d2a;51;8808;2426;1703;7615;3817;62;0;NOSTRESS
138469970200;21;"LOC_C4";"INTERVAL";"PROBE";4;63;0x00001d2a;51;347;277;211;589;0;27;0;NOSTRESS
138469970226;16975;"NEAR_P1";"INTERVAL";"PROBE";4;63;0x00001d2a;51;1944662;772229;433517;1104232;1133244;851;0;NOSTRESS
138469987205;16692;"NEAR_P1";"INTERVAL";"PROBE";4;63;0x00001d2a;51;1938849;769497;430509;1094768;1132369;18;0;NOSTRESS
138470003902;16836;"NEAR_P1";"INTERVAL";"PROBE";4;63;0x00001d2a;51;1944509;772108;432937;1102001;1133683;515;0;NOSTRESS
138470020743;16692;"NEAR_P1";"INTERVAL";"PROBE";4;63;0x00001d2a;51;1938931;769495;430487;1094704;1132401;15;0;NOSTRESS
138470037439;16820;"NEAR_P1";"INTERVAL";"PROBE";4;63;0x00001d2a;51;1945056;772035;432973;1101840;1133928;475;0;NOSTRESS
138470054263;16695;"NEAR_P1";"INTERVAL";"PROBE";4;63;0x00001d2a;51;1939468;769702;430518;1094986;1132777;10;0;NOSTRESS
138470070963;16841;"NEAR_P1";"INTERVAL";"PROBE";4;63;0x00001d2a;51;1945614;772569;433392;1103515;1133969;613;0;NOSTRESS
138470087809;16702;"NEAR_P1";"INTERVAL";"PROBE";4;63;0x00001d2a;51;1940999;770213;430571;1095257;1133713;8;0;NOSTRESS
138470104516;16799;"NEAR_P1";"INTERVAL";"PROBE";4;63;0x00001d2a;51;1944106;771978;432919;1101727;1133517;510;0;NOSTRESS
138470121319;16793;"NEAR_P1";"INTERVAL";"PROBE";4;63;0x00001d2a;51;1943449;771757;432928;1101676;1133133;457;0;NOSTRESS
138470138116;16696;"NEAR_P1";"INTERVAL";"PROBE";4;63;0x00001d2a;51;1939638;769700;430556;1094821;1132899;20;0;NOSTRESS
138470154816;16797;"NEAR_P1";"INTERVAL";"PROBE";4;63;0x00001d2a;51;1944252;772143;432916;1101881;1133566;463;0;NOSTRESS
138470171617;16683;"NEAR_P1";"INTERVAL";"PROBE";4;63;0x00001d2a;51;1937313;769012;430443;1094319;1131523;18;0;NOSTRESS
138470188304;16782;"NEAR_P1";"INTERVAL";"PROBE";4;63;0x00001d2a;51;1941127;771172;432830;1101358;1131516;460;0;NOSTRESS
138470205090;16719;"NEAR_P1";"INTERVAL";"PROBE";4;63;0x00001d2a;51;1943584;771022;430661;1095836;1135251;18;0;NOSTRESS
138470221813;16808;"NEAR_P1";"INTERVAL";"PROBE";4;63;0x00001d2a;51;1941196;770836;432705;1100832;1131757;457;0;NOSTRESS
138470238626;16701;"NEAR_P1";"INTERVAL";"PROBE";4;63;0x00001d2a;51;1940635;770087;430469;1095215;1133607;19;0;NOSTRESS
138470255332;16817;"NEAR_P1";"INTERVAL";"PROBE";4;63;0x00001d2a;51;1943749;771954;433013;1101892;1133262;466;0;NOSTRESS
138470272153;16695;"NEAR_P1";"INTERVAL";"PROBE";4;63;0x00001d2a;51;1939262;769605;430496;1094834;1132687;19;0;NOSTRESS
138470288852;16779;"NEAR_P1";"INTERVAL";"PROBE";4;63;0x00001d2a;51;1940856;771008;432831;1101137;1131514;466;0;NOSTRESS
138470305636;14430;"TRAJ_R1";"INTERVAL";"PROBE";4;63;0x00001d2a;51;1526146;619134;382252;936398;963019;73;0;NOSTRESS
138471569883;350584;"MAF";"INTERVAL";"PROBE";4;63;0x00001d2a;52;40392759;16052394;9036730;22961048;23633055;6825;0;NOSTRESS
138471569904;78;"SENS_C1";"INTERVAL";"PROBE";4;63;0x00001d2a;52;756;626;437;1059;0;118;0;NOSTRESS
138471569987;95;"LOC_C1";"INTERVAL";"PROBE";4;63;0x00001d2a;52;3846;1838;1237;3092;1866;157;0;NOSTRESS
138471570087;20;"LOC_C2";"INTERVAL";"PROBE";4;63;0x00001d2a;52;344;292;195;592;17;21;0;NOSTRESS
138471570111;91;"LOC_C3";"INTERVAL";"PROBE";4;63;0x00001d2a;52;8831;2428;1705;7594;3842;60;0;NOSTRESS
138471570206;24;"LOC_C4";"INTERVAL";"PROBE";4;63;0x00001d2a;52;348;278;210;591;0;30;0;NOSTRESS
138471570235;16981;"NEAR_P1";"INTERVAL";"PROBE";4;63;0x00001d2a;52;1942772;771807;433472;1104468;1131840;847;0;NOSTRESS
138471587221;16697;"NEAR_P1";"INTERVAL";"PROBE";4;63;0x00001d2a;52;1938701;769556;430494;1095410;1132120;14;0;NOSTRESS
138471603923;16820;"NEAR_P1";"INTERVAL";"PROBE";4;63;0x00001d2a;52;1940655;770924;432711;1101297;1131161;449;0;NOSTRESS
138471620747;16694;"NEAR_P1";"INTERVAL";"PROBE";4;63;0x00001d2a;52;1939574;769459;430399;1094840;1132957;12;0;NOSTRESS
138471637445;16819;"NEAR_P1";"INTERVAL";"PROBE";4;63;0x00001d2a;52;1941363;770890;432698;1100929;1131985;489;0;NOSTRESS
138471654268;16684;"NEAR_P1";"INTERVAL";"PROBE";4;63;0x00001d2a;52;1936930;768843;430318;1094471;1131317;8;0;NOSTRESS
138471670956;16816;"NEAR_P1";"INTERVAL";"PROBE";4;63;0x00001d2a;52;1942192;771087;432741;1100992;1132370;476;0;NOSTRESS
138471687776;16680;"NEAR_P1";"INTERVAL";"PROBE";4;63;0x00001d2a;52;1937194;768780;430288;1094159;1131632;9;0;NOSTRESS
138471704460;16808;"NEAR_P1";"INTERVAL";"PROBE";4;63;0x00001d2a;52;1943289;771370;432847;1101200;1133004;480;0;NOSTRESS
138471721273;16805;"NEAR_P1";"INTERVAL";"PROBE";4;63;0x00001d2a;52;1939394;770373;433142;1101729;1130307;595;0;NOSTRESS
138471738083;16684;"NEAR_P1";"INTERVAL";"PROBE";4;63;0x00001d2a;52;1938117;769034;430306;1094367;1132290;20;0;NOSTRESS
138471754771;16779;"NEAR_P1";"INTERVAL";"PROBE";4;63;0x00001d2a;52;1941005;770766;432739;1100990;1131737;491;0;NOSTRESS
138471771554;16857;"NEAR_P1";"INTERVAL";"PROBE";4;63;0x00001d2a;52;1938279;769234;430453;1094653;1132004;48;0;NOSTRESS
138471788415;16804;"NEAR_P1";"INTERVAL";"PROBE";4;63;0x00001d2a;52;1943502;771751;432908;1101840;1132982;570;0;NOSTRESS
138471805224;16690;"NEAR_P1";"INTERVAL";"PROBE";4;63;0x00001d2a;52;1938331;769296;430463;1094612;1132052;20;0;NOSTRESS
138471821919;16787;"NEAR_P1";"INTERVAL";"PROBE";4;63;0x00001d2a;52;1942616;771318;432872;1101529;1132387;462;0;NOSTRESS
138471838710;16705;"NEAR_P1";"INTERVAL";"PROBE";4;63;0x00001d2a;52;1941408;770233;430612;1095285;1133923;18;0;NOSTRESS
138471855419;16793;"NEAR_P1";"INTERVAL";"PROBE";4;63;0x00001d2a;52;1942976;771712;432892;1101787;1132570;461;0;NOSTRESS
138471872216;16701;"NEAR_P1";"INTERVAL";"PROBE";4;63;0x00001d2a;52;1940636;769972;430541;1095021;1133429;19;0;NOSTRESS
138471888921;16822;"NEAR_P1";"INTERVAL";"PROBE";4;63;0x00001d2a;52;1942441;771346;432796;1101465;1132361;450;0;NOSTRESS
138471905748;14714;"TRAJ_R1";"INTERVAL";"PROBE";4;63;0x00001d2a;52;1557021;631779;390760;956622;982902;76;0;NOSTRESS
138473169904;350951;"MAF";"INTERVAL";"PROBE";4;63;0x00001d2a;53;40488487;16085811;9049272;22996940;23690116;6430;0;NOSTRESS
138473169927;80;"SENS_C1";"INTERVAL";"PROBE";4;63;0x00001d2a;53;777;632;442;1095;0;125;0;NOSTRESS
138473170011;95;"LOC_C1";"INTERVAL";"PROBE";4;63;0x00001d2a;53;3821;1840;1244;3105;1839;157;0;NOSTRESS
138473170111;20;"LOC_C2";"INTERVAL";"PROBE";4;63;0x00001d2a;53;345;294;197;599;17;22;0;NOSTRESS
138473170135;92;"LOC_C3";"INTERVAL";"PROBE";4;63;0x00001d2a;53;9016;2482;1700;7705;3922;60;0;NOSTRESS
138473170232;23;"LOC_C4";"INTERVAL";"PROBE";4;63;0x00001d2a;53;342;281;210;587;0;30;0;NOSTRESS
138473170259;16998;"NEAR_P1";"INTERVAL";"PROBE";4;63;0x00001d2a;53;1947683;773879;433905;1106436;1134535;862;0;NOSTRESS
138473187262;16715;"NEAR_P1";"INTERVAL";"PROBE";4;63;0x00001d2a;53;1941957;770608;430741;1096097;1134001;18;0;NOSTRESS
138473203981;16810;"NEAR_P1";"INTERVAL";"PROBE";4;63;0x00001d2a;53;1943742;771996;433040;1102219;1133013;532;0;NOSTRESS
138473220795;16706;"NEAR_P1";"INTERVAL";"PROBE";4;63;0x00001d2a;53;1939728;770010;430671;1095547;1132753;13;0;NOSTRESS
138473237505;16807;"NEAR_P1";"INTERVAL";"PROBE";4;63;0x00001d2a;53;1946070;772350;433067;1102347;1134273;489;0;NOSTRESS
138473254317;16689;"NEAR_P1";"INTERVAL";"PROBE";4;63;0x00001d2a;53;1938474;769141;430519;1094593;1132176;10;0;NOSTRESS
138473271010;16814;"NEAR_P1";"INTERVAL";"PROBE";4;63;0x00001d2a;53;1945033;772034;432987;1101893;1133863;481;0;NOSTRESS
138473287829;16702;"NEAR_P1";"INTERVAL";"PROBE";4;63;0x00001d2a;53;1941168;769999;430593;1095277;1133842;8;0;NOSTRESS
138473304535;16800;"NEAR_P1";"INTERVAL";"PROBE";4;63;0x00001d2a;53;1944488;771831;432967;1102077;1133286;483;0;NOSTRESS
138473321339;16838;"NEAR_P1";"INTERVAL";"PROBE";4;63;0x00001d2a;53;1946252;772278;432992;1101900;1134725;463;0;NOSTRESS
138473338182;16713;"NEAR_P1";"INTERVAL";"PROBE";4;63;0x00001d2a;53;1943420;770685;430649;1095751;1135173;19;0;NOSTRESS
138473354900;16819;"NEAR_P1";"INTERVAL";"PROBE";4;63;0x00001d2a;53;1944698;771950;432933;1101864;1133703;467;0;NOSTRESS
138473371723;16704;"NEAR_P1";"INTERVAL";"PROBE";4;63;0x00001d2a;53;1941343;770057;430644;1095171;1133831;19;0;NOSTRESS
138473388431;16789;"NEAR_P1";"INTERVAL";"PROBE";4;63;0x00001d2a;53;1942698;771331;432957;1101619;1132488;459;0;NOSTRESS
138473405224;16714;"NEAR_P1";"INTERVAL";"PROBE";4;63;0x00001d2a;53;1942894;770693;430683;1095703;1134805;20;0;NOSTRESS
138473421942;16810;"NEAR_P1";"INTERVAL";"PROBE";4;63;0x00001d2a;53;1946564;772670;433121;1102487;1134895;466;0;NOSTRESS
138473438756;16701;"NEAR_P1";"INTERVAL";"PROBE";4;63;0x00001d2a;53;1941074;769948;430521;1095062;1133805;20;0;NOSTRESS
138473455461;16805;"NEAR_P1";"INTERVAL";"PROBE";4;63;0x00001d2a;53;1945876;772415;433075;1102220;1134529;458;0;NOSTRESS
138473472271;16705;"NEAR_P1";"INTERVAL";"PROBE";4;63;0x00001d2a;53;1941153;770107;430572;1095319;1133743;19;0;NOSTRESS
138473488980;16812;"NEAR_P1";"INTERVAL";"PROBE";4;63;0x00001d2a;53;1947638;772965;433139;1102576;1135486;459;0;NOSTRESS
138473505798;15053;"TRAJ_R1";"INTERVAL";"PROBE";4;63;0x00001d2a;53;1592641;646250;399665;978475;1005413;76;0;NOSTRESS
138474769868;351405;"MAF";"INTERVAL";"PROBE";4;63;0x00001d2a;54;40499341;16098118;9058594;23022611;23692213;6453;0;NOSTRESS
138474769887;79;"SENS_C1";"INTERVAL";"PROBE";4;63;0x00001d2a;54;733;617;437;1022;0;117;0;NOSTRESS
138474769970;95;"LOC_C1";"INTERVAL";"PROBE";4;63;0x00001d2a;54;3896;1869;1253;3124;1884;155;0;NOSTRESS
138474770069;19;"LOC_C2";"INTERVAL";"PROBE";4;63;0x00001d2a;54;344;292;195;592;17;20;0;NOSTRESS
138474770092;94;"LOC_C3";"INTERVAL";"PROBE";4;63;0x00001d2a;54;8903;2455;1707;7651;3868;60;0;NOSTRESS
138474770190;23;"LOC_C4";"INTERVAL";"PROBE";4;63;0x00001d2a;54;342;277;209;581;0;31;0;NOSTRESS
138474770218;16987;"NEAR_P1";"INTERVAL";"PROBE";4;63;0x00001d2a;54;1947474;773889;433808;1106129;1133901;753;0;NOSTRESS
138474787209;16720;"NEAR_P1";"INTERVAL";"PROBE";4;63;0x00001d2a;54;1940475;770625;430786;1096544;1132677;12;0;NOSTRESS
138474803933;16833;"NEAR_P1";"INTERVAL";"PROBE";4;63;0x00001d2a;54;1943991;772365;433049;1102702;1132826;541;0;NOSTRESS
138474820771;16695;"NEAR_P1";"INTERVAL";"PROBE";4;63;0x00001d2a;54;1936975;769296;430601;1095073;1130709;16;0;NOSTRESS
138474837471;16805;"NEAR_P1";"INTERVAL";"PROBE";4;63;0x00001d2a;54;1943889;772112;433035;1102418;1132919;496;0;NOSTRESS
138474854281;16701;"NEAR_P1";"INTERVAL";"PROBE";4;63;0x00001d2a;54;1938917;769615;430596;1095345;1132062;9;0;NOSTRESS
138474870986;16814;"NEAR_P1";"INTERVAL";"PROBE";4;63;0x00001d2a;54;1945739;772581;433117;1102635;1134124;478;0;NOSTRESS
138474887805;16701;"NEAR_P1";"INTERVAL";"PROBE";4;63;0x00001d2a;54;1940342;769920;430612;1095276;1133076;8;0;NOSTRESS
138474904510;16800;"NEAR_P1";"INTERVAL";"PROBE";4;63;0x00001d2a;54;1944368;772047;432952;1101928;1133414;476;0;NOSTRESS
138474921314;16824;"NEAR_P1";"INTERVAL";"PROBE";4;63;0x00001d2a;54;1942619;771389;432900;1101586;1132292;459;0;NOSTRESS
138474938142;16721;"NEAR_P1";"INTERVAL";"PROBE";4;63;0x00001d2a;54;1943265;770964;430715;1096159;1134745;18;0;NOSTRESS
138474954868;16815;"NEAR_P1";"INTERVAL";"PROBE";4;63;0x00001d2a;54;1943077;771571;432928;1101913;1132568;463;0;NOSTRESS
138474971687;16708;"NEAR_P1";"INTERVAL";"PROBE";4;63;0x00001d2a;54;1940975;770206;430629;1095595;1133484;20;0;NOSTRESS
138474988400;16835;"NEAR_P1";"INTERVAL";"PROBE";4;63;0x00001d2a;54;1942680;771699;432930;1101942;1132269;412;0;NOSTRESS
138475005239;16703;"NEAR_P1";"INTERVAL";"PROBE";4;63;0x00001d2a;54;1939322;769828;430614;1095438;1132248;17;0;NOSTRESS
138475021947;16847;"NEAR_P1";"INTERVAL";"PROBE";4;63;0x00001d2a;54;1944961;772327;432966;1102423;1133581;459;0;NOSTRESS
138475038798;16704;"NEAR_P1";"INTERVAL";"PROBE";4;63;0x00001d2a;54;1940265;770007;430564;1095365;1133115;20;0;NOSTRESS
138475055507;16807;"NEAR_P1";"INTERVAL";"PROBE";4;63;0x00001d2a;54;1941634;771416;433287;1102972;1131268;603;0;NOSTRESS
138475072319;16708;"NEAR_P1";"INTERVAL";"PROBE";4;63;0x00001d2a;54;1940151;770038;430680;1095444;1132965;19;0;NOSTRESS
138475089032;16811;"NEAR_P1";"INTERVAL";"PROBE";4;63;0x00001d2a;54;1944816;772178;433112;1102248;1133546;503;0;NOSTRESS
138475105864;15405;"TRAJ_R1";"INTERVAL";"PROBE";4;63;0x00001d2a;54;1629565;661408;408866;1001203;1028655;74;0;NOSTRESS
138476369851;351958;"MAF";"INTERVAL";"PROBE";4;63;0x00001d2a;55;40571413;16124018;9071180;23051259;23742827;6505;0;NOSTRESS
138476369870;200;"SENS_C1";"INTERVAL";"PROBE";4;63;0x00001d2a;55;737;622;432;1056;0;122;0;NOSTRESS
138476370074;99;"LOC_C1";"INTERVAL";"PROBE";4;63;0x00001d2a;55;3753;1813;1233;3072;1800;155;0;NOSTRESS
138476370177;22;"LOC_C2";"INTERVAL";"PROBE";4;63;0x00001d2a;55;352;295;197;609;17;22;0;NOSTRESS
138476370203;97;"LOC_C3";"INTERVAL";"PROBE";4;63;0x00001d2a;55;8771;2410;1696;7569;3823;60;0;NOSTRESS
138476370305;24;"LOC_C4";"INTERVAL";"PROBE";4;63;0x00001d2a;55;349;278;212;596;0;28;0;NOSTRESS
138476370333;16975;"NEAR_P1";"INTERVAL";"PROBE";4;63;0x00001d2a;55;1946770;773393;433717;1105416;1134313;798;0;NOSTRESS
138476387312;16719;"NEAR_P1";"INTERVAL";"PROBE";4;63;0x00001d2a;55;1943370;771179;430813;1096333;1134912;12;0;NOSTRESS
138476404035;16833;"NEAR_P1";"INTERVAL";"PROBE";4;63;0x00001d2a;55;1947462;772769;433151;1102841;1135358;521;0;NOSTRESS
138476420873;16712;"NEAR_P1";"INTERVAL";"PROBE";4;63;0x00001d2a;55;1942659;770748;430736;1095809;1134660;16;0;NOSTRESS
138476437589;16824;"NEAR_P1";"INTERVAL";"PROBE";4;63;0x00001d2a;55;1945747;772563;433098;1102408;1134388;481;0;NOSTRESS
138476454417;16710;"NEAR_P1";"INTERVAL";"PROBE";4;63;0x00001d2a;55;1941722;770527;430753;1095760;1133982;9;0;NOSTRESS
138476471132;16817;"NEAR_P1";"INTERVAL";"PROBE";4;63;0x00001d2a;55;1943338;771828;433033;1102122;1132732;470;0;NOSTRESS
138476487954;16703;"NEAR_P1";"INTERVAL";"PROBE";4;63;0x00001d2a;55;1941462;770325;430686;1095460;1133871;9;0;NOSTRESS
138476504661;16818;"NEAR_P1";"INTERVAL";"PROBE";4;63;0x00001d2a;55;1946503;772722;433165;1102320;1134919;471;0;NOSTRESS
138476521483;16810;"NEAR_P1";"INTERVAL";"PROBE";4;63;0x00001d2a;55;1947123;772933;433176;1102757;1135136;462;0;NOSTRESS
138476538297;16712;"NEAR_P1";"INTERVAL";"PROBE";4;63;0x00001d2a;55;1941868;770757;430723;1095809;1134299;19;0;NOSTRESS
138476555014;16808;"NEAR_P1";"INTERVAL";"PROBE";4;63;0x00001d2a;55;1945363;772619;433200;1102621;1134136;455;0;NOSTRESS
138476571826;16704;"NEAR_P1";"INTERVAL";"PROBE";4;63;0x00001d2a;55;1939363;770045;430671;1095375;1132694;20;0;NOSTRESS
138476588535;16830;"NEAR_P1";"INTERVAL";"PROBE";4;63;0x00001d2a;55;1942886;771928;433009;1101971;1132723;460;0;NOSTRESS
138476605369;16710;"NEAR_P1";"INTERVAL";"PROBE";4;63;0x00001d2a;55;1941739;770570;430768;1095578;1134146;20;0;NOSTRESS
138476622084;16824;"NEAR_P1";"INTERVAL";"PROBE";4;63;0x00001d2a;55;1944188;772361;433084;1102596;1133254;462;0;NOSTRESS
138476638913;16710;"NEAR_P1";"INTERVAL";"PROBE";4;63;0x00001d2a;55;1942970;770607;430804;1095613;1134858;20;0;NOSTRESS
138476655627;16832;"NEAR_P1";"INTERVAL";"PROBE";4;63;0x00001d2a;55;1947401;773101;433208;1102879;1135402;456;0;NOSTRESS
138476672463;16706;"NEAR_P1";"INTERVAL";"PROBE";4;63;0x00001d2a;55;1940747;770343;430703;1095496;1133530;19;0;NOSTRESS
138476689173;16821;"NEAR_P1";"INTERVAL";"PROBE";4;63;0x00001d2a;55;1944540;772056;433095;1102195;1133599;460;0;NOSTRESS
138476706016;15788;"TRAJ_R1";"INTERVAL";"PROBE";4;63;0x00001d2a;55;1669947;677828;419311;1026532;1054275;76;0;NOSTRESS
138477969868;352023;"MAF";"INTERVAL";"PROBE";4;63;0x00001d2a;56;40562793;16128431;9076909;23067459;23737441;6249;0;NOSTRESS
138477969889;89;"SENS_C1";"INTERVAL";"PROBE";4;63;0x00001d2a;56;749;635;439;1032;0;117;0;NOSTRESS
138477969982;95;"LOC_C1";"INTERVAL";"PROBE";4;63;0x00001d2a;56;3799;1838;1248;3116;1827;161;0;NOSTRESS
138477970082;20;"LOC_C2";"INTERVAL";"PROBE";4;63;0x00001d2a;56;344;292;195;592;17;20;0;NOSTRESS
138477970107;93;"LOC_C3";"INTERVAL";"PROBE";4;63;0x00001d2a;56;8789;2406;1705;7620;3813;59;0;NOSTRESS
138477970205;24;"LOC_C4";"INTERVAL";"PROBE";4;63;0x00001d2a;56;345;281;210;590;0;32;0;NOSTRESS
138477970233;16966;"NEAR_P1";"INTERVAL";"PROBE";4;63;0x00001d2a;56;1943951;772774;433317;1104271;1132425;740;0;NOSTRESS
138477987204;16720;"NEAR_P1";"INTERVAL";"PROBE";4;63;0x00001d2a;56;1942148;771173;430742;1096892;1133736;15;0;NOSTRESS
138478003929;16840;"NEAR_P1";"INTERVAL";"PROBE";4;63;0x00001d2a;56;1942859;772099;433000;1102621;1132318;505;0;NOSTRESS
138478020773;16714;"NEAR_P1";"INTERVAL";"PROBE";4;63;0x00001d2a;56;1941256;770580;430616;1096156;1133624;16;0;NOSTRESS
138478037491;16805;"NEAR_P1";"INTERVAL";"PROBE";4;63;0x00001d2a;56;1944201;772222;432945;1102464;1133323;478;0;NOSTRESS
138478054301;16700;"NEAR_P1";"INTERVAL";"PROBE";4;63;0x00001d2a;56;1939152;769853;430527;1095541;1132389;8;0;NOSTRESS
138478071006;16808;"NEAR_P1";"INTERVAL";"PROBE";4;63;0x00001d2a;56;1945415;772579;433066;1102395;1134134;473;0;NOSTRESS
138478087819;16714;"NEAR_P1";"INTERVAL";"PROBE";4;63;0x00001d2a;56;1942159;770746;430693;1095956;1134309;8;0;NOSTRESS
138478104538;16829;"NEAR_P1";"INTERVAL";"PROBE";4;63;0x00001d2a;56;1943409;771915;432876;1101839;1132879;473;0;NOSTRESS
138478121372;16811;"NEAR_P1";"INTERVAL";"PROBE";4;63;0x00001d2a;56;1941623;771437;432878;1101777;1131791;469;0;NOSTRESS
138478138187;16705;"NEAR_P1";"INTERVAL";"PROBE";4;63;0x00001d2a;56;1939800;770051;430560;1095377;1132922;19;0;NOSTRESS
138478154896;16788;"NEAR_P1";"INTERVAL";"PROBE";4;63;0x00001d2a;56;1941984;771495;432894;1101682;1132094;460;0;NOSTRESS
138478171688;16697;"NEAR_P1";"INTERVAL";"PROBE";4;63;0x00001d2a;56;1938575;769643;430478;1095072;1132134;20;0;NOSTRESS
138478188389;16795;"NEAR_P1";"INTERVAL";"PROBE";4;63;0x00001d2a;56;1943149;772010;432940;1102033;1132862;462;0;NOSTRESS
138478205188;16690;"NEAR_P1";"INTERVAL";"PROBE";4;63;0x00001d2a;56;1937485;769351;430438;1094730;1131548;21;0;NOSTRESS
138478221882;16787;"NEAR_P1";"INTERVAL";"PROBE";4;63;0x00001d2a;56;1941409;771369;432892;1101821;1131660;454;0;NOSTRESS
138478238673;16699;"NEAR_P1";"INTERVAL";"PROBE";4;63;0x00001d2a;56;1939142;769887;430522;1095068;1132579;20;0;NOSTRESS
138478255377;16814;"NEAR_P1";"INTERVAL";"PROBE";4;63;0x00001d2a;56;1942444;771725;432865;1101779;1132407;452;0;NOSTRESS
138478272195;16696;"NEAR_P1";"INTERVAL";"PROBE";4;63;0x00001d2a;56;1938141;769579;430546;1095005;1131899;21;0;NOSTRESS
138478288895;16816;"NEAR_P1";"INTERVAL";"PROBE";4;63;0x00001d2a;56;1943256;771953;432922;1102098;1132842;467;0;NOSTRESS
138478305733;16153;"TRAJ_R1";"INTERVAL";"PROBE";4;63;0x00001d2a;56;1707602;693435;429355;1050684;1077909;75;0;NOSTRESS
138479569851;352229;"MAF";"INTERVAL";"PROBE";4;63;0x00001d2a;57;40552899;16126939;9085985;23081185;23733903;6674;0;NOSTRESS
138479569872;82;"SENS_C1";"INTERVAL";"PROBE";4;63;0x00001d2a;57;733;622;437;1015;0;115;0;NOSTRESS
138479569958;93;"LOC_C1";"INTERVAL";"PROBE";4;63;0x00001d2a;57;3851;1849;1242;3100;1861;153;0;NOSTRESS
138479570055;21;"LOC_C2";"INTERVAL";"PROBE";4;63;0x00001d2a;57;344;292;195;592;17;19;0;NOSTRESS
138479570080;92;"LOC_C3";"INTERVAL";"PROBE";4;63;0x00001d2a;57;8738;2389;1700;7586;3795;61;0;NOSTRESS
138479570176;24;"LOC_C4";"INTERVAL";"PROBE";4;63;0x00001d2a;57;345;278;210;586;0;30;0;NOSTRESS
138479570205;16960;"NEAR_P1";"INTERVAL";"PROBE";4;63;0x00001d2a;57;1941554;771531;433262;1103420;1130955;814;0;NOSTRESS
138479587169;16694;"NEAR_P1";"INTERVAL";"PROBE";4;63;0x00001d2a;57;1937917;769479;430616;1095343;1131673;15;0;NOSTRESS
138479603867;16787;"NEAR_P1";"INTERVAL";"PROBE";4;63;0x00001d2a;57;1940832;771047;432963;1101867;1131285;509;0;NOSTRESS
138479620658;16684;"NEAR_P1";"INTERVAL";"PROBE";4;63;0x00001d2a;57;1936123;768810;430481;1094687;1130627;11;0;NOSTRESS
138479637346;16789;"NEAR_P1";"INTERVAL";"PROBE";4;63;0x00001d2a;57;1941937;771447;433008;1101683;1132003;481;0;NOSTRESS
138479654140;16849;"NEAR_P1";"INTERVAL";"PROBE";4;63;0x00001d2a;57;1938111;769365;430433;1094975;1131832;35;0;NOSTRESS
138479670993;16802;"NEAR_P1";"INTERVAL";"PROBE";4;63;0x00001d2a;57;1941494;771427;432889;1101701;1131812;590;0;NOSTRESS
138479687799;16681;"NEAR_P1";"INTERVAL";"PROBE";4;63;0x00001d2a;57;1935622;768726;430380;1094393;1130459;8;0;NOSTRESS
138479704484;16796;"NEAR_P1";"INTERVAL";"PROBE";4;63;0x00001d2a;57;1940607;770979;432752;1101261;1131353;468;0;NOSTRESS
138479721284;16813;"NEAR_P1";"INTERVAL";"PROBE";4;63;0x00001d2a;57;1939921;771014;432692;1101322;1131101;467;0;NOSTRESS
138479738101;16688;"NEAR_P1";"INTERVAL";"PROBE";4;63;0x00001d2a;57;1936918;769306;430428;1094853;1131176;19;0;NOSTRESS
138479754794;16808;"NEAR_P1";"INTERVAL";"PROBE";4;63;0x00001d2a;57;1942049;771421;432790;1101480;1132233;471;0;NOSTRESS
138479771606;16686;"NEAR_P1";"INTERVAL";"PROBE";4;63;0x00001d2a;57;1937139;769050;430418;1094619;1131397;18;0;NOSTRESS
138479788296;16789;"NEAR_P1";"INTERVAL";"PROBE";4;63;0x00001d2a;57;1940259;770817;432758;1101390;1130961;468;0;NOSTRESS
138479805089;16682;"NEAR_P1";"INTERVAL";"PROBE";4;63;0x00001d2a;57;1936661;768895;430444;1094552;1131036;19;0;NOSTRESS
138479821775;16770;"NEAR_P1";"INTERVAL";"PROBE";4;63;0x00001d2a;57;1938336;770179;432672;1100869;1129846;461;0;NOSTRESS
138479838549;16688;"NEAR_P1";"INTERVAL";"PROBE";4;63;0x00001d2a;57;1938038;769352;430407;1094824;1131881;19;0;NOSTRESS
138479855242;16769;"NEAR_P1";"INTERVAL";"PROBE";4;63;0x00001d2a;57;1939650;770640;432716;1100979;1130685;461;0;NOSTRESS
138479872015;16689;"NEAR_P1";"INTERVAL";"PROBE";4;63;0x00001d2a;57;1937030;769195;430453;1094965;1131304;19;0;NOSTRESS
138479888709;16775;"NEAR_P1";"INTERVAL";"PROBE";4;63;0x00001d2a;57;1938707;770520;432873;1101093;1130025;456;0;NOSTRESS
138479905506;16570;"TRAJ_R1";"INTERVAL";"PROBE";4;63;0x00001d2a;57;1749729;710900;440263;1077542;1104586;73;0;NOSTRESS
138481169915;352646;"MAF";"INTERVAL";"PROBE";4;63;0x00001d2a;58;40620380;16154118;9095960;23107395;23777272;6629;0;NOSTRESS
138481169937;82;"SENS_C1";"INTERVAL";"PROBE";4;63;0x00001d2a;58;777;629;439;1084;0;117;0;NOSTRESS
138481170024;95;"LOC_C1";"INTERVAL";"PROBE";4;63;0x00001d2a;58;3816;1860;1245;3123;1856;152;0;NOSTRESS
138481170123;19;"LOC_C2";"INTERVAL";"PROBE";4;63;0x00001d2a;58;344;292;195;592;17;20;0;NOSTRESS
138481170147;92;"LOC_C3";"INTERVAL";"PROBE";4;63;0x00001d2a;58;8808;2412;1688;7537;3869;59;0;NOSTRESS
138481170243;23;"LOC_C4";"INTERVAL";"PROBE";4;63;0x00001d2a;58;345;278;209;586;0;31;0;NOSTRESS
138481170270;16982;"NEAR_P1";"INTERVAL";"PROBE";4;63;0x00001d2a;58;1944721;772726;433498;1104882;1132878;773;0;NOSTRESS
138481187256;16707;"NEAR_P1";"INTERVAL";"PROBE";4;63;0x00001d2a;58;1939619;770154;430497;1095571;1132603;14;0;NOSTRESS
138481203967;16848;"NEAR_P1";"INTERVAL";"PROBE";4;63;0x00001d2a;58;1944646;772872;433745;1104686;1132754;604;0;NOSTRESS
138481220819;16687;"NEAR_P1";"INTERVAL";"PROBE";4;63;0x00001d2a;58;1936952;769137;430347;1094247;1131422;15;0;NOSTRESS
138481237510;16804;"NEAR_P1";"INTERVAL";"PROBE";4;63;0x00001d2a;58;1944024;772310;432787;1101837;1133425;498;0;NOSTRESS
138481254318;16685;"NEAR_P1";"INTERVAL";"PROBE";4;63;0x00001d2a;58;1937170;769192;430329;1094328;1131463;9;0;NOSTRESS
138481271007;16788;"NEAR_P1";"INTERVAL";"PROBE";4;63;0x00001d2a;58;1941075;771394;432667;1101190;1131655;476;0;NOSTRESS
138481287800;16690;"NEAR_P1";"INTERVAL";"PROBE";4;63;0x00001d2a;58;1938051;769503;430322;1094468;1131987;8;0;NOSTRESS
138481304494;16778;"NEAR_P1";"INTERVAL";"PROBE";4;63;0x00001d2a;58;1940584;771004;432617;1100699;1131400;464;0;NOSTRESS
138481321276;16810;"NEAR_P1";"INTERVAL";"PROBE";4;63;0x00001d2a;58;1942239;771474;432788;1101490;1132256;509;0;NOSTRESS
138481338090;16693;"NEAR_P1";"INTERVAL";"PROBE";4;63;0x00001d2a;58;1938434;769513;430343;1094385;1132308;20;0;NOSTRESS
138481354788;16814;"NEAR_P1";"INTERVAL";"PROBE";4;63;0x00001d2a;58;1941718;771577;432842;1101425;1131874;478;0;NOSTRESS
138481371606;16702;"NEAR_P1";"INTERVAL";"PROBE";4;63;0x00001d2a;58;1939339;770065;430411;1094883;1132698;20;0;NOSTRESS
138481388312;16815;"NEAR_P1";"INTERVAL";"PROBE";4;63;0x00001d2a;58;1940215;771295;433099;1102227;1130721;604;0;NOSTRESS
138481405131;16691;"NEAR_P1";"INTERVAL";"PROBE";4;63;0x00001d2a;58;1938683;769700;430273;1094322;1132432;18;0;NOSTRESS
138481421826;16787;"NEAR_P1";"INTERVAL";"PROBE";4;63;0x00001d2a;58;1942013;771484;432675;1101000;1132349;492;0;NOSTRESS
138481438618;16683;"NEAR_P1";"INTERVAL";"PROBE";4;63;0x00001d2a;58;1936800;768986;430215;1093963;1131468;18;0;NOSTRESS
138481455306;16798;"NEAR_P1";"INTERVAL";"PROBE";4;63;0x00001d2a;58;1943182;771733;432740;1101369;1133041;456;0;NOSTRESS
138481472109;16683;"NEAR_P1";"INTERVAL";"PROBE";4;63;0x00001d2a;58;1937370;769102;430202;1093995;1131863;19;0;NOSTRESS
138481488796;16792;"NEAR_P1";"INTERVAL";"PROBE";4;63;0x00001d2a;58;1941163;771507;432781;1101454;1131541;462;0;NOSTRESS
138481505609;16947;"TRAJ_R1";"INTERVAL";"PROBE";4;63;0x00001d2a;58;1788694;726837;450964;1102828;1129392;76;0;NOSTRESS
138482769921;353420;"MAF";"INTERVAL";"PROBE";4;63;0x00001d2a;59;40711310;16180968;9113188;23152871;23830399;6970;0;NOSTRESS
138482769944;78;"SENS_C1";"INTERVAL";"PROBE";4;63;0x00001d2a;59;748;618;437;1030;0;118;0;NOSTRESS
138482770026;91;"LOC_C1";"INTERVAL";"PROBE";4;63;0x00001d2a;59;3709;1807;1239;3087;1768;153;0;NOSTRESS
138482770122;19;"LOC_C2";"INTERVAL";"PROBE";4;63;0x00001d2a;59;342;292;195;591;17;20;0;NOSTRESS
138482770146;92;"LOC_C3";"INTERVAL";"PROBE";4;63;0x00001d2a;59;8813;2415;1692;7556;3861;59;0;NOSTRESS
138482770243;22;"LOC_C4";"INTERVAL";"PROBE";4;63;0x00001d2a;59;336;274;208;573;0;29;0;NOSTRESS
138482770270;16972;"NEAR_P1";"INTERVAL";"PROBE";4;63;0x00001d2a;59;1944390;772480;433483;1104691;1132691;769;0;NOSTRESS
138482787247;16707;"NEAR_P1";"INTERVAL";"PROBE";4;63;0x00001d2a;59;1940971;770273;430661;1096044;1133426;15;0;NOSTRESS
138482803958;16837;"NEAR_P1";"INTERVAL";"PROBE";4;63;0x00001d2a;59;1944381;771986;432983;1102262;1133566;514;0;NOSTRESS
138482820800;16694;"NEAR_P1";"INTERVAL";"PROBE";4;63;0x00001d2a;59;1939012;769523;430531;1095143;1132311;15;0;NOSTRESS
138482837498;16800;"NEAR_P1";"INTERVAL";"PROBE";4;63;0x00001d2a;59;1945137;772032;433003;1102058;1133991;474;0;NOSTRESS
138482854302;16704;"NEAR_P1";"INTERVAL";"PROBE";4;63;0x00001d2a;59;1941842;770337;430671;1095418;1134181;11;0;NOSTRESS
138482871011;16842;"NEAR_P1";"INTERVAL";"PROBE";4;63;0x00001d2a;59;1944714;772270;433808;1104039;1133053;562;0;NOSTRESS
138482887857;16699;"NEAR_P1";"INTERVAL";"PROBE";4;63;0x00001d2a;59;1939918;769897;430559;1095351;1132861;9;0;NOSTRESS
138482904561;16806;"NEAR_P1";"INTERVAL";"PROBE";4;63;0x00001d2a;59;1945927;772479;433048;1102484;1134426;482;0;NOSTRESS
138482921372;16779;"NEAR_P1";"INTERVAL";"PROBE";4;63;0x00001d2a;59;1941427;770998;432784;1101462;1131769;466;0;NOSTRESS
138482938155;16687;"NEAR_P1";"INTERVAL";"PROBE";4;63;0x00001d2a;59;1938003;769216;430518;1094750;1131860;19;0;NOSTRESS
138482954846;16790;"NEAR_P1";"INTERVAL";"PROBE";4;63;0x00001d2a;59;1943175;771631;432945;1101766;1132723;454;0;NOSTRESS
138482971640;16707;"NEAR_P1";"INTERVAL";"PROBE";4;63;0x00001d2a;59;1942378;770480;430604;1095686;1134536;18;0;NOSTRESS
138482988351;16823;"NEAR_P1";"INTERVAL";"PROBE";4;63;0x00001d2a;59;1944756;772124;433038;1102280;1133739;502;0;NOSTRESS
138483005178;16696;"NEAR_P1";"INTERVAL";"PROBE";4;63;0x00001d2a;59;1939270;769657;430586;1095051;1132636;20;0;NOSTRESS
138483021878;16977;"NEAR_P1";"INTERVAL";"PROBE";4;63;0x00001d2a;59;1945126;772189;433004;1102228;1133854;619;0;NOSTRESS
138483038859;16698;"NEAR_P1";"INTERVAL";"PROBE";4;63;0x00001d2a;59;1939402;769813;430584;1095234;1132643;20;0;NOSTRESS
138483055562;16838;"NEAR_P1";"INTERVAL";"PROBE";4;63;0x00001d2a;59;1945253;772405;433388;1103772;1133637;610;0;NOSTRESS
138483072405;16685;"NEAR_P1";"INTERVAL";"PROBE";4;63;0x00001d2a;59;1937804;769030;430425;1094484;1131829;20;0;NOSTRESS
138483089094;16799;"NEAR_P1";"INTERVAL";"PROBE";4;63;0x00001d2a;59;1944484;772018;432978;1102023;1133490;493;0;NOSTRESS
138483105915;17422;"TRAJ_R1";"INTERVAL";"PROBE";4;63;0x00001d2a;59;1839807;747332;463336;1133392;1161531;74;0;NOSTRESS
138484369879;354208;"MAF";"INTERVAL";"PROBE";4;63;0x00001d2a;60;40775218;16213043;9129814;23200154;23866913;7190;0;NOSTRESS
138484369897;77;"SENS_C1";"INTERVAL";"PROBE";4;63;0x00001d2a;60;760;630;439;1060;0;123;0;NOSTRESS
138484369978;103;"LOC_C1";"INTERVAL";"PROBE";4;63;0x00001d2a;60;3920;1869;1245;3126;1896;156;0;NOSTRESS
138484370085;18;"LOC_C2";"INTERVAL";"PROBE";4;63;0x00001d2a;60;344;292;195;592;17;21;0;NOSTRESS
138484370108;98;"LOC_C3";"INTERVAL";"PROBE";4;63;0x00001d2a;60;8778;2422;1694;7544;3849;60;0;NOSTRESS
138484370210;21;"LOC_C4";"INTERVAL";"PROBE";4;63;0x00001d2a;60;338;276;207;576;0;30;0;NOSTRESS
138484370236;17078;"NEAR_P1";"INTERVAL";"PROBE";4;63;0x00001d2a;60;1948582;774459;435154;1108950;1134115;1019;0;NOSTRESS
138484387319;16717;"NEAR_P1";"INTERVAL";"PROBE";4;63;0x00001d2a;60;1942155;770880;430709;1096271;1134102;16;0;NOSTRESS
138484404040;16869;"NEAR_P1";"INTERVAL";"PROBE";4;63;0x00001d2a;60;1944699;772520;434251;1105114;1132752;657;0;NOSTRESS
138484420913;16708;"NEAR_P1";"INTERVAL";"PROBE";4;63;0x00001d2a;60;1940613;770407;430626;1095731;1133316;17;0;NOSTRESS
138484437626;16752;"NEAR_P1";"INTERVAL";"PROBE";4;63;0x00001d2a;60;1941638;770969;431537;1098525;1133014;236;0;NOSTRESS
138484454382;16718;"NEAR_P1";"INTERVAL";"PROBE";4;63;0x00001d2a;60;1943216;771139;430767;1096200;1134860;7;0;NOSTRESS
138484471104;16863;"NEAR_P1";"INTERVAL";"PROBE";4;63;0x00001d2a;60;1947768;773677;433819;1105290;1134892;555;0;NOSTRESS
138484487971;16710;"NEAR_P1";"INTERVAL";"PROBE";4;63;0x00001d2a;60;1941331;770591;430618;1095765;1133884;9;0;NOSTRESS
138484504686;16882;"NEAR_P1";"INTERVAL";"PROBE";4;63;0x00001d2a;60;1945049;772834;433758;1104617;1133261;718;0;NOSTRESS
138484521572;16880;"NEAR_P1";"INTERVAL";"PROBE";4;63;0x00001d2a;60;1946662;773377;434010;1105393;1133829;635;0;NOSTRESS
138484538456;16709;"NEAR_P1";"INTERVAL";"PROBE";4;63;0x00001d2a;60;1940848;770382;430621;1095692;1133388;20;0;NOSTRESS
138484555169;16828;"NEAR_P1";"INTERVAL";"PROBE";4;63;0x00001d2a;60;1942543;771796;432881;1102133;1132316;480;0;NOSTRESS
138484572002;16713;"NEAR_P1";"INTERVAL";"PROBE";4;63;0x00001d2a;60;1941909;770692;430672;1095913;1134226;20;0;NOSTRESS
138484588719;16846;"NEAR_P1";"INTERVAL";"PROBE";4;63;0x00001d2a;60;1944505;772582;433697;1104424;1132943;619;0;NOSTRESS
138484605570;16703;"NEAR_P1";"INTERVAL";"PROBE";4;63;0x00001d2a;60;1939242;770021;430606;1095490;1132426;21;0;NOSTRESS
138484622277;16848;"NEAR_P1";"INTERVAL";"PROBE";4;63;0x00001d2a;60;1944322;772285;432951;1102588;1133320;498;0;NOSTRESS
138484639129;16714;"NEAR_P1";"INTERVAL";"PROBE";4;63;0x00001d2a;60;1941129;770631;430682;1095880;1133676;18;0;NOSTRESS
138484655847;16795;"NEAR_P1";"INTERVAL";"PROBE";4;63;0x00001d2a;60;1943188;771758;433013;1102007;1132664;467;0;NOSTRESS
138484672646;16695;"NEAR_P1";"INTERVAL";"PROBE";4;63;0x00001d2a;60;1938545;769625;430533;1094985;1132052;16;0;NOSTRESS
138484689346;16827;"NEAR_P1";"INTERVAL";"PROBE";4;63;0x00001d2a;60;1943991;772230;433019;1102664;1133191;476;0;NOSTRESS
138484706195;17888;"TRAJ_R1";"INTERVAL";"PROBE";4;63;0x00001d2a;60;1889477;767554;476051;1164233;1192924;75;0;NOSTRESS
138485969905;353909;"MAF";"INTERVAL";"PROBE";4;63;0x00001d2a;61;40701214;16195376;9135892;23201594;23822305;6635;0;NOSTRESS
138485969927;79;"SENS_C1";"INTERVAL";"PROBE";4;63;0x00001d2a;61;759;627;442;1065;0;117;0;NOSTRESS
138485970010;105;"LOC_C1";"INTERVAL";"PROBE";4;63;0x00001d2a;61;3769;1824;1238;3069;1825;157;0;NOSTRESS
138485970119;20;"LOC_C2";"INTERVAL";"PROBE";4;63;0x00001d2a;61;345;294;197;599;17;21;0;NOSTRESS
138485970143;93;"LOC_C3";"INTERVAL";"PROBE";4;63;0x00001d2a;61;8887;2454;1713;7638;3889;62;0;NOSTRESS
138485970240;24;"LOC_C4";"INTERVAL";"PROBE";4;63;0x00001d2a;61;342;280;210;586;0;32;0;NOSTRESS
138485970268;16961;"NEAR_P1";"INTERVAL";"PROBE";4;63;0x00001d2a;61;1940147;771795;433575;1104477;1129785;770;0;NOSTRESS
138485987233;16695;"NEAR_P1";"INTERVAL";"PROBE";4;63;0x00001d2a;61;1937304;769551;430543;1095529;1130946;17;0;NOSTRESS
138486003932;16815;"NEAR_P1";"INTERVAL";"PROBE";4;63;0x00001d2a;61;1941374;771461;432997;1102247;1131192;526;0;NOSTRESS
138486020751;16683;"NEAR_P1";"INTERVAL";"PROBE";4;63;0x00001d2a;61;1934520;768466;430450;1094738;1129448;15;0;NOSTRESS
138486037438;16803;"NEAR_P1";"INTERVAL";"PROBE";4;63;0x00001d2a;61;1937398;770077;432624;1101005;1129018;487;0;NOSTRESS
138486054245;16669;"NEAR_P1";"INTERVAL";"PROBE";4;63;0x00001d2a;61;1932247;767775;430270;1093927;1128186;9;0;NOSTRESS
138486070918;16793;"NEAR_P1";"INTERVAL";"PROBE";4;63;0x00001d2a;61;1936570;769944;432733;1101015;1128481;495;0;NOSTRESS
138486087715;16679;"NEAR_P1";"INTERVAL";"PROBE";4;63;0x00001d2a;61;1933720;768325;430414;1094437;1128913;10;0;NOSTRESS
138486104399;16780;"NEAR_P1";"INTERVAL";"PROBE";4;63;0x00001d2a;61;1938390;770503;432818;1101204;1129501;484;0;NOSTRESS
138486121183;16809;"NEAR_P1";"INTERVAL";"PROBE";4;63;0x00001d2a;61;1936082;769870;433156;1102253;1127654;599;0;NOSTRESS
138486137997;16676;"NEAR_P1";"INTERVAL";"PROBE";4;63;0x00001d2a;61;1933616;768251;430342;1094295;1128933;20;0;NOSTRESS
138486154678;16767;"NEAR_P1";"INTERVAL";"PROBE";4;63;0x00001d2a;61;1936843;769890;432687;1100741;1128705;497;0;NOSTRESS
138486171450;16690;"NEAR_P1";"INTERVAL";"PROBE";4;63;0x00001d2a;61;1937293;769184;430448;1094685;1131278;20;0;NOSTRESS
138486188144;16852;"NEAR_P1";"INTERVAL";"PROBE";4;63;0x00001d2a;61;1940751;771537;433664;1103977;1130328;550;0;NOSTRESS
138486205001;16667;"NEAR_P1";"INTERVAL";"PROBE";4;63;0x00001d2a;61;1932627;767825;430241;1093911;1128399;20;0;NOSTRESS
138486221672;16771;"NEAR_P1";"INTERVAL";"PROBE";4;63;0x00001d2a;61;1937381;770134;432727;1100996;1129126;483;0;NOSTRESS
138486238447;16686;"NEAR_P1";"INTERVAL";"PROBE";4;63;0x00001d2a;61;1935855;768857;430450;1094610;1130323;19;0;NOSTRESS
138486255137;16779;"NEAR_P1";"INTERVAL";"PROBE";4;63;0x00001d2a;61;1939253;770623;432753;1101262;1130370;466;0;NOSTRESS
138486271920;16674;"NEAR_P1";"INTERVAL";"PROBE";4;63;0x00001d2a;61;1933882;768204;430318;1094170;1129199;19;0;NOSTRESS
138486288598;16778;"NEAR_P1";"INTERVAL";"PROBE";4;63;0x00001d2a;61;1939092;770622;432751;1101248;1130233;456;0;NOSTRESS
138486305398;18411;"TRAJ_R1";"INTERVAL";"PROBE";4;63;0x00001d2a;61;1943170;789919;490091;1198670;1226556;79;0;NOSTRESS
138487569900;354911;"MAF";"INTERVAL";"PROBE";4;63;0x00001d2a;62;40878557;16248106;9154023;23254452;23934078;6738;0;NOSTRESS
138487569922;67;"SENS_C1";"INTERVAL";"PROBE";4;63;0x00001d2a;62;751;618;437;1040;0;113;0;NOSTRESS
138487569994;94;"LOC_C1";"INTERVAL";"PROBE";4;63;0x00001d2a;62;3847;1864;1246;3133;1861;156;0;NOSTRESS
138487570092;19;"LOC_C2";"INTERVAL";"PROBE";4;63;0x00001d2a;62;344;292;195;592;17;21;0;NOSTRESS
138487570115;225;"LOC_C3";"INTERVAL";"PROBE";4;63;0x00001d2a;62;8768;2404;1696;7568;3848;75;0;NOSTRESS
138487570344;24;"LOC_C4";"INTERVAL";"PROBE";4;63;0x00001d2a;62;343;277;210;584;0;30;0;NOSTRESS
138487570372;17002;"NEAR_P1";"INTERVAL";"PROBE";4;63;0x00001d2a;62;1947166;773572;433917;1106004;1134055;896;0;NOSTRESS
138487587378;16715;"NEAR_P1";"INTERVAL";"PROBE";4;63;0x00001d2a;62;1941672;770694;430779;1096504;1133548;10;0;NOSTRESS
138487604098;16832;"NEAR_P1";"INTERVAL";"PROBE";4;63;0x00001d2a;62;1944117;771975;433033;1102529;1133084;536;0;NOSTRESS
138487620935;16691;"NEAR_P1";"INTERVAL";"PROBE";4;63;0x00001d2a;62;1938683;769302;430583;1094992;1132055;15;0;NOSTRESS
138487637630;16811;"NEAR_P1";"INTERVAL";"PROBE";4;63;0x00001d2a;62;1947325;772903;433106;1102841;1135149;470;0;NOSTRESS
138487654446;16703;"NEAR_P1";"INTERVAL";"PROBE";4;63;0x00001d2a;62;1940995;770139;430603;1095641;1133567;11;0;NOSTRESS
138487671153;16794;"NEAR_P1";"INTERVAL";"PROBE";4;63;0x00001d2a;62;1944646;771870;432953;1102028;1133567;475;0;NOSTRESS
138487687952;16701;"NEAR_P1";"INTERVAL";"PROBE";4;63;0x00001d2a;62;1941629;770224;430613;1095470;1134010;8;0;NOSTRESS
138487704657;16811;"NEAR_P1";"INTERVAL";"PROBE";4;63;0x00001d2a;62;1944365;771803;432927;1101735;1133426;469;0;NOSTRESS
138487721473;16823;"NEAR_P1";"INTERVAL";"PROBE";4;63;0x00001d2a;62;1946420;772523;432972;1102481;1134740;474;0;NOSTRESS
138487738300;16691;"NEAR_P1";"INTERVAL";"PROBE";4;63;0x00001d2a;62;1939653;769639;430459;1095107;1132809;19;0;NOSTRESS
138487754995;16790;"NEAR_P1";"INTERVAL";"PROBE";4;63;0x00001d2a;62;1943623;771596;432919;1101941;1133040;459;0;NOSTRESS
138487771789;16695;"NEAR_P1";"INTERVAL";"PROBE";4;63;0x00001d2a;62;1939154;769586;430636;1095072;1132441;19;0;NOSTRESS
138487788488;16794;"NEAR_P1";"INTERVAL";"PROBE";4;63;0x00001d2a;62;1943899;771932;433035;1102209;1133155;465;0;NOSTRESS
138487805286;16697;"NEAR_P1";"INTERVAL";"PROBE";4;63;0x00001d2a;62;1939745;769675;430563;1095221;1132778;19;0;NOSTRESS
138487821987;16794;"NEAR_P1";"INTERVAL";"PROBE";4;63;0x00001d2a;62;1944919;772043;433008;1102034;1133792;454;0;NOSTRESS
138487838785;16703;"NEAR_P1";"INTERVAL";"PROBE";4;63;0x00001d2a;62;1941005;770177;430649;1095531;1133580;18;0;NOSTRESS
138487855492;16873;"NEAR_P1";"INTERVAL";"PROBE";4;63;0x00001d2a;62;1945680;772493;433893;1104256;1133498;544;0;NOSTRESS
138487872369;16708;"NEAR_P1";"INTERVAL";"PROBE";4;63;0x00001d2a;62;1940178;770155;430586;1095862;1132956;20;0;NOSTRESS
138487889081;16801;"NEAR_P1";"INTERVAL";"PROBE";4;63;0x00001d2a;62;1944443;772004;433004;1102421;1133518;469;0;NOSTRESS
138487905904;18902;"TRAJ_R1";"INTERVAL";"PROBE";4;63;0x00001d2a;62;1994896;810960;503502;1231128;1259584;74;0;NOSTRESS
138489169877;355106;"MAF";"INTERVAL";"PROBE";4;63;0x00001d2a;63;40876668;16256630;9166065;23278353;23934414;6503;0;NOSTRESS
138489169897;75;"SENS_C1";"INTERVAL";"PROBE";4;63;0x00001d2a;63;764;636;439;1054;0;120;0;NOSTRESS
138489169977;94;"LOC_C1";"INTERVAL";"PROBE";4;63;0x00001d2a;63;3817;1840;1236;3075;1842;155;0;NOSTRESS
138489170075;19;"LOC_C2";"INTERVAL";"PROBE";4;63;0x00001d2a;63;346;292;195;599;17;19;0;NOSTRESS
138489170099;91;"LOC_C3";"INTERVAL";"PROBE";4;63;0x00001d2a;63;8651;2352;1690;7513;3786;58;0;NOSTRESS
138489170194;19;"LOC_C4";"INTERVAL";"PROBE";4;63;0x00001d2a;63;347;278;212;595;0;28;0;NOSTRESS
138489170217;16988;"NEAR_P1";"INTERVAL";"PROBE";4;63;0x00001d2a;63;1941698;771760;433550;1104767;1130771;832;0;NOSTRESS
138489187209;16693;"NEAR_P1";"INTERVAL";"PROBE";4;63;0x00001d2a;63;1937308;769329;430515;1095345;1131154;18;0;NOSTRESS
138489203906;16828;"NEAR_P1";"INTERVAL";"PROBE";4;63;0x00001d2a;63;1942364;771606;433423;1103533;1131535;645;0;NOSTRESS
138489220738;16703;"NEAR_P1";"INTERVAL";"PROBE";4;63;0x00001d2a;63;1939602;769816;430664;1095308;1132724;15;0;NOSTRESS
138489237445;16798;"NEAR_P1";"INTERVAL";"PROBE";4;63;0x00001d2a;63;1941525;771565;432986;1101921;1131515;511;0;NOSTRESS
138489254248;16702;"NEAR_P1";"INTERVAL";"PROBE";4;63;0x00001d2a;63;1940472;770058;430557;1095668;1133174;10;0;NOSTRESS
138489270954;16798;"NEAR_P1";"INTERVAL";"PROBE";4;63;0x00001d2a;63;1943341;771946;433037;1102068;1132640;471;0;NOSTRESS
138489287757;16696;"NEAR_P1";"INTERVAL";"PROBE";4;63;0x00001d2a;63;1938647;769584;430561;1095124;1132191;7;0;NOSTRESS
138489304458;16788;"NEAR_P1";"INTERVAL";"PROBE";4;63;0x00001d2a;63;1941504;771166;432901;1101654;1131635;476;0;NOSTRESS
138489321251;16776;"NEAR_P1";"INTERVAL";"PROBE";4;63;0x00001d2a;63;1940048;770637;432837;1101187;1130795;461;0;NOSTRESS
138489338032;16697;"NEAR_P1";"INTERVAL";"PROBE";4;63;0x00001d2a;63;1938203;769509;430550;1095175;1131908;19;0;NOSTRESS
138489354733;16819;"NEAR_P1";"INTERVAL";"PROBE";4;63;0x00001d2a;63;1942329;771504;432871;1101817;1132179;459;0;NOSTRESS
138489371557;16687;"NEAR_P1";"INTERVAL";"PROBE";4;63;0x00001d2a;63;1936475;768920;430438;1094765;1130731;20;0;NOSTRESS
138489388248;16807;"NEAR_P1";"INTERVAL";"PROBE";4;63;0x00001d2a;63;1941721;771210;432847;1101555;1131818;460;0;NOSTRESS
138489405060;16686;"NEAR_P1";"INTERVAL";"PROBE";4;63;0x00001d2a;63;1936990;769044;430436;1094715;1131154;20;0;NOSTRESS
138489421750;16790;"NEAR_P1";"INTERVAL";"PROBE";4;63;0x00001d2a;63;1942199;771393;432963;1101910;1131995;464;0;NOSTRESS
138489438544;16691;"NEAR_P1";"INTERVAL";"PROBE";4;63;0x00001d2a;63;1937556;769291;430532;1094923;1131435;18;0;NOSTRESS
138489455240;16777;"NEAR_P1";"INTERVAL";"PROBE";4;63;0x00001d2a;63;1940135;770931;432831;1101425;1130792;461;0;NOSTRESS
138489472021;16705;"NEAR_P1";"INTERVAL";"PROBE";4;63;0x00001d2a;63;1940202;770145;430627;1095534;1132944;19;0;NOSTRESS
138489488731;16774;"NEAR_P1";"INTERVAL";"PROBE";4;63;0x00001d2a;63;1939002;770537;432784;1101101;1130241;458;0;NOSTRESS
138489505529;19450;"TRAJ_R1";"INTERVAL";"PROBE";4;63;0x00001d2a;63;2051806;834201;518345;1266809;1295438;75;0;NOSTRESS
138490769873;356294;"MAF";"INTERVAL";"PROBE";4;63;0x00001d2a;64;41021522;16308480;9184120;23336141;24025495;6865;0;NOSTRESS
138490769895;74;"SENS_C1";"INTERVAL";"PROBE";4;63;0x00001d2a;64;750;634;437;1026;0;114;0;NOSTRESS
138490769974;90;"LOC_C1";"INTERVAL";"PROBE";4;63;0x00001d2a;64;3706;1811;1235;3066;1781;156;0;NOSTRESS
138490770069;20;"LOC_C2";"INTERVAL";"PROBE";4;63;0x00001d2a;64;351;294;197;608;17;21;0;NOSTRESS
138490770093;90;"LOC_C3";"INTERVAL";"PROBE";4;63;0x00001d2a;64;8710;2376;1699;7610;3779;63;0;NOSTRESS
138490770188;20;"LOC_C4";"INTERVAL";"PROBE";4;63;0x00001d2a;64;356;278;214;613;0;28;0;NOSTRESS
138490770212;17022;"NEAR_P1";"INTERVAL";"PROBE";4;63;0x00001d2a;64;1948517;774402;433837;1106402;1134655;845;0;NOSTRESS
138490787239;16718;"NEAR_P1";"INTERVAL";"PROBE";4;63;0x00001d2a;64;1942158;770826;430690;1096279;1134136;17;0;NOSTRESS
138490803961;16833;"NEAR_P1";"INTERVAL";"PROBE";4;63;0x00001d2a;64;1945399;772421;432978;1102681;1134042;514;0;NOSTRESS
138490820798;16711;"NEAR_P1";"INTERVAL";"PROBE";4;63;0x00001d2a;64;1941970;770575;430566;1095927;1134246;16;0;NOSTRESS
138490837514;16828;"NEAR_P1";"INTERVAL";"PROBE";4;63;0x00001d2a;64;1944739;772269;432973;1102407;1133743;483;0;NOSTRESS
138490854346;16723;"NEAR_P1";"INTERVAL";"PROBE";4;63;0x00001d2a;64;1943915;771244;430690;1096448;1135388;9;0;NOSTRESS
138490871073;16822;"NEAR_P1";"INTERVAL";"PROBE";4;63;0x00001d2a;64;1944481;772272;433338;1103409;1133042;598;0;NOSTRESS
138490887899;16723;"NEAR_P1";"INTERVAL";"PROBE";4;63;0x00001d2a;64;1943438;771224;430728;1096477;1134935;7;0;NOSTRESS
138490904626;16984;"NEAR_P1";"INTERVAL";"PROBE";4;63;0x00001d2a;64;1946806;772969;433109;1103084;1134985;642;0;NOSTRESS
138490921614;16812;"NEAR_P1";"INTERVAL";"PROBE";4;63;0x00001d2a;64;1946039;772784;432991;1102814;1134520;464;0;NOSTRESS
138490938430;16722;"NEAR_P1";"INTERVAL";"PROBE";4;63;0x00001d2a;64;1943596;771226;430727;1096213;1135255;20;0;NOSTRESS
138490955156;16813;"NEAR_P1";"INTERVAL";"PROBE";4;63;0x00001d2a;64;1946327;772918;433024;1102780;1134691;460;0;NOSTRESS
138490971974;16711;"NEAR_P1";"INTERVAL";"PROBE";4;63;0x00001d2a;64;1941111;770469;430615;1095850;1133711;20;0;NOSTRESS
138490988689;16815;"NEAR_P1";"INTERVAL";"PROBE";4;63;0x00001d2a;64;1946940;772973;433090;1103008;1135134;460;0;NOSTRESS
138491005508;16700;"NEAR_P1";"INTERVAL";"PROBE";4;63;0x00001d2a;64;1938992;769667;430511;1095326;1132360;19;0;NOSTRESS
138491022212;16820;"NEAR_P1";"INTERVAL";"PROBE";4;63;0x00001d2a;64;1944419;772152;432922;1102111;1133593;460;0;NOSTRESS
138491039036;16711;"NEAR_P1";"INTERVAL";"PROBE";4;63;0x00001d2a;64;1940847;770258;430609;1095668;1133618;18;0;NOSTRESS
138491055751;16827;"NEAR_P1";"INTERVAL";"PROBE";4;63;0x00001d2a;64;1945944;772606;432978;1102659;1134419;459;0;NOSTRESS
138491072582;16720;"NEAR_P1";"INTERVAL";"PROBE";4;63;0x00001d2a;64;1943061;770905;430676;1096003;1135007;18;0;NOSTRESS
138491089306;16801;"NEAR_P1";"INTERVAL";"PROBE";4;63;0x00001d2a;64;1944009;772034;432978;1102377;1133288;467;0;NOSTRESS
138491106128;20035;"TRAJ_R1";"INTERVAL";"PROBE";4;63;0x00001d2a;64;2114682;859493;533814;1304836;1335150;73;0;NOSTRESS
138492369906;356550;"MAF";"INTERVAL";"PROBE";4;63;0x00001d2a;65;41015091;16319246;9198865;23361379;24019582;6387;0;NOSTRESS
138492369928;69;"SENS_C1";"INTERVAL";"PROBE";4;63;0x00001d2a;65;744;632;435;1013;0;111;0;NOSTRESS
138492370002;98;"LOC_C1";"INTERVAL";"PROBE";4;63;0x00001d2a;65;3827;1848;1243;3092;1854;154;0;NOSTRESS
138492370104;19;"LOC_C2";"INTERVAL";"PROBE";4;63;0x00001d2a;65;346;292;195;599;17;19;0;NOSTRESS
138492370127;91;"LOC_C3";"INTERVAL";"PROBE";4;63;0x00001d2a;65;8717;2388;1701;7578;3801;60;0;NOSTRESS
138492370222;22;"LOC_C4";"INTERVAL";"PROBE";4;63;0x00001d2a;65;339;272;207;575;0;25;0;NOSTRESS
138492370248;16985;"NEAR_P1";"INTERVAL";"PROBE";4;63;0x00001d2a;65;1947051;773978;433745;1105749;1134018;757;0;NOSTRESS
138492387237;16709;"NEAR_P1";"INTERVAL";"PROBE";4;63;0x00001d2a;65;1939662;770351;430745;1096210;1132266;14;0;NOSTRESS
138492403951;16846;"NEAR_P1";"INTERVAL";"PROBE";4;63;0x00001d2a;65;1944778;772712;433097;1102967;1133117;521;0;NOSTRESS
138492420801;16699;"NEAR_P1";"INTERVAL";"PROBE";4;63;0x00001d2a;65;1937868;769714;430606;1095412;1131400;14;0;NOSTRESS
138492437505;16836;"NEAR_P1";"INTERVAL";"PROBE";4;63;0x00001d2a;65;1945349;772942;433137;1103078;1133656;479;0;NOSTRESS
138492454346;16704;"NEAR_P1";"INTERVAL";"PROBE";4;63;0x00001d2a;65;1938853;770082;430676;1095534;1131959;10;0;NOSTRESS
138492471054;16839;"NEAR_P1";"INTERVAL";"PROBE";4;63;0x00001d2a;65;1943999;772178;432840;1101986;1133249;428;0;NOSTRESS
138492487897;16706;"NEAR_P1";"INTERVAL";"PROBE";4;63;0x00001d2a;65;1940234;770238;430652;1095426;1133059;7;0;NOSTRESS
138492504607;16835;"NEAR_P1";"INTERVAL";"PROBE";4;63;0x00001d2a;65;1941807;771519;432968;1101629;1131766;473;0;NOSTRESS
138492521447;16832;"NEAR_P1";"INTERVAL";"PROBE";4;63;0x00001d2a;65;1945167;773004;433566;1104198;1133241;596;0;NOSTRESS
138492538284;16704;"NEAR_P1";"INTERVAL";"PROBE";4;63;0x00001d2a;65;1939021;770099;430657;1095383;1132166;19;0;NOSTRESS
138492554992;16800;"NEAR_P1";"INTERVAL";"PROBE";4;63;0x00001d2a;65;1942254;771848;433005;1101986;1131985;493;0;NOSTRESS
138492571797;16696;"NEAR_P1";"INTERVAL";"PROBE";4;63;0x00001d2a;65;1937316;769504;430610;1095025;1131095;20;0;NOSTRESS
138492588497;16799;"NEAR_P1";"INTERVAL";"PROBE";4;63;0x00001d2a;65;1942347;771915;433033;1101969;1132095;466;0;NOSTRESS
138492605300;16689;"NEAR_P1";"INTERVAL";"PROBE";4;63;0x00001d2a;65;1934779;768959;430477;1094640;1129707;18;0;NOSTRESS
138492621993;16804;"NEAR_P1";"INTERVAL";"PROBE";4;63;0x00001d2a;65;1942714;772117;433107;1102351;1132467;460;0;NOSTRESS
138492638801;16704;"NEAR_P1";"INTERVAL";"PROBE";4;63;0x00001d2a;65;1937709;769835;430654;1095396;1131460;19;0;NOSTRESS
138492655510;16803;"NEAR_P1";"INTERVAL";"PROBE";4;63;0x00001d2a;65;1943055;772086;433035;1102334;1132535;465;0;NOSTRESS
138492672318;16699;"NEAR_P1";"INTERVAL";"PROBE";4;63;0x00001d2a;65;1937234;769605;430633;1095226;1131079;17;0;NOSTRESS
138492689022;16830;"NEAR_P1";"INTERVAL";"PROBE";4;63;0x00001d2a;65;1941809;771770;432917;1101741;1132029;463;0;NOSTRESS
138492705875;20577;"TRAJ_R1";"INTERVAL";"PROBE";4;63;0x00001d2a;65;2168522;882264;548886;1341045;1369561;73;0;NOSTRESS
138493969861;357403;"MAF";"INTERVAL";"PROBE";4;63;0x00001d2a;66;41113471;16352863;9218916;23414276;24083808;6721;0;NOSTRESS
138493969885;77;"SENS_C1";"INTERVAL";"PROBE";4;63;0x00001d2a;66;728;616;434;997;0;108;0;NOSTRESS
138493969966;99;"LOC_C1";"INTERVAL";"PROBE";4;63;0x00001d2a;66;3783;1830;1245;3098;1819;158;0;NOSTRESS
138493970069;20;"LOC_C2";"INTERVAL";"PROBE";4;63;0x00001d2a;66;347;294;197;600;17;23;0;NOSTRESS
138493970094;96;"LOC_C3";"INTERVAL";"PROBE";4;63;0x00001d2a;66;8769;2392;1698;7593;3831;58;0;NOSTRESS
138493970194;24;"LOC_C4";"INTERVAL";"PROBE";4;63;0x00001d2a;66;338;274;209;580;0;29;0;NOSTRESS
138493970222;17003;"NEAR_P1";"INTERVAL";"PROBE";4;63;0x00001d2a;66;1947668;774070;433993;1106818;1134402;852;0;NOSTRESS
138493987229;16728;"NEAR_P1";"INTERVAL";"PROBE";4;63;0x00001d2a;66;1942479;771330;430935;1097209;1134026;15;0;NOSTRESS
138494003961;16811;"NEAR_P1";"INTERVAL";"PROBE";4;63;0x00001d2a;66;1943092;772255;433180;1103037;1132401;515;0;NOSTRESS
138494020777;16704;"NEAR_P1";"INTERVAL";"PROBE";4;63;0x00001d2a;66;1939207;769917;430770;1095732;1132322;15;0;NOSTRESS
138494037485;16804;"NEAR_P1";"INTERVAL";"PROBE";4;63;0x00001d2a;66;1942728;772078;433216;1102758;1132189;481;0;NOSTRESS
138494054294;16706;"NEAR_P1";"INTERVAL";"PROBE";4;63;0x00001d2a;66;1939100;770036;430792;1095954;1132129;10;0;NOSTRESS
138494071004;16848;"NEAR_P1";"INTERVAL";"PROBE";4;63;0x00001d2a;66;1946154;772840;433265;1102904;1134440;473;0;NOSTRESS
138494087856;16710;"NEAR_P1";"INTERVAL";"PROBE";4;63;0x00001d2a;66;1939698;770281;430774;1095925;1132613;8;0;NOSTRESS
138494104570;16822;"NEAR_P1";"INTERVAL";"PROBE";4;63;0x00001d2a;66;1942807;771924;433065;1102530;1132417;475;0;NOSTRESS
138494121396;16848;"NEAR_P1";"INTERVAL";"PROBE";4;63;0x00001d2a;66;1946946;773070;433216;1103297;1134958;458;0;NOSTRESS
138494138249;16703;"NEAR_P1";"INTERVAL";"PROBE";4;63;0x00001d2a;66;1940234;770100;430749;1095691;1133103;18;0;NOSTRESS
138494154956;16828;"NEAR_P1";"INTERVAL";"PROBE";4;63;0x00001d2a;66;1945376;772631;433101;1102866;1134232;464;0;NOSTRESS
138494171789;16694;"NEAR_P1";"INTERVAL";"PROBE";4;63;0x00001d2a;66;1938156;769539;430645;1095226;1131938;18;0;NOSTRESS
138494188487;16805;"NEAR_P1";"INTERVAL";"PROBE";4;63;0x00001d2a;66;1945111;772545;433160;1102674;1133985;469;0;NOSTRESS
138494205297;16706;"NEAR_P1";"INTERVAL";"PROBE";4;63;0x00001d2a;66;1940659;770312;430693;1095817;1133559;18;0;NOSTRESS
138494222008;16803;"NEAR_P1";"INTERVAL";"PROBE";4;63;0x00001d2a;66;1944401;772294;433171;1102529;1133583;463;0;NOSTRESS
138494238816;16712;"NEAR_P1";"INTERVAL";"PROBE";4;63;0x00001d2a;66;1941824;770680;430748;1096158;1134162;18;0;NOSTRESS
138494255532;16798;"NEAR_P1";"INTERVAL";"PROBE";4;63;0x00001d2a;66;1943766;772099;433102;1102392;1133284;467;0;NOSTRESS
138494272334;16884;"NEAR_P1";"INTERVAL";"PROBE";4;63;0x00001d2a;66;1942417;770985;430797;1096350;1134560;41;0;NOSTRESS
138494289222;16815;"NEAR_P1";"INTERVAL";"PROBE";4;63;0x00001d2a;66;1945283;772445;433185;1102611;1134099;581;0;NOSTRESS
138494306059;21200;"TRAJ_R1";"INTERVAL";"PROBE";4;63;0x00001d2a;66;2232117;908630;566079;1382448;1409739;74;0;NOSTRESS
138495569850;357597;"MAF";"INTERVAL";"PROBE";4;63;0x00001d2a;67;41105684;16354572;9235242;23446808;24075313;6329;0;NOSTRESS
138495569871;77;"SENS_C1";"INTERVAL";"PROBE";4;63;0x00001d2a;67;741;624;438;1046;0;120;0;NOSTRESS
138495569952;94;"LOC_C1";"INTERVAL";"PROBE";4;63;0x00001d2a;67;3704;1801;1232;3061;1778;159;0;NOSTRESS
138495570051;20;"LOC_C2";"INTERVAL";"PROBE";4;63;0x00001d2a;67;342;292;195;591;17;21;0;NOSTRESS
138495570075;93;"LOC_C3";"INTERVAL";"PROBE";4;63;0x00001d2a;67;8771;2401;1690;7566;3839;59;0;NOSTRESS
138495570172;23;"LOC_C4";"INTERVAL";"PROBE";4;63;0x00001d2a;67;343;277;210;585;0;28;0;NOSTRESS
138495570200;16959;"NEAR_P1";"INTERVAL";"PROBE";4;63;0x00001d2a;67;1942968;772487;433806;1105855;1131219;746;0;NOSTRESS
138495587164;16684;"NEAR_P1";"INTERVAL";"PROBE";4;63;0x00001d2a;67;1935076;768486;430716;1095532;1129616;17;0;NOSTRESS
138495603853;16831;"NEAR_P1";"INTERVAL";"PROBE";4;63;0x00001d2a;67;1941134;771346;433335;1102840;1130930;439;0;NOSTRESS
138495620689;16696;"NEAR_P1";"INTERVAL";"PROBE";4;63;0x00001d2a;67;1937551;769455;430808;1095868;1131084;14;0;NOSTRESS
138495637389;16818;"NEAR_P1";"INTERVAL";"PROBE";4;63;0x00001d2a;67;1940958;771229;433085;1102463;1131015;498;0;NOSTRESS
138495654212;16690;"NEAR_P1";"INTERVAL";"PROBE";4;63;0x00001d2a;67;1936939;769066;430769;1095533;1130809;11;0;NOSTRESS
138495670906;16796;"NEAR_P1";"INTERVAL";"PROBE";4;63;0x00001d2a;67;1942564;771725;433182;1102704;1131962;470;0;NOSTRESS
138495687706;16702;"NEAR_P1";"INTERVAL";"PROBE";4;63;0x00001d2a;67;1938199;769562;430827;1096065;1131560;8;0;NOSTRESS
138495704412;16774;"NEAR_P1";"INTERVAL";"PROBE";4;63;0x00001d2a;67;1937797;770274;433016;1101673;1129132;481;0;NOSTRESS
138495721191;16831;"NEAR_P1";"INTERVAL";"PROBE";4;63;0x00001d2a;67;1943059;771771;433172;1102568;1132419;457;0;NOSTRESS
138495738026;16693;"NEAR_P1";"INTERVAL";"PROBE";4;63;0x00001d2a;67;1936678;769011;430757;1095512;1130613;20;0;NOSTRESS
138495754723;16802;"NEAR_P1";"INTERVAL";"PROBE";4;63;0x00001d2a;67;1940175;770871;433066;1101904;1130690;462;0;NOSTRESS
138495771529;16701;"NEAR_P1";"INTERVAL";"PROBE";4;63;0x00001d2a;67;1938588;769645;430772;1095850;1131919;20;0;NOSTRESS
138495788235;16819;"NEAR_P1";"INTERVAL";"PROBE";4;63;0x00001d2a;67;1940937;770893;432973;1101997;1131337;400;0;NOSTRESS
138495805058;16688;"NEAR_P1";"INTERVAL";"PROBE";4;63;0x00001d2a;67;1935767;768883;430707;1095403;1130164;17;0;NOSTRESS
138495821750;16819;"NEAR_P1";"INTERVAL";"PROBE";4;63;0x00001d2a;67;1939485;770706;433042;1101764;1130362;458;0;NOSTRESS
138495838574;16691;"NEAR_P1";"INTERVAL";"PROBE";4;63;0x00001d2a;67;1936433;768965;430737;1095379;1130578;19;0;NOSTRESS
138495855269;16820;"NEAR_P1";"INTERVAL";"PROBE";4;63;0x00001d2a;67;1942542;772011;433664;1104301;1131546;603;0;NOSTRESS
138495872093;16694;"NEAR_P1";"INTERVAL";"PROBE";4;63;0x00001d2a;67;1936252;769091;430804;1095599;1130250;19;0;NOSTRESS
138495888791;16780;"NEAR_P1";"INTERVAL";"PROBE";4;63;0x00001d2a;67;1938366;770349;433061;1101787;1129407;503;0;NOSTRESS
138495905592;21851;"TRAJ_R1";"INTERVAL";"PROBE";4;63;0x00001d2a;67;2300711;936264;583141;1424122;1453067;72;0;NOSTRESS
138497169880;358242;"MAF";"INTERVAL";"PROBE";4;63;0x00001d2a;68;41185487;16387568;9254848;23500683;24121460;6321;0;NOSTRESS
138497169898;76;"SENS_C1";"INTERVAL";"PROBE";4;63;0x00001d2a;68;736;619;436;1022;0;117;0;NOSTRESS
138497169978;101;"LOC_C1";"INTERVAL";"PROBE";4;63;0x00001d2a;68;3831;1853;1240;3095;1856;161;0;NOSTRESS
138497170084;20;"LOC_C2";"INTERVAL";"PROBE";4;63;0x00001d2a;68;347;294;197;600;17;22;0;NOSTRESS
138497170108;95;"LOC_C3";"INTERVAL";"PROBE";4;63;0x00001d2a;68;9015;2465;1712;7723;3940;60;0;NOSTRESS
138497170208;20;"LOC_C4";"INTERVAL";"PROBE";4;63;0x00001d2a;68;346;277;210;588;0;28;0;NOSTRESS
138497170233;16969;"NEAR_P1";"INTERVAL";"PROBE";4;63;0x00001d2a;68;1944995;772787;433912;1106115;1132483;748;0;NOSTRESS
138497187206;16704;"NEAR_P1";"INTERVAL";"PROBE";4;63;0x00001d2a;68;1938155;769762;430974;1096954;1131054;11;0;NOSTRESS
138497203914;16822;"NEAR_P1";"INTERVAL";"PROBE";4;63;0x00001d2a;68;1944681;772656;433397;1104431;1132899;533;0;NOSTRESS
138497220740;16694;"NEAR_P1";"INTERVAL";"PROBE";4;63;0x00001d2a;68;1937105;769261;430815;1096154;1130710;16;0;NOSTRESS
138497237438;16804;"NEAR_P1";"INTERVAL";"PROBE";4;63;0x00001d2a;68;1943066;771921;433383;1103355;1132036;493;0;NOSTRESS
138497254246;16694;"NEAR_P1";"INTERVAL";"PROBE";4;63;0x00001d2a;68;1937284;769322;430903;1095967;1130892;9;0;NOSTRESS
138497270944;16840;"NEAR_P1";"INTERVAL";"PROBE";4;63;0x00001d2a;68;1942792;771980;433288;1103256;1131915;476;0;NOSTRESS
138497287788;16690;"NEAR_P1";"INTERVAL";"PROBE";4;63;0x00001d2a;68;1936310;769179;430754;1096085;1130111;9;0;NOSTRESS
138497304483;16804;"NEAR_P1";"INTERVAL";"PROBE";4;63;0x00001d2a;68;1939813;770839;433192;1102494;1130136;476;0;NOSTRESS
138497321292;16788;"NEAR_P1";"INTERVAL";"PROBE";4;63;0x00001d2a;68;1940510;771071;433277;1102712;1130566;467;0;NOSTRESS
138497338084;16690;"NEAR_P1";"INTERVAL";"PROBE";4;63;0x00001d2a;68;1936585;769050;430787;1095772;1130531;20;0;NOSTRESS
138497354778;16800;"NEAR_P1";"INTERVAL";"PROBE";4;63;0x00001d2a;68;1942801;771839;433399;1103211;1131958;464;0;NOSTRESS
138497371582;16682;"NEAR_P1";"INTERVAL";"PROBE";4;63;0x00001d2a;68;1934752;768586;430702;1095413;1129321;19;0;NOSTRESS
138497388268;16817;"NEAR_P1";"INTERVAL";"PROBE";4;63;0x00001d2a;68;1939815;770893;433152;1102410;1130273;465;0;NOSTRESS
138497405090;16694;"NEAR_P1";"INTERVAL";"PROBE";4;63;0x00001d2a;68;1937187;769255;430819;1096157;1130861;18;0;NOSTRESS
138497421788;16807;"NEAR_P1";"INTERVAL";"PROBE";4;63;0x00001d2a;68;1940158;771005;433212;1102586;1130552;464;0;NOSTRESS
138497438599;16698;"NEAR_P1";"INTERVAL";"PROBE";4;63;0x00001d2a;68;1938135;769595;430867;1096272;1131318;18;0;NOSTRESS
138497455302;16817;"NEAR_P1";"INTERVAL";"PROBE";4;63;0x00001d2a;68;1941567;771221;433156;1102695;1131303;457;0;NOSTRESS
138497472123;16695;"NEAR_P1";"INTERVAL";"PROBE";4;63;0x00001d2a;68;1937506;769283;430881;1096164;1130999;19;0;NOSTRESS
138497488822;16798;"NEAR_P1";"INTERVAL";"PROBE";4;63;0x00001d2a;68;1938832;770549;433088;1102218;1129574;471;0;NOSTRESS
138497505631;22486;"TRAJ_R1";"INTERVAL";"PROBE";4;63;0x00001d2a;68;2369563;964932;601053;1467998;1496155;75;0;NOSTRESS
138498769839;359348;"MAF";"INTERVAL";"PROBE";4;63;0x00001d2a;69;41275870;16428046;9284636;23581378;24164622;6601;0;NOSTRESS
138498769858;72;"SENS_C1";"INTERVAL";"PROBE";4;63;0x00001d2a;69;739;624;440;1027;0;112;0;NOSTRESS
138498769935;102;"LOC_C1";"INTERVAL";"PROBE";4;63;0x00001d2a;69;3707;1803;1235;3065;1777;156;0;NOSTRESS
138498770042;20;"LOC_C2";"INTERVAL";"PROBE";4;63;0x00001d2a;69;342;292;195;591;17;20;0;NOSTRESS
138498770066;92;"LOC_C3";"INTERVAL";"PROBE";4;63;0x00001d2a;69;8793;2405;1695;7589;3847;61;0;NOSTRESS
138498770162;22;"LOC_C4";"INTERVAL";"PROBE";4;63;0x00001d2a;69;342;278;210;583;0;30;0;NOSTRESS
138498770188;16983;"NEAR_P1";"INTERVAL";"PROBE";4;63;0x00001d2a;69;1944803;773347;434280;1107431;1131399;760;0;NOSTRESS
138498787176;16844;"NEAR_P1";"INTERVAL";"PROBE";4;63;0x00001d2a;69;1937842;769732;431374;1097981;1130319;38;0;NOSTRESS
138498804024;16837;"NEAR_P1";"INTERVAL";"PROBE";4;63;0x00001d2a;69;1944374;772646;433890;1105463;1132195;606;0;NOSTRESS
138498820865;16710;"NEAR_P1";"INTERVAL";"PROBE";4;63;0x00001d2a;69;1936319;769465;431368;1097797;1129541;15;0;NOSTRESS
138498837580;16829;"NEAR_P1";"INTERVAL";"PROBE";4;63;0x00001d2a;69;1941767;771801;433738;1104620;1130776;480;0;NOSTRESS
138498854413;16711;"NEAR_P1";"INTERVAL";"PROBE";4;63;0x00001d2a;69;1937647;769624;431356;1097802;1130421;10;0;NOSTRESS
138498871128;16815;"NEAR_P1";"INTERVAL";"PROBE";4;63;0x00001d2a;69;1942810;772227;433807;1104618;1131466;465;0;NOSTRESS
138498887947;16702;"NEAR_P1";"INTERVAL";"PROBE";4;63;0x00001d2a;69;1935882;769126;431292;1097279;1129420;7;0;NOSTRESS
138498904653;16811;"NEAR_P1";"INTERVAL";"PROBE";4;63;0x00001d2a;69;1943345;772202;433822;1104577;1131792;476;0;NOSTRESS
138498921469;16819;"NEAR_P1";"INTERVAL";"PROBE";4;63;0x00001d2a;69;1939180;770950;433551;1103893;1129215;458;0;NOSTRESS
138498938292;16716;"NEAR_P1";"INTERVAL";"PROBE";4;63;0x00001d2a;69;1938381;770010;431363;1097968;1130835;20;0;NOSTRESS
138498955012;16827;"NEAR_P1";"INTERVAL";"PROBE";4;63;0x00001d2a;69;1941991;771868;433766;1104578;1130851;457;0;NOSTRESS
138498971844;16715;"NEAR_P1";"INTERVAL";"PROBE";4;63;0x00001d2a;69;1939211;770125;431375;1098040;1131273;17;0;NOSTRESS
138498988563;16817;"NEAR_P1";"INTERVAL";"PROBE";4;63;0x00001d2a;69;1943864;772472;433903;1104966;1131870;470;0;NOSTRESS
138499005384;16716;"NEAR_P1";"INTERVAL";"PROBE";4;63;0x00001d2a;69;1939080;770230;431395;1098112;1131270;15;0;NOSTRESS
138499022104;16809;"NEAR_P1";"INTERVAL";"PROBE";4;63;0x00001d2a;69;1943028;772061;433830;1104944;1131376;473;0;NOSTRESS
138499038917;16699;"NEAR_P1";"INTERVAL";"PROBE";4;63;0x00001d2a;69;1936536;769190;431224;1097228;1129596;15;0;NOSTRESS
138499055620;16809;"NEAR_P1";"INTERVAL";"PROBE";4;63;0x00001d2a;69;1941349;771595;433645;1104242;1130532;459;0;NOSTRESS
138499072434;16704;"NEAR_P1";"INTERVAL";"PROBE";4;63;0x00001d2a;69;1937869;769584;431339;1097419;1130519;16;0;NOSTRESS
138499089143;16804;"NEAR_P1";"INTERVAL";"PROBE";4;63;0x00001d2a;69;1941428;771537;433759;1104379;1130411;473;0;NOSTRESS
138499105969;23213;"TRAJ_R1";"INTERVAL";"PROBE";4;63;0x00001d2a;69;2444947;995463;620282;1514698;1543904;74;0;NOSTRESS
138500369929;360380;"MAF";"INTERVAL";"PROBE";4;63;0x00001d2a;70;41396481;16476267;9308084;23650723;24239332;6967;0;NOSTRESS
138500369958;91;"SENS_C1";"INTERVAL";"PROBE";4;63;0x00001d2a;70;860;674;450;1247;0;140;0;NOSTRESS
138500370053;112;"LOC_C1";"INTERVAL";"PROBE";4;63;0x00001d2a;70;3938;1892;1275;3259;1850;168;0;NOSTRESS
138500370169;20;"LOC_C2";"INTERVAL";"PROBE";4;63;0x00001d2a;70;351;302;199;619;17;23;0;NOSTRESS
138500370194;105;"LOC_C3";"INTERVAL";"PROBE";4;63;0x00001d2a;70;9079;2449;1692;7809;4027;76;0;NOSTRESS
138500370305;27;"LOC_C4";"INTERVAL";"PROBE";4;63;0x00001d2a;70;375;293;216;631;0;35;0;NOSTRESS
138500370337;17027;"NEAR_P1";"INTERVAL";"PROBE";4;63;0x00001d2a;70;1947233;774116;434664;1109722;1132406;1022;0;NOSTRESS
138500387369;16728;"NEAR_P1";"INTERVAL";"PROBE";4;63;0x00001d2a;70;1940279;770742;431495;1098865;1131975;17;0;NOSTRESS
138500404101;16828;"NEAR_P1";"INTERVAL";"PROBE";4;63;0x00001d2a;70;1943061;772607;434004;1106242;1130952;524;0;NOSTRESS
138500420934;16731;"NEAR_P1";"INTERVAL";"PROBE";4;63;0x00001d2a;70;1940122;770843;431614;1099042;1131718;18;0;NOSTRESS
138500437670;16821;"NEAR_P1";"INTERVAL";"PROBE";4;63;0x00001d2a;70;1942631;772381;433961;1105715;1130901;476;0;NOSTRESS
138500454495;16728;"NEAR_P1";"INTERVAL";"PROBE";4;63;0x00001d2a;70;1940234;770677;431502;1098667;1131876;8;0;NOSTRESS
138500471228;16823;"NEAR_P1";"INTERVAL";"PROBE";4;63;0x00001d2a;70;1944022;772708;433859;1105510;1132125;466;0;NOSTRESS
138500488056;16726;"NEAR_P1";"INTERVAL";"PROBE";4;63;0x00001d2a;70;1941055;770806;431556;1098575;1132586;8;0;NOSTRESS
138500504787;16839;"NEAR_P1";"INTERVAL";"PROBE";4;63;0x00001d2a;70;1945231;773102;433847;1105423;1133006;391;0;NOSTRESS
138500521630;16824;"NEAR_P1";"INTERVAL";"PROBE";4;63;0x00001d2a;70;1943534;772624;433935;1105472;1131781;454;0;NOSTRESS
138500538458;16726;"NEAR_P1";"INTERVAL";"PROBE";4;63;0x00001d2a;70;1939982;770678;431482;1098431;1131925;19;0;NOSTRESS
138500555188;16814;"NEAR_P1";"INTERVAL";"PROBE";4;63;0x00001d2a;70;1942532;772035;433803;1105039;1131271;461;0;NOSTRESS
138500572006;16729;"NEAR_P1";"INTERVAL";"PROBE";4;63;0x00001d2a;70;1940739;770763;431525;1098595;1132485;18;0;NOSTRESS
138500588739;16844;"NEAR_P1";"INTERVAL";"PROBE";4;63;0x00001d2a;70;1942921;772231;433759;1104846;1131594;458;0;NOSTRESS
138500605587;16720;"NEAR_P1";"INTERVAL";"PROBE";4;63;0x00001d2a;70;1940070;770452;431462;1098206;1132314;19;0;NOSTRESS
138500622312;16835;"NEAR_P1";"INTERVAL";"PROBE";4;63;0x00001d2a;70;1944097;772438;433828;1105032;1132474;469;0;NOSTRESS
138500639151;16724;"NEAR_P1";"INTERVAL";"PROBE";4;63;0x00001d2a;70;1940408;770548;431449;1098299;1132343;17;0;NOSTRESS
138500655879;16823;"NEAR_P1";"INTERVAL";"PROBE";4;63;0x00001d2a;70;1945486;772896;433922;1105595;1133269;471;0;NOSTRESS
138500672707;16729;"NEAR_P1";"INTERVAL";"PROBE";4;63;0x00001d2a;70;1941618;770964;431509;1098604;1133059;17;0;NOSTRESS
138500689440;16821;"NEAR_P1";"INTERVAL";"PROBE";4;63;0x00001d2a;70;1945432;772833;433865;1105391;1133299;455;0;NOSTRESS
138500706282;24022;"TRAJ_R1";"INTERVAL";"PROBE";4;63;0x00001d2a;70;2521566;1027113;641163;1566593;1590079;494;0;NOSTRESS
138501969921;361518;"MAF";"INTERVAL";"PROBE";4;63;0x00001d2a;71;41501542;16511777;9334981;23705858;24300139;7772;0;NOSTRESS
138501969947;84;"SENS_C1";"INTERVAL";"PROBE";4;63;0x00001d2a;71;774;643;447;1080;0;114;0;NOSTRESS
138501970035;105;"LOC_C1";"INTERVAL";"PROBE";4;63;0x00001d2a;71;3837;1857;1238;3111;1874;157;0;NOSTRESS
138501970145;20;"LOC_C2";"INTERVAL";"PROBE";4;63;0x00001d2a;71;342;292;195;591;17;21;0;NOSTRESS
138501970169;100;"LOC_C3";"INTERVAL";"PROBE";4;63;0x00001d2a;71;8912;2457;1709;7655;3903;64;0;NOSTRESS
138501970273;23;"LOC_C4";"INTERVAL";"PROBE";4;63;0x00001d2a;71;351;279;212;603;0;31;0;NOSTRESS
138501970301;17000;"NEAR_P1";"INTERVAL";"PROBE";4;63;0x00001d2a;71;1945126;773445;434767;1108696;1131716;788;0;NOSTRESS
138501987306;16733;"NEAR_P1";"INTERVAL";"PROBE";4;63;0x00001d2a;71;1941395;771067;431833;1099055;1132503;15;0;NOSTRESS
138502004043;17035;"NEAR_P1";"INTERVAL";"PROBE";4;63;0x00001d2a;71;1948792;774934;436227;1112147;1132798;832;0;NOSTRESS
138502021082;16729;"NEAR_P1";"INTERVAL";"PROBE";4;63;0x00001d2a;71;1941619;770813;431698;1098902;1132649;11;0;NOSTRESS
138502037816;16827;"NEAR_P1";"INTERVAL";"PROBE";4;63;0x00001d2a;71;1944161;772369;434035;1105339;1132197;564;0;NOSTRESS
138502054647;16727;"NEAR_P1";"INTERVAL";"PROBE";4;63;0x00001d2a;71;1941109;770753;431728;1098608;1132588;7;0;NOSTRESS
138502071379;16815;"NEAR_P1";"INTERVAL";"PROBE";4;63;0x00001d2a;71;1944914;772347;434040;1104877;1132710;487;0;NOSTRESS
138502088198;16728;"NEAR_P1";"INTERVAL";"PROBE";4;63;0x00001d2a;71;1942609;771133;431728;1098654;1133272;7;0;NOSTRESS
138502104930;16818;"NEAR_P1";"INTERVAL";"PROBE";4;63;0x00001d2a;71;1945024;772564;434054;1105075;1132668;482;0;NOSTRESS
138502121752;16830;"NEAR_P1";"INTERVAL";"PROBE";4;63;0x00001d2a;71;1944018;772229;434016;1104881;1132124;464;0;NOSTRESS
138502138586;16723;"NEAR_P1";"INTERVAL";"PROBE";4;63;0x00001d2a;71;1941971;770693;431707;1098319;1132966;18;0;NOSTRESS
138502155313;17037;"NEAR_P1";"INTERVAL";"PROBE";4;63;0x00001d2a;71;1944727;772206;434312;1104667;1132589;528;0;NOSTRESS
138502172355;16732;"NEAR_P1";"INTERVAL";"PROBE";4;63;0x00001d2a;71;1942666;771138;431628;1098736;1133480;16;0;NOSTRESS
138502189091;16858;"NEAR_P1";"INTERVAL";"PROBE";4;63;0x00001d2a;71;1945210;772792;434513;1106802;1132165;622;0;NOSTRESS
138502205954;16723;"NEAR_P1";"INTERVAL";"PROBE";4;63;0x00001d2a;71;1940861;770559;431617;1098286;1132279;18;0;NOSTRESS
138502222681;16835;"NEAR_P1";"INTERVAL";"PROBE";4;63;0x00001d2a;71;1947651;773329;434172;1105800;1134290;493;0;NOSTRESS
138502239521;16733;"NEAR_P1";"INTERVAL";"PROBE";4;63;0x00001d2a;71;1943284;771202;431749;1098732;1133747;18;0;NOSTRESS
138502256258;16845;"NEAR_P1";"INTERVAL";"PROBE";4;63;0x00001d2a;71;1944879;772607;434023;1105211;1132460;464;0;NOSTRESS
138502273107;16731;"NEAR_P1";"INTERVAL";"PROBE";4;63;0x00001d2a;71;1942386;771073;431652;1098701;1133228;18;0;NOSTRESS
138502289842;16844;"NEAR_P1";"INTERVAL";"PROBE";4;63;0x00001d2a;71;1945689;772911;433978;1105428;1133030;470;0;NOSTRESS
138502306690;24745;"TRAJ_R1";"INTERVAL";"PROBE";4;63;0x00001d2a;71;2598841;1058627;661117;1615147;1638886;549;0;NOSTRESS
138503569914;361668;"MAF";"INTERVAL";"PROBE";4;63;0x00001d2a;72;41566773;16536231;9348838;23737415;24346069;7163;0;NOSTRESS
138503569939;86;"SENS_C1";"INTERVAL";"PROBE";4;63;0x00001d2a;72;762;638;437;1044;0;117;0;NOSTRESS
138503570029;96;"LOC_C1";"INTERVAL";"PROBE";4;63;0x00001d2a;72;3806;1844;1243;3099;1849;159;0;NOSTRESS
138503570129;20;"LOC_C2";"INTERVAL";"PROBE";4;63;0x00001d2a;72;344;292;195;592;17;21;0;NOSTRESS
138503570153;104;"LOC_C3";"INTERVAL";"PROBE";4;63;0x00001d2a;72;8917;2447;1698;7610;3899;60;0;NOSTRESS
138503570261;22;"LOC_C4";"INTERVAL";"PROBE";4;63;0x00001d2a;72;348;278;211;585;0;28;0;NOSTRESS
138503570287;16992;"NEAR_P1";"INTERVAL";"PROBE";4;63;0x00001d2a;72;1943388;772552;434545;1107756;1130847;764;0;NOSTRESS
138503587284;16733;"NEAR_P1";"INTERVAL";"PROBE";4;63;0x00001d2a;72;1943026;771318;431666;1099187;1133516;15;0;NOSTRESS
138503604021;16810;"NEAR_P1";"INTERVAL";"PROBE";4;63;0x00001d2a;72;1943367;772016;433889;1104831;1131717;547;0;NOSTRESS
138503620835;16716;"NEAR_P1";"INTERVAL";"PROBE";4;63;0x00001d2a;72;1941078;770478;431542;1098094;1132588;15;0;NOSTRESS
138503637555;16811;"NEAR_P1";"INTERVAL";"PROBE";4;63;0x00001d2a;72;1943924;772265;433952;1104742;1132063;478;0;NOSTRESS
138503654370;16724;"NEAR_P1";"INTERVAL";"PROBE";4;63;0x00001d2a;72;1942711;770948;431594;1098535;1133609;8;0;NOSTRESS
138503671099;16870;"NEAR_P1";"INTERVAL";"PROBE";4;63;0x00001d2a;72;1946386;773338;434822;1107384;1132723;558;0;NOSTRESS
138503687973;16727;"NEAR_P1";"INTERVAL";"PROBE";4;63;0x00001d2a;72;1943201;771124;431646;1098565;1133790;9;0;NOSTRESS
138503704705;16816;"NEAR_P1";"INTERVAL";"PROBE";4;63;0x00001d2a;72;1945804;772747;433986;1105013;1133333;499;0;NOSTRESS
138503721526;16810;"NEAR_P1";"INTERVAL";"PROBE";4;63;0x00001d2a;72;1945280;772471;433943;1104670;1132942;462;0;NOSTRESS
138503738340;16697;"NEAR_P1";"INTERVAL";"PROBE";4;63;0x00001d2a;72;1937540;769281;431403;1097162;1130448;19;0;NOSTRESS
138503755041;16796;"NEAR_P1";"INTERVAL";"PROBE";4;63;0x00001d2a;72;1942348;771708;433798;1104222;1131210;452;0;NOSTRESS
138503771841;16727;"NEAR_P1";"INTERVAL";"PROBE";4;63;0x00001d2a;72;1943400;771307;431632;1098484;1133941;20;0;NOSTRESS
138503788573;16836;"NEAR_P1";"INTERVAL";"PROBE";4;63;0x00001d2a;72;1944423;772455;433994;1105200;1132364;504;0;NOSTRESS
138503805413;16721;"NEAR_P1";"INTERVAL";"PROBE";4;63;0x00001d2a;72;1942204;770912;431538;1098258;1133340;20;0;NOSTRESS
138503822138;16824;"NEAR_P1";"INTERVAL";"PROBE";4;63;0x00001d2a;72;1943834;772117;433855;1104519;1132139;462;0;NOSTRESS
138503838966;16709;"NEAR_P1";"INTERVAL";"PROBE";4;63;0x00001d2a;72;1939932;770070;431502;1097714;1131860;19;0;NOSTRESS
138503855679;16838;"NEAR_P1";"INTERVAL";"PROBE";4;63;0x00001d2a;72;1945598;772884;434389;1106659;1132629;598;0;NOSTRESS
138503872521;16715;"NEAR_P1";"INTERVAL";"PROBE";4;63;0x00001d2a;72;1940940;770533;431530;1097973;1132506;16;0;NOSTRESS
138503889240;16811;"NEAR_P1";"INTERVAL";"PROBE";4;63;0x00001d2a;72;1944626;772263;433900;1104578;1132628;511;0;NOSTRESS
138503906073;25505;"TRAJ_R1";"INTERVAL";"PROBE";4;63;0x00001d2a;72;2679999;1090863;679883;1661719;1690111;558;0;NOSTRESS
138505169977;363009;"MAF";"INTERVAL";"PROBE";4;63;0x00001d2a;73;41714003;16595930;9371541;23809077;24438830;7445;0;NOSTRESS
138505170007;92;"SENS_C1";"INTERVAL";"PROBE";4;63;0x00001d2a;73;828;661;446;1216;0;137;0;NOSTRESS
138505170103;109;"LOC_C1";"INTERVAL";"PROBE";4;63;0x00001d2a;73;3942;1904;1282;3269;1847;168;0;NOSTRESS
138505170217;22;"LOC_C2";"INTERVAL";"PROBE";4;63;0x00001d2a;73;351;302;199;619;17;22;0;NOSTRESS
138505170243;106;"LOC_C3";"INTERVAL";"PROBE";4;63;0x00001d2a;73;9257;2517;1711;7846;4106;72;0;NOSTRESS
138505170355;29;"LOC_C4";"INTERVAL";"PROBE";4;63;0x00001d2a;73;376;286;216;631;0;32;0;NOSTRESS
138505170388;17057;"NEAR_P1";"INTERVAL";"PROBE";4;63;0x00001d2a;73;1950143;774917;434896;1110108;1134630;956;0;NOSTRESS
138505187450;16747;"NEAR_P1";"INTERVAL";"PROBE";4;63;0x00001d2a;73;1944903;772149;431734;1099689;1134853;13;0;NOSTRESS
138505204201;16862;"NEAR_P1";"INTERVAL";"PROBE";4;63;0x00001d2a;73;1946909;773446;433961;1106191;1133639;571;0;NOSTRESS
138505221067;16739;"NEAR_P1";"INTERVAL";"PROBE";4;63;0x00001d2a;73;1943760;771661;431678;1099066;1134423;15;0;NOSTRESS
138505237810;16849;"NEAR_P1";"INTERVAL";"PROBE";4;63;0x00001d2a;73;1949955;774422;434125;1106399;1135842;487;0;NOSTRESS
138505254663;16735;"NEAR_P1";"INTERVAL";"PROBE";4;63;0x00001d2a;73;1943552;771488;431630;1098872;1134266;7;0;NOSTRESS
138505271402;16831;"NEAR_P1";"INTERVAL";"PROBE";4;63;0x00001d2a;73;1947092;773515;433996;1105745;1134117;472;0;NOSTRESS
138505288237;16734;"NEAR_P1";"INTERVAL";"PROBE";4;63;0x00001d2a;73;1943435;771533;431572;1098751;1134247;8;0;NOSTRESS
138505304975;16837;"NEAR_P1";"INTERVAL";"PROBE";4;63;0x00001d2a;73;1948434;774013;434058;1106107;1135061;464;0;NOSTRESS
138505321816;16910;"NEAR_P1";"INTERVAL";"PROBE";4;63;0x00001d2a;73;1948151;774178;434838;1108068;1134049;575;0;NOSTRESS
138505338730;16743;"NEAR_P1";"INTERVAL";"PROBE";4;63;0x00001d2a;73;1945478;772142;431698;1098955;1135396;21;0;NOSTRESS
138505355478;16842;"NEAR_P1";"INTERVAL";"PROBE";4;63;0x00001d2a;73;1949082;774134;434167;1106587;1135232;485;0;NOSTRESS
138505372325;16729;"NEAR_P1";"INTERVAL";"PROBE";4;63;0x00001d2a;73;1942444;771315;431621;1098516;1133484;19;0;NOSTRESS
138505389058;16819;"NEAR_P1";"INTERVAL";"PROBE";4;63;0x00001d2a;73;1945207;772766;433965;1105122;1132973;463;0;NOSTRESS
138505405881;16735;"NEAR_P1";"INTERVAL";"PROBE";4;63;0x00001d2a;73;1943213;771463;431590;1098833;1133912;18;0;NOSTRESS
138505422620;16830;"NEAR_P1";"INTERVAL";"PROBE";4;63;0x00001d2a;73;1946940;773549;434040;1105546;1134023;469;0;NOSTRESS
138505439455;16732;"NEAR_P1";"INTERVAL";"PROBE";4;63;0x00001d2a;73;1943062;771390;431581;1098431;1134032;18;0;NOSTRESS
138505456191;16879;"NEAR_P1";"INTERVAL";"PROBE";4;63;0x00001d2a;73;1950422;774695;434204;1106943;1136130;509;0;NOSTRESS
138505473075;16739;"NEAR_P1";"INTERVAL";"PROBE";4;63;0x00001d2a;73;1944691;771905;431656;1098887;1134966;19;0;NOSTRESS
138505489819;16874;"NEAR_P1";"INTERVAL";"PROBE";4;63;0x00001d2a;73;1949413;774220;434051;1106075;1135546;479;0;NOSTRESS
138505506715;26266;"TRAJ_R1";"INTERVAL";"PROBE";4;63;0x00001d2a;73;2763348;1124257;700579;1713341;1742039;701;0;NOSTRESS
138506769902;363708;"MAF";"INTERVAL";"PROBE";4;63;0x00001d2a;74;41775926;16618446;9389618;23840962;24482704;7113;0;NOSTRESS
138506770088;87;"SENS_C1";"INTERVAL";"PROBE";4;63;0x00001d2a;74;758;631;438;1050;0;109;0;NOSTRESS
138506770179;104;"LOC_C1";"INTERVAL";"PROBE";4;63;0x00001d2a;74;3760;1833;1243;3082;1806;158;0;NOSTRESS
138506770288;23;"LOC_C2";"INTERVAL";"PROBE";4;63;0x00001d2a;74;347;294;197;600;17;23;0;NOSTRESS
138506770315;96;"LOC_C3";"INTERVAL";"PROBE";4;63;0x00001d2a;74;8985;2478;1702;7677;3938;62;0;NOSTRESS
138506770416;23;"LOC_C4";"INTERVAL";"PROBE";4;63;0x00001d2a;74;349;278;212;593;0;30;0;NOSTRESS
138506770443;17047;"NEAR_P1";"INTERVAL";"PROBE";4;63;0x00001d2a;74;1951980;775382;434959;1109666;1136147;921;0;NOSTRESS
138506787495;16745;"NEAR_P1";"INTERVAL";"PROBE";4;63;0x00001d2a;74;1945496;772213;431701;1099213;1135438;16;0;NOSTRESS
138506804244;16873;"NEAR_P1";"INTERVAL";"PROBE";4;63;0x00001d2a;74;1947426;773575;434042;1105800;1134407;566;0;NOSTRESS
138506821122;16725;"NEAR_P1";"INTERVAL";"PROBE";4;63;0x00001d2a;74;1942648;771038;431540;1097956;1133951;11;0;NOSTRESS
138506837851;16869;"NEAR_P1";"INTERVAL";"PROBE";4;63;0x00001d2a;74;1947783;773472;433875;1105178;1134971;443;0;NOSTRESS
138506854724;16735;"NEAR_P1";"INTERVAL";"PROBE";4;63;0x00001d2a;74;1944488;771623;431572;1098551;1135129;10;0;NOSTRESS
138506871463;16862;"NEAR_P1";"INTERVAL";"PROBE";4;63;0x00001d2a;74;1949578;773874;434087;1105548;1135862;486;0;NOSTRESS
138506888330;16727;"NEAR_P1";"INTERVAL";"PROBE";4;63;0x00001d2a;74;1942862;771123;431582;1098047;1134085;10;0;NOSTRESS
138506905061;16823;"NEAR_P1";"INTERVAL";"PROBE";4;63;0x00001d2a;74;1946569;772969;434016;1104905;1134104;472;0;NOSTRESS
138506921888;16836;"NEAR_P1";"INTERVAL";"PROBE";4;63;0x00001d2a;74;1948164;773712;434101;1105645;1134850;454;0;NOSTRESS
138506938728;16734;"NEAR_P1";"INTERVAL";"PROBE";4;63;0x00001d2a;74;1943840;771470;431635;1098438;1134578;20;0;NOSTRESS
138506955466;16824;"NEAR_P1";"INTERVAL";"PROBE";4;63;0x00001d2a;74;1947097;773262;433984;1105158;1134429;457;0;NOSTRESS
138506972294;16732;"NEAR_P1";"INTERVAL";"PROBE";4;63;0x00001d2a;74;1943813;771352;431653;1098312;1134434;20;0;NOSTRESS
138506989030;16880;"NEAR_P1";"INTERVAL";"PROBE";4;63;0x00001d2a;74;1948185;773923;434851;1107556;1134143;553;0;NOSTRESS
138507005914;16715;"NEAR_P1";"INTERVAL";"PROBE";4;63;0x00001d2a;74;1940685;770466;431428;1097513;1132703;22;0;NOSTRESS
138507022633;16837;"NEAR_P1";"INTERVAL";"PROBE";4;63;0x00001d2a;74;1948952;773726;434055;1105520;1135608;486;0;NOSTRESS
138507039474;16730;"NEAR_P1";"INTERVAL";"PROBE";4;63;0x00001d2a;74;1943498;771284;431617;1098222;1134336;19;0;NOSTRESS
138507056208;16822;"NEAR_P1";"INTERVAL";"PROBE";4;63;0x00001d2a;74;1946729;772974;433959;1104968;1134071;451;0;NOSTRESS
138507073034;16730;"NEAR_P1";"INTERVAL";"PROBE";4;63;0x00001d2a;74;1943156;771220;431561;1098259;1134081;20;0;NOSTRESS
138507089768;16815;"NEAR_P1";"INTERVAL";"PROBE";4;63;0x00001d2a;74;1945057;772584;433893;1104649;1133155;469;0;NOSTRESS
138507106605;27001;"TRAJ_R1";"INTERVAL";"PROBE";4;63;0x00001d2a;74;2834107;1154568;719663;1759524;1786461;573;0;NOSTRESS
138508369928;364149;"MAF";"INTERVAL";"PROBE";4;63;0x00001d2a;75;41745608;16617414;9412543;23890396;24454369;9611;0;NOSTRESS
138508369954;94;"SENS_C1";"INTERVAL";"PROBE";4;63;0x00001d2a;75;855;665;446;1244;0;136;0;NOSTRESS
138508370052;103;"LOC_C1";"INTERVAL";"PROBE";4;63;0x00001d2a;75;3895;1882;1274;3259;1834;166;0;NOSTRESS
138508370159;20;"LOC_C2";"INTERVAL";"PROBE";4;63;0x00001d2a;75;355;302;199;627;17;20;0;NOSTRESS
138508370183;105;"LOC_C3";"INTERVAL";"PROBE";4;63;0x00001d2a;75;8934;2409;1690;7772;3903;68;0;NOSTRESS
138508370292;23;"LOC_C4";"INTERVAL";"PROBE";4;63;0x00001d2a;75;390;288;216;656;0;29;0;NOSTRESS
138508370320;17032;"NEAR_P1";"INTERVAL";"PROBE";4;63;0x00001d2a;75;1947472;774040;435006;1110313;1132460;1042;0;NOSTRESS
138508387357;16714;"NEAR_P1";"INTERVAL";"PROBE";4;63;0x00001d2a;75;1938224;769918;431465;1098116;1130549;17;0;NOSTRESS
138508404075;16818;"NEAR_P1";"INTERVAL";"PROBE";4;63;0x00001d2a;75;1942752;771953;433924;1104965;1131055;564;0;NOSTRESS
138508420897;16704;"NEAR_P1";"INTERVAL";"PROBE";4;63;0x00001d2a;75;1937649;769520;431424;1097238;1130476;17;0;NOSTRESS
138508437606;16801;"NEAR_P1";"INTERVAL";"PROBE";4;63;0x00001d2a;75;1940482;771218;433747;1104151;1130009;483;0;NOSTRESS
138508454411;16701;"NEAR_P1";"INTERVAL";"PROBE";4;63;0x00001d2a;75;1936775;769207;431411;1097157;1129946;9;0;NOSTRESS
138508471116;16910;"NEAR_P1";"INTERVAL";"PROBE";4;63;0x00001d2a;75;1942403;772130;434767;1107191;1130280;808;0;NOSTRESS
138508488030;16706;"NEAR_P1";"INTERVAL";"PROBE";4;63;0x00001d2a;75;1938504;769686;431412;1097221;1131354;10;0;NOSTRESS
138508504741;16851;"NEAR_P1";"INTERVAL";"PROBE";4;63;0x00001d2a;75;1941441;771699;434582;1106493;1129879;744;0;NOSTRESS
138508521597;16856;"NEAR_P1";"INTERVAL";"PROBE";4;63;0x00001d2a;75;1942867;772263;434622;1106737;1130874;711;0;NOSTRESS
138508538457;16713;"NEAR_P1";"INTERVAL";"PROBE";4;63;0x00001d2a;75;1939358;770016;431431;1097503;1131728;23;0;NOSTRESS
138508555174;16852;"NEAR_P1";"INTERVAL";"PROBE";4;63;0x00001d2a;75;1942442;771952;434618;1106435;1130577;706;0;NOSTRESS
138508572030;16704;"NEAR_P1";"INTERVAL";"PROBE";4;63;0x00001d2a;75;1938322;769612;431383;1097269;1131092;22;0;NOSTRESS
138508588738;16847;"NEAR_P1";"INTERVAL";"PROBE";4;63;0x00001d2a;75;1942190;771845;434531;1106266;1130594;698;0;NOSTRESS
138508605589;16704;"NEAR_P1";"INTERVAL";"PROBE";4;63;0x00001d2a;75;1938125;769476;431432;1097119;1130982;22;0;NOSTRESS
138508622298;16839;"NEAR_P1";"INTERVAL";"PROBE";4;63;0x00001d2a;75;1940710;771322;434527;1106032;1129519;682;0;NOSTRESS
138508639141;16702;"NEAR_P1";"INTERVAL";"PROBE";4;63;0x00001d2a;75;1937114;769332;431343;1097121;1130397;22;0;NOSTRESS
138508655847;16906;"NEAR_P1";"INTERVAL";"PROBE";4;63;0x00001d2a;75;1943601;772724;435571;1109057;1130532;816;0;NOSTRESS
138508672758;16707;"NEAR_P1";"INTERVAL";"PROBE";4;63;0x00001d2a;75;1937975;769565;431408;1097329;1130807;24;0;NOSTRESS
138508689470;16855;"NEAR_P1";"INTERVAL";"PROBE";4;63;0x00001d2a;75;1943232;772166;434633;1106693;1131072;718;0;NOSTRESS
138508706346;27727;"TRAJ_R1";"INTERVAL";"PROBE";4;63;0x00001d2a;75;2909931;1185095;739424;1807084;1834433;789;0;NOSTRESS
138509969913;364997;"MAF";"INTERVAL";"PROBE";4;63;0x00001d2a;76;41841748;16653900;9426901;23931430;24518090;8161;0;NOSTRESS
138509969939;81;"SENS_C1";"INTERVAL";"PROBE";4;63;0x00001d2a;76;843;665;450;1209;0;137;0;NOSTRESS
138509970024;104;"LOC_C1";"INTERVAL";"PROBE";4;63;0x00001d2a;76;3803;1854;1276;3206;1780;167;0;NOSTRESS
138509970133;19;"LOC_C2";"INTERVAL";"PROBE";4;63;0x00001d2a;76;351;302;199;619;17;22;0;NOSTRESS
138509970157;98;"LOC_C3";"INTERVAL";"PROBE";4;63;0x00001d2a;76;9015;2439;1694;7789;3934;69;0;NOSTRESS
138509970259;24;"LOC_C4";"INTERVAL";"PROBE";4;63;0x00001d2a;76;376;286;214;626;0;31;0;NOSTRESS
138509970287;17055;"NEAR_P1";"INTERVAL";"PROBE";4;63;0x00001d2a;76;1946893;773973;434912;1109826;1132235;1023;0;NOSTRESS
138509987346;16724;"NEAR_P1";"INTERVAL";"PROBE";4;63;0x00001d2a;76;1940773;770523;431585;1098651;1132354;17;0;NOSTRESS
138510004074;16881;"NEAR_P1";"INTERVAL";"PROBE";4;63;0x00001d2a;76;1946314;773295;434647;1107893;1132574;678;0;NOSTRESS
138510020959;16712;"NEAR_P1";"INTERVAL";"PROBE";4;63;0x00001d2a;76;1938379;769822;431485;1097950;1130831;15;0;NOSTRESS
138510037675;16999;"NEAR_P1";"INTERVAL";"PROBE";4;63;0x00001d2a;76;1941015;771383;433865;1104639;1130250;655;0;NOSTRESS
138510054679;16713;"NEAR_P1";"INTERVAL";"PROBE";4;63;0x00001d2a;76;1938339;769868;431477;1098021;1130874;12;0;NOSTRESS
138510071397;16812;"NEAR_P1";"INTERVAL";"PROBE";4;63;0x00001d2a;76;1942322;771935;433945;1104567;1131016;495;0;NOSTRESS
138510088213;16718;"NEAR_P1";"INTERVAL";"PROBE";4;63;0x00001d2a;76;1938866;770092;431559;1098185;1131089;8;0;NOSTRESS
138510104935;16808;"NEAR_P1";"INTERVAL";"PROBE";4;63;0x00001d2a;76;1942916;772013;433891;1104548;1131509;487;0;NOSTRESS
138510121747;16815;"NEAR_P1";"INTERVAL";"PROBE";4;63;0x00001d2a;76;1943872;772417;433901;1105093;1132041;465;0;NOSTRESS
138510138566;16717;"NEAR_P1";"INTERVAL";"PROBE";4;63;0x00001d2a;76;1939893;770188;431535;1097772;1131954;20;0;NOSTRESS
138510155287;16831;"NEAR_P1";"INTERVAL";"PROBE";4;63;0x00001d2a;76;1944884;772614;433850;1105216;1132789;471;0;NOSTRESS
138510172122;16711;"NEAR_P1";"INTERVAL";"PROBE";4;63;0x00001d2a;76;1938602;769871;431441;1097678;1131229;20;0;NOSTRESS
138510188838;16989;"NEAR_P1";"INTERVAL";"PROBE";4;63;0x00001d2a;76;1946738;773499;435131;1108814;1132760;703;0;NOSTRESS
138510205831;16716;"NEAR_P1";"INTERVAL";"PROBE";4;63;0x00001d2a;76;1940346;770216;431480;1097970;1132177;22;0;NOSTRESS
138510222551;16840;"NEAR_P1";"INTERVAL";"PROBE";4;63;0x00001d2a;76;1943167;772018;433794;1104732;1131678;494;0;NOSTRESS
138510239395;16727;"NEAR_P1";"INTERVAL";"PROBE";4;63;0x00001d2a;76;1941864;770799;431624;1098386;1133263;19;0;NOSTRESS
138510256126;16828;"NEAR_P1";"INTERVAL";"PROBE";4;63;0x00001d2a;76;1942681;771795;433804;1104538;1131537;484;0;NOSTRESS
138510272958;16719;"NEAR_P1";"INTERVAL";"PROBE";4;63;0x00001d2a;76;1939681;770230;431480;1098049;1131777;18;0;NOSTRESS
138510289681;16805;"NEAR_P1";"INTERVAL";"PROBE";4;63;0x00001d2a;76;1941635;771594;433913;1104487;1130821;468;0;NOSTRESS
138510306507;28399;"TRAJ_R1";"INTERVAL";"PROBE";4;63;0x00001d2a;76;2977745;1212724;757175;1850121;1877601;660;0;NOSTRESS
138511569911;365446;"MAF";"INTERVAL";"PROBE";4;63;0x00001d2a;77;41984462;16701263;9442364;23970909;24617810;7358;0;NOSTRESS
138511569933;76;"SENS_C1";"INTERVAL";"PROBE";4;63;0x00001d2a;77;842;682;449;1210;0;141;0;NOSTRESS
138511570013;102;"LOC_C1";"INTERVAL";"PROBE";4;63;0x00001d2a;77;3793;1857;1271;3201;1788;169;0;NOSTRESS
138511570119;23;"LOC_C2";"INTERVAL";"PROBE";4;63;0x00001d2a;77;353;302;199;620;17;22;0;NOSTRESS
138511570147;99;"LOC_C3";"INTERVAL";"PROBE";4;63;0x00001d2a;77;8877;2398;1684;7728;3890;70;0;NOSTRESS
138511570250;24;"LOC_C4";"INTERVAL";"PROBE";4;63;0x00001d2a;77;370;282;211;629;0;30;0;NOSTRESS
138511570279;17044;"NEAR_P1";"INTERVAL";"PROBE";4;63;0x00001d2a;77;1948997;774632;434899;1109884;1133767;1028;0;NOSTRESS
138511587328;16730;"NEAR_P1";"INTERVAL";"PROBE";4;63;0x00001d2a;77;1943721;771341;431655;1098812;1134524;16;0;NOSTRESS
138511604062;16869;"NEAR_P1";"INTERVAL";"PROBE";4;63;0x00001d2a;77;1948829;773728;434018;1105647;1135593;525;0;NOSTRESS
138511620935;16712;"NEAR_P1";"INTERVAL";"PROBE";4;63;0x00001d2a;77;1941045;770383;431448;1097710;1133022;14;0;NOSTRESS
138511637651;16867;"NEAR_P1";"INTERVAL";"PROBE";4;63;0x00001d2a;77;1948071;773627;434053;1105813;1134812;480;0;NOSTRESS
138511654523;16742;"NEAR_P1";"INTERVAL";"PROBE";4;63;0x00001d2a;77;1945459;772114;431741;1099048;1135424;11;0;NOSTRESS
138511671270;16862;"NEAR_P1";"INTERVAL";"PROBE";4;63;0x00001d2a;77;1947502;773764;434541;1107434;1133887;629;0;NOSTRESS
138511688136;16736;"NEAR_P1";"INTERVAL";"PROBE";4;63;0x00001d2a;77;1944367;771661;431610;1098820;1134888;10;0;NOSTRESS
138511704877;16845;"NEAR_P1";"INTERVAL";"PROBE";4;63;0x00001d2a;77;1948651;773709;434058;1105528;1135432;509;0;NOSTRESS
138511721726;16858;"NEAR_P1";"INTERVAL";"PROBE";4;63;0x00001d2a;77;1950472;774193;434177;1105910;1136520;469;0;NOSTRESS
138511738589;16722;"NEAR_P1";"INTERVAL";"PROBE";4;63;0x00001d2a;77;1942864;770926;431570;1097988;1134164;17;0;NOSTRESS
138511755315;16818;"NEAR_P1";"INTERVAL";"PROBE";4;63;0x00001d2a;77;1946773;773139;433989;1104955;1134435;464;0;NOSTRESS
138511772138;16729;"NEAR_P1";"INTERVAL";"PROBE";4;63;0x00001d2a;77;1944204;771485;431571;1098424;1134999;19;0;NOSTRESS
138511788871;16836;"NEAR_P1";"INTERVAL";"PROBE";4;63;0x00001d2a;77;1950208;774120;434074;1105636;1136459;465;0;NOSTRESS
138511805711;16724;"NEAR_P1";"INTERVAL";"PROBE";4;63;0x00001d2a;77;1943098;771046;431584;1098177;1134301;18;0;NOSTRESS
138511822439;16853;"NEAR_P1";"INTERVAL";"PROBE";4;63;0x00001d2a;77;1948451;773377;433892;1104838;1135616;465;0;NOSTRESS
138511839297;16722;"NEAR_P1";"INTERVAL";"PROBE";4;63;0x00001d2a;77;1942792;770930;431564;1098038;1134146;17;0;NOSTRESS
138511856023;16829;"NEAR_P1";"INTERVAL";"PROBE";4;63;0x00001d2a;77;1944203;772218;433795;1104465;1132860;469;0;NOSTRESS
138511872856;16717;"NEAR_P1";"INTERVAL";"PROBE";4;63;0x00001d2a;77;1942370;770759;431411;1097837;1134078;15;0;NOSTRESS
138511889577;16815;"NEAR_P1";"INTERVAL";"PROBE";4;63;0x00001d2a;77;1945085;772604;433948;1104972;1133180;474;0;NOSTRESS
138511906416;28937;"TRAJ_R1";"INTERVAL";"PROBE";4;63;0x00001d2a;77;3043442;1238876;772903;1888252;1920008;562;0;NOSTRESS
138513169954;366049;"MAF";"INTERVAL";"PROBE";4;63;0x00001d2a;78;41963126;16703434;9454816;24002452;24599775;7653;0;NOSTRESS
138513169985;93;"SENS_C1";"INTERVAL";"PROBE";4;63;0x00001d2a;78;856;673;451;1239;0;138;0;NOSTRESS
138513170082;109;"LOC_C1";"INTERVAL";"PROBE";4;63;0x00001d2a;78;3964;1897;1278;3295;1867;172;0;NOSTRESS
138513170195;24;"LOC_C2";"INTERVAL";"PROBE";4;63;0x00001d2a;78;351;302;199;619;17;21;0;NOSTRESS
138513170225;107;"LOC_C3";"INTERVAL";"PROBE";4;63;0x00001d2a;78;9070;2475;1699;7774;3994;72;0;NOSTRESS
138513170337;27;"LOC_C4";"INTERVAL";"PROBE";4;63;0x00001d2a;78;379;295;215;639;0;32;0;NOSTRESS
138513170369;17026;"NEAR_P1";"INTERVAL";"PROBE";4;63;0x00001d2a;78;1947770;774267;434784;1110065;1133052;956;0;NOSTRESS
138513187399;16711;"NEAR_P1";"INTERVAL";"PROBE";4;63;0x00001d2a;78;1938357;770016;431506;1098180;1130816;14;0;NOSTRESS
138513204114;16867;"NEAR_P1";"INTERVAL";"PROBE";4;63;0x00001d2a;78;1945131;772983;433920;1105855;1132747;535;0;NOSTRESS
138513220985;16707;"NEAR_P1";"INTERVAL";"PROBE";4;63;0x00001d2a;78;1937444;769490;431351;1097796;1130520;17;0;NOSTRESS
138513237696;16830;"NEAR_P1";"INTERVAL";"PROBE";4;63;0x00001d2a;78;1941410;771659;433746;1104820;1130554;477;0;NOSTRESS
138513254531;16720;"NEAR_P1";"INTERVAL";"PROBE";4;63;0x00001d2a;78;1939925;770403;431475;1098357;1131807;9;0;NOSTRESS
138513271255;16834;"NEAR_P1";"INTERVAL";"PROBE";4;63;0x00001d2a;78;1939999;771078;433633;1104178;1130039;444;0;NOSTRESS
138513288093;16708;"NEAR_P1";"INTERVAL";"PROBE";4;63;0x00001d2a;78;1939250;769840;431405;1097697;1131744;9;0;NOSTRESS
138513304805;16824;"NEAR_P1";"INTERVAL";"PROBE";4;63;0x00001d2a;78;1939377;770995;433710;1103987;1129622;488;0;NOSTRESS
138513321634;16865;"NEAR_P1";"INTERVAL";"PROBE";4;63;0x00001d2a;78;1944782;772691;434355;1106659;1132195;611;0;NOSTRESS
138513338503;16711;"NEAR_P1";"INTERVAL";"PROBE";4;63;0x00001d2a;78;1939329;769976;431384;1097650;1131684;21;0;NOSTRESS
138513355218;16818;"NEAR_P1";"INTERVAL";"PROBE";4;63;0x00001d2a;78;1944354;772322;433930;1104847;1132600;506;0;NOSTRESS
138513372040;16706;"NEAR_P1";"INTERVAL";"PROBE";4;63;0x00001d2a;78;1938525;769613;431348;1097443;1131381;19;0;NOSTRESS
138513388750;16819;"NEAR_P1";"INTERVAL";"PROBE";4;63;0x00001d2a;78;1944739;772632;433886;1105162;1132834;460;0;NOSTRESS
138513405573;16904;"NEAR_P1";"INTERVAL";"PROBE";4;63;0x00001d2a;78;1940510;770489;431481;1098182;1132503;43;0;NOSTRESS
138513422482;16841;"NEAR_P1";"INTERVAL";"PROBE";4;63;0x00001d2a;78;1947158;773272;434040;1105585;1134166;586;0;NOSTRESS
138513439327;16720;"NEAR_P1";"INTERVAL";"PROBE";4;63;0x00001d2a;78;1939813;770247;431457;1098143;1131951;17;0;NOSTRESS
138513456051;16814;"NEAR_P1";"INTERVAL";"PROBE";4;63;0x00001d2a;78;1944208;772450;433833;1104961;1132334;466;0;NOSTRESS
138513472870;16721;"NEAR_P1";"INTERVAL";"PROBE";4;63;0x00001d2a;78;1940698;770507;431463;1098222;1132489;16;0;NOSTRESS
138513489596;16842;"NEAR_P1";"INTERVAL";"PROBE";4;63;0x00001d2a;78;1942043;771727;433729;1104463;1131363;464;0;NOSTRESS
138513506460;29538;"TRAJ_R1";"INTERVAL";"PROBE";4;63;0x00001d2a;78;3103221;1263617;787931;1925677;1957496;559;0;NOSTRESS
138514769904;366101;"MAF";"INTERVAL";"PROBE";4;63;0x00001d2a;79;42000564;16718300;9467991;24026724;24620696;7355;0;NOSTRESS
138514769928;78;"SENS_C1";"INTERVAL";"PROBE";4;63;0x00001d2a;79;831;657;448;1198;0;137;0;NOSTRESS
138514770011;103;"LOC_C1";"INTERVAL";"PROBE";4;63;0x00001d2a;79;3948;1905;1278;3259;1856;173;0;NOSTRESS
138514770118;20;"LOC_C2";"INTERVAL";"PROBE";4;63;0x00001d2a;79;351;302;199;619;17;22;0;NOSTRESS
138514770143;101;"LOC_C3";"INTERVAL";"PROBE";4;63;0x00001d2a;79;9026;2461;1696;7745;3975;70;0;NOSTRESS
138514770249;24;"LOC_C4";"INTERVAL";"PROBE";4;63;0x00001d2a;79;376;286;214;629;0;32;0;NOSTRESS
138514770277;17017;"NEAR_P1";"INTERVAL";"PROBE";4;63;0x00001d2a;79;1946279;774053;434829;1110261;1131768;1023;0;NOSTRESS
138514787298;16723;"NEAR_P1";"INTERVAL";"PROBE";4;63;0x00001d2a;79;1940438;770533;431561;1098676;1131884;15;0;NOSTRESS
138514804025;16815;"NEAR_P1";"INTERVAL";"PROBE";4;63;0x00001d2a;79;1943494;772277;433907;1105155;1131589;526;0;NOSTRESS
138514820844;16709;"NEAR_P1";"INTERVAL";"PROBE";4;63;0x00001d2a;79;1938652;769780;431409;1097540;1131223;18;0;NOSTRESS
138514837557;16803;"NEAR_P1";"INTERVAL";"PROBE";4;63;0x00001d2a;79;1942087;771587;433797;1104459;1130902;485;0;NOSTRESS
138514854365;16722;"NEAR_P1";"INTERVAL";"PROBE";4;63;0x00001d2a;79;1940498;770502;431581;1098200;1132016;11;0;NOSTRESS
138514871091;16830;"NEAR_P1";"INTERVAL";"PROBE";4;63;0x00001d2a;79;1940187;771095;433615;1103938;1129976;469;0;NOSTRESS
138514887925;16712;"NEAR_P1";"INTERVAL";"PROBE";4;63;0x00001d2a;79;1938963;769952;431413;1097704;1131370;8;0;NOSTRESS
138514904641;16833;"NEAR_P1";"INTERVAL";"PROBE";4;63;0x00001d2a;79;1941750;771520;433759;1104305;1130786;487;0;NOSTRESS
138514921479;16852;"NEAR_P1";"INTERVAL";"PROBE";4;63;0x00001d2a;79;1944681;772534;433872;1104888;1132590;469;0;NOSTRESS
138514938336;16717;"NEAR_P1";"INTERVAL";"PROBE";4;63;0x00001d2a;79;1939986;770194;431513;1097819;1131828;19;0;NOSTRESS
138514955057;16825;"NEAR_P1";"INTERVAL";"PROBE";4;63;0x00001d2a;79;1941464;771620;433789;1104273;1130562;468;0;NOSTRESS
138514971886;16710;"NEAR_P1";"INTERVAL";"PROBE";4;63;0x00001d2a;79;1938680;769671;431443;1097545;1131134;19;0;NOSTRESS
138514988600;16826;"NEAR_P1";"INTERVAL";"PROBE";4;63;0x00001d2a;79;1940419;771236;434270;1105609;1129381;597;0;NOSTRESS
138515005430;16705;"NEAR_P1";"INTERVAL";"PROBE";4;63;0x00001d2a;79;1937958;769469;431393;1097149;1130952;20;0;NOSTRESS
138515022139;16811;"NEAR_P1";"INTERVAL";"PROBE";4;63;0x00001d2a;79;1943415;771939;433957;1104618;1131686;493;0;NOSTRESS
138515038954;16707;"NEAR_P1";"INTERVAL";"PROBE";4;63;0x00001d2a;79;1938208;769609;431403;1097444;1130791;20;0;NOSTRESS
138515055665;16820;"NEAR_P1";"INTERVAL";"PROBE";4;63;0x00001d2a;79;1945047;772555;433995;1105064;1132784;472;0;NOSTRESS
138515072489;16701;"NEAR_P1";"INTERVAL";"PROBE";4;63;0x00001d2a;79;1937696;769230;431356;1097066;1130658;18;0;NOSTRESS
138515089194;16802;"NEAR_P1";"INTERVAL";"PROBE";4;63;0x00001d2a;79;1942144;771554;433759;1104220;1131049;473;0;NOSTRESS
138515106001;30000;"TRAJ_R1";"INTERVAL";"PROBE";4;63;0x00001d2a;79;3154361;1284683;801484;1958015;1989919;556;0;NOSTRESS
138516369944;366933;"MAF";"INTERVAL";"PROBE";4;63;0x00001d2a;80;42086667;16755915;9484867;24077999;24669578;7341;0;NOSTRESS
138516369970;88;"SENS_C1";"INTERVAL";"PROBE";4;63;0x00001d2a;80;819;649;446;1181;0;137;0;NOSTRESS
138516370062;107;"LOC_C1";"INTERVAL";"PROBE";4;63;0x00001d2a;80;3795;1847;1270;3191;1779;166;0;NOSTRESS
138516370173;22;"LOC_C2";"INTERVAL";"PROBE";4;63;0x00001d2a;80;351;302;199;619;17;22;0;NOSTRESS
138516370201;103;"LOC_C3";"INTERVAL";"PROBE";4;63;0x00001d2a;80;8914;2412;1688;7713;3902;72;0;NOSTRESS
138516370309;26;"LOC_C4";"INTERVAL";"PROBE";4;63;0x00001d2a;80;368;284;213;622;0;31;0;NOSTRESS
138516370339;17040;"NEAR_P1";"INTERVAL";"PROBE";4;63;0x00001d2a;80;1949485;775165;435094;1111238;1133383;992;0;NOSTRESS
138516387384;16746;"NEAR_P1";"INTERVAL";"PROBE";4;63;0x00001d2a;80;1943940;772084;431890;1100120;1133894;15;0;NOSTRESS
138516404134;16841;"NEAR_P1";"INTERVAL";"PROBE";4;63;0x00001d2a;80;1944228;772543;434070;1105717;1132084;561;0;NOSTRESS
138516420979;16727;"NEAR_P1";"INTERVAL";"PROBE";4;63;0x00001d2a;80;1940999;770785;431724;1098816;1132495;13;0;NOSTRESS
138516437710;16833;"NEAR_P1";"INTERVAL";"PROBE";4;63;0x00001d2a;80;1945946;773047;434137;1105814;1133241;487;0;NOSTRESS
138516454547;16725;"NEAR_P1";"INTERVAL";"PROBE";4;63;0x00001d2a;80;1941016;770740;431698;1098831;1132403;10;0;NOSTRESS
138516471276;16832;"NEAR_P1";"INTERVAL";"PROBE";4;63;0x00001d2a;80;1946707;773405;434112;1105948;1133670;479;0;NOSTRESS
138516488112;16726;"NEAR_P1";"INTERVAL";"PROBE";4;63;0x00001d2a;80;1940806;770646;431685;1098803;1132427;10;0;NOSTRESS
138516504842;16817;"NEAR_P1";"INTERVAL";"PROBE";4;63;0x00001d2a;80;1944611;772653;434060;1105266;1132523;476;0;NOSTRESS
138516521664;16856;"NEAR_P1";"INTERVAL";"PROBE";4;63;0x00001d2a;80;1945416;772898;434057;1105574;1132855;461;0;NOSTRESS
138516538525;16725;"NEAR_P1";"INTERVAL";"PROBE";4;63;0x00001d2a;80;1940010;770557;431709;1098687;1131613;19;0;NOSTRESS
138516555254;16855;"NEAR_P1";"INTERVAL";"PROBE";4;63;0x00001d2a;80;1944051;772485;434021;1105314;1131984;467;0;NOSTRESS
138516572113;16722;"NEAR_P1";"INTERVAL";"PROBE";4;63;0x00001d2a;80;1939016;770345;431663;1098562;1131107;19;0;NOSTRESS
138516588840;16849;"NEAR_P1";"INTERVAL";"PROBE";4;63;0x00001d2a;80;1943273;772186;434044;1105101;1131453;457;0;NOSTRESS
138516605694;16729;"NEAR_P1";"INTERVAL";"PROBE";4;63;0x00001d2a;80;1940857;770791;431697;1098747;1132096;19;0;NOSTRESS
138516622427;16851;"NEAR_P1";"INTERVAL";"PROBE";4;63;0x00001d2a;80;1945285;773055;434118;1106032;1132647;453;0;NOSTRESS
138516639282;16717;"NEAR_P1";"INTERVAL";"PROBE";4;63;0x00001d2a;80;1938468;770094;431647;1098242;1130803;18;0;NOSTRESS
138516656003;16861;"NEAR_P1";"INTERVAL";"PROBE";4;63;0x00001d2a;80;1946072;773469;434744;1107849;1132433;620;0;NOSTRESS
138516672869;16722;"NEAR_P1";"INTERVAL";"PROBE";4;63;0x00001d2a;80;1938962;770343;431698;1098520;1131051;19;0;NOSTRESS
138516689596;16835;"NEAR_P1";"INTERVAL";"PROBE";4;63;0x00001d2a;80;1945424;773086;434258;1106119;1132527;505;0;NOSTRESS
138516706453;30420;"TRAJ_R1";"INTERVAL";"PROBE";4;63;0x00001d2a;80;3198221;1302911;812871;1986011;2017191;558;0;NOSTRESS
138517969908;367490;"MAF";"INTERVAL";"PROBE";4;63;0x00001d2a;81;42137788;16778054;9492261;24104899;24705253;7437;0;NOSTRESS
138517969931;88;"SENS_C1";"INTERVAL";"PROBE";4;63;0x00001d2a;81;840;664;448;1214;0;139;0;NOSTRESS
138517970023;106;"LOC_C1";"INTERVAL";"PROBE";4;63;0x00001d2a;81;3846;1868;1276;3260;1794;168;0;NOSTRESS
138517970133;177;"LOC_C2";"INTERVAL";"PROBE";4;63;0x00001d2a;81;355;306;201;627;17;35;0;NOSTRESS
138517970316;99;"LOC_C3";"INTERVAL";"PROBE";4;63;0x00001d2a;81;8934;2456;1706;7748;3890;76;0;NOSTRESS
138517970420;26;"LOC_C4";"INTERVAL";"PROBE";4;63;0x00001d2a;81;377;290;213;638;0;32;0;NOSTRESS
138517970450;17021;"NEAR_P1";"INTERVAL";"PROBE";4;63;0x00001d2a;81;1949427;775011;434873;1110425;1133959;971;0;NOSTRESS
138517987476;16743;"NEAR_P1";"INTERVAL";"PROBE";4;63;0x00001d2a;81;1943567;771796;431775;1099974;1133787;14;0;NOSTRESS
138518004223;16867;"NEAR_P1";"INTERVAL";"PROBE";4;63;0x00001d2a;81;1948049;774103;434089;1107006;1134425;556;0;NOSTRESS
138518021095;16742;"NEAR_P1";"INTERVAL";"PROBE";4;63;0x00001d2a;81;1943012;771696;431717;1099668;1133602;17;0;NOSTRESS
138518037841;16828;"NEAR_P1";"INTERVAL";"PROBE";4;63;0x00001d2a;81;1944516;772866;434127;1105895;1132401;496;0;NOSTRESS
138518054674;16733;"NEAR_P1";"INTERVAL";"PROBE";4;63;0x00001d2a;81;1941747;771222;431686;1099316;1132930;9;0;NOSTRESS
138518071411;16855;"NEAR_P1";"INTERVAL";"PROBE";4;63;0x00001d2a;81;1944164;772920;433897;1105571;1132288;484;0;NOSTRESS
138518088270;16718;"NEAR_P1";"INTERVAL";"PROBE";4;63;0x00001d2a;81;1939134;770398;431545;1098483;1131393;8;0;NOSTRESS
138518104992;16847;"NEAR_P1";"INTERVAL";"PROBE";4;63;0x00001d2a;81;1945837;773209;434033;1105655;1133361;481;0;NOSTRESS
138518121844;16821;"NEAR_P1";"INTERVAL";"PROBE";4;63;0x00001d2a;81;1943687;772725;433959;1105724;1131934;466;0;NOSTRESS
138518138669;16735;"NEAR_P1";"INTERVAL";"PROBE";4;63;0x00001d2a;81;1942890;771422;431738;1099140;1133597;19;0;NOSTRESS
138518155409;16826;"NEAR_P1";"INTERVAL";"PROBE";4;63;0x00001d2a;81;1944339;772948;434054;1105939;1132123;463;0;NOSTRESS
138518172239;16741;"NEAR_P1";"INTERVAL";"PROBE";4;63;0x00001d2a;81;1943469;771648;431753;1099478;1134013;20;0;NOSTRESS
138518188984;16866;"NEAR_P1";"INTERVAL";"PROBE";4;63;0x00001d2a;81;1947061;773700;434062;1106269;1133936;445;0;NOSTRESS
138518205854;16731;"NEAR_P1";"INTERVAL";"PROBE";4;63;0x00001d2a;81;1942057;771193;431604;1098922;1133325;19;0;NOSTRESS
138518222589;16843;"NEAR_P1";"INTERVAL";"PROBE";4;63;0x00001d2a;81;1943654;772699;434030;1105689;1131734;478;0;NOSTRESS
138518239436;16738;"NEAR_P1";"INTERVAL";"PROBE";4;63;0x00001d2a;81;1942351;771322;431695;1099372;1133198;18;0;NOSTRESS
138518256178;16857;"NEAR_P1";"INTERVAL";"PROBE";4;63;0x00001d2a;81;1945417;773045;433995;1105813;1132993;471;0;NOSTRESS
138518273040;16731;"NEAR_P1";"INTERVAL";"PROBE";4;63;0x00001d2a;81;1941690;771206;431663;1099006;1132885;17;0;NOSTRESS
138518289776;16848;"NEAR_P1";"INTERVAL";"PROBE";4;63;0x00001d2a;81;1945216;773104;433985;1105797;1132963;477;0;NOSTRESS
138518306646;30747;"TRAJ_R1";"INTERVAL";"PROBE";4;63;0x00001d2a;81;3231644;1316712;821529;2007339;2038705;560;0;NOSTRESS
138519569921;367593;"MAF";"INTERVAL";"PROBE";4;63;0x00001d2a;82;42207885;16791689;9501406;24119789;24749843;6989;0;NOSTRESS
138519569941;90;"SENS_C1";"INTERVAL";"PROBE";4;63;0x00001d2a;82;846;666;449;1211;0;138;0;NOSTRESS
138519570035;96;"LOC_C1";"INTERVAL";"PROBE";4;63;0x00001d2a;82;3869;1881;1280;3270;1796;174;0;NOSTRESS
138519570135;22;"LOC_C2";"INTERVAL";"PROBE";4;63;0x00001d2a;82;353;302;199;620;17;22;0;NOSTRESS
138519570161;97;"LOC_C3";"INTERVAL";"PROBE";4;63;0x00001d2a;82;8957;2432;1688;7693;3938;67;0;NOSTRESS
138519570264;24;"LOC_C4";"INTERVAL";"PROBE";4;63;0x00001d2a;82;385;287;215;645;0;30;0;NOSTRESS
138519570292;17024;"NEAR_P1";"INTERVAL";"PROBE";4;63;0x00001d2a;82;1951947;775438;434983;1110226;1135218;945;0;NOSTRESS
138519587321;16739;"NEAR_P1";"INTERVAL";"PROBE";4;63;0x00001d2a;82;1943631;771518;431903;1099882;1133830;15;0;NOSTRESS
138519604064;16882;"NEAR_P1";"INTERVAL";"PROBE";4;63;0x00001d2a;82;1949326;773903;434312;1107088;1135039;545;0;NOSTRESS
138519620950;16742;"NEAR_P1";"INTERVAL";"PROBE";4;63;0x00001d2a;82;1945982;771920;431832;1099673;1135620;17;0;NOSTRESS
138519637696;16832;"NEAR_P1";"INTERVAL";"PROBE";4;63;0x00001d2a;82;1947721;773305;434246;1105954;1134418;494;0;NOSTRESS
138519654532;16745;"NEAR_P1";"INTERVAL";"PROBE";4;63;0x00001d2a;82;1945670;771944;431901;1099774;1135372;9;0;NOSTRESS
138519671281;16833;"NEAR_P1";"INTERVAL";"PROBE";4;63;0x00001d2a;82;1947416;773417;434229;1106220;1133991;478;0;NOSTRESS
138519688119;16735;"NEAR_P1";"INTERVAL";"PROBE";4;63;0x00001d2a;82;1943911;771270;431806;1099409;1134209;8;0;NOSTRESS
138519704858;16828;"NEAR_P1";"INTERVAL";"PROBE";4;63;0x00001d2a;82;1947392;773274;434171;1105891;1134151;475;0;NOSTRESS
138519721691;16861;"NEAR_P1";"INTERVAL";"PROBE";4;63;0x00001d2a;82;1947033;773003;434127;1105481;1134143;409;0;NOSTRESS
138519738556;16731;"NEAR_P1";"INTERVAL";"PROBE";4;63;0x00001d2a;82;1943285;771227;431758;1099006;1133987;17;0;NOSTRESS
138519755291;16873;"NEAR_P1";"INTERVAL";"PROBE";4;63;0x00001d2a;82;1947847;773442;434220;1105884;1134572;480;0;NOSTRESS
138519772169;16722;"NEAR_P1";"INTERVAL";"PROBE";4;63;0x00001d2a;82;1941696;770643;431630;1098772;1133082;20;0;NOSTRESS
138519788895;16823;"NEAR_P1";"INTERVAL";"PROBE";4;63;0x00001d2a;82;1946692;773108;434174;1105791;1133809;463;0;NOSTRESS
138519805722;16733;"NEAR_P1";"INTERVAL";"PROBE";4;63;0x00001d2a;82;1943575;771213;431777;1098969;1134271;18;0;NOSTRESS
138519822459;16824;"NEAR_P1";"INTERVAL";"PROBE";4;63;0x00001d2a;82;1947253;773185;434190;1105742;1134294;470;0;NOSTRESS
138519839288;16730;"NEAR_P1";"INTERVAL";"PROBE";4;63;0x00001d2a;82;1943202;771080;431835;1098963;1133881;18;0;NOSTRESS
138519856022;16844;"NEAR_P1";"INTERVAL";"PROBE";4;63;0x00001d2a;82;1945948;772713;434128;1105237;1133441;412;0;NOSTRESS
138519872870;16740;"NEAR_P1";"INTERVAL";"PROBE";4;63;0x00001d2a;82;1944745;771668;431854;1099253;1134881;17;0;NOSTRESS
138519889614;16870;"NEAR_P1";"INTERVAL";"PROBE";4;63;0x00001d2a;82;1947685;773423;434150;1105975;1134438;464;0;NOSTRESS
138519906489;31021;"TRAJ_R1";"INTERVAL";"PROBE";4;63;0x00001d2a;82;3261894;1328338;828305;2023868;2057445;542;0;NOSTRESS
138521169902;367900;"MAF";"INTERVAL";"PROBE";4;63;0x00001d2a;83;42209565;16795293;9510076;24136778;24749824;7502;0;NOSTRESS
138521169930;82;"SENS_C1";"INTERVAL";"PROBE";4;63;0x00001d2a;83;848;676;451;1221;0;143;0;NOSTRESS
138521170017;109;"LOC_C1";"INTERVAL";"PROBE";4;63;0x00001d2a;83;3948;1905;1281;3297;1847;168;0;NOSTRESS
138521170130;21;"LOC_C2";"INTERVAL";"PROBE";4;63;0x00001d2a;83;353;302;199;624;17;22;0;NOSTRESS
138521170156;102;"LOC_C3";"INTERVAL";"PROBE";4;63;0x00001d2a;83;8952;2422;1695;7735;3898;70;0;NOSTRESS
138521170263;26;"LOC_C4";"INTERVAL";"PROBE";4;63;0x00001d2a;83;377;288;213;640;0;30;0;NOSTRESS
138521170293;17020;"NEAR_P1";"INTERVAL";"PROBE";4;63;0x00001d2a;83;1950115;774773;435098;1110308;1134243;1034;0;NOSTRESS
138521187317;16729;"NEAR_P1";"INTERVAL";"PROBE";4;63;0x00001d2a;83;1942031;770782;431941;1099741;1132894;17;0;NOSTRESS
138521204050;16825;"NEAR_P1";"INTERVAL";"PROBE";4;63;0x00001d2a;83;1945832;772697;434327;1106279;1133140;521;0;NOSTRESS
138521220880;16712;"NEAR_P1";"INTERVAL";"PROBE";4;63;0x00001d2a;83;1940180;769957;431820;1098414;1132108;17;0;NOSTRESS
138521237596;16821;"NEAR_P1";"INTERVAL";"PROBE";4;63;0x00001d2a;83;1946209;772781;434334;1105835;1133488;481;0;NOSTRESS
138521254422;16719;"NEAR_P1";"INTERVAL";"PROBE";4;63;0x00001d2a;83;1941125;770509;431869;1098695;1132722;11;0;NOSTRESS
138521271146;16831;"NEAR_P1";"INTERVAL";"PROBE";4;63;0x00001d2a;83;1948636;773489;434439;1106152;1135002;485;0;NOSTRESS
138521287981;16921;"NEAR_P1";"INTERVAL";"PROBE";4;63;0x00001d2a;83;1944063;771385;431995;1099603;1134498;33;0;NOSTRESS
138521304906;16859;"NEAR_P1";"INTERVAL";"PROBE";4;63;0x00001d2a;83;1948419;773656;434591;1106496;1134703;516;0;NOSTRESS
138521321769;16825;"NEAR_P1";"INTERVAL";"PROBE";4;63;0x00001d2a;83;1946017;773075;434363;1106145;1133305;476;0;NOSTRESS
138521338599;16738;"NEAR_P1";"INTERVAL";"PROBE";4;63;0x00001d2a;83;1943942;771647;432097;1099791;1134278;19;0;NOSTRESS
138521355342;16819;"NEAR_P1";"INTERVAL";"PROBE";4;63;0x00001d2a;83;1944166;772508;434387;1105886;1132048;474;0;NOSTRESS
138521372165;16735;"NEAR_P1";"INTERVAL";"PROBE";4;63;0x00001d2a;83;1943247;771232;431985;1099559;1133933;20;0;NOSTRESS
138521388904;16865;"NEAR_P1";"INTERVAL";"PROBE";4;63;0x00001d2a;83;1948535;773628;434469;1106501;1134927;468;0;NOSTRESS
138521405774;16745;"NEAR_P1";"INTERVAL";"PROBE";4;63;0x00001d2a;83;1945047;771933;432132;1100234;1134824;19;0;NOSTRESS
138521422523;16856;"NEAR_P1";"INTERVAL";"PROBE";4;63;0x00001d2a;83;1947943;773550;434492;1106691;1134350;470;0;NOSTRESS
138521439383;16747;"NEAR_P1";"INTERVAL";"PROBE";4;63;0x00001d2a;83;1945278;772048;432066;1100281;1134947;18;0;NOSTRESS
138521456134;16871;"NEAR_P1";"INTERVAL";"PROBE";4;63;0x00001d2a;83;1948286;773464;434539;1106448;1134762;419;0;NOSTRESS
138521473009;16742;"NEAR_P1";"INTERVAL";"PROBE";4;63;0x00001d2a;83;1944464;771777;432098;1099965;1134599;17;0;NOSTRESS
138521489755;16866;"NEAR_P1";"INTERVAL";"PROBE";4;63;0x00001d2a;83;1947839;773596;434451;1106475;1134403;485;0;NOSTRESS
138521506642;31155;"TRAJ_R1";"INTERVAL";"PROBE";4;63;0x00001d2a;83;3273266;1333672;832129;2032799;2064888;556;0;NOSTRESS
138522769871;367789;"MAF";"INTERVAL";"PROBE";4;63;0x00001d2a;84;42207014;16795016;9510876;24145827;24747064;7602;0;NOSTRESS
138522769899;82;"SENS_C1";"INTERVAL";"PROBE";4;63;0x00001d2a;84;828;655;446;1189;0;137;0;NOSTRESS
138522769985;102;"LOC_C1";"INTERVAL";"PROBE";4;63;0x00001d2a;84;3928;1908;1284;3266;1850;176;0;NOSTRESS
138522770091;20;"LOC_C2";"INTERVAL";"PROBE";4;63;0x00001d2a;84;351;302;199;619;17;23;0;NOSTRESS
138522770116;100;"LOC_C3";"INTERVAL";"PROBE";4;63;0x00001d2a;84;8787;2386;1686;7677;3818;68;0;NOSTRESS
138522770222;22;"LOC_C4";"INTERVAL";"PROBE";4;63;0x00001d2a;84;355;280;212;607;0;31;0;NOSTRESS
138522770248;17063;"NEAR_P1";"INTERVAL";"PROBE";4;63;0x00001d2a;84;1949103;774604;435282;1111293;1133598;1051;0;NOSTRESS
138522787315;16736;"NEAR_P1";"INTERVAL";"PROBE";4;63;0x00001d2a;84;1944401;771738;432004;1100231;1134419;17;0;NOSTRESS
138522804056;16885;"NEAR_P1";"INTERVAL";"PROBE";4;63;0x00001d2a;84;1947511;773754;435270;1109576;1133068;651;0;NOSTRESS
138522820945;16738;"NEAR_P1";"INTERVAL";"PROBE";4;63;0x00001d2a;84;1944289;771450;431993;1100072;1134534;12;0;NOSTRESS
138522837687;16825;"NEAR_P1";"INTERVAL";"PROBE";4;63;0x00001d2a;84;1946628;772993;434277;1106226;1133718;499;0;NOSTRESS
138522854517;16728;"NEAR_P1";"INTERVAL";"PROBE";4;63;0x00001d2a;84;1942693;771107;431881;1099670;1133481;10;0;NOSTRESS
138522871249;16822;"NEAR_P1";"INTERVAL";"PROBE";4;63;0x00001d2a;84;1945346;772793;434271;1106311;1132852;482;0;NOSTRESS
138522888075;16736;"NEAR_P1";"INTERVAL";"PROBE";4;63;0x00001d2a;84;1942756;771206;432051;1099881;1133299;7;0;NOSTRESS
138522904816;16820;"NEAR_P1";"INTERVAL";"PROBE";4;63;0x00001d2a;84;1945907;772796;434266;1106109;1133296;475;0;NOSTRESS
138522921641;16869;"NEAR_P1";"INTERVAL";"PROBE";4;63;0x00001d2a;84;1947017;773285;434509;1107020;1133811;509;0;NOSTRESS
138522938515;16735;"NEAR_P1";"INTERVAL";"PROBE";4;63;0x00001d2a;84;1943719;771401;431992;1099778;1134161;21;0;NOSTRESS
138522955254;16834;"NEAR_P1";"INTERVAL";"PROBE";4;63;0x00001d2a;84;1944085;772323;434194;1105757;1132323;484;0;NOSTRESS
138522972094;16725;"NEAR_P1";"INTERVAL";"PROBE";4;63;0x00001d2a;84;1942302;770838;431858;1099328;1133360;20;0;NOSTRESS
138522988823;16866;"NEAR_P1";"INTERVAL";"PROBE";4;63;0x00001d2a;84;1947549;773374;434773;1108133;1133617;610;0;NOSTRESS
138523005694;16721;"NEAR_P1";"INTERVAL";"PROBE";4;63;0x00001d2a;84;1941432;770536;431833;1098982;1132899;18;0;NOSTRESS
138523022420;16828;"NEAR_P1";"INTERVAL";"PROBE";4;63;0x00001d2a;84;1946650;773040;434366;1106397;1133639;515;0;NOSTRESS
138523039252;16725;"NEAR_P1";"INTERVAL";"PROBE";4;63;0x00001d2a;84;1941758;770764;431894;1099214;1132939;19;0;NOSTRESS
138523055981;16861;"NEAR_P1";"INTERVAL";"PROBE";4;63;0x00001d2a;84;1949053;773757;434369;1106690;1135108;466;0;NOSTRESS
138523072846;16730;"NEAR_P1";"INTERVAL";"PROBE";4;63;0x00001d2a;84;1942809;771009;431912;1099385;1133679;17;0;NOSTRESS
138523089580;16849;"NEAR_P1";"INTERVAL";"PROBE";4;63;0x00001d2a;84;1946531;773096;434380;1106298;1133632;469;0;NOSTRESS
138523106433;31223;"TRAJ_R1";"INTERVAL";"PROBE";4;63;0x00001d2a;84;3281583;1336527;833622;2036790;2069946;563;0;NOSTRESS
138524369911;368102;"MAF";"INTERVAL";"PROBE";4;63;0x00001d2a;85;42207935;16802314;9515503;24161533;24735141;7795;0;NOSTRESS
138524369937;85;"SENS_C1";"INTERVAL";"PROBE";4;63;0x00001d2a;85;862;675;451;1243;0;144;0;NOSTRESS
138524370026;96;"LOC_C1";"INTERVAL";"PROBE";4;63;0x00001d2a;85;3990;1914;1281;3295;1885;169;0;NOSTRESS
138524370126;25;"LOC_C2";"INTERVAL";"PROBE";4;63;0x00001d2a;85;357;302;199;628;17;19;0;NOSTRESS
138524370155;98;"LOC_C3";"INTERVAL";"PROBE";4;63;0x00001d2a;85;8990;2455;1694;7764;3912;72;0;NOSTRESS
138524370259;24;"LOC_C4";"INTERVAL";"PROBE";4;63;0x00001d2a;85;372;282;212;634;0;29;0;NOSTRESS
138524370287;17032;"NEAR_P1";"INTERVAL";"PROBE";4;63;0x00001d2a;85;1948415;774426;435206;1110957;1132841;967;0;NOSTRESS
138524387324;16743;"NEAR_P1";"INTERVAL";"PROBE";4;63;0x00001d2a;85;1942875;771547;432188;1100777;1132921;17;0;NOSTRESS
138524404071;16870;"NEAR_P1";"INTERVAL";"PROBE";4;63;0x00001d2a;85;1946862;773630;434592;1107767;1132925;547;0;NOSTRESS
138524420945;16740;"NEAR_P1";"INTERVAL";"PROBE";4;63;0x00001d2a;85;1942535;771394;432175;1100618;1132756;17;0;NOSTRESS
138524437689;16839;"NEAR_P1";"INTERVAL";"PROBE";4;63;0x00001d2a;85;1946559;773525;434565;1107252;1132897;480;0;NOSTRESS
138524454532;16743;"NEAR_P1";"INTERVAL";"PROBE";4;63;0x00001d2a;85;1943237;771604;432234;1100568;1133057;9;0;NOSTRESS
138524471279;16902;"NEAR_P1";"INTERVAL";"PROBE";4;63;0x00001d2a;85;1944784;773204;435354;1108966;1131046;596;0;NOSTRESS
138524488185;16736;"NEAR_P1";"INTERVAL";"PROBE";4;63;0x00001d2a;85;1941725;771099;432102;1100201;1132339;9;0;NOSTRESS
138524504925;16849;"NEAR_P1";"INTERVAL";"PROBE";4;63;0x00001d2a;85;1949450;774163;434638;1107574;1134870;490;0;NOSTRESS
138524521778;16825;"NEAR_P1";"INTERVAL";"PROBE";4;63;0x00001d2a;85;1945022;772860;434420;1106739;1132237;463;0;NOSTRESS
138524538607;16745;"NEAR_P1";"INTERVAL";"PROBE";4;63;0x00001d2a;85;1944086;771778;432196;1100496;1133683;19;0;NOSTRESS
138524555357;16838;"NEAR_P1";"INTERVAL";"PROBE";4;63;0x00001d2a;85;1947368;773604;434588;1107153;1133504;468;0;NOSTRESS
138524572199;16726;"NEAR_P1";"INTERVAL";"PROBE";4;63;0x00001d2a;85;1939966;770532;432034;1099523;1131352;19;0;NOSTRESS
138524588929;16841;"NEAR_P1";"INTERVAL";"PROBE";4;63;0x00001d2a;85;1947914;773840;434651;1107273;1133806;467;0;NOSTRESS
138524605774;16744;"NEAR_P1";"INTERVAL";"PROBE";4;63;0x00001d2a;85;1943328;771579;432185;1100449;1133334;20;0;NOSTRESS
138524622522;16847;"NEAR_P1";"INTERVAL";"PROBE";4;63;0x00001d2a;85;1946494;773297;434676;1106978;1133052;381;0;NOSTRESS
138524639373;16738;"NEAR_P1";"INTERVAL";"PROBE";4;63;0x00001d2a;85;1942218;771248;432117;1100162;1132609;16;0;NOSTRESS
138524656115;17077;"NEAR_P1";"INTERVAL";"PROBE";4;63;0x00001d2a;85;1949978;774802;435320;1110444;1134133;790;0;NOSTRESS
138524673196;16745;"NEAR_P1";"INTERVAL";"PROBE";4;63;0x00001d2a;85;1943229;771721;432220;1100454;1133211;18;0;NOSTRESS
138524689946;16848;"NEAR_P1";"INTERVAL";"PROBE";4;63;0x00001d2a;85;1947225;773854;434671;1107581;1133345;518;0;NOSTRESS
138524706799;31210;"TRAJ_R1";"INTERVAL";"PROBE";4;63;0x00001d2a;85;3279690;1335520;832971;2035249;2069409;558;0;NOSTRESS
138525969902;367555;"MAF";"INTERVAL";"PROBE";4;63;0x00001d2a;86;42171917;16785857;9509148;24143111;24721489;7087;0;NOSTRESS
138525969927;82;"SENS_C1";"INTERVAL";"PROBE";4;63;0x00001d2a;86;782;633;440;1096;0;116;0;NOSTRESS
138525970013;91;"LOC_C1";"INTERVAL";"PROBE";4;63;0x00001d2a;86;3682;1799;1240;3081;1763;155;0;NOSTRESS
138525970109;22;"LOC_C2";"INTERVAL";"PROBE";4;63;0x00001d2a;86;347;294;197;600;17;23;0;NOSTRESS
138525970135;95;"LOC_C3";"INTERVAL";"PROBE";4;63;0x00001d2a;86;8915;2428;1693;7702;3934;59;0;NOSTRESS
138525970235;24;"LOC_C4";"INTERVAL";"PROBE";4;63;0x00001d2a;86;372;283;213;626;0;32;0;NOSTRESS
138525970263;17046;"NEAR_P1";"INTERVAL";"PROBE";4;63;0x00001d2a;86;1950095;775067;435236;1111053;1134338;746;0;NOSTRESS
138525987314;16740;"NEAR_P1";"INTERVAL";"PROBE";4;63;0x00001d2a;86;1943317;771531;432132;1100731;1133441;14;0;NOSTRESS
138526004058;16851;"NEAR_P1";"INTERVAL";"PROBE";4;63;0x00001d2a;86;1944443;772705;434355;1107119;1131949;545;0;NOSTRESS
138526020913;16728;"NEAR_P1";"INTERVAL";"PROBE";4;63;0x00001d2a;86;1941366;770786;431957;1099874;1132462;15;0;NOSTRESS
138526037645;16826;"NEAR_P1";"INTERVAL";"PROBE";4;63;0x00001d2a;86;1945096;772607;434435;1106532;1132575;479;0;NOSTRESS
138526054476;16729;"NEAR_P1";"INTERVAL";"PROBE";4;63;0x00001d2a;86;1941707;770943;432022;1099941;1132604;10;0;NOSTRESS
138526071209;16830;"NEAR_P1";"INTERVAL";"PROBE";4;63;0x00001d2a;86;1946412;773126;434486;1106892;1133292;477;0;NOSTRESS
138526088043;16731;"NEAR_P1";"INTERVAL";"PROBE";4;63;0x00001d2a;86;1941815;770951;432020;1099959;1132774;9;0;NOSTRESS
138526104778;16825;"NEAR_P1";"INTERVAL";"PROBE";4;63;0x00001d2a;86;1944951;772829;434397;1106588;1132532;474;0;NOSTRESS
138526121607;16887;"NEAR_P1";"INTERVAL";"PROBE";4;63;0x00001d2a;86;1945454;773229;435288;1108777;1132024;541;0;NOSTRESS
138526138499;16724;"NEAR_P1";"INTERVAL";"PROBE";4;63;0x00001d2a;86;1940857;770552;431957;1099674;1132056;21;0;NOSTRESS
138526155228;16827;"NEAR_P1";"INTERVAL";"PROBE";4;63;0x00001d2a;86;1945381;772833;434398;1106923;1132691;468;0;NOSTRESS
138526172060;16729;"NEAR_P1";"INTERVAL";"PROBE";4;63;0x00001d2a;86;1941202;770787;431993;1099815;1132373;19;0;NOSTRESS
138526188793;16829;"NEAR_P1";"INTERVAL";"PROBE";4;63;0x00001d2a;86;1946189;773196;434387;1106728;1133330;468;0;NOSTRESS
138526205626;16721;"NEAR_P1";"INTERVAL";"PROBE";4;63;0x00001d2a;86;1940038;770344;431924;1099339;1131714;19;0;NOSTRESS
138526222351;16842;"NEAR_P1";"INTERVAL";"PROBE";4;63;0x00001d2a;86;1945273;772776;434454;1106711;1132569;464;0;NOSTRESS
138526239197;16735;"NEAR_P1";"INTERVAL";"PROBE";4;63;0x00001d2a;86;1942759;771170;432063;1100024;1133312;19;0;NOSTRESS
138526255936;16822;"NEAR_P1";"INTERVAL";"PROBE";4;63;0x00001d2a;86;1944933;772743;434366;1106690;1132405;458;0;NOSTRESS
138526272763;16731;"NEAR_P1";"INTERVAL";"PROBE";4;63;0x00001d2a;86;1942031;770946;432037;1099828;1132970;18;0;NOSTRESS
138526289498;16847;"NEAR_P1";"INTERVAL";"PROBE";4;63;0x00001d2a;86;1943166;772197;434472;1106595;1131278;513;0;NOSTRESS
138526306349;31104;"TRAJ_R1";"INTERVAL";"PROBE";4;63;0x00001d2a;86;3271733;1332026;830937;2030935;2063086;686;0;NOSTRESS
138527569909;367253;"MAF";"INTERVAL";"PROBE";4;63;0x00001d2a;87;42142185;16770592;9503473;24123465;24702359;7035;0;NOSTRESS
138527569933;82;"SENS_C1";"INTERVAL";"PROBE";4;63;0x00001d2a;87;773;639;438;1072;0;119;0;NOSTRESS
138527570020;94;"LOC_C1";"INTERVAL";"PROBE";4;63;0x00001d2a;87;3669;1789;1235;3026;1764;161;0;NOSTRESS
138527570118;21;"LOC_C2";"INTERVAL";"PROBE";4;63;0x00001d2a;87;342;292;195;591;17;20;0;NOSTRESS
138527570143;93;"LOC_C3";"INTERVAL";"PROBE";4;63;0x00001d2a;87;8852;2417;1689;7620;3897;63;0;NOSTRESS
138527570241;22;"LOC_C4";"INTERVAL";"PROBE";4;63;0x00001d2a;87;348;278;210;591;0;30;0;NOSTRESS
138527570267;17032;"NEAR_P1";"INTERVAL";"PROBE";4;63;0x00001d2a;87;1947446;773894;435245;1110225;1132783;868;0;NOSTRESS
138527587304;16728;"NEAR_P1";"INTERVAL";"PROBE";4;63;0x00001d2a;87;1941608;770736;432108;1100099;1132386;18;0;NOSTRESS
138527604036;16841;"NEAR_P1";"INTERVAL";"PROBE";4;63;0x00001d2a;87;1947179;773318;434583;1107657;1133313;513;0;NOSTRESS
138527620881;16729;"NEAR_P1";"INTERVAL";"PROBE";4;63;0x00001d2a;87;1942056;770805;432107;1100001;1132709;16;0;NOSTRESS
138527637615;16838;"NEAR_P1";"INTERVAL";"PROBE";4;63;0x00001d2a;87;1941695;771464;434222;1105894;1130306;482;0;NOSTRESS
138527654458;16721;"NEAR_P1";"INTERVAL";"PROBE";4;63;0x00001d2a;87;1940346;770330;431930;1099441;1131823;9;0;NOSTRESS
138527671183;16837;"NEAR_P1";"INTERVAL";"PROBE";4;63;0x00001d2a;87;1946752;773099;434481;1107096;1133414;483;0;NOSTRESS
138527688025;16723;"NEAR_P1";"INTERVAL";"PROBE";4;63;0x00001d2a;87;1940713;770491;432014;1099596;1131924;10;0;NOSTRESS
138527704752;16829;"NEAR_P1";"INTERVAL";"PROBE";4;63;0x00001d2a;87;1945999;772794;434500;1106710;1133106;480;0;NOSTRESS
138527721586;16828;"NEAR_P1";"INTERVAL";"PROBE";4;63;0x00001d2a;87;1947043;773043;434478;1106677;1133715;456;0;NOSTRESS
138527738418;16736;"NEAR_P1";"INTERVAL";"PROBE";4;63;0x00001d2a;87;1943911;771339;432072;1100113;1134022;19;0;NOSTRESS
138527755158;16845;"NEAR_P1";"INTERVAL";"PROBE";4;63;0x00001d2a;87;1945616;772806;434473;1106729;1132698;461;0;NOSTRESS
138527772007;16714;"NEAR_P1";"INTERVAL";"PROBE";4;63;0x00001d2a;87;1938663;769751;431985;1098924;1130836;20;0;NOSTRESS
138527788725;16902;"NEAR_P1";"INTERVAL";"PROBE";4;63;0x00001d2a;87;1948674;774079;435390;1109634;1133785;548;0;NOSTRESS
138527805631;16714;"NEAR_P1";"INTERVAL";"PROBE";4;63;0x00001d2a;87;1938856;769902;431894;1099188;1130932;20;0;NOSTRESS
138527822349;16818;"NEAR_P1";"INTERVAL";"PROBE";4;63;0x00001d2a;87;1944268;772305;434342;1106280;1131998;487;0;NOSTRESS
138527839172;16730;"NEAR_P1";"INTERVAL";"PROBE";4;63;0x00001d2a;87;1942348;770914;431991;1099856;1133067;19;0;NOSTRESS
138527855906;16828;"NEAR_P1";"INTERVAL";"PROBE";4;63;0x00001d2a;87;1946555;773054;434477;1106861;1133313;463;0;NOSTRESS
138527872738;16718;"NEAR_P1";"INTERVAL";"PROBE";4;63;0x00001d2a;87;1940180;770149;431973;1099219;1131731;19;0;NOSTRESS
138527889460;16802;"NEAR_P1";"INTERVAL";"PROBE";4;63;0x00001d2a;87;1942142;771545;434268;1105518;1130753;471;0;NOSTRESS
138527906283;30874;"TRAJ_R1";"INTERVAL";"PROBE";4;63;0x00001d2a;87;3246533;1322263;825134;2015618;2048067;545;0;NOSTRESS
138529169914;367516;"MAF";"INTERVAL";"PROBE";4;63;0x00001d2a;88;42183157;16783896;9500008;24126173;24726209;7294;0;NOSTRESS
138529169936;78;"SENS_C1";"INTERVAL";"PROBE";4;63;0x00001d2a;88;748;628;442;1058;0;121;0;NOSTRESS
138529170018;93;"LOC_C1";"INTERVAL";"PROBE";4;63;0x00001d2a;88;3762;1814;1235;3080;1799;160;0;NOSTRESS
138529170115;19;"LOC_C2";"INTERVAL";"PROBE";4;63;0x00001d2a;88;342;292;195;591;17;20;0;NOSTRESS
138529170139;95;"LOC_C3";"INTERVAL";"PROBE";4;63;0x00001d2a;88;8694;2377;1694;7591;3783;61;0;NOSTRESS
138529170240;26;"LOC_C4";"INTERVAL";"PROBE";4;63;0x00001d2a;88;347;277;210;589;0;29;0;NOSTRESS
138529170270;17171;"NEAR_P1";"INTERVAL";"PROBE";4;63;0x00001d2a;88;1950403;774937;435411;1111076;1134546;918;0;NOSTRESS
138529187446;16756;"NEAR_P1";"INTERVAL";"PROBE";4;63;0x00001d2a;88;1945672;772200;432298;1101292;1134653;15;0;NOSTRESS
138529204206;16846;"NEAR_P1";"INTERVAL";"PROBE";4;63;0x00001d2a;88;1946927;773370;434542;1107324;1133372;534;0;NOSTRESS
138529221057;16746;"NEAR_P1";"INTERVAL";"PROBE";4;63;0x00001d2a;88;1944753;771778;432168;1100463;1134436;14;0;NOSTRESS
138529237807;16840;"NEAR_P1";"INTERVAL";"PROBE";4;63;0x00001d2a;88;1947445;773493;434599;1107206;1133850;480;0;NOSTRESS
138529254652;16749;"NEAR_P1";"INTERVAL";"PROBE";4;63;0x00001d2a;88;1944969;771934;432167;1100715;1134498;11;0;NOSTRESS
138529271405;16848;"NEAR_P1";"INTERVAL";"PROBE";4;63;0x00001d2a;88;1949632;774205;434561;1107611;1135149;468;0;NOSTRESS
138529288258;16753;"NEAR_P1";"INTERVAL";"PROBE";4;63;0x00001d2a;88;1946242;772191;432153;1100883;1135384;9;0;NOSTRESS
138529305015;16855;"NEAR_P1";"INTERVAL";"PROBE";4;63;0x00001d2a;88;1948123;773533;434431;1107017;1134298;480;0;NOSTRESS
138529321875;16861;"NEAR_P1";"INTERVAL";"PROBE";4;63;0x00001d2a;88;1947433;773501;434474;1107068;1133999;477;0;NOSTRESS
138529338740;16740;"NEAR_P1";"INTERVAL";"PROBE";4;63;0x00001d2a;88;1943467;771211;432051;1100203;1133681;18;0;NOSTRESS
138529355484;16829;"NEAR_P1";"INTERVAL";"PROBE";4;63;0x00001d2a;88;1946743;773105;434386;1106823;1133489;468;0;NOSTRESS
138529372317;16747;"NEAR_P1";"INTERVAL";"PROBE";4;63;0x00001d2a;88;1945066;771861;432121;1100540;1134876;19;0;NOSTRESS
138529389068;16838;"NEAR_P1";"INTERVAL";"PROBE";4;63;0x00001d2a;88;1948026;773502;434515;1107116;1134258;466;0;NOSTRESS
138529405911;16734;"NEAR_P1";"INTERVAL";"PROBE";4;63;0x00001d2a;88;1942403;771070;432030;1099920;1133094;18;0;NOSTRESS
138529422650;16836;"NEAR_P1";"INTERVAL";"PROBE";4;63;0x00001d2a;88;1947537;773476;434495;1107131;1134029;459;0;NOSTRESS
138529439491;16746;"NEAR_P1";"INTERVAL";"PROBE";4;63;0x00001d2a;88;1944754;771775;432127;1100530;1134401;19;0;NOSTRESS
138529456242;16899;"NEAR_P1";"INTERVAL";"PROBE";4;63;0x00001d2a;88;1949998;774653;435496;1109976;1134526;541;0;NOSTRESS
138529473146;16753;"NEAR_P1";"INTERVAL";"PROBE";4;63;0x00001d2a;88;1945565;772162;432120;1100830;1135022;19;0;NOSTRESS
138529489903;16839;"NEAR_P1";"INTERVAL";"PROBE";4;63;0x00001d2a;88;1947174;773483;434511;1107251;1133663;472;0;NOSTRESS
138529506763;30663;"TRAJ_R1";"INTERVAL";"PROBE";4;63;0x00001d2a;88;3226477;1313575;819028;2001376;2035386;538;0;NOSTRESS
138530769878;366632;"MAF";"INTERVAL";"PROBE";4;63;0x00001d2a;89;42079562;16746122;9487933;24084871;24664594;7173;0;NOSTRESS
138530769898;83;"SENS_C1";"INTERVAL";"PROBE";4;63;0x00001d2a;89;761;626;440;1050;0;117;0;NOSTRESS
138530769986;91;"LOC_C1";"INTERVAL";"PROBE";4;63;0x00001d2a;89;3828;1840;1240;3114;1844;154;0;NOSTRESS
138530770082;20;"LOC_C2";"INTERVAL";"PROBE";4;63;0x00001d2a;89;342;292;195;591;17;21;0;NOSTRESS
138530770106;96;"LOC_C3";"INTERVAL";"PROBE";4;63;0x00001d2a;89;8888;2451;1712;7710;3855;59;0;NOSTRESS
138530770207;23;"LOC_C4";"INTERVAL";"PROBE";4;63;0x00001d2a;89;345;278;210;586;0;30;0;NOSTRESS
138530770234;17050;"NEAR_P1";"INTERVAL";"PROBE";4;63;0x00001d2a;89;1948062;774209;435118;1110236;1133379;840;0;NOSTRESS
138530787289;16730;"NEAR_P1";"INTERVAL";"PROBE";4;63;0x00001d2a;89;1940597;770617;432079;1100154;1131858;19;0;NOSTRESS
138530804023;16875;"NEAR_P1";"INTERVAL";"PROBE";4;63;0x00001d2a;89;1947055;773602;434963;1109088;1133017;655;0;NOSTRESS
138530820903;16732;"NEAR_P1";"INTERVAL";"PROBE";4;63;0x00001d2a;89;1942217;770992;432021;1099843;1133112;14;0;NOSTRESS
138530837639;16821;"NEAR_P1";"INTERVAL";"PROBE";4;63;0x00001d2a;89;1944657;772365;434335;1106109;1132369;529;0;NOSTRESS
138530854464;16701;"NEAR_P1";"INTERVAL";"PROBE";4;63;0x00001d2a;89;1937262;769159;431774;1098484;1130146;11;0;NOSTRESS
138530871169;16824;"NEAR_P1";"INTERVAL";"PROBE";4;63;0x00001d2a;89;1943488;771983;434226;1105849;1131621;492;0;NOSTRESS
138530887998;16723;"NEAR_P1";"INTERVAL";"PROBE";4;63;0x00001d2a;89;1941490;770628;431885;1099494;1132620;8;0;NOSTRESS
138530904725;16815;"NEAR_P1";"INTERVAL";"PROBE";4;63;0x00001d2a;89;1944873;772410;434312;1105868;1132558;469;0;NOSTRESS
138530921544;16818;"NEAR_P1";"INTERVAL";"PROBE";4;63;0x00001d2a;89;1944722;772406;434292;1106234;1132312;467;0;NOSTRESS
138530938366;16722;"NEAR_P1";"INTERVAL";"PROBE";4;63;0x00001d2a;89;1941152;770536;431909;1099390;1132467;19;0;NOSTRESS
138530955092;16823;"NEAR_P1";"INTERVAL";"PROBE";4;63;0x00001d2a;89;1945576;772604;434408;1106308;1132808;454;0;NOSTRESS
138530971919;16710;"NEAR_P1";"INTERVAL";"PROBE";4;63;0x00001d2a;89;1938972;769752;431806;1098924;1131188;19;0;NOSTRESS
138530988634;16820;"NEAR_P1";"INTERVAL";"PROBE";4;63;0x00001d2a;89;1944569;772422;434382;1106176;1132195;472;0;NOSTRESS
138531005458;16733;"NEAR_P1";"INTERVAL";"PROBE";4;63;0x00001d2a;89;1942724;771028;432033;1099856;1133214;18;0;NOSTRESS
138531022195;16816;"NEAR_P1";"INTERVAL";"PROBE";4;63;0x00001d2a;89;1944599;772445;434355;1106099;1132184;462;0;NOSTRESS
138531039016;16714;"NEAR_P1";"INTERVAL";"PROBE";4;63;0x00001d2a;89;1938509;769883;431864;1099116;1130654;19;0;NOSTRESS
138531055735;16824;"NEAR_P1";"INTERVAL";"PROBE";4;63;0x00001d2a;89;1946259;772943;434372;1106309;1133294;461;0;NOSTRESS
138531072564;16717;"NEAR_P1";"INTERVAL";"PROBE";4;63;0x00001d2a;89;1939831;770138;431874;1099217;1131495;18;0;NOSTRESS
138531089285;16814;"NEAR_P1";"INTERVAL";"PROBE";4;63;0x00001d2a;89;1943958;772221;434315;1105887;1131851;470;0;NOSTRESS
138531106103;30403;"TRAJ_R1";"INTERVAL";"PROBE";4;63;0x00001d2a;89;3195233;1301199;811769;1983878;2014536;625;0;NOSTRESS
138532369873;366572;"MAF";"INTERVAL";"PROBE";4;63;0x00001d2a;90;42084830;16737746;9480075;24063873;24671245;7399;0;NOSTRESS
138532369895;79;"SENS_C1";"INTERVAL";"PROBE";4;63;0x00001d2a;90;767;639;438;1042;0;115;0;NOSTRESS
138532369978;88;"LOC_C1";"INTERVAL";"PROBE";4;63;0x00001d2a;90;3752;1818;1244;3080;1814;157;0;NOSTRESS
138532370070;23;"LOC_C2";"INTERVAL";"PROBE";4;63;0x00001d2a;90;347;294;197;600;17;22;0;NOSTRESS
138532370097;93;"LOC_C3";"INTERVAL";"PROBE";4;63;0x00001d2a;90;8804;2418;1707;7668;3813;60;0;NOSTRESS
138532370196;24;"LOC_C4";"INTERVAL";"PROBE";4;63;0x00001d2a;90;345;281;212;594;0;33;0;NOSTRESS
138532370224;17032;"NEAR_P1";"INTERVAL";"PROBE";4;63;0x00001d2a;90;1949181;774322;435236;1110308;1133971;846;0;NOSTRESS
138532387261;16734;"NEAR_P1";"INTERVAL";"PROBE";4;63;0x00001d2a;90;1943590;771187;432135;1100585;1133581;17;0;NOSTRESS
138532403999;16856;"NEAR_P1";"INTERVAL";"PROBE";4;63;0x00001d2a;90;1945442;772300;434365;1106251;1132810;465;0;NOSTRESS
138532420859;16729;"NEAR_P1";"INTERVAL";"PROBE";4;63;0x00001d2a;90;1942843;770958;432110;1099894;1133406;13;0;NOSTRESS
138532437592;16848;"NEAR_P1";"INTERVAL";"PROBE";4;63;0x00001d2a;90;1944321;772178;434371;1105891;1132122;490;0;NOSTRESS
138532454444;16733;"NEAR_P1";"INTERVAL";"PROBE";4;63;0x00001d2a;90;1944162;771385;432132;1099994;1134294;9;0;NOSTRESS
138532471181;16870;"NEAR_P1";"INTERVAL";"PROBE";4;63;0x00001d2a;90;1948955;773504;434934;1108085;1134677;604;0;NOSTRESS
138532488056;16716;"NEAR_P1";"INTERVAL";"PROBE";4;63;0x00001d2a;90;1941876;770399;431985;1099152;1133116;7;0;NOSTRESS
138532504776;16822;"NEAR_P1";"INTERVAL";"PROBE";4;63;0x00001d2a;90;1947138;772857;434495;1106320;1133951;502;0;NOSTRESS
138532521603;16823;"NEAR_P1";"INTERVAL";"PROBE";4;63;0x00001d2a;90;1948065;773092;434493;1106527;1134642;470;0;NOSTRESS
138532538430;16887;"NEAR_P1";"INTERVAL";"PROBE";4;63;0x00001d2a;90;1942302;770596;432010;1099480;1133299;46;0;NOSTRESS
138532555321;16835;"NEAR_P1";"INTERVAL";"PROBE";4;63;0x00001d2a;90;1947265;772975;434403;1106411;1134232;586;0;NOSTRESS
138532572161;16724;"NEAR_P1";"INTERVAL";"PROBE";4;63;0x00001d2a;90;1943178;770846;432005;1099519;1133834;20;0;NOSTRESS
138532588889;16810;"NEAR_P1";"INTERVAL";"PROBE";4;63;0x00001d2a;90;1944877;772047;434369;1105852;1132681;463;0;NOSTRESS
138532605703;16724;"NEAR_P1";"INTERVAL";"PROBE";4;63;0x00001d2a;90;1943046;770845;431980;1099537;1133669;18;0;NOSTRESS
138532622431;16846;"NEAR_P1";"INTERVAL";"PROBE";4;63;0x00001d2a;90;1945425;772259;434290;1105698;1133142;467;0;NOSTRESS
138532639282;16713;"NEAR_P1";"INTERVAL";"PROBE";4;63;0x00001d2a;90;1940869;770108;431862;1099071;1132484;18;0;NOSTRESS
138532655999;16839;"NEAR_P1";"INTERVAL";"PROBE";4;63;0x00001d2a;90;1946789;772813;434391;1106482;1133828;462;0;NOSTRESS
138532672842;16725;"NEAR_P1";"INTERVAL";"PROBE";4;63;0x00001d2a;90;1943106;770924;432018;1099661;1133887;15;0;NOSTRESS
138532689571;16824;"NEAR_P1";"INTERVAL";"PROBE";4;63;0x00001d2a;90;1947226;772988;434479;1106515;1134123;474;0;NOSTRESS
138532706419;30022;"TRAJ_R1";"INTERVAL";"PROBE";4;63;0x00001d2a;90;3160901;1286289;801692;1959103;1993852;541;0;NOSTRESS
138533969915;365421;"MAF";"INTERVAL";"PROBE";4;63;0x00001d2a;91;41899212;16680263;9462857;24002234;24559425;7004;0;NOSTRESS
138533969937;81;"SENS_C1";"INTERVAL";"PROBE";4;63;0x00001d2a;91;799;654;445;1117;0;126;0;NOSTRESS
138533970023;93;"LOC_C1";"INTERVAL";"PROBE";4;63;0x00001d2a;91;3737;1809;1242;3109;1782;157;0;NOSTRESS
138533970120;19;"LOC_C2";"INTERVAL";"PROBE";4;63;0x00001d2a;91;342;292;195;591;17;19;0;NOSTRESS
138533970144;96;"LOC_C3";"INTERVAL";"PROBE";4;63;0x00001d2a;91;8940;2438;1711;7711;3902;59;0;NOSTRESS
138533970245;22;"LOC_C4";"INTERVAL";"PROBE";4;63;0x00001d2a;91;344;281;210;590;0;31;0;NOSTRESS
138533970271;16967;"NEAR_P1";"INTERVAL";"PROBE";4;63;0x00001d2a;91;1941251;772004;435009;1108641;1129039;844;0;NOSTRESS
138533987243;16696;"NEAR_P1";"INTERVAL";"PROBE";4;63;0x00001d2a;91;1935525;768885;431685;1098335;1128955;16;0;NOSTRESS
138534003943;16817;"NEAR_P1";"INTERVAL";"PROBE";4;63;0x00001d2a;91;1940292;771103;434205;1105315;1129644;543;0;NOSTRESS
138534020764;16684;"NEAR_P1";"INTERVAL";"PROBE";4;63;0x00001d2a;91;1933479;768123;431613;1097468;1128071;15;0;NOSTRESS
138534037452;16817;"NEAR_P1";"INTERVAL";"PROBE";4;63;0x00001d2a;91;1940531;770932;434098;1104646;1130030;508;0;NOSTRESS
138534054273;16694;"NEAR_P1";"INTERVAL";"PROBE";4;63;0x00001d2a;91;1935743;768653;431781;1097638;1129346;11;0;NOSTRESS
138534070971;16821;"NEAR_P1";"INTERVAL";"PROBE";4;63;0x00001d2a;91;1938763;770404;434031;1104159;1129042;488;0;NOSTRESS
138534087796;16697;"NEAR_P1";"INTERVAL";"PROBE";4;63;0x00001d2a;91;1936326;768786;431701;1098090;1129679;7;0;NOSTRESS
138534104497;16821;"NEAR_P1";"INTERVAL";"PROBE";4;63;0x00001d2a;91;1941751;771301;434154;1104969;1130750;486;0;NOSTRESS
138534121322;16784;"NEAR_P1";"INTERVAL";"PROBE";4;63;0x00001d2a;91;1937938;770215;434054;1104425;1128427;478;0;NOSTRESS
138534138111;16685;"NEAR_P1";"INTERVAL";"PROBE";4;63;0x00001d2a;91;1934448;768242;431600;1097425;1128630;19;0;NOSTRESS
138534154800;16797;"NEAR_P1";"INTERVAL";"PROBE";4;63;0x00001d2a;91;1940658;771162;434209;1104876;1130021;474;0;NOSTRESS
138534171601;16696;"NEAR_P1";"INTERVAL";"PROBE";4;63;0x00001d2a;91;1936246;768772;431721;1097699;1129679;18;0;NOSTRESS
138534188301;16802;"NEAR_P1";"INTERVAL";"PROBE";4;63;0x00001d2a;91;1939819;770784;434137;1104445;1129715;477;0;NOSTRESS
138534205107;16704;"NEAR_P1";"INTERVAL";"PROBE";4;63;0x00001d2a;91;1936358;769152;431784;1098148;1129709;17;0;NOSTRESS
138534221815;16794;"NEAR_P1";"INTERVAL";"PROBE";4;63;0x00001d2a;91;1939160;770838;434153;1104742;1129181;468;0;NOSTRESS
138534238613;16690;"NEAR_P1";"INTERVAL";"PROBE";4;63;0x00001d2a;91;1933637;768273;431659;1097700;1128023;19;0;NOSTRESS
138534255307;16793;"NEAR_P1";"INTERVAL";"PROBE";4;63;0x00001d2a;91;1938891;770648;434129;1104595;1129112;473;0;NOSTRESS
138534272104;16699;"NEAR_P1";"INTERVAL";"PROBE";4;63;0x00001d2a;91;1935845;768949;431720;1098009;1129428;18;0;NOSTRESS
138534288807;16835;"NEAR_P1";"INTERVAL";"PROBE";4;63;0x00001d2a;91;1940565;771090;434291;1104912;1130156;431;0;NOSTRESS
138534305678;29653;"TRAJ_R1";"INTERVAL";"PROBE";4;63;0x00001d2a;91;3118213;1269372;791277;1933616;1967087;557;0;NOSTRESS
138535569872;365419;"MAF";"INTERVAL";"PROBE";4;63;0x00001d2a;92;41933654;16687544;9455850;24002642;24569244;7544;0;NOSTRESS
138535569890;76;"SENS_C1";"INTERVAL";"PROBE";4;63;0x00001d2a;92;746;625;438;1041;0;117;0;NOSTRESS
138535569970;100;"LOC_C1";"INTERVAL";"PROBE";4;63;0x00001d2a;92;3778;1829;1245;3099;1814;162;0;NOSTRESS
138535570074;21;"LOC_C2";"INTERVAL";"PROBE";4;63;0x00001d2a;92;344;292;195;592;17;22;0;NOSTRESS
138535570099;95;"LOC_C3";"INTERVAL";"PROBE";4;63;0x00001d2a;92;8887;2426;1705;7705;3869;61;0;NOSTRESS
138535570200;21;"LOC_C4";"INTERVAL";"PROBE";4;63;0x00001d2a;92;358;284;212;615;0;29;0;NOSTRESS
138535570225;16989;"NEAR_P1";"INTERVAL";"PROBE";4;63;0x00001d2a;92;1944771;773078;435091;1109477;1131036;847;0;NOSTRESS
138535587218;16717;"NEAR_P1";"INTERVAL";"PROBE";4;63;0x00001d2a;92;1940684;770286;431925;1099530;1131856;17;0;NOSTRESS
138535603939;16806;"NEAR_P1";"INTERVAL";"PROBE";4;63;0x00001d2a;92;1941551;771464;434183;1105747;1130221;532;0;NOSTRESS
138535620749;16710;"NEAR_P1";"INTERVAL";"PROBE";4;63;0x00001d2a;92;1939380;769872;431867;1099241;1131165;15;0;NOSTRESS
138535637463;16817;"NEAR_P1";"INTERVAL";"PROBE";4;63;0x00001d2a;92;1943938;772309;434405;1106226;1131545;500;0;NOSTRESS
138535654284;16704;"NEAR_P1";"INTERVAL";"PROBE";4;63;0x00001d2a;92;1938349;769553;431820;1098825;1130566;10;0;NOSTRESS
138535670992;16826;"NEAR_P1";"INTERVAL";"PROBE";4;63;0x00001d2a;92;1943561;772160;434338;1105918;1131523;492;0;NOSTRESS
138535687823;16710;"NEAR_P1";"INTERVAL";"PROBE";4;63;0x00001d2a;92;1939350;770044;431879;1099205;1131065;10;0;NOSTRESS
138535704537;16821;"NEAR_P1";"INTERVAL";"PROBE";4;63;0x00001d2a;92;1941427;771417;434216;1105486;1130247;483;0;NOSTRESS
138535721362;16843;"NEAR_P1";"INTERVAL";"PROBE";4;63;0x00001d2a;92;1942538;771791;434282;1105781;1130701;474;0;NOSTRESS
138535738210;16704;"NEAR_P1";"INTERVAL";"PROBE";4;63;0x00001d2a;92;1938297;769435;431866;1098795;1130467;21;0;NOSTRESS
138535754919;16830;"NEAR_P1";"INTERVAL";"PROBE";4;63;0x00001d2a;92;1944039;772145;434305;1105932;1131764;474;0;NOSTRESS
138535771753;16719;"NEAR_P1";"INTERVAL";"PROBE";4;63;0x00001d2a;92;1941134;770415;431994;1099456;1132050;20;0;NOSTRESS
138535788476;16839;"NEAR_P1";"INTERVAL";"PROBE";4;63;0x00001d2a;92;1944928;772724;434821;1107742;1131754;606;0;NOSTRESS
138535805319;16716;"NEAR_P1";"INTERVAL";"PROBE";4;63;0x00001d2a;92;1940874;770335;431966;1099233;1131927;19;0;NOSTRESS
138535822040;16820;"NEAR_P1";"INTERVAL";"PROBE";4;63;0x00001d2a;92;1943588;772042;434274;1105997;1131399;501;0;NOSTRESS
138535838864;16721;"NEAR_P1";"INTERVAL";"PROBE";4;63;0x00001d2a;92;1940995;770617;431961;1099647;1131956;19;0;NOSTRESS
138535855589;16796;"NEAR_P1";"INTERVAL";"PROBE";4;63;0x00001d2a;92;1941277;771351;434221;1105537;1130044;474;0;NOSTRESS
138535872390;16715;"NEAR_P1";"INTERVAL";"PROBE";4;63;0x00001d2a;92;1939742;770089;431914;1099391;1131219;19;0;NOSTRESS
138535889109;16797;"NEAR_P1";"INTERVAL";"PROBE";4;63;0x00001d2a;92;1940692;771099;434241;1105237;1129745;481;0;NOSTRESS
138535905911;29376;"TRAJ_R1";"INTERVAL";"PROBE";4;63;0x00001d2a;92;3078074;1252441;779958;1906568;1941294;675;0;NOSTRESS
138537169853;365461;"MAF";"INTERVAL";"PROBE";4;63;0x00001d2a;93;41998980;16703150;9449258;23996765;24613757;7063;0;NOSTRESS
138537169873;79;"SENS_C1";"INTERVAL";"PROBE";4;63;0x00001d2a;93;759;623;439;1062;0;123;0;NOSTRESS
138537169956;93;"LOC_C1";"INTERVAL";"PROBE";4;63;0x00001d2a;93;3711;1803;1232;3063;1796;159;0;NOSTRESS
138537170053;19;"LOC_C2";"INTERVAL";"PROBE";4;63;0x00001d2a;93;342;292;195;591;17;20;0;NOSTRESS
138537170076;94;"LOC_C3";"INTERVAL";"PROBE";4;63;0x00001d2a;93;8887;2430;1699;7672;3882;59;0;NOSTRESS
138537170176;21;"LOC_C4";"INTERVAL";"PROBE";4;63;0x00001d2a;93;347;277;209;588;0;29;0;NOSTRESS
138537170202;16997;"NEAR_P1";"INTERVAL";"PROBE";4;63;0x00001d2a;93;1949720;774674;435255;1110650;1134424;787;0;NOSTRESS
138537187203;16758;"NEAR_P1";"INTERVAL";"PROBE";4;63;0x00001d2a;93;1947946;772830;432445;1101610;1136168;15;0;NOSTRESS
138537203965;16871;"NEAR_P1";"INTERVAL";"PROBE";4;63;0x00001d2a;93;1949617;774082;434626;1107545;1135323;475;0;NOSTRESS
138537220841;16745;"NEAR_P1";"INTERVAL";"PROBE";4;63;0x00001d2a;93;1946378;772254;432282;1100809;1135483;10;0;NOSTRESS
138537237591;16867;"NEAR_P1";"INTERVAL";"PROBE";4;63;0x00001d2a;93;1946931;773074;434505;1106874;1133749;516;0;NOSTRESS
138537254462;16735;"NEAR_P1";"INTERVAL";"PROBE";4;63;0x00001d2a;93;1943941;771365;432203;1100433;1133994;10;0;NOSTRESS
138537271201;16851;"NEAR_P1";"INTERVAL";"PROBE";4;63;0x00001d2a;93;1950458;774283;434784;1107729;1135564;488;0;NOSTRESS
138537288056;16751;"NEAR_P1";"INTERVAL";"PROBE";4;63;0x00001d2a;93;1947292;772435;432353;1100998;1135955;7;0;NOSTRESS
138537304811;16828;"NEAR_P1";"INTERVAL";"PROBE";4;63;0x00001d2a;93;1947632;773267;434629;1106719;1134170;478;0;NOSTRESS
138537321643;16859;"NEAR_P1";"INTERVAL";"PROBE";4;63;0x00001d2a;93;1948223;773668;434537;1106991;1134621;463;0;NOSTRESS
138537338507;16742;"NEAR_P1";"INTERVAL";"PROBE";4;63;0x00001d2a;93;1945175;771819;432226;1100503;1134930;19;0;NOSTRESS
138537355253;16868;"NEAR_P1";"INTERVAL";"PROBE";4;63;0x00001d2a;93;1948801;773484;434597;1106885;1134948;474;0;NOSTRESS
138537372125;16738;"NEAR_P1";"INTERVAL";"PROBE";4;63;0x00001d2a;93;1944697;771613;432233;1100283;1134638;19;0;NOSTRESS
138537388867;16858;"NEAR_P1";"INTERVAL";"PROBE";4;63;0x00001d2a;93;1947036;772963;434503;1106561;1134061;470;0;NOSTRESS
138537405729;16745;"NEAR_P1";"INTERVAL";"PROBE";4;63;0x00001d2a;93;1946254;772015;432291;1100542;1135548;17;0;NOSTRESS
138537422478;16856;"NEAR_P1";"INTERVAL";"PROBE";4;63;0x00001d2a;93;1948786;773645;434597;1107131;1134892;473;0;NOSTRESS
138537439338;16742;"NEAR_P1";"INTERVAL";"PROBE";4;63;0x00001d2a;93;1944976;771800;432253;1100557;1134658;18;0;NOSTRESS
138537456084;16865;"NEAR_P1";"INTERVAL";"PROBE";4;63;0x00001d2a;93;1949936;774256;435097;1108866;1135095;612;0;NOSTRESS
138537472953;16734;"NEAR_P1";"INTERVAL";"PROBE";4;63;0x00001d2a;93;1944344;771412;432207;1100136;1134458;15;0;NOSTRESS
138537489692;16845;"NEAR_P1";"INTERVAL";"PROBE";4;63;0x00001d2a;93;1950076;774055;434696;1107485;1135616;514;0;NOSTRESS
138537506559;28750;"TRAJ_R1";"INTERVAL";"PROBE";4;63;0x00001d2a;93;3027130;1231633;767125;1875219;1909767;550;0;NOSTRESS
138538769852;364760;"MAF";"INTERVAL";"PROBE";4;63;0x00001d2a;94;41883913;16662722;9435604;23954386;24541361;6860;0;NOSTRESS
138538769870;73;"SENS_C1";"INTERVAL";"PROBE";4;63;0x00001d2a;94;750;636;438;1031;0;116;0;NOSTRESS
138538769948;91;"LOC_C1";"INTERVAL";"PROBE";4;63;0x00001d2a;94;3675;1801;1240;3082;1759;154;0;NOSTRESS
138538770044;18;"LOC_C2";"INTERVAL";"PROBE";4;63;0x00001d2a;94;347;294;197;600;17;19;0;NOSTRESS
138538770068;93;"LOC_C3";"INTERVAL";"PROBE";4;63;0x00001d2a;94;8801;2419;1702;7640;3820;64;0;NOSTRESS
138538770167;23;"LOC_C4";"INTERVAL";"PROBE";4;63;0x00001d2a;94;346;281;210;589;0;31;0;NOSTRESS
138538770194;16992;"NEAR_P1";"INTERVAL";"PROBE";4;63;0x00001d2a;94;1947858;773866;435239;1109933;1133257;756;0;NOSTRESS
138538787191;16745;"NEAR_P1";"INTERVAL";"PROBE";4;63;0x00001d2a;94;1943750;771589;432408;1101305;1133443;14;0;NOSTRESS
138538803941;16849;"NEAR_P1";"INTERVAL";"PROBE";4;63;0x00001d2a;94;1947983;773635;434871;1107882;1133977;544;0;NOSTRESS
138538820795;16743;"NEAR_P1";"INTERVAL";"PROBE";4;63;0x00001d2a;94;1944300;771590;432334;1100874;1134125;11;0;NOSTRESS
138538837542;16826;"NEAR_P1";"INTERVAL";"PROBE";4;63;0x00001d2a;94;1944536;772507;434668;1106780;1132125;494;0;NOSTRESS
138538854372;16739;"NEAR_P1";"INTERVAL";"PROBE";4;63;0x00001d2a;94;1943322;771351;432349;1100487;1133483;8;0;NOSTRESS
138538871115;16855;"NEAR_P1";"INTERVAL";"PROBE";4;63;0x00001d2a;94;1944913;772657;434582;1106702;1132362;483;0;NOSTRESS
138538887975;16722;"NEAR_P1";"INTERVAL";"PROBE";4;63;0x00001d2a;94;1940086;770149;432171;1099757;1131683;10;0;NOSTRESS
138538904701;16839;"NEAR_P1";"INTERVAL";"PROBE";4;63;0x00001d2a;94;1944177;772210;434550;1106417;1132029;472;0;NOSTRESS
138538921545;16823;"NEAR_P1";"INTERVAL";"PROBE";4;63;0x00001d2a;94;1944206;772474;434629;1106560;1132060;475;0;NOSTRESS
138538938372;16729;"NEAR_P1";"INTERVAL";"PROBE";4;63;0x00001d2a;94;1942466;770710;432245;1099738;1133166;19;0;NOSTRESS
138538955105;16824;"NEAR_P1";"INTERVAL";"PROBE";4;63;0x00001d2a;94;1945128;772728;434641;1106702;1132399;465;0;NOSTRESS
138538971934;16737;"NEAR_P1";"INTERVAL";"PROBE";4;63;0x00001d2a;94;1942412;771177;432223;1100305;1133024;20;0;NOSTRESS
138538988675;16860;"NEAR_P1";"INTERVAL";"PROBE";4;63;0x00001d2a;94;1945734;772679;434540;1106473;1133049;459;0;NOSTRESS
138539005539;16719;"NEAR_P1";"INTERVAL";"PROBE";4;63;0x00001d2a;94;1939028;769875;432092;1099375;1131003;20;0;NOSTRESS
138539022262;16848;"NEAR_P1";"INTERVAL";"PROBE";4;63;0x00001d2a;94;1946614;772880;434584;1106808;1133497;468;0;NOSTRESS
138539039115;16736;"NEAR_P1";"INTERVAL";"PROBE";4;63;0x00001d2a;94;1942726;771170;432258;1100273;1133276;19;0;NOSTRESS
138539055855;16855;"NEAR_P1";"INTERVAL";"PROBE";4;63;0x00001d2a;94;1945062;772542;434555;1106403;1132522;467;0;NOSTRESS
138539072714;16730;"NEAR_P1";"INTERVAL";"PROBE";4;63;0x00001d2a;94;1942623;770812;432211;1099847;1133467;16;0;NOSTRESS
138539089448;16840;"NEAR_P1";"INTERVAL";"PROBE";4;63;0x00001d2a;94;1945718;772611;434557;1106321;1133173;465;0;NOSTRESS
138539106310;28298;"TRAJ_R1";"INTERVAL";"PROBE";4;63;0x00001d2a;94;2977718;1210996;754061;1843222;1878645;557;0;NOSTRESS
138540369844;364163;"MAF";"INTERVAL";"PROBE";4;63;0x00001d2a;95;41836191;16638971;9418913;23912615;24512806;7238;0;NOSTRESS
138540369862;78;"SENS_C1";"INTERVAL";"PROBE";4;63;0x00001d2a;95;741;628;438;1008;0;115;0;NOSTRESS
138540369944;93;"LOC_C1";"INTERVAL";"PROBE";4;63;0x00001d2a;95;3594;1769;1231;3036;1725;153;0;NOSTRESS
138540370041;21;"LOC_C2";"INTERVAL";"PROBE";4;63;0x00001d2a;95;342;292;195;591;17;20;0;NOSTRESS
138540370067;90;"LOC_C3";"INTERVAL";"PROBE";4;63;0x00001d2a;95;8830;2418;1692;7608;3833;58;0;NOSTRESS
138540370163;23;"LOC_C4";"INTERVAL";"PROBE";4;63;0x00001d2a;95;344;281;212;588;0;33;0;NOSTRESS
138540370190;16985;"NEAR_P1";"INTERVAL";"PROBE";4;63;0x00001d2a;95;1947910;773943;434881;1108985;1133272;775;0;NOSTRESS
138540387179;16729;"NEAR_P1";"INTERVAL";"PROBE";4;63;0x00001d2a;95;1943610;771235;432189;1100219;1133756;18;0;NOSTRESS
138540403912;16870;"NEAR_P1";"INTERVAL";"PROBE";4;63;0x00001d2a;95;1947939;773373;434570;1107204;1134108;523;0;NOSTRESS
138540420787;16883;"NEAR_P1";"INTERVAL";"PROBE";4;63;0x00001d2a;95;1942381;770920;432103;1099861;1133131;36;0;NOSTRESS
138540437674;16845;"NEAR_P1";"INTERVAL";"PROBE";4;63;0x00001d2a;95;1945998;772633;434445;1106407;1133177;593;0;NOSTRESS
138540454523;16719;"NEAR_P1";"INTERVAL";"PROBE";4;63;0x00001d2a;95;1941975;770740;432058;1099647;1133000;9;0;NOSTRESS
138540471247;16815;"NEAR_P1";"INTERVAL";"PROBE";4;63;0x00001d2a;95;1945890;772690;434458;1106312;1133118;485;0;NOSTRESS
138540488067;16715;"NEAR_P1";"INTERVAL";"PROBE";4;63;0x00001d2a;95;1941988;770668;432125;1099485;1132839;7;0;NOSTRESS
138540504786;16802;"NEAR_P1";"INTERVAL";"PROBE";4;63;0x00001d2a;95;1944074;772021;434395;1105774;1132066;488;0;NOSTRESS
138540521593;16836;"NEAR_P1";"INTERVAL";"PROBE";4;63;0x00001d2a;95;1946507;772699;434505;1106467;1133488;471;0;NOSTRESS
138540538433;16711;"NEAR_P1";"INTERVAL";"PROBE";4;63;0x00001d2a;95;1940872;770235;431949;1099098;1132504;18;0;NOSTRESS
138540555148;16830;"NEAR_P1";"INTERVAL";"PROBE";4;63;0x00001d2a;95;1945416;772396;434378;1106114;1132869;465;0;NOSTRESS
138540571982;16717;"NEAR_P1";"INTERVAL";"PROBE";4;63;0x00001d2a;95;1941608;770441;432005;1099459;1132849;20;0;NOSTRESS
138540588703;16819;"NEAR_P1";"INTERVAL";"PROBE";4;63;0x00001d2a;95;1946263;772981;434549;1106600;1133350;476;0;NOSTRESS
138540605526;16717;"NEAR_P1";"INTERVAL";"PROBE";4;63;0x00001d2a;95;1942461;770677;432007;1099440;1133348;18;0;NOSTRESS
138540622247;16812;"NEAR_P1";"INTERVAL";"PROBE";4;63;0x00001d2a;95;1945740;772485;434418;1106274;1132985;472;0;NOSTRESS
138540639063;16729;"NEAR_P1";"INTERVAL";"PROBE";4;63;0x00001d2a;95;1944529;771358;432176;1100011;1134423;17;0;NOSTRESS
138540655796;16834;"NEAR_P1";"INTERVAL";"PROBE";4;63;0x00001d2a;95;1945366;772382;434390;1106038;1132955;484;0;NOSTRESS
138540672634;16720;"NEAR_P1";"INTERVAL";"PROBE";4;63;0x00001d2a;95;1942602;770754;432065;1099454;1133379;16;0;NOSTRESS
138540689358;16846;"NEAR_P1";"INTERVAL";"PROBE";4;63;0x00001d2a;95;1948326;773165;434565;1106697;1134463;468;0;NOSTRESS
138540706225;27777;"TRAJ_R1";"INTERVAL";"PROBE";4;63;0x00001d2a;95;2920615;1188390;740412;1809767;1842151;544;0;NOSTRESS
138541969869;363234;"MAF";"INTERVAL";"PROBE";4;63;0x00001d2a;96;41683508;16595256;9401418;23863917;24417203;6814;0;NOSTRESS
138541969887;78;"SENS_C1";"INTERVAL";"PROBE";4;63;0x00001d2a;96;758;627;437;1045;0;116;0;NOSTRESS
138541969969;99;"LOC_C1";"INTERVAL";"PROBE";4;63;0x00001d2a;96;3698;1810;1242;3080;1773;157;0;NOSTRESS
138541970072;20;"LOC_C2";"INTERVAL";"PROBE";4;63;0x00001d2a;96;344;292;195;592;17;20;0;NOSTRESS
138541970097;93;"LOC_C3";"INTERVAL";"PROBE";4;63;0x00001d2a;96;8811;2418;1711;7687;3818;63;0;NOSTRESS
138541970195;23;"LOC_C4";"INTERVAL";"PROBE";4;63;0x00001d2a;96;346;281;211;591;0;29;0;NOSTRESS
138541970222;16976;"NEAR_P1";"INTERVAL";"PROBE";4;63;0x00001d2a;96;1943088;772816;434784;1108320;1130272;816;0;NOSTRESS
138541987203;16709;"NEAR_P1";"INTERVAL";"PROBE";4;63;0x00001d2a;96;1936433;769455;431914;1099202;1129372;15;0;NOSTRESS
138542003916;16824;"NEAR_P1";"INTERVAL";"PROBE";4;63;0x00001d2a;96;1943311;772404;434422;1106335;1131172;516;0;NOSTRESS
138542020744;16705;"NEAR_P1";"INTERVAL";"PROBE";4;63;0x00001d2a;96;1936064;769178;431874;1098756;1129236;15;0;NOSTRESS
138542037453;16810;"NEAR_P1";"INTERVAL";"PROBE";4;63;0x00001d2a;96;1941561;771717;434352;1105603;1130464;492;0;NOSTRESS
138542054268;16724;"NEAR_P1";"INTERVAL";"PROBE";4;63;0x00001d2a;96;1939609;770410;432041;1099609;1131324;10;0;NOSTRESS
138542070996;16809;"NEAR_P1";"INTERVAL";"PROBE";4;63;0x00001d2a;96;1940140;771426;434372;1105591;1129450;483;0;NOSTRESS
138542087810;16723;"NEAR_P1";"INTERVAL";"PROBE";4;63;0x00001d2a;96;1940579;770563;432020;1099475;1131948;8;0;NOSTRESS
138542104537;16809;"NEAR_P1";"INTERVAL";"PROBE";4;63;0x00001d2a;96;1939952;771183;434214;1105136;1129575;390;0;NOSTRESS
138542121350;16807;"NEAR_P1";"INTERVAL";"PROBE";4;63;0x00001d2a;96;1941002;771400;434356;1105589;1129912;469;0;NOSTRESS
138542138161;16720;"NEAR_P1";"INTERVAL";"PROBE";4;63;0x00001d2a;96;1939416;770192;431986;1099280;1131255;19;0;NOSTRESS
138542154886;16803;"NEAR_P1";"INTERVAL";"PROBE";4;63;0x00001d2a;96;1940721;771528;434350;1105523;1129843;465;0;NOSTRESS
138542171694;16700;"NEAR_P1";"INTERVAL";"PROBE";4;63;0x00001d2a;96;1935411;768905;431836;1098300;1128914;19;0;NOSTRESS
138542188399;16820;"NEAR_P1";"INTERVAL";"PROBE";4;63;0x00001d2a;96;1940050;771254;434204;1105497;1129542;463;0;NOSTRESS
138542205224;16702;"NEAR_P1";"INTERVAL";"PROBE";4;63;0x00001d2a;96;1934982;768999;431784;1098590;1128576;18;0;NOSTRESS
138542221930;16826;"NEAR_P1";"INTERVAL";"PROBE";4;63;0x00001d2a;96;1939934;771292;434323;1105496;1129447;470;0;NOSTRESS
138542238760;16725;"NEAR_P1";"INTERVAL";"PROBE";4;63;0x00001d2a;96;1939491;770337;432031;1099447;1131395;19;0;NOSTRESS
138542255489;16803;"NEAR_P1";"INTERVAL";"PROBE";4;63;0x00001d2a;96;1939587;771211;434285;1105456;1129236;473;0;NOSTRESS
138542272296;16706;"NEAR_P1";"INTERVAL";"PROBE";4;63;0x00001d2a;96;1935404;769115;431924;1098554;1128893;19;0;NOSTRESS
138542289006;16820;"NEAR_P1";"INTERVAL";"PROBE";4;63;0x00001d2a;96;1943460;772317;434395;1106254;1131537;470;0;NOSTRESS
138542305830;27269;"TRAJ_R1";"INTERVAL";"PROBE";4;63;0x00001d2a;96;2869733;1167056;726113;1775684;1810232;536;0;NOSTRESS
138543569913;363193;"MAF";"INTERVAL";"PROBE";4;63;0x00001d2a;97;41711053;16591121;9391329;23847032;24428819;7459;0;NOSTRESS
138543569932;82;"SENS_C1";"INTERVAL";"PROBE";4;63;0x00001d2a;97;750;619;438;1049;0;120;0;NOSTRESS
138543570018;91;"LOC_C1";"INTERVAL";"PROBE";4;63;0x00001d2a;97;3730;1817;1239;3073;1795;163;0;NOSTRESS
138543570113;22;"LOC_C2";"INTERVAL";"PROBE";4;63;0x00001d2a;97;345;294;197;599;17;22;0;NOSTRESS
138543570139;93;"LOC_C3";"INTERVAL";"PROBE";4;63;0x00001d2a;97;8833;2421;1705;7642;3826;60;0;NOSTRESS
138543570238;25;"LOC_C4";"INTERVAL";"PROBE";4;63;0x00001d2a;97;346;281;210;591;0;32;0;NOSTRESS
138543570267;17008;"NEAR_P1";"INTERVAL";"PROBE";4;63;0x00001d2a;97;1948657;774063;435286;1110288;1133601;855;0;NOSTRESS
138543587279;16726;"NEAR_P1";"INTERVAL";"PROBE";4;63;0x00001d2a;97;1942078;770672;432066;1100004;1132654;17;0;NOSTRESS
138543604009;16881;"NEAR_P1";"INTERVAL";"PROBE";4;63;0x00001d2a;97;1946293;773360;435366;1109323;1132102;631;0;NOSTRESS
138543620895;16723;"NEAR_P1";"INTERVAL";"PROBE";4;63;0x00001d2a;97;1941393;770533;432087;1099686;1132262;16;0;NOSTRESS
138543637623;16803;"NEAR_P1";"INTERVAL";"PROBE";4;63;0x00001d2a;97;1941911;771422;434279;1105565;1130471;498;0;NOSTRESS
138543654430;16727;"NEAR_P1";"INTERVAL";"PROBE";4;63;0x00001d2a;97;1942482;770846;432090;1099772;1133107;9;0;NOSTRESS
138543671161;16820;"NEAR_P1";"INTERVAL";"PROBE";4;63;0x00001d2a;97;1946141;772610;434417;1106180;1133108;471;0;NOSTRESS
138543687986;16710;"NEAR_P1";"INTERVAL";"PROBE";4;63;0x00001d2a;97;1938904;769730;431976;1099117;1130831;9;0;NOSTRESS
138543704700;16811;"NEAR_P1";"INTERVAL";"PROBE";4;63;0x00001d2a;97;1944113;772179;434422;1106048;1131848;476;0;NOSTRESS
138543721515;16840;"NEAR_P1";"INTERVAL";"PROBE";4;63;0x00001d2a;97;1945368;772341;434519;1106578;1132584;521;0;NOSTRESS
138543738359;16731;"NEAR_P1";"INTERVAL";"PROBE";4;63;0x00001d2a;97;1943054;771083;432069;1099859;1133474;21;0;NOSTRESS
138543755094;16849;"NEAR_P1";"INTERVAL";"PROBE";4;63;0x00001d2a;97;1947602;773368;434532;1106840;1133916;474;0;NOSTRESS
138543771947;16723;"NEAR_P1";"INTERVAL";"PROBE";4;63;0x00001d2a;97;1942108;770707;432059;1099575;1132804;20;0;NOSTRESS
138543788674;16990;"NEAR_P1";"INTERVAL";"PROBE";4;63;0x00001d2a;97;1943636;772025;434450;1106009;1131550;598;0;NOSTRESS
138543805669;16718;"NEAR_P1";"INTERVAL";"PROBE";4;63;0x00001d2a;97;1940420;770153;432055;1099165;1131772;21;0;NOSTRESS
138543822391;16822;"NEAR_P1";"INTERVAL";"PROBE";4;63;0x00001d2a;97;1944871;772653;434464;1106562;1132285;469;0;NOSTRESS
138543839217;16723;"NEAR_P1";"INTERVAL";"PROBE";4;63;0x00001d2a;97;1940586;770375;432092;1099451;1131871;19;0;NOSTRESS
138543855944;16853;"NEAR_P1";"INTERVAL";"PROBE";4;63;0x00001d2a;97;1946024;772558;434429;1106293;1133124;470;0;NOSTRESS
138543872801;16721;"NEAR_P1";"INTERVAL";"PROBE";4;63;0x00001d2a;97;1940340;770183;432013;1099355;1131655;16;0;NOSTRESS
138543889526;16841;"NEAR_P1";"INTERVAL";"PROBE";4;63;0x00001d2a;97;1944835;772531;434389;1106382;1132361;459;0;NOSTRESS
138543906388;26714;"TRAJ_R1";"INTERVAL";"PROBE";4;63;0x00001d2a;97;2815934;1144869;711957;1741442;1775801;546;0;NOSTRESS
138545169889;362624;"MAF";"INTERVAL";"PROBE";4;63;0x00001d2a;98;41646781;16569255;9377873;23816041;24384620;7905;0;NOSTRESS
138545169907;74;"SENS_C1";"INTERVAL";"PROBE";4;63;0x00001d2a;98;752;620;439;1046;0;115;0;NOSTRESS
138545169985;98;"LOC_C1";"INTERVAL";"PROBE";4;63;0x00001d2a;98;3900;1864;1255;3138;1882;154;0;NOSTRESS
138545170087;22;"LOC_C2";"INTERVAL";"PROBE";4;63;0x00001d2a;98;347;294;197;600;17;21;0;NOSTRESS
138545170113;91;"LOC_C3";"INTERVAL";"PROBE";4;63;0x00001d2a;98;8967;2472;1713;7719;3891;60;0;NOSTRESS
138545170210;20;"LOC_C4";"INTERVAL";"PROBE";4;63;0x00001d2a;98;346;278;210;585;0;30;0;NOSTRESS
138545170235;17091;"NEAR_P1";"INTERVAL";"PROBE";4;63;0x00001d2a;98;1950925;775454;436223;1113141;1134119;1023;0;NOSTRESS
138545187331;16721;"NEAR_P1";"INTERVAL";"PROBE";4;63;0x00001d2a;98;1939833;770375;432032;1099775;1131079;20;0;NOSTRESS
138545204057;16854;"NEAR_P1";"INTERVAL";"PROBE";4;63;0x00001d2a;98;1945765;772728;434341;1106791;1132672;578;0;NOSTRESS
138545220916;16721;"NEAR_P1";"INTERVAL";"PROBE";4;63;0x00001d2a;98;1940927;770520;431988;1099423;1132028;18;0;NOSTRESS
138545237641;16895;"NEAR_P1";"INTERVAL";"PROBE";4;63;0x00001d2a;98;1944133;772839;435205;1108939;1130887;754;0;NOSTRESS
138545254541;16715;"NEAR_P1";"INTERVAL";"PROBE";4;63;0x00001d2a;98;1939256;770008;431967;1099135;1130949;13;0;NOSTRESS
138545271260;16870;"NEAR_P1";"INTERVAL";"PROBE";4;63;0x00001d2a;98;1946285;773205;435284;1109230;1132122;632;0;NOSTRESS
138545288135;16722;"NEAR_P1";"INTERVAL";"PROBE";4;63;0x00001d2a;98;1942665;770724;432013;1099439;1133283;7;0;NOSTRESS
138545304862;16819;"NEAR_P1";"INTERVAL";"PROBE";4;63;0x00001d2a;98;1943235;772098;434383;1106257;1130975;494;0;NOSTRESS
138545321685;16876;"NEAR_P1";"INTERVAL";"PROBE";4;63;0x00001d2a;98;1946770;773376;435353;1108806;1132542;701;0;NOSTRESS
138545338565;16724;"NEAR_P1";"INTERVAL";"PROBE";4;63;0x00001d2a;98;1940536;770481;432004;1099355;1131831;24;0;NOSTRESS
138545355293;16832;"NEAR_P1";"INTERVAL";"PROBE";4;63;0x00001d2a;98;1945939;772896;434463;1106708;1132831;506;0;NOSTRESS
138545372129;16712;"NEAR_P1";"INTERVAL";"PROBE";4;63;0x00001d2a;98;1940234;770071;431886;1099061;1131640;21;0;NOSTRESS
138545388846;16803;"NEAR_P1";"INTERVAL";"PROBE";4;63;0x00001d2a;98;1941917;771547;434308;1105545;1130508;477;0;NOSTRESS
138545405653;16725;"NEAR_P1";"INTERVAL";"PROBE";4;63;0x00001d2a;98;1940403;770497;432074;1099416;1131801;20;0;NOSTRESS
138545422382;16836;"NEAR_P1";"INTERVAL";"PROBE";4;63;0x00001d2a;98;1944650;772505;434398;1106064;1132105;464;0;NOSTRESS
138545439222;16724;"NEAR_P1";"INTERVAL";"PROBE";4;63;0x00001d2a;98;1941046;770454;432005;1099418;1132149;22;0;NOSTRESS
138545455950;16809;"NEAR_P1";"INTERVAL";"PROBE";4;63;0x00001d2a;98;1943239;771900;434352;1105736;1131267;465;0;NOSTRESS
138545472764;16716;"NEAR_P1";"INTERVAL";"PROBE";4;63;0x00001d2a;98;1939258;770101;431912;1099175;1131147;19;0;NOSTRESS
138545489485;16817;"NEAR_P1";"INTERVAL";"PROBE";4;63;0x00001d2a;98;1944797;772562;434491;1106283;1132107;467;0;NOSTRESS
138545506324;26184;"TRAJ_R1";"INTERVAL";"PROBE";4;63;0x00001d2a;98;2761058;1122302;697332;1706000;1740788;549;0;NOSTRESS
138546769908;361961;"MAF";"INTERVAL";"PROBE";4;63;0x00001d2a;99;41613596;16549144;9360496;23775791;24366933;7066;0;NOSTRESS
138546769926;82;"SENS_C1";"INTERVAL";"PROBE";4;63;0x00001d2a;99;761;635;441;1057;0;120;0;NOSTRESS
138546770014;91;"LOC_C1";"INTERVAL";"PROBE";4;63;0x00001d2a;99;3870;1864;1252;3143;1872;157;0;NOSTRESS
138546770109;20;"LOC_C2";"INTERVAL";"PROBE";4;63;0x00001d2a;99;342;292;195;591;17;20;0;NOSTRESS
138546770133;93;"LOC_C3";"INTERVAL";"PROBE";4;63;0x00001d2a;99;8926;2446;1714;7743;3858;61;0;NOSTRESS
138546770232;22;"LOC_C4";"INTERVAL";"PROBE";4;63;0x00001d2a;99;344;278;210;584;0;31;0;NOSTRESS
138546770258;17000;"NEAR_P1";"INTERVAL";"PROBE";4;63;0x00001d2a;99;1949788;774393;434984;1109892;1134405;752;0;NOSTRESS
138546787263;16731;"NEAR_P1";"INTERVAL";"PROBE";4;63;0x00001d2a;99;1942853;771112;432079;1100272;1133003;15;0;NOSTRESS
138546803998;16852;"NEAR_P1";"INTERVAL";"PROBE";4;63;0x00001d2a;99;1944896;772314;434353;1106333;1132197;520;0;NOSTRESS
138546820854;16728;"NEAR_P1";"INTERVAL";"PROBE";4;63;0x00001d2a;99;1943215;771008;432038;1099857;1133565;16;0;NOSTRESS
138546837586;16811;"NEAR_P1";"INTERVAL";"PROBE";4;63;0x00001d2a;99;1945035;772246;434298;1106041;1132531;465;0;NOSTRESS
138546854401;16720;"NEAR_P1";"INTERVAL";"PROBE";4;63;0x00001d2a;99;1941949;770499;431879;1099474;1132775;8;0;NOSTRESS
138546871125;16813;"NEAR_P1";"INTERVAL";"PROBE";4;63;0x00001d2a;99;1943863;772097;434347;1105940;1131766;481;0;NOSTRESS
138546887942;16729;"NEAR_P1";"INTERVAL";"PROBE";4;63;0x00001d2a;99;1943952;771070;432028;1099767;1134090;8;0;NOSTRESS
138546904675;16801;"NEAR_P1";"INTERVAL";"PROBE";4;63;0x00001d2a;99;1943221;771680;434187;1105531;1131529;468;0;NOSTRESS
138546921480;16872;"NEAR_P1";"INTERVAL";"PROBE";4;63;0x00001d2a;99;1947766;773516;435335;1108722;1133353;551;0;NOSTRESS
138546938356;16726;"NEAR_P1";"INTERVAL";"PROBE";4;63;0x00001d2a;99;1941413;770607;431986;1099636;1132305;21;0;NOSTRESS
138546955086;16848;"NEAR_P1";"INTERVAL";"PROBE";4;63;0x00001d2a;99;1947662;773363;434505;1106837;1133805;471;0;NOSTRESS
138546971938;16730;"NEAR_P1";"INTERVAL";"PROBE";4;63;0x00001d2a;99;1942423;770941;432076;1099672;1132960;20;0;NOSTRESS
138546988672;16831;"NEAR_P1";"INTERVAL";"PROBE";4;63;0x00001d2a;99;1947677;773288;434509;1106748;1133899;454;0;NOSTRESS
138547005508;16714;"NEAR_P1";"INTERVAL";"PROBE";4;63;0x00001d2a;99;1940130;770075;432012;1099034;1131657;19;0;NOSTRESS
138547022226;16819;"NEAR_P1";"INTERVAL";"PROBE";4;63;0x00001d2a;99;1945213;772605;434432;1106380;1132292;463;0;NOSTRESS
138547039049;16743;"NEAR_P1";"INTERVAL";"PROBE";4;63;0x00001d2a;99;1945375;771797;432172;1100361;1134767;20;0;NOSTRESS
138547055796;16843;"NEAR_P1";"INTERVAL";"PROBE";4;63;0x00001d2a;99;1944990;772383;434494;1106446;1132297;501;0;NOSTRESS
138547072643;16743;"NEAR_P1";"INTERVAL";"PROBE";4;63;0x00001d2a;99;1945400;771854;432184;1100339;1134811;21;0;NOSTRESS
138547089390;16837;"NEAR_P1";"INTERVAL";"PROBE";4;63;0x00001d2a;99;1945848;772692;434342;1106359;1132888;464;0;NOSTRESS
138547106232;25633;"TRAJ_R1";"INTERVAL";"PROBE";4;63;0x00001d2a;99;2697149;1097023;682412;1669873;1700291;691;0;NOSTRESS
138548369905;388552;"MAF";"INTERVAL";"PROBE";4;63;0x00001d2a;100;44304929;17668978;10087959;25529187;26075278;7268;0;NOSTRESS
138548369923;74;"SENS_C1";"INTERVAL";"PROBE";4;63;0x00001d2a;100;734;620;438;1015;0;119;0;NOSTRESS
138548370003;224;"LOC_C1";"INTERVAL";"PROBE";4;63;0x00001d2a;100;3793;1841;1243;3121;1834;171;0;NOSTRESS
138548370231;20;"LOC_C2";"INTERVAL";"PROBE";4;63;0x00001d2a;100;347;294;197;600;17;21;0;NOSTRESS
138548370255;102;"LOC_C3";"INTERVAL";"PROBE";4;63;0x00001d2a;100;8959;2464;1701;7664;3913;61;0;NOSTRESS
138548370362;23;"LOC_C4";"INTERVAL";"PROBE";4;63;0x00001d2a;100;336;270;208;568;0;26;0;NOSTRESS
138548370389;16987;"NEAR_P1";"INTERVAL";"PROBE";4;63;0x00001d2a;100;1944791;772789;435032;1109158;1131632;884;0;NOSTRESS
138548387381;16728;"NEAR_P1";"INTERVAL";"PROBE";4;63;0x00001d2a;100;1942426;770880;431932;1100061;1133258;13;0;NOSTRESS
138548404113;16847;"NEAR_P1";"INTERVAL";"PROBE";4;63;0x00001d2a;100;1945212;772641;434298;1106713;1132668;528;0;NOSTRESS
138548420964;16731;"NEAR_P1";"INTERVAL";"PROBE";4;63;0x00001d2a;100;1942910;771047;431897;1099894;1133589;9;0;NOSTRESS
138548437699;16833;"NEAR_P1";"INTERVAL";"PROBE";4;63;0x00001d2a;100;1943374;771838;434228;1105813;1131757;426;0;NOSTRESS
138548454536;16718;"NEAR_P1";"INTERVAL";"PROBE";4;63;0x00001d2a;100;1940672;770279;431926;1099207;1132362;7;0;NOSTRESS
138548471258;16842;"NEAR_P1";"INTERVAL";"PROBE";4;63;0x00001d2a;100;1943589;772251;434283;1106144;1131729;484;0;NOSTRESS
138548488104;16726;"NEAR_P1";"INTERVAL";"PROBE";4;63;0x00001d2a;100;1941424;770804;432009;1099645;1132617;8;0;NOSTRESS
138548504835;16801;"NEAR_P1";"INTERVAL";"PROBE";4;63;0x00001d2a;100;1941437;771454;434206;1105424;1130402;480;0;NOSTRESS
138548521640;16809;"NEAR_P1";"INTERVAL";"PROBE";4;63;0x00001d2a;100;1942658;771958;434221;1105906;1131087;454;0;NOSTRESS
138548538453;16708;"NEAR_P1";"INTERVAL";"PROBE";4;63;0x00001d2a;100;1937725;769547;431812;1098746;1130266;19;0;NOSTRESS
138548555165;16817;"NEAR_P1";"INTERVAL";"PROBE";4;63;0x00001d2a;100;1944030;772390;434348;1106223;1131911;465;0;NOSTRESS
138548571986;16723;"NEAR_P1";"INTERVAL";"PROBE";4;63;0x00001d2a;100;1940720;770585;431962;1099537;1132127;18;0;NOSTRESS
138548588713;16853;"NEAR_P1";"INTERVAL";"PROBE";4;63;0x00001d2a;100;1945411;773166;435130;1108577;1132008;550;0;NOSTRESS
138548605571;16710;"NEAR_P1";"INTERVAL";"PROBE";4;63;0x00001d2a;100;1938127;769695;431806;1098844;1130505;21;0;NOSTRESS
138548622285;16816;"NEAR_P1";"INTERVAL";"PROBE";4;63;0x00001d2a;100;1943714;772262;434326;1106082;1131703;481;0;NOSTRESS
138548639105;16721;"NEAR_P1";"INTERVAL";"PROBE";4;63;0x00001d2a;100;1940280;770337;431912;1099245;1131957;19;0;NOSTRESS
138548655831;16804;"NEAR_P1";"INTERVAL";"PROBE";4;63;0x00001d2a;100;1942253;771805;434225;1105556;1130865;464;0;NOSTRESS
138548672639;16722;"NEAR_P1";"INTERVAL";"PROBE";4;63;0x00001d2a;100;1940990;770500;431944;1099274;1132149;18;0;NOSTRESS
138548689365;16810;"NEAR_P1";"INTERVAL";"PROBE";4;63;0x00001d2a;100;1942663;772080;434285;1105975;1130999;462;0;NOSTRESS
138548706179;52274;"TRAJ_R1";"INTERVAL";"PROBE";4;63;0x00001d2a;100;5435981;2227751;1411824;3429582;3433923;590;0;NOSTRESS
138549969909;391817;"MAF";"INTERVAL";"PROBE";4;63;0x00001d2a;101;44663273;17815512;10182130;25757288;26302178;7325;0;NOSTRESS
138549969927;78;"SENS_C1";"INTERVAL";"PROBE";4;63;0x00001d2a;101;759;629;439;1032;0;113;0;NOSTRESS
138549970011;95;"LOC_C1";"INTERVAL";"PROBE";4;63;0x00001d2a;101;3843;1882;1247;3121;1835;158;0;NOSTRESS
138549970110;19;"LOC_C2";"INTERVAL";"PROBE";4;63;0x00001d2a;101;342;292;195;591;17;20;0;NOSTRESS
138549970133;94;"LOC_C3";"INTERVAL";"PROBE";4;63;0x00001d2a;101;8703;2398;1695;7558;3779;60;0;NOSTRESS
138549970233;23;"LOC_C4";"INTERVAL";"PROBE";4;63;0x00001d2a;101;338;277;209;586;0;32;0;NOSTRESS
138549970260;17001;"NEAR_P1";"INTERVAL";"PROBE";4;63;0x00001d2a;101;1946416;773927;435151;1109979;1131891;853;0;NOSTRESS
138549987265;16728;"NEAR_P1";"INTERVAL";"PROBE";4;63;0x00001d2a;101;1942832;770903;431999;1099636;1133400;16;0;NOSTRESS
138550003997;16817;"NEAR_P1";"INTERVAL";"PROBE";4;63;0x00001d2a;101;1944138;772134;434242;1105817;1132124;539;0;NOSTRESS
138550020819;16717;"NEAR_P1";"INTERVAL";"PROBE";4;63;0x00001d2a;101;1940529;770290;431853;1099403;1132169;15;0;NOSTRESS
138550037540;16815;"NEAR_P1";"INTERVAL";"PROBE";4;63;0x00001d2a;101;1944323;772365;434295;1106028;1132216;470;0;NOSTRESS
138550054359;16709;"NEAR_P1";"INTERVAL";"PROBE";4;63;0x00001d2a;101;1938795;769819;431792;1098901;1131105;7;0;NOSTRESS
138550071072;16803;"NEAR_P1";"INTERVAL";"PROBE";4;63;0x00001d2a;101;1942080;771614;434133;1105390;1131047;472;0;NOSTRESS
138550087879;16709;"NEAR_P1";"INTERVAL";"PROBE";4;63;0x00001d2a;101;1939186;769838;431828;1098974;1131267;7;0;NOSTRESS
138550104592;16837;"NEAR_P1";"INTERVAL";"PROBE";4;63;0x00001d2a;101;1945099;772570;434232;1105978;1132820;474;0;NOSTRESS
138550121433;16816;"NEAR_P1";"INTERVAL";"PROBE";4;63;0x00001d2a;101;1941254;771286;434052;1105385;1130412;473;0;NOSTRESS
138550138254;16729;"NEAR_P1";"INTERVAL";"PROBE";4;63;0x00001d2a;101;1942662;770998;431990;1099686;1133340;20;0;NOSTRESS
138550154987;16819;"NEAR_P1";"INTERVAL";"PROBE";4;63;0x00001d2a;101;1945199;772622;434359;1106289;1132819;463;0;NOSTRESS
138550171810;16707;"NEAR_P1";"INTERVAL";"PROBE";4;63;0x00001d2a;101;1938123;769659;431724;1098677;1130752;18;0;NOSTRESS
138550188522;16814;"NEAR_P1";"INTERVAL";"PROBE";4;63;0x00001d2a;101;1943776;772229;434265;1106138;1131977;465;0;NOSTRESS
138550205341;16710;"NEAR_P1";"INTERVAL";"PROBE";4;63;0x00001d2a;101;1939213;769802;431758;1098803;1131527;19;0;NOSTRESS
138550222055;16808;"NEAR_P1";"INTERVAL";"PROBE";4;63;0x00001d2a;101;1943640;772041;434214;1105874;1131897;455;0;NOSTRESS
138550238867;16723;"NEAR_P1";"INTERVAL";"PROBE";4;63;0x00001d2a;101;1942257;770691;431885;1099365;1133334;19;0;NOSTRESS
138550255595;16867;"NEAR_P1";"INTERVAL";"PROBE";4;63;0x00001d2a;101;1945315;772941;435082;1108469;1132104;549;0;NOSTRESS
138550272466;16724;"NEAR_P1";"INTERVAL";"PROBE";4;63;0x00001d2a;101;1941507;770639;431875;1099569;1132668;22;0;NOSTRESS
138550289195;16821;"NEAR_P1";"INTERVAL";"PROBE";4;63;0x00001d2a;101;1945310;772668;434321;1106264;1132870;485;0;NOSTRESS
138550306020;55702;"TRAJ_R1";"INTERVAL";"PROBE";4;63;0x00001d2a;101;5788026;2373915;1507254;3660534;3654808;865;0;NOSTRESS
138551569884;396204;"MAF";"INTERVAL";"PROBE";4;63;0x00001d2a;102;45110394;17995750;10291418;26025584;26579586;7845;0;NOSTRESS
138551569904;78;"SENS_C1";"INTERVAL";"PROBE";4;63;0x00001d2a;102;746;622;439;1018;0;116;0;NOSTRESS
138551569987;93;"LOC_C1";"INTERVAL";"PROBE";4;63;0x00001d2a;102;3825;1854;1247;3136;1843;162;0;NOSTRESS
138551570085;20;"LOC_C2";"INTERVAL";"PROBE";4;63;0x00001d2a;102;350;292;197;610;17;19;0;NOSTRESS
138551570109;89;"LOC_C3";"INTERVAL";"PROBE";4;63;0x00001d2a;102;8777;2423;1716;7644;3804;60;0;NOSTRESS
138551570204;24;"LOC_C4";"INTERVAL";"PROBE";4;63;0x00001d2a;102;346;282;209;589;0;30;0;NOSTRESS
138551570232;17018;"NEAR_P1";"INTERVAL";"PROBE";4;63;0x00001d2a;102;1946815;774138;435120;1110092;1132019;857;0;NOSTRESS
138551587254;16731;"NEAR_P1";"INTERVAL";"PROBE";4;63;0x00001d2a;102;1942848;771172;432018;1099934;1133249;16;0;NOSTRESS
138551603989;16837;"NEAR_P1";"INTERVAL";"PROBE";4;63;0x00001d2a;102;1946986;773351;434473;1106890;1133448;515;0;NOSTRESS
138551620830;16733;"NEAR_P1";"INTERVAL";"PROBE";4;63;0x00001d2a;102;1942574;771112;431987;1099928;1133142;14;0;NOSTRESS
138551637567;16821;"NEAR_P1";"INTERVAL";"PROBE";4;63;0x00001d2a;102;1945098;772567;434363;1106171;1132438;476;0;NOSTRESS
138551654392;16751;"NEAR_P1";"INTERVAL";"PROBE";4;63;0x00001d2a;102;1946799;772311;432128;1100688;1135679;8;0;NOSTRESS
138551671148;17032;"NEAR_P1";"INTERVAL";"PROBE";4;63;0x00001d2a;102;1947870;773560;434811;1107964;1133723;751;0;NOSTRESS
138551688185;16730;"NEAR_P1";"INTERVAL";"PROBE";4;63;0x00001d2a;102;1942378;771027;431991;1099770;1132979;9;0;NOSTRESS
138551704919;16830;"NEAR_P1";"INTERVAL";"PROBE";4;63;0x00001d2a;102;1946786;773219;434423;1106477;1133515;513;0;NOSTRESS
138551721753;16819;"NEAR_P1";"INTERVAL";"PROBE";4;63;0x00001d2a;102;1945153;772564;434307;1106116;1132546;461;0;NOSTRESS
138551738576;16717;"NEAR_P1";"INTERVAL";"PROBE";4;63;0x00001d2a;102;1940844;770303;431792;1099000;1132311;19;0;NOSTRESS
138551755297;16867;"NEAR_P1";"INTERVAL";"PROBE";4;63;0x00001d2a;102;1949494;773848;434339;1106813;1135357;457;0;NOSTRESS
138551772168;16722;"NEAR_P1";"INTERVAL";"PROBE";4;63;0x00001d2a;102;1941623;770603;431926;1099225;1132691;19;0;NOSTRESS
138551788894;16837;"NEAR_P1";"INTERVAL";"PROBE";4;63;0x00001d2a;102;1945587;772638;434204;1106143;1132978;469;0;NOSTRESS
138551805735;16736;"NEAR_P1";"INTERVAL";"PROBE";4;63;0x00001d2a;102;1944089;771439;431960;1099931;1134221;19;0;NOSTRESS
138551822475;16833;"NEAR_P1";"INTERVAL";"PROBE";4;63;0x00001d2a;102;1946392;772906;434290;1106285;1133474;459;0;NOSTRESS
138551839312;16731;"NEAR_P1";"INTERVAL";"PROBE";4;63;0x00001d2a;102;1943276;771144;431969;1099723;1133684;19;0;NOSTRESS
138551856047;16822;"NEAR_P1";"INTERVAL";"PROBE";4;63;0x00001d2a;102;1946483;773040;434260;1106476;1133461;464;0;NOSTRESS
138551872874;16742;"NEAR_P1";"INTERVAL";"PROBE";4;63;0x00001d2a;102;1945782;771966;432027;1100178;1135238;18;0;NOSTRESS
138551889620;16829;"NEAR_P1";"INTERVAL";"PROBE";4;63;0x00001d2a;102;1947564;773345;434353;1106600;1134097;469;0;NOSTRESS
138551906470;59614;"TRAJ_R1";"INTERVAL";"PROBE";4;63;0x00001d2a;102;6181594;2536609;1614374;3917684;3903672;972;0;NOSTRESS
138553169872;400416;"MAF";"INTERVAL";"PROBE";4;63;0x00001d2a;103;45531056;18177134;10409753;26316256;26841434;7375;0;NOSTRESS
138553169892;78;"SENS_C1";"INTERVAL";"PROBE";4;63;0x00001d2a;103;753;626;440;1049;0;117;0;NOSTRESS
138553169976;90;"LOC_C1";"INTERVAL";"PROBE";4;63;0x00001d2a;103;3866;1850;1238;3102;1870;156;0;NOSTRESS
138553170070;19;"LOC_C2";"INTERVAL";"PROBE";4;63;0x00001d2a;103;345;294;197;599;17;21;0;NOSTRESS
138553170093;91;"LOC_C3";"INTERVAL";"PROBE";4;63;0x00001d2a;103;8768;2416;1698;7574;3805;65;0;NOSTRESS
138553170190;25;"LOC_C4";"INTERVAL";"PROBE";4;63;0x00001d2a;103;348;277;210;594;0;30;0;NOSTRESS
138553170219;17033;"NEAR_P1";"INTERVAL";"PROBE";4;63;0x00001d2a;103;1948148;775115;435236;1111130;1132325;836;0;NOSTRESS
138553187257;16748;"NEAR_P1";"INTERVAL";"PROBE";4;63;0x00001d2a;103;1944322;771932;432266;1101152;1133694;17;0;NOSTRESS
138553204009;16875;"NEAR_P1";"INTERVAL";"PROBE";4;63;0x00001d2a;103;1945913;773216;434439;1107286;1132602;465;0;NOSTRESS
138553220889;16733;"NEAR_P1";"INTERVAL";"PROBE";4;63;0x00001d2a;103;1942274;771077;432076;1100229;1132713;13;0;NOSTRESS
138553237627;16861;"NEAR_P1";"INTERVAL";"PROBE";4;63;0x00001d2a;103;1945087;772986;434448;1107139;1132197;479;0;NOSTRESS
138553254493;16732;"NEAR_P1";"INTERVAL";"PROBE";4;63;0x00001d2a;103;1941589;771161;432024;1100196;1132344;6;0;NOSTRESS
138553271230;16849;"NEAR_P1";"INTERVAL";"PROBE";4;63;0x00001d2a;103;1944937;772869;434886;1108185;1131444;614;0;NOSTRESS
138553288083;16741;"NEAR_P1";"INTERVAL";"PROBE";4;63;0x00001d2a;103;1943100;771513;432141;1100492;1133066;10;0;NOSTRESS
138553304829;16827;"NEAR_P1";"INTERVAL";"PROBE";4;63;0x00001d2a;103;1944953;772793;434355;1106658;1132083;513;0;NOSTRESS
138553321660;16842;"NEAR_P1";"INTERVAL";"PROBE";4;63;0x00001d2a;103;1947759;773857;434511;1107528;1133754;467;0;NOSTRESS
138553338506;16749;"NEAR_P1";"INTERVAL";"PROBE";4;63;0x00001d2a;103;1944735;772052;432164;1100786;1134106;21;0;NOSTRESS
138553355259;16830;"NEAR_P1";"INTERVAL";"PROBE";4;63;0x00001d2a;103;1945535;773195;434494;1107059;1132334;460;0;NOSTRESS
138553372094;16739;"NEAR_P1";"INTERVAL";"PROBE";4;63;0x00001d2a;103;1943698;771516;432075;1100426;1133654;21;0;NOSTRESS
138553388838;16831;"NEAR_P1";"INTERVAL";"PROBE";4;63;0x00001d2a;103;1946127;773213;434461;1107095;1132821;464;0;NOSTRESS
138553405674;16741;"NEAR_P1";"INTERVAL";"PROBE";4;63;0x00001d2a;103;1943629;771586;432108;1100515;1133548;21;0;NOSTRESS
138553422419;16865;"NEAR_P1";"INTERVAL";"PROBE";4;63;0x00001d2a;103;1946625;773336;434333;1106998;1133365;462;0;NOSTRESS
138553439288;16727;"NEAR_P1";"INTERVAL";"PROBE";4;63;0x00001d2a;103;1941598;770831;431928;1099853;1132492;21;0;NOSTRESS
138553456020;16861;"NEAR_P1";"INTERVAL";"PROBE";4;63;0x00001d2a;103;1945989;772959;434385;1106846;1132908;473;0;NOSTRESS
138553472885;16735;"NEAR_P1";"INTERVAL";"PROBE";4;63;0x00001d2a;103;1942835;771231;432065;1100084;1133141;20;0;NOSTRESS
138553489624;16850;"NEAR_P1";"INTERVAL";"PROBE";4;63;0x00001d2a;103;1947559;773605;434480;1107359;1133850;474;0;NOSTRESS
138553506479;63805;"TRAJ_R1";"INTERVAL";"PROBE";4;63;0x00001d2a;103;6610964;2714545;1731056;4197099;4177301;885;0;NOSTRESS
138554769904;404633;"MAF";"INTERVAL";"PROBE";4;63;0x00001d2a;104;45929699;18343010;10536295;26595133;27104986;7702;0;NOSTRESS
138554769922;78;"SENS_C1";"INTERVAL";"PROBE";4;63;0x00001d2a;104;770;642;441;1063;0;112;0;NOSTRESS
138554770006;91;"LOC_C1";"INTERVAL";"PROBE";4;63;0x00001d2a;104;3830;1862;1247;3159;1842;156;0;NOSTRESS
138554770101;20;"LOC_C2";"INTERVAL";"PROBE";4;63;0x00001d2a;104;344;292;195;592;17;20;0;NOSTRESS
138554770125;94;"LOC_C3";"INTERVAL";"PROBE";4;63;0x00001d2a;104;8849;2448;1706;7619;3846;61;0;NOSTRESS
138554770224;21;"LOC_C4";"INTERVAL";"PROBE";4;63;0x00001d2a;104;346;281;210;589;0;31;0;NOSTRESS
138554770250;16977;"NEAR_P1";"INTERVAL";"PROBE";4;63;0x00001d2a;104;1945214;773838;435036;1109564;1131030;785;0;NOSTRESS
138554787231;16701;"NEAR_P1";"INTERVAL";"PROBE";4;63;0x00001d2a;104;1937760;769420;431883;1098710;1130160;15;0;NOSTRESS
138554803936;16841;"NEAR_P1";"INTERVAL";"PROBE";4;63;0x00001d2a;104;1942330;771688;434311;1105665;1130766;522;0;NOSTRESS
138554820781;16694;"NEAR_P1";"INTERVAL";"PROBE";4;63;0x00001d2a;104;1936893;768955;431822;1098149;1129940;15;0;NOSTRESS
138554837480;16820;"NEAR_P1";"INTERVAL";"PROBE";4;63;0x00001d2a;104;1941673;771407;434196;1105302;1130572;475;0;NOSTRESS
138554854304;16693;"NEAR_P1";"INTERVAL";"PROBE";4;63;0x00001d2a;104;1937120;768999;431733;1097959;1130245;8;0;NOSTRESS
138554871001;16836;"NEAR_P1";"INTERVAL";"PROBE";4;63;0x00001d2a;104;1943530;771839;434212;1105231;1131956;473;0;NOSTRESS
138554887842;16703;"NEAR_P1";"INTERVAL";"PROBE";4;63;0x00001d2a;104;1939436;769699;431821;1098455;1131704;7;0;NOSTRESS
138554904550;16804;"NEAR_P1";"INTERVAL";"PROBE";4;63;0x00001d2a;104;1938833;770504;434031;1104315;1128959;479;0;NOSTRESS
138554921358;16814;"NEAR_P1";"INTERVAL";"PROBE";4;63;0x00001d2a;104;1940726;771110;434602;1106319;1129629;602;0;NOSTRESS
138554938176;16697;"NEAR_P1";"INTERVAL";"PROBE";4;63;0x00001d2a;104;1936926;768955;431778;1098055;1130011;20;0;NOSTRESS
138554954877;16794;"NEAR_P1";"INTERVAL";"PROBE";4;63;0x00001d2a;104;1940820;771144;434172;1104912;1130093;504;0;NOSTRESS
138554971675;16685;"NEAR_P1";"INTERVAL";"PROBE";4;63;0x00001d2a;104;1934885;768424;431665;1097644;1128680;20;0;NOSTRESS
138554988364;16806;"NEAR_P1";"INTERVAL";"PROBE";4;63;0x00001d2a;104;1943835;771993;434275;1105553;1132112;474;0;NOSTRESS
138555005175;16691;"NEAR_P1";"INTERVAL";"PROBE";4;63;0x00001d2a;104;1936516;768888;431744;1097968;1129786;19;0;NOSTRESS
138555021870;16789;"NEAR_P1";"INTERVAL";"PROBE";4;63;0x00001d2a;104;1940526;770907;434104;1105029;1129935;465;0;NOSTRESS
138555038664;16866;"NEAR_P1";"INTERVAL";"PROBE";4;63;0x00001d2a;104;1939956;770361;431956;1099140;1131652;47;0;NOSTRESS
138555055534;16842;"NEAR_P1";"INTERVAL";"PROBE";4;63;0x00001d2a;104;1944474;772502;434406;1106096;1132152;592;0;NOSTRESS
138555072381;16717;"NEAR_P1";"INTERVAL";"PROBE";4;63;0x00001d2a;104;1941596;770565;432009;1099159;1132473;16;0;NOSTRESS
138555089102;16828;"NEAR_P1";"INTERVAL";"PROBE";4;63;0x00001d2a;104;1946211;773277;434485;1106795;1133115;471;0;NOSTRESS
138555105951;68582;"TRAJ_R1";"INTERVAL";"PROBE";4;63;0x00001d2a;104;7095987;2915590;1861752;4511556;4484311;851;0;NOSTRESS
138556369862;410152;"MAF";"INTERVAL";"PROBE";4;63;0x00001d2a;105;46533715;18591832;10682138;26960317;27487032;7416;0;NOSTRESS
138556369881;77;"SENS_C1";"INTERVAL";"PROBE";4;63;0x00001d2a;105;765;628;442;1077;0;122;0;NOSTRESS
138556369964;93;"LOC_C1";"INTERVAL";"PROBE";4;63;0x00001d2a;105;3748;1827;1242;3090;1800;154;0;NOSTRESS
138556370061;21;"LOC_C2";"INTERVAL";"PROBE";4;63;0x00001d2a;105;345;294;197;599;17;22;0;NOSTRESS
138556370086;93;"LOC_C3";"INTERVAL";"PROBE";4;63;0x00001d2a;105;8665;2394;1704;7584;3741;63;0;NOSTRESS
138556370183;23;"LOC_C4";"INTERVAL";"PROBE";4;63;0x00001d2a;105;344;281;211;590;0;28;0;NOSTRESS
138556370211;17012;"NEAR_P1";"INTERVAL";"PROBE";4;63;0x00001d2a;105;1948982;775575;435095;1110980;1133035;848;0;NOSTRESS
138556387228;16743;"NEAR_P1";"INTERVAL";"PROBE";4;63;0x00001d2a;105;1944541;771833;431992;1100554;1134283;15;0;NOSTRESS
138556403975;16837;"NEAR_P1";"INTERVAL";"PROBE";4;63;0x00001d2a;105;1946652;773212;434364;1106733;1133439;533;0;NOSTRESS
138556420817;16730;"NEAR_P1";"INTERVAL";"PROBE";4;63;0x00001d2a;105;1940971;770733;431980;1099571;1132382;14;0;NOSTRESS
138556437551;16821;"NEAR_P1";"INTERVAL";"PROBE";4;63;0x00001d2a;105;1945046;772718;434228;1106073;1132628;476;0;NOSTRESS
138556454377;16732;"NEAR_P1";"INTERVAL";"PROBE";4;63;0x00001d2a;105;1942755;771156;431978;1099596;1133524;7;0;NOSTRESS
138556471113;16853;"NEAR_P1";"INTERVAL";"PROBE";4;63;0x00001d2a;105;1944654;772416;434163;1105500;1132535;468;0;NOSTRESS
138556487971;16737;"NEAR_P1";"INTERVAL";"PROBE";4;63;0x00001d2a;105;1943732;771458;431999;1099897;1134116;7;0;NOSTRESS
138556504713;16853;"NEAR_P1";"INTERVAL";"PROBE";4;63;0x00001d2a;105;1946636;773369;434389;1106465;1133632;474;0;NOSTRESS
138556521570;16835;"NEAR_P1";"INTERVAL";"PROBE";4;63;0x00001d2a;105;1944011;772332;434165;1105564;1132146;465;0;NOSTRESS
138556538410;16730;"NEAR_P1";"INTERVAL";"PROBE";4;63;0x00001d2a;105;1941849;770910;431903;1099491;1132962;19;0;NOSTRESS
138556555145;16851;"NEAR_P1";"INTERVAL";"PROBE";4;63;0x00001d2a;105;1946883;773306;434336;1106306;1133795;462;0;NOSTRESS
138556572000;16732;"NEAR_P1";"INTERVAL";"PROBE";4;63;0x00001d2a;105;1942847;771201;431893;1099597;1133569;19;0;NOSTRESS
138556588737;16843;"NEAR_P1";"INTERVAL";"PROBE";4;63;0x00001d2a;105;1946337;773127;434734;1107378;1133091;598;0;NOSTRESS
138556605584;16735;"NEAR_P1";"INTERVAL";"PROBE";4;63;0x00001d2a;105;1943067;771331;431925;1099562;1133701;20;0;NOSTRESS
138556622323;16829;"NEAR_P1";"INTERVAL";"PROBE";4;63;0x00001d2a;105;1945611;772964;434288;1106264;1133061;497;0;NOSTRESS
138556639157;16745;"NEAR_P1";"INTERVAL";"PROBE";4;63;0x00001d2a;105;1945283;772049;432004;1100065;1135025;19;0;NOSTRESS
138556655906;16834;"NEAR_P1";"INTERVAL";"PROBE";4;63;0x00001d2a;105;1947257;773447;434386;1106651;1133959;468;0;NOSTRESS
138556672745;16725;"NEAR_P1";"INTERVAL";"PROBE";4;63;0x00001d2a;105;1941270;770765;431826;1099212;1132663;19;0;NOSTRESS
138556689474;16824;"NEAR_P1";"INTERVAL";"PROBE";4;63;0x00001d2a;105;1944765;772839;434299;1106243;1132561;453;0;NOSTRESS
138556706302;73707;"TRAJ_R1";"INTERVAL";"PROBE";4;63;0x00001d2a;105;7617105;3132586;2006355;4856445;4815367;890;0;NOSTRESS
138557969864;415570;"MAF";"INTERVAL";"PROBE";4;63;0x00001d2a;106;47125555;18822333;10835188;27324256;27857415;7288;0;NOSTRESS
138557969883;79;"SENS_C1";"INTERVAL";"PROBE";4;63;0x00001d2a;106;762;635;443;1084;0;121;0;NOSTRESS
138557969968;88;"LOC_C1";"INTERVAL";"PROBE";4;63;0x00001d2a;106;3796;1830;1244;3116;1817;159;0;NOSTRESS
138557970060;19;"LOC_C2";"INTERVAL";"PROBE";4;63;0x00001d2a;106;342;292;195;591;17;18;0;NOSTRESS
138557970083;93;"LOC_C3";"INTERVAL";"PROBE";4;63;0x00001d2a;106;8872;2439;1706;7678;3841;57;0;NOSTRESS
138557970181;23;"LOC_C4";"INTERVAL";"PROBE";4;63;0x00001d2a;106;343;279;210;585;0;29;0;NOSTRESS
138557970208;16993;"NEAR_P1";"INTERVAL";"PROBE";4;63;0x00001d2a;106;1947583;774527;435331;1111099;1131859;851;0;NOSTRESS
138557987206;16732;"NEAR_P1";"INTERVAL";"PROBE";4;63;0x00001d2a;106;1943572;771043;432115;1100146;1133585;15;0;NOSTRESS
138558003942;16827;"NEAR_P1";"INTERVAL";"PROBE";4;63;0x00001d2a;106;1946487;772785;434490;1106918;1133154;531;0;NOSTRESS
138558020774;16726;"NEAR_P1";"INTERVAL";"PROBE";4;63;0x00001d2a;106;1943638;770888;432069;1099591;1133768;14;0;NOSTRESS
138558037505;16832;"NEAR_P1";"INTERVAL";"PROBE";4;63;0x00001d2a;106;1946875;772865;434517;1106361;1133545;488;0;NOSTRESS
138558054342;16722;"NEAR_P1";"INTERVAL";"PROBE";4;63;0x00001d2a;106;1942420;770617;432026;1099506;1133212;12;0;NOSTRESS
138558071068;16819;"NEAR_P1";"INTERVAL";"PROBE";4;63;0x00001d2a;106;1946172;772443;434469;1105895;1133077;485;0;NOSTRESS
138558087891;16722;"NEAR_P1";"INTERVAL";"PROBE";4;63;0x00001d2a;106;1942406;770692;432032;1099478;1133088;7;0;NOSTRESS
138558104617;16820;"NEAR_P1";"INTERVAL";"PROBE";4;63;0x00001d2a;106;1946866;772849;434412;1106013;1133667;487;0;NOSTRESS
138558121442;16859;"NEAR_P1";"INTERVAL";"PROBE";4;63;0x00001d2a;106;1948643;773584;434481;1106764;1134729;474;0;NOSTRESS
138558138305;16733;"NEAR_P1";"INTERVAL";"PROBE";4;63;0x00001d2a;106;1944324;771152;432082;1099673;1134299;18;0;NOSTRESS
138558155042;16849;"NEAR_P1";"INTERVAL";"PROBE";4;63;0x00001d2a;106;1947697;773079;434509;1106610;1133921;467;0;NOSTRESS
138558171895;16732;"NEAR_P1";"INTERVAL";"PROBE";4;63;0x00001d2a;106;1944177;771021;432068;1099677;1134194;19;0;NOSTRESS
138558188631;16856;"NEAR_P1";"INTERVAL";"PROBE";4;63;0x00001d2a;106;1947997;772997;434439;1106243;1134319;430;0;NOSTRESS
138558205491;16728;"NEAR_P1";"INTERVAL";"PROBE";4;63;0x00001d2a;106;1942841;770831;432052;1099437;1133445;16;0;NOSTRESS
138558222223;16858;"NEAR_P1";"INTERVAL";"PROBE";4;63;0x00001d2a;106;1949682;773396;434568;1106747;1135344;476;0;NOSTRESS
138558239085;16733;"NEAR_P1";"INTERVAL";"PROBE";4;63;0x00001d2a;106;1944825;771301;432106;1099688;1134707;19;0;NOSTRESS
138558255822;16828;"NEAR_P1";"INTERVAL";"PROBE";4;63;0x00001d2a;106;1947443;772971;434481;1106562;1134089;465;0;NOSTRESS
138558272654;16722;"NEAR_P1";"INTERVAL";"PROBE";4;63;0x00001d2a;106;1942745;770679;431989;1099317;1133353;18;0;NOSTRESS
138558289381;16805;"NEAR_P1";"INTERVAL";"PROBE";4;63;0x00001d2a;106;1945194;771913;434313;1105666;1132615;471;0;NOSTRESS
138558306208;79222;"TRAJ_R1";"INTERVAL";"PROBE";4;63;0x00001d2a;106;8190250;3368117;2156797;5220499;5177770;883;0;NOSTRESS
138559569845;421324;"MAF";"INTERVAL";"PROBE";4;63;0x00001d2a;107;47688496;19059604;10987735;27697092;28209987;7521;0;NOSTRESS
138559569864;78;"SENS_C1";"INTERVAL";"PROBE";4;63;0x00001d2a;107;742;630;440;1017;0;114;0;NOSTRESS
138559569947;94;"LOC_C1";"INTERVAL";"PROBE";4;63;0x00001d2a;107;3790;1833;1239;3094;1813;160;0;NOSTRESS
138559570046;18;"LOC_C2";"INTERVAL";"PROBE";4;63;0x00001d2a;107;342;292;195;591;17;20;0;NOSTRESS
138559570068;96;"LOC_C3";"INTERVAL";"PROBE";4;63;0x00001d2a;107;8895;2419;1688;7648;3871;59;0;NOSTRESS
138559570168;146;"LOC_C4";"INTERVAL";"PROBE";4;63;0x00001d2a;107;348;283;213;591;0;40;0;NOSTRESS
138559570318;17005;"NEAR_P1";"INTERVAL";"PROBE";4;63;0x00001d2a;107;1949717;775395;435310;1110972;1133388;807;0;NOSTRESS
138559587328;16743;"NEAR_P1";"INTERVAL";"PROBE";4;63;0x00001d2a;107;1944783;771625;432408;1100901;1134104;15;0;NOSTRESS
138559604075;16840;"NEAR_P1";"INTERVAL";"PROBE";4;63;0x00001d2a;107;1946552;773057;434686;1107496;1132962;545;0;NOSTRESS
138559620919;16747;"NEAR_P1";"INTERVAL";"PROBE";4;63;0x00001d2a;107;1942519;770876;432191;1100232;1132930;16;0;NOSTRESS
138559637670;16846;"NEAR_P1";"INTERVAL";"PROBE";4;63;0x00001d2a;107;1950180;774000;434767;1107714;1135209;499;0;NOSTRESS
138559654520;16738;"NEAR_P1";"INTERVAL";"PROBE";4;63;0x00001d2a;107;1944202;771375;432309;1100563;1133910;8;0;NOSTRESS
138559671262;16859;"NEAR_P1";"INTERVAL";"PROBE";4;63;0x00001d2a;107;1949196;773918;434689;1107248;1134859;493;0;NOSTRESS
138559688126;16734;"NEAR_P1";"INTERVAL";"PROBE";4;63;0x00001d2a;107;1943656;771321;432194;1100379;1133593;10;0;NOSTRESS
138559704865;16854;"NEAR_P1";"INTERVAL";"PROBE";4;63;0x00001d2a;107;1947300;773321;434622;1107177;1133669;476;0;NOSTRESS
138559721723;16833;"NEAR_P1";"INTERVAL";"PROBE";4;63;0x00001d2a;107;1947977;773322;434628;1107099;1133988;470;0;NOSTRESS
138559738560;16726;"NEAR_P1";"INTERVAL";"PROBE";4;63;0x00001d2a;107;1942340;770758;432150;1099821;1132865;18;0;NOSTRESS
138559755291;16828;"NEAR_P1";"INTERVAL";"PROBE";4;63;0x00001d2a;107;1947215;773057;434611;1106870;1133588;469;0;NOSTRESS
138559772123;16746;"NEAR_P1";"INTERVAL";"PROBE";4;63;0x00001d2a;107;1946332;771978;432351;1100726;1135279;19;0;NOSTRESS
138559788873;16859;"NEAR_P1";"INTERVAL";"PROBE";4;63;0x00001d2a;107;1946962;773001;434520;1106643;1133652;472;0;NOSTRESS
138559805736;16739;"NEAR_P1";"INTERVAL";"PROBE";4;63;0x00001d2a;107;1944334;771598;432263;1100496;1134139;17;0;NOSTRESS
138559822480;16847;"NEAR_P1";"INTERVAL";"PROBE";4;63;0x00001d2a;107;1946916;772997;434520;1106846;1133406;471;0;NOSTRESS
138559839331;16728;"NEAR_P1";"INTERVAL";"PROBE";4;63;0x00001d2a;107;1943146;770936;432124;1099863;1133436;18;0;NOSTRESS
138559856064;16841;"NEAR_P1";"INTERVAL";"PROBE";4;63;0x00001d2a;107;1945154;772519;434488;1106439;1132445;469;0;NOSTRESS
138559872909;16732;"NEAR_P1";"INTERVAL";"PROBE";4;63;0x00001d2a;107;1943631;771121;432221;1100119;1133627;18;0;NOSTRESS
138559889646;16853;"NEAR_P1";"INTERVAL";"PROBE";4;63;0x00001d2a;107;1948076;773391;434572;1107053;1134308;478;0;NOSTRESS
138559906520;84645;"TRAJ_R1";"INTERVAL";"PROBE";4;63;0x00001d2a;107;8743930;3597174;2305847;5579009;5528929;896;0;NOSTRESS
138561169843;425912;"MAF";"INTERVAL";"PROBE";4;63;0x00001d2a;108;48149210;19257224;11118582;28009887;28500579;7415;0;NOSTRESS
138561169861;79;"SENS_C1";"INTERVAL";"PROBE";4;63;0x00001d2a;108;771;639;442;1091;0;116;0;NOSTRESS
138561169946;96;"LOC_C1";"INTERVAL";"PROBE";4;63;0x00001d2a;108;3812;1837;1239;3116;1818;161;0;NOSTRESS
138561170047;20;"LOC_C2";"INTERVAL";"PROBE";4;63;0x00001d2a;108;349;294;197;607;17;21;0;NOSTRESS
138561170071;94;"LOC_C3";"INTERVAL";"PROBE";4;63;0x00001d2a;108;8900;2447;1701;7676;3865;61;0;NOSTRESS
138561170169;26;"LOC_C4";"INTERVAL";"PROBE";4;63;0x00001d2a;108;347;278;211;595;0;27;0;NOSTRESS
138561170199;16979;"NEAR_P1";"INTERVAL";"PROBE";4;63;0x00001d2a;108;1945710;774187;434936;1109286;1131025;756;0;NOSTRESS
138561187183;16736;"NEAR_P1";"INTERVAL";"PROBE";4;63;0x00001d2a;108;1943315;771392;432242;1100759;1133005;15;0;NOSTRESS
138561203924;16858;"NEAR_P1";"INTERVAL";"PROBE";4;63;0x00001d2a;108;1946880;773309;434548;1107404;1133179;539;0;NOSTRESS
138561220786;16746;"NEAR_P1";"INTERVAL";"PROBE";4;63;0x00001d2a;108;1945619;772034;432345;1100615;1134869;10;0;NOSTRESS
138561237536;16841;"NEAR_P1";"INTERVAL";"PROBE";4;63;0x00001d2a;108;1946591;773147;434412;1106816;1133281;398;0;NOSTRESS
138561254381;16722;"NEAR_P1";"INTERVAL";"PROBE";4;63;0x00001d2a;108;1941968;770756;432075;1099662;1132627;9;0;NOSTRESS
138561271108;16830;"NEAR_P1";"INTERVAL";"PROBE";4;63;0x00001d2a;108;1946655;773198;434532;1106898;1133073;484;0;NOSTRESS
138561287942;16734;"NEAR_P1";"INTERVAL";"PROBE";4;63;0x00001d2a;108;1943009;771316;432159;1100322;1133311;8;0;NOSTRESS
138561304680;16830;"NEAR_P1";"INTERVAL";"PROBE";4;63;0x00001d2a;108;1946952;773306;434555;1106974;1133351;484;0;NOSTRESS
138561321514;16840;"NEAR_P1";"INTERVAL";"PROBE";4;63;0x00001d2a;108;1946763;773250;434596;1106954;1133244;478;0;NOSTRESS
138561338358;16742;"NEAR_P1";"INTERVAL";"PROBE";4;63;0x00001d2a;108;1944621;771849;432199;1100551;1134219;20;0;NOSTRESS
138561355104;16823;"NEAR_P1";"INTERVAL";"PROBE";4;63;0x00001d2a;108;1944852;772704;434499;1106571;1132099;469;0;NOSTRESS
138561371932;16736;"NEAR_P1";"INTERVAL";"PROBE";4;63;0x00001d2a;108;1943383;771387;432172;1100228;1133506;18;0;NOSTRESS
138561388672;16822;"NEAR_P1";"INTERVAL";"PROBE";4;63;0x00001d2a;108;1945890;772923;434517;1106580;1132822;475;0;NOSTRESS
138561405498;16723;"NEAR_P1";"INTERVAL";"PROBE";4;63;0x00001d2a;108;1941786;770613;432076;1099540;1132621;19;0;NOSTRESS
138561422226;16818;"NEAR_P1";"INTERVAL";"PROBE";4;63;0x00001d2a;108;1945546;772657;434529;1106454;1132560;465;0;NOSTRESS
138561439048;16738;"NEAR_P1";"INTERVAL";"PROBE";4;63;0x00001d2a;108;1943845;771535;432254;1100191;1133664;19;0;NOSTRESS
138561455790;16849;"NEAR_P1";"INTERVAL";"PROBE";4;63;0x00001d2a;108;1945425;772752;434488;1106609;1132731;426;0;NOSTRESS
138561472643;16742;"NEAR_P1";"INTERVAL";"PROBE";4;63;0x00001d2a;108;1944605;771858;432265;1100565;1134178;15;0;NOSTRESS
138561489389;16863;"NEAR_P1";"INTERVAL";"PROBE";4;63;0x00001d2a;108;1948540;773748;434636;1107158;1134342;467;0;NOSTRESS
138561506274;89477;"TRAJ_R1";"INTERVAL";"PROBE";4;63;0x00001d2a;108;9223494;3796728;2438716;5897465;5831172;1212;0;NOSTRESS
138562769835;429341;"MAF";"INTERVAL";"PROBE";4;63;0x00001d2a;109;48468975;19387376;11212519;28235674;28703498;7918;0;NOSTRESS
138562769853;77;"SENS_C1";"INTERVAL";"PROBE";4;63;0x00001d2a;109;733;624;435;1004;0;112;0;NOSTRESS
138562769937;91;"LOC_C1";"INTERVAL";"PROBE";4;63;0x00001d2a;109;3747;1823;1244;3081;1798;157;0;NOSTRESS
138562770032;19;"LOC_C2";"INTERVAL";"PROBE";4;63;0x00001d2a;109;331;292;194;590;17;19;0;NOSTRESS
138562770055;95;"LOC_C3";"INTERVAL";"PROBE";4;63;0x00001d2a;109;9021;2483;1713;7790;3915;60;0;NOSTRESS
138562770154;23;"LOC_C4";"INTERVAL";"PROBE";4;63;0x00001d2a;109;344;277;210;583;0;29;0;NOSTRESS
138562770182;17021;"NEAR_P1";"INTERVAL";"PROBE";4;63;0x00001d2a;109;1950404;775673;435419;1111056;1133581;823;0;NOSTRESS
138562787208;16741;"NEAR_P1";"INTERVAL";"PROBE";4;63;0x00001d2a;109;1942639;771214;432489;1101306;1132503;17;0;NOSTRESS
138562803953;16836;"NEAR_P1";"INTERVAL";"PROBE";4;63;0x00001d2a;109;1946856;772986;434806;1107717;1133214;516;0;NOSTRESS
138562820793;16729;"NEAR_P1";"INTERVAL";"PROBE";4;63;0x00001d2a;109;1941866;770728;432231;1100450;1132587;15;0;NOSTRESS
138562837526;16831;"NEAR_P1";"INTERVAL";"PROBE";4;63;0x00001d2a;109;1946157;772955;434754;1107453;1132762;489;0;NOSTRESS
138562854362;16717;"NEAR_P1";"INTERVAL";"PROBE";4;63;0x00001d2a;109;1940221;770048;432223;1099947;1131563;11;0;NOSTRESS
138562871083;16823;"NEAR_P1";"INTERVAL";"PROBE";4;63;0x00001d2a;109;1945007;772500;434627;1106779;1132311;480;0;NOSTRESS
138562887910;16729;"NEAR_P1";"INTERVAL";"PROBE";4;63;0x00001d2a;109;1941164;770549;432304;1100310;1132013;7;0;NOSTRESS
138562904643;16837;"NEAR_P1";"INTERVAL";"PROBE";4;63;0x00001d2a;109;1943681;772190;434670;1106651;1131433;486;0;NOSTRESS
138562921485;17006;"NEAR_P1";"INTERVAL";"PROBE";4;63;0x00001d2a;109;1946671;772912;434676;1107363;1133324;623;0;NOSTRESS
138562938495;16733;"NEAR_P1";"INTERVAL";"PROBE";4;63;0x00001d2a;109;1942885;770891;432264;1100502;1133129;19;0;NOSTRESS
138562955232;16822;"NEAR_P1";"INTERVAL";"PROBE";4;63;0x00001d2a;109;1945676;772670;434641;1106984;1132632;480;0;NOSTRESS
138562972058;16725;"NEAR_P1";"INTERVAL";"PROBE";4;63;0x00001d2a;109;1941260;770418;432262;1100047;1132192;20;0;NOSTRESS
138562988787;16864;"NEAR_P1";"INTERVAL";"PROBE";4;63;0x00001d2a;109;1947403;773236;434646;1107447;1133823;469;0;NOSTRESS
138563005655;16734;"NEAR_P1";"INTERVAL";"PROBE";4;63;0x00001d2a;109;1943046;770980;432299;1100387;1133278;19;0;NOSTRESS
138563022393;16837;"NEAR_P1";"INTERVAL";"PROBE";4;63;0x00001d2a;109;1944139;772129;434513;1106647;1131833;466;0;NOSTRESS
138563039235;16722;"NEAR_P1";"INTERVAL";"PROBE";4;63;0x00001d2a;109;1940799;770238;432213;1099955;1131904;18;0;NOSTRESS
138563055961;16833;"NEAR_P1";"INTERVAL";"PROBE";4;63;0x00001d2a;109;1947288;773206;434791;1107359;1133664;477;0;NOSTRESS
138563072798;16729;"NEAR_P1";"INTERVAL";"PROBE";4;63;0x00001d2a;109;1941258;770600;432296;1100234;1132181;19;0;NOSTRESS
138563089531;16829;"NEAR_P1";"INTERVAL";"PROBE";4;63;0x00001d2a;109;1946259;772844;434716;1107304;1133016;477;0;NOSTRESS
138563106365;92807;"TRAJ_R1";"INTERVAL";"PROBE";4;63;0x00001d2a;109;9559926;3935532;2529388;6116297;6044825;1167;0;NOSTRESS
138564369900;429978;"MAF";"INTERVAL";"PROBE";4;63;0x00001d2a;110;48514255;19418483;11249122;28317638;28723179;7738;0;NOSTRESS
138564369919;74;"SENS_C1";"INTERVAL";"PROBE";4;63;0x00001d2a;110;753;625;437;1040;0;114;0;NOSTRESS
138564369999;92;"LOC_C1";"INTERVAL";"PROBE";4;63;0x00001d2a;110;3642;1791;1243;3063;1739;159;0;NOSTRESS
138564370095;20;"LOC_C2";"INTERVAL";"PROBE";4;63;0x00001d2a;110;347;294;197;600;17;21;0;NOSTRESS
138564370119;92;"LOC_C3";"INTERVAL";"PROBE";4;63;0x00001d2a;110;8786;2414;1690;7622;3821;61;0;NOSTRESS
138564370216;23;"LOC_C4";"INTERVAL";"PROBE";4;63;0x00001d2a;110;340;272;208;572;0;27;0;NOSTRESS
138564370243;17000;"NEAR_P1";"INTERVAL";"PROBE";4;63;0x00001d2a;110;1945499;774237;435674;1111592;1130156;758;0;NOSTRESS
138564387247;16732;"NEAR_P1";"INTERVAL";"PROBE";4;63;0x00001d2a;110;1940752;770837;432648;1101564;1131150;13;0;NOSTRESS
138564403983;16882;"NEAR_P1";"INTERVAL";"PROBE";4;63;0x00001d2a;110;1946025;773537;435936;1111260;1131133;624;0;NOSTRESS
138564420869;16728;"NEAR_P1";"INTERVAL";"PROBE";4;63;0x00001d2a;110;1940050;770473;432602;1101476;1130634;12;0;NOSTRESS
138564437601;16838;"NEAR_P1";"INTERVAL";"PROBE";4;63;0x00001d2a;110;1944440;772842;435066;1108448;1131059;505;0;NOSTRESS
138564454444;16725;"NEAR_P1";"INTERVAL";"PROBE";4;63;0x00001d2a;110;1940492;770456;432591;1101052;1131088;8;0;NOSTRESS
138564471173;16821;"NEAR_P1";"INTERVAL";"PROBE";4;63;0x00001d2a;110;1944083;772544;435007;1107675;1130950;486;0;NOSTRESS
138564487999;16723;"NEAR_P1";"INTERVAL";"PROBE";4;63;0x00001d2a;110;1939378;770353;432579;1101169;1130400;8;0;NOSTRESS
138564504726;16806;"NEAR_P1";"INTERVAL";"PROBE";4;63;0x00001d2a;110;1941013;771441;434837;1107208;1129190;485;0;NOSTRESS
138564521537;16810;"NEAR_P1";"INTERVAL";"PROBE";4;63;0x00001d2a;110;1941755;771715;434901;1107236;1129780;469;0;NOSTRESS
138564538352;16711;"NEAR_P1";"INTERVAL";"PROBE";4;63;0x00001d2a;110;1937789;769575;432439;1100458;1129560;19;0;NOSTRESS
138564555067;16827;"NEAR_P1";"INTERVAL";"PROBE";4;63;0x00001d2a;110;1942064;771879;434789;1107211;1129978;418;0;NOSTRESS
138564571898;16726;"NEAR_P1";"INTERVAL";"PROBE";4;63;0x00001d2a;110;1940783;770670;432549;1100911;1131576;19;0;NOSTRESS
138564588628;16845;"NEAR_P1";"INTERVAL";"PROBE";4;63;0x00001d2a;110;1945606;773022;435448;1109374;1131701;599;0;NOSTRESS
138564605477;16719;"NEAR_P1";"INTERVAL";"PROBE";4;63;0x00001d2a;110;1940217;770202;432441;1100707;1131187;18;0;NOSTRESS
138564622200;16820;"NEAR_P1";"INTERVAL";"PROBE";4;63;0x00001d2a;110;1943272;772260;434939;1107561;1130831;503;0;NOSTRESS
138564639025;16723;"NEAR_P1";"INTERVAL";"PROBE";4;63;0x00001d2a;110;1940674;770489;432469;1100911;1131429;17;0;NOSTRESS
138564655752;16819;"NEAR_P1";"INTERVAL";"PROBE";4;63;0x00001d2a;110;1941643;771612;434803;1107058;1129985;470;0;NOSTRESS
138564672576;16728;"NEAR_P1";"INTERVAL";"PROBE";4;63;0x00001d2a;110;1940917;770625;432578;1101131;1131658;18;0;NOSTRESS
138564689308;16816;"NEAR_P1";"INTERVAL";"PROBE";4;63;0x00001d2a;110;1943145;772055;434908;1107386;1130902;483;0;NOSTRESS
138564706129;93745;"TRAJ_R1";"INTERVAL";"PROBE";4;63;0x00001d2a;110;9651167;3975198;2560102;6184155;6103255;1184;0;NOSTRESS
138565969895;429190;"MAF";"INTERVAL";"PROBE";4;63;0x00001d2a;111;48448470;19382359;11213413;28238380;28680158;8094;0;NOSTRESS
138565969912;72;"SENS_C1";"INTERVAL";"PROBE";4;63;0x00001d2a;111;767;633;437;1059;0;112;0;NOSTRESS
138565969990;94;"LOC_C1";"INTERVAL";"PROBE";4;63;0x00001d2a;111;3887;1876;1243;3129;1892;158;0;NOSTRESS
138565970089;20;"LOC_C2";"INTERVAL";"PROBE";4;63;0x00001d2a;111;349;293;195;601;17;21;0;NOSTRESS
138565970113;91;"LOC_C3";"INTERVAL";"PROBE";4;63;0x00001d2a;111;9005;2490;1716;7762;3917;61;0;NOSTRESS
138565970208;22;"LOC_C4";"INTERVAL";"PROBE";4;63;0x00001d2a;111;353;279;209;602;0;30;0;NOSTRESS
138565970234;17055;"NEAR_P1";"INTERVAL";"PROBE";4;63;0x00001d2a;111;1950866;776178;435923;1113062;1133466;839;0;NOSTRESS
138565987294;16731;"NEAR_P1";"INTERVAL";"PROBE";4;63;0x00001d2a;111;1941884;770858;432603;1101487;1131969;15;0;NOSTRESS
138566004029;16855;"NEAR_P1";"INTERVAL";"PROBE";4;63;0x00001d2a;111;1946896;773318;435152;1108530;1132790;518;0;NOSTRESS
138566020889;16733;"NEAR_P1";"INTERVAL";"PROBE";4;63;0x00001d2a;111;1942586;771040;432687;1101366;1132372;14;0;NOSTRESS
138566037626;16833;"NEAR_P1";"INTERVAL";"PROBE";4;63;0x00001d2a;111;1946808;773256;435091;1107982;1132893;478;0;NOSTRESS
138566054463;16732;"NEAR_P1";"INTERVAL";"PROBE";4;63;0x00001d2a;111;1942735;771032;432641;1101220;1132754;9;0;NOSTRESS
138566071199;16906;"NEAR_P1";"INTERVAL";"PROBE";4;63;0x00001d2a;111;1946577;773337;435860;1109965;1131978;560;0;NOSTRESS
138566088109;16735;"NEAR_P1";"INTERVAL";"PROBE";4;63;0x00001d2a;111;1943041;771217;432661;1101293;1132919;7;0;NOSTRESS
138566104849;16831;"NEAR_P1";"INTERVAL";"PROBE";4;63;0x00001d2a;111;1946604;773079;435069;1107980;1132802;485;0;NOSTRESS
138566121684;16828;"NEAR_P1";"INTERVAL";"PROBE";4;63;0x00001d2a;111;1945510;772994;434964;1108022;1132046;452;0;NOSTRESS
138566138516;16742;"NEAR_P1";"INTERVAL";"PROBE";4;63;0x00001d2a;111;1944701;771696;432740;1101588;1133735;19;0;NOSTRESS
138566155262;16827;"NEAR_P1";"INTERVAL";"PROBE";4;63;0x00001d2a;111;1946597;773168;434987;1107883;1132916;455;0;NOSTRESS
138566172093;16743;"NEAR_P1";"INTERVAL";"PROBE";4;63;0x00001d2a;111;1944039;771595;432662;1101627;1133376;19;0;NOSTRESS
138566188840;16827;"NEAR_P1";"INTERVAL";"PROBE";4;63;0x00001d2a;111;1946341;772975;435012;1107985;1132645;463;0;NOSTRESS
138566205672;16726;"NEAR_P1";"INTERVAL";"PROBE";4;63;0x00001d2a;111;1940754;770594;432549;1100940;1131550;19;0;NOSTRESS
138566222402;16848;"NEAR_P1";"INTERVAL";"PROBE";4;63;0x00001d2a;111;1946161;772971;435005;1108145;1132454;424;0;NOSTRESS
138566239254;16742;"NEAR_P1";"INTERVAL";"PROBE";4;63;0x00001d2a;111;1941302;770478;432568;1100782;1131797;18;0;NOSTRESS
138566256000;16849;"NEAR_P1";"INTERVAL";"PROBE";4;63;0x00001d2a;111;1945162;772853;435448;1109007;1131330;616;0;NOSTRESS
138566272854;16731;"NEAR_P1";"INTERVAL";"PROBE";4;63;0x00001d2a;111;1941714;770874;432608;1101179;1131930;18;0;NOSTRESS
138566289589;17013;"NEAR_P1";"INTERVAL";"PROBE";4;63;0x00001d2a;111;1947268;773261;435066;1108098;1133223;627;0;NOSTRESS
138566306607;92474;"TRAJ_R1";"INTERVAL";"PROBE";4;63;0x00001d2a;111;9526326;3922643;2521820;6096681;6023387;1211;0;NOSTRESS
138567569865;425392;"MAF";"INTERVAL";"PROBE";4;63;0x00001d2a;112;48073502;19227801;11116371;28004140;28441451;7643;0;NOSTRESS
138567569885;84;"SENS_C1";"INTERVAL";"PROBE";4;63;0x00001d2a;112;765;634;442;1073;0;123;0;NOSTRESS
138567569974;94;"LOC_C1";"INTERVAL";"PROBE";4;63;0x00001d2a;112;3788;1842;1251;3129;1814;161;0;NOSTRESS
138567570072;19;"LOC_C2";"INTERVAL";"PROBE";4;63;0x00001d2a;112;345;294;197;599;17;21;0;NOSTRESS
138567570095;92;"LOC_C3";"INTERVAL";"PROBE";4;63;0x00001d2a;112;8822;2398;1705;7692;3800;60;0;NOSTRESS
138567570191;23;"LOC_C4";"INTERVAL";"PROBE";4;63;0x00001d2a;112;344;277;211;583;0;27;0;NOSTRESS
138567570218;17029;"NEAR_P1";"INTERVAL";"PROBE";4;63;0x00001d2a;112;1951137;776114;435817;1112582;1133669;842;0;NOSTRESS
138567587251;16752;"NEAR_P1";"INTERVAL";"PROBE";4;63;0x00001d2a;112;1944491;771987;432941;1102608;1133151;16;0;NOSTRESS
138567604007;16862;"NEAR_P1";"INTERVAL";"PROBE";4;63;0x00001d2a;112;1946849;773322;435143;1108855;1132604;530;0;NOSTRESS
138567620873;16742;"NEAR_P1";"INTERVAL";"PROBE";4;63;0x00001d2a;112;1944037;771533;432810;1101925;1133177;15;0;NOSTRESS
138567637619;16846;"NEAR_P1";"INTERVAL";"PROBE";4;63;0x00001d2a;112;1944530;772540;435022;1108040;1131381;491;0;NOSTRESS
138567654470;16731;"NEAR_P1";"INTERVAL";"PROBE";4;63;0x00001d2a;112;1942298;770943;432714;1101400;1132171;9;0;NOSTRESS
138567671205;16848;"NEAR_P1";"INTERVAL";"PROBE";4;63;0x00001d2a;112;1948935;774014;435214;1108933;1134148;478;0;NOSTRESS
138567688057;16736;"NEAR_P1";"INTERVAL";"PROBE";4;63;0x00001d2a;112;1942594;771055;432736;1101586;1132341;10;0;NOSTRESS
138567704798;16826;"NEAR_P1";"INTERVAL";"PROBE";4;63;0x00001d2a;112;1945447;772744;435013;1107998;1131978;480;0;NOSTRESS
138567721628;16897;"NEAR_P1";"INTERVAL";"PROBE";4;63;0x00001d2a;112;1945738;773359;436033;1110682;1131283;560;0;NOSTRESS
138567738530;16762;"NEAR_P1";"INTERVAL";"PROBE";4;63;0x00001d2a;112;1944802;771650;432769;1102002;1133743;21;0;NOSTRESS
138567755296;16829;"NEAR_P1";"INTERVAL";"PROBE";4;63;0x00001d2a;112;1945825;772893;435105;1108243;1132234;481;0;NOSTRESS
138567772129;16734;"NEAR_P1";"INTERVAL";"PROBE";4;63;0x00001d2a;112;1942732;771068;432675;1101510;1132578;18;0;NOSTRESS
138567788867;16817;"NEAR_P1";"INTERVAL";"PROBE";4;63;0x00001d2a;112;1944374;772371;435066;1107685;1131434;463;0;NOSTRESS
138567805689;16733;"NEAR_P1";"INTERVAL";"PROBE";4;63;0x00001d2a;112;1941993;770933;432663;1101449;1132053;19;0;NOSTRESS
138567822426;16837;"NEAR_P1";"INTERVAL";"PROBE";4;63;0x00001d2a;112;1947757;773542;435225;1108532;1133361;462;0;NOSTRESS
138567839267;16737;"NEAR_P1";"INTERVAL";"PROBE";4;63;0x00001d2a;112;1942210;771051;432682;1101689;1132117;19;0;NOSTRESS
138567856008;16830;"NEAR_P1";"INTERVAL";"PROBE";4;63;0x00001d2a;112;1946256;772920;435136;1108263;1132618;460;0;NOSTRESS
138567872842;16734;"NEAR_P1";"INTERVAL";"PROBE";4;63;0x00001d2a;112;1942437;771029;432710;1101565;1132338;16;0;NOSTRESS
138567889580;16848;"NEAR_P1";"INTERVAL";"PROBE";4;63;0x00001d2a;112;1945813;772567;435396;1108342;1132150;423;0;NOSTRESS
138567906449;88804;"TRAJ_R1";"INTERVAL";"PROBE";4;63;0x00001d2a;112;9149590;3767640;2423654;5857965;5785291;1199;0;NOSTRESS
138569169901;420924;"MAF";"INTERVAL";"PROBE";4;63;0x00001d2a;113;47556878;19017571;10984307;27696827;28110378;9570;0;NOSTRESS
138569169923;82;"SENS_C1";"INTERVAL";"PROBE";4;63;0x00001d2a;113;748;634;436;1029;0;115;0;NOSTRESS
138569170014;91;"LOC_C1";"INTERVAL";"PROBE";4;63;0x00001d2a;113;3776;1829;1234;3110;1815;164;0;NOSTRESS
138569170110;19;"LOC_C2";"INTERVAL";"PROBE";4;63;0x00001d2a;113;342;292;195;591;17;20;0;NOSTRESS
138569170134;97;"LOC_C3";"INTERVAL";"PROBE";4;63;0x00001d2a;113;8839;2415;1704;7626;3855;60;0;NOSTRESS
138569170235;24;"LOC_C4";"INTERVAL";"PROBE";4;63;0x00001d2a;113;337;277;207;589;0;30;0;NOSTRESS
138569170263;17033;"NEAR_P1";"INTERVAL";"PROBE";4;63;0x00001d2a;113;1946805;774663;435860;1112664;1130969;841;0;NOSTRESS
138569187300;16725;"NEAR_P1";"INTERVAL";"PROBE";4;63;0x00001d2a;113;1940583;770330;432628;1101606;1131107;15;0;NOSTRESS
138569204029;16825;"NEAR_P1";"INTERVAL";"PROBE";4;63;0x00001d2a;113;1944417;772304;434984;1108167;1131513;533;0;NOSTRESS
138569220858;16719;"NEAR_P1";"INTERVAL";"PROBE";4;63;0x00001d2a;113;1940202;770245;432460;1101107;1131102;11;0;NOSTRESS
138569237581;16819;"NEAR_P1";"INTERVAL";"PROBE";4;63;0x00001d2a;113;1943353;771932;434878;1107748;1130811;486;0;NOSTRESS
138569254405;16726;"NEAR_P1";"INTERVAL";"PROBE";4;63;0x00001d2a;113;1941421;770463;432530;1101388;1131788;11;0;NOSTRESS
138569271135;16945;"NEAR_P1";"INTERVAL";"PROBE";4;63;0x00001d2a;113;1948372;773735;435944;1111288;1132928;773;0;NOSTRESS
138569288084;16722;"NEAR_P1";"INTERVAL";"PROBE";4;63;0x00001d2a;113;1940337;770199;432484;1100975;1131183;10;0;NOSTRESS
138569304810;16894;"NEAR_P1";"INTERVAL";"PROBE";4;63;0x00001d2a;113;1945642;773401;435913;1111163;1131237;719;0;NOSTRESS
138569321708;16874;"NEAR_P1";"INTERVAL";"PROBE";4;63;0x00001d2a;113;1944338;772730;435729;1110297;1130594;693;0;NOSTRESS
138569338586;16724;"NEAR_P1";"INTERVAL";"PROBE";4;63;0x00001d2a;113;1939239;770111;432523;1101148;1130454;21;0;NOSTRESS
138569355314;16875;"NEAR_P1";"INTERVAL";"PROBE";4;63;0x00001d2a;113;1944214;772656;435797;1110381;1130413;697;0;NOSTRESS
138569372194;16725;"NEAR_P1";"INTERVAL";"PROBE";4;63;0x00001d2a;113;1939658;770225;432523;1101146;1130744;21;0;NOSTRESS
138569388923;16951;"NEAR_P1";"INTERVAL";"PROBE";4;63;0x00001d2a;113;1947437;774000;436718;1113230;1131623;808;0;NOSTRESS
138569405878;16727;"NEAR_P1";"INTERVAL";"PROBE";4;63;0x00001d2a;113;1940367;770270;432575;1101228;1131159;25;0;NOSTRESS
138569422609;16887;"NEAR_P1";"INTERVAL";"PROBE";4;63;0x00001d2a;113;1945381;772906;435824;1110423;1131245;714;0;NOSTRESS
138569439500;16718;"NEAR_P1";"INTERVAL";"PROBE";4;63;0x00001d2a;113;1937657;769630;432476;1100859;1129483;21;0;NOSTRESS
138569456222;16878;"NEAR_P1";"INTERVAL";"PROBE";4;63;0x00001d2a;113;1944748;772890;435700;1110402;1130849;694;0;NOSTRESS
138569473104;16729;"NEAR_P1";"INTERVAL";"PROBE";4;63;0x00001d2a;113;1940090;770377;432543;1101382;1130992;20;0;NOSTRESS
138569489837;16874;"NEAR_P1";"INTERVAL";"PROBE";4;63;0x00001d2a;113;1945300;772992;435783;1110403;1131207;699;0;NOSTRESS
138569506716;84105;"TRAJ_R1";"INTERVAL";"PROBE";4;63;0x00001d2a;113;8673749;3568983;2288624;5537673;5483290;1112;0;NOSTRESS
138570769904;415613;"MAF";"INTERVAL";"PROBE";4;63;0x00001d2a;114;47095348;18812793;10833237;27337721;27819477;7663;0;NOSTRESS
138570769924;76;"SENS_C1";"INTERVAL";"PROBE";4;63;0x00001d2a;114;762;631;437;1056;0;120;0;NOSTRESS
138570770006;89;"LOC_C1";"INTERVAL";"PROBE";4;63;0x00001d2a;114;3717;1814;1233;3081;1782;161;0;NOSTRESS
138570770100;21;"LOC_C2";"INTERVAL";"PROBE";4;63;0x00001d2a;114;344;292;195;592;17;21;0;NOSTRESS
138570770127;90;"LOC_C3";"INTERVAL";"PROBE";4;63;0x00001d2a;114;8848;2429;1702;7646;3844;61;0;NOSTRESS
138570770221;23;"LOC_C4";"INTERVAL";"PROBE";4;63;0x00001d2a;114;348;277;211;589;0;29;0;NOSTRESS
138570770248;17037;"NEAR_P1";"INTERVAL";"PROBE";4;63;0x00001d2a;114;1952666;776196;436208;1114022;1134319;849;0;NOSTRESS
138570787290;16759;"NEAR_P1";"INTERVAL";"PROBE";4;63;0x00001d2a;114;1946181;772386;432901;1103182;1134290;16;0;NOSTRESS
138570804053;17047;"NEAR_P1";"INTERVAL";"PROBE";4;63;0x00001d2a;114;1951799;774670;435378;1109916;1135661;661;0;NOSTRESS
138570821104;16746;"NEAR_P1";"INTERVAL";"PROBE";4;63;0x00001d2a;114;1944497;771637;432884;1102362;1133351;10;0;NOSTRESS
138570837854;16849;"NEAR_P1";"INTERVAL";"PROBE";4;63;0x00001d2a;114;1949125;774000;435224;1109178;1134162;485;0;NOSTRESS
138570854707;16759;"NEAR_P1";"INTERVAL";"PROBE";4;63;0x00001d2a;114;1946735;772394;432860;1102838;1134776;10;0;NOSTRESS
138570871471;16833;"NEAR_P1";"INTERVAL";"PROBE";4;63;0x00001d2a;114;1947224;773144;435137;1108505;1133084;474;0;NOSTRESS
138570888308;16752;"NEAR_P1";"INTERVAL";"PROBE";4;63;0x00001d2a;114;1946287;772144;432820;1102471;1134692;8;0;NOSTRESS
138570905064;16845;"NEAR_P1";"INTERVAL";"PROBE";4;63;0x00001d2a;114;1947968;773514;435197;1108776;1133405;483;0;NOSTRESS
138570921913;16876;"NEAR_P1";"INTERVAL";"PROBE";4;63;0x00001d2a;114;1949226;773764;435137;1108846;1134318;461;0;NOSTRESS
138570938794;16751;"NEAR_P1";"INTERVAL";"PROBE";4;63;0x00001d2a;114;1946281;771934;432861;1102394;1134623;19;0;NOSTRESS
138570955549;16873;"NEAR_P1";"INTERVAL";"PROBE";4;63;0x00001d2a;114;1951144;774366;435250;1109498;1135342;473;0;NOSTRESS
138570972426;16749;"NEAR_P1";"INTERVAL";"PROBE";4;63;0x00001d2a;114;1945123;771752;432819;1102247;1133960;17;0;NOSTRESS
138570989179;16849;"NEAR_P1";"INTERVAL";"PROBE";4;63;0x00001d2a;114;1949634;773886;435276;1109368;1134372;469;0;NOSTRESS
138571006033;16750;"NEAR_P1";"INTERVAL";"PROBE";4;63;0x00001d2a;114;1945164;771798;432787;1102268;1133924;17;0;NOSTRESS
138571022787;16862;"NEAR_P1";"INTERVAL";"PROBE";4;63;0x00001d2a;114;1948198;773416;435069;1108633;1133601;461;0;NOSTRESS
138571039654;16749;"NEAR_P1";"INTERVAL";"PROBE";4;63;0x00001d2a;114;1945137;771720;432810;1102267;1133954;18;0;NOSTRESS
138571056407;16909;"NEAR_P1";"INTERVAL";"PROBE";4;63;0x00001d2a;114;1950392;774505;436134;1111667;1134100;560;0;NOSTRESS
138571073320;16759;"NEAR_P1";"INTERVAL";"PROBE";4;63;0x00001d2a;114;1948159;772462;432866;1102595;1135759;18;0;NOSTRESS
138571090083;16845;"NEAR_P1";"INTERVAL";"PROBE";4;63;0x00001d2a;114;1948876;773685;435185;1109077;1134028;476;0;NOSTRESS
138571106933;78580;"TRAJ_R1";"INTERVAL";"PROBE";4;63;0x00001d2a;114;8111217;3336575;2138152;5174112;5128113;836;0;NOSTRESS
138572369871;409876;"MAF";"INTERVAL";"PROBE";4;63;0x00001d2a;115;46532947;18583237;10678494;26972801;27468091;7538;0;NOSTRESS
138572369890;77;"SENS_C1";"INTERVAL";"PROBE";4;63;0x00001d2a;115;764;633;438;1055;0;117;0;NOSTRESS
138572369972;101;"LOC_C1";"INTERVAL";"PROBE";4;63;0x00001d2a;115;3897;1895;1241;3140;1892;159;0;NOSTRESS
138572370077;21;"LOC_C2";"INTERVAL";"PROBE";4;63;0x00001d2a;115;342;292;195;591;17;20;0;NOSTRESS
138572370102;92;"LOC_C3";"INTERVAL";"PROBE";4;63;0x00001d2a;115;8940;2452;1705;7709;3869;61;0;NOSTRESS
138572370198;23;"LOC_C4";"INTERVAL";"PROBE";4;63;0x00001d2a;115;346;277;210;588;0;30;0;NOSTRESS
138572370225;17065;"NEAR_P1";"INTERVAL";"PROBE";4;63;0x00001d2a;115;1953093;776526;435907;1113566;1135027;838;0;NOSTRESS
138572387294;16772;"NEAR_P1";"INTERVAL";"PROBE";4;63;0x00001d2a;115;1949341;773258;432829;1103715;1136406;17;0;NOSTRESS
138572404070;16891;"NEAR_P1";"INTERVAL";"PROBE";4;63;0x00001d2a;115;1951175;774579;435592;1110958;1134952;681;0;NOSTRESS
138572420965;16753;"NEAR_P1";"INTERVAL";"PROBE";4;63;0x00001d2a;115;1946528;772183;432671;1102496;1135055;12;0;NOSTRESS
138572437722;16860;"NEAR_P1";"INTERVAL";"PROBE";4;63;0x00001d2a;115;1950303;774141;435046;1109183;1135124;526;0;NOSTRESS
138572454587;16762;"NEAR_P1";"INTERVAL";"PROBE";4;63;0x00001d2a;115;1947514;772719;432729;1102849;1135610;11;0;NOSTRESS
138572471353;16846;"NEAR_P1";"INTERVAL";"PROBE";4;63;0x00001d2a;115;1950085;774071;435107;1108932;1135062;471;0;NOSTRESS
138572488203;16751;"NEAR_P1";"INTERVAL";"PROBE";4;63;0x00001d2a;115;1945929;772076;432688;1102255;1134675;8;0;NOSTRESS
138572504958;16849;"NEAR_P1";"INTERVAL";"PROBE";4;63;0x00001d2a;115;1950120;774130;435081;1109058;1135076;483;0;NOSTRESS
138572521811;16841;"NEAR_P1";"INTERVAL";"PROBE";4;63;0x00001d2a;115;1948937;773802;435022;1108864;1134387;466;0;NOSTRESS
138572538657;16755;"NEAR_P1";"INTERVAL";"PROBE";4;63;0x00001d2a;115;1946796;772350;432756;1102440;1135232;20;0;NOSTRESS
138572555416;16842;"NEAR_P1";"INTERVAL";"PROBE";4;63;0x00001d2a;115;1948971;773738;435123;1108723;1134323;467;0;NOSTRESS
138572572263;16745;"NEAR_P1";"INTERVAL";"PROBE";4;63;0x00001d2a;115;1942969;771385;432605;1102073;1132818;20;0;NOSTRESS
138572589012;16840;"NEAR_P1";"INTERVAL";"PROBE";4;63;0x00001d2a;115;1946516;773370;435089;1108857;1132720;461;0;NOSTRESS
138572605857;16753;"NEAR_P1";"INTERVAL";"PROBE";4;63;0x00001d2a;115;1944310;771853;432757;1102450;1133482;20;0;NOSTRESS
138572622614;16860;"NEAR_P1";"INTERVAL";"PROBE";4;63;0x00001d2a;115;1949263;774209;435245;1109512;1134274;464;0;NOSTRESS
138572639478;16755;"NEAR_P1";"INTERVAL";"PROBE";4;63;0x00001d2a;115;1944130;771910;432681;1102563;1133579;19;0;NOSTRESS
138572656237;16849;"NEAR_P1";"INTERVAL";"PROBE";4;63;0x00001d2a;115;1948971;774056;435078;1109183;1134412;468;0;NOSTRESS
138572673091;16757;"NEAR_P1";"INTERVAL";"PROBE";4;63;0x00001d2a;115;1944846;772007;432813;1102528;1133821;17;0;NOSTRESS
138572689853;16855;"NEAR_P1";"INTERVAL";"PROBE";4;63;0x00001d2a;115;1949805;774247;435193;1109251;1134683;470;0;NOSTRESS
138572706712;73030;"TRAJ_R1";"INTERVAL";"PROBE";4;63;0x00001d2a;115;7549433;3103994;1986651;4810991;4771595;981;0;NOSTRESS
138573969876;405021;"MAF";"INTERVAL";"PROBE";4;63;0x00001d2a;116;46018625;18368401;10538679;26634987;27133006;7769;0;NOSTRESS
138573969897;75;"SENS_C1";"INTERVAL";"PROBE";4;63;0x00001d2a;116;752;623;436;1044;0;110;0;NOSTRESS
138573969977;89;"LOC_C1";"INTERVAL";"PROBE";4;63;0x00001d2a;116;3846;1841;1233;3079;1870;160;0;NOSTRESS
138573970070;22;"LOC_C2";"INTERVAL";"PROBE";4;63;0x00001d2a;116;347;294;197;600;17;20;0;NOSTRESS
138573970096;92;"LOC_C3";"INTERVAL";"PROBE";4;63;0x00001d2a;116;8813;2434;1702;7641;3827;59;0;NOSTRESS
138573970193;23;"LOC_C4";"INTERVAL";"PROBE";4;63;0x00001d2a;116;350;277;210;593;0;30;0;NOSTRESS
138573970221;17032;"NEAR_P1";"INTERVAL";"PROBE";4;63;0x00001d2a;116;1951567;775815;435940;1113557;1133829;849;0;NOSTRESS
138573987257;16753;"NEAR_P1";"INTERVAL";"PROBE";4;63;0x00001d2a;116;1945805;772102;432763;1103025;1133985;17;0;NOSTRESS
138574004015;16880;"NEAR_P1";"INTERVAL";"PROBE";4;63;0x00001d2a;116;1948556;773686;435188;1109184;1133526;525;0;NOSTRESS
138574020900;16766;"NEAR_P1";"INTERVAL";"PROBE";4;63;0x00001d2a;116;1947734;772783;432917;1103287;1135099;10;0;NOSTRESS
138574037670;16882;"NEAR_P1";"INTERVAL";"PROBE";4;63;0x00001d2a;116;1951179;774629;435268;1109661;1135095;495;0;NOSTRESS
138574054557;16752;"NEAR_P1";"INTERVAL";"PROBE";4;63;0x00001d2a;116;1945850;771994;432847;1102391;1134073;10;0;NOSTRESS
138574071313;16877;"NEAR_P1";"INTERVAL";"PROBE";4;63;0x00001d2a;116;1949601;774416;435710;1110907;1133655;611;0;NOSTRESS
138574088194;16750;"NEAR_P1";"INTERVAL";"PROBE";4;63;0x00001d2a;116;1944466;771786;432836;1102482;1133149;9;0;NOSTRESS
138574104949;16866;"NEAR_P1";"INTERVAL";"PROBE";4;63;0x00001d2a;116;1950515;774345;435193;1109364;1134723;500;0;NOSTRESS
138574121820;16845;"NEAR_P1";"INTERVAL";"PROBE";4;63;0x00001d2a;116;1948533;773692;435220;1108904;1133633;464;0;NOSTRESS
138574138669;16761;"NEAR_P1";"INTERVAL";"PROBE";4;63;0x00001d2a;116;1947191;772463;432911;1102625;1135089;18;0;NOSTRESS
138574155434;16846;"NEAR_P1";"INTERVAL";"PROBE";4;63;0x00001d2a;116;1948963;773940;435258;1109057;1133847;462;0;NOSTRESS
138574172284;16909;"NEAR_P1";"INTERVAL";"PROBE";4;63;0x00001d2a;116;1943800;771417;432794;1102105;1132856;49;0;NOSTRESS
138574189197;16889;"NEAR_P1";"INTERVAL";"PROBE";4;63;0x00001d2a;116;1951982;775002;435390;1110176;1135580;580;0;NOSTRESS
138574206091;16757;"NEAR_P1";"INTERVAL";"PROBE";4;63;0x00001d2a;116;1945800;772184;432832;1102783;1134107;21;0;NOSTRESS
138574222852;16859;"NEAR_P1";"INTERVAL";"PROBE";4;63;0x00001d2a;116;1950797;774594;435315;1109606;1134816;469;0;NOSTRESS
138574239716;16747;"NEAR_P1";"INTERVAL";"PROBE";4;63;0x00001d2a;116;1944098;771512;432768;1102200;1133137;19;0;NOSTRESS
138574256468;16884;"NEAR_P1";"INTERVAL";"PROBE";4;63;0x00001d2a;116;1950553;774324;435198;1109337;1134906;461;0;NOSTRESS
138574273356;16748;"NEAR_P1";"INTERVAL";"PROBE";4;63;0x00001d2a;116;1944786;771699;432800;1102222;1133507;17;0;NOSTRESS
138574290109;16871;"NEAR_P1";"INTERVAL";"PROBE";4;63;0x00001d2a;116;1949638;774023;435181;1109348;1134303;465;0;NOSTRESS
138574307002;67891;"TRAJ_R1";"INTERVAL";"PROBE";4;63;0x00001d2a;116;7032861;2889107;1844079;4469304;4444377;887;0;NOSTRESS
138575569891;400313;"MAF";"INTERVAL";"PROBE";4;63;0x00001d2a;117;45521976;18167608;10409865;26328752;26817195;7459;0;NOSTRESS
138575569912;85;"SENS_C1";"INTERVAL";"PROBE";4;63;0x00001d2a;117;762;627;438;1064;0;117;0;NOSTRESS
138575570001;90;"LOC_C1";"INTERVAL";"PROBE";4;63;0x00001d2a;117;3805;1852;1247;3110;1818;156;0;NOSTRESS
138575570095;19;"LOC_C2";"INTERVAL";"PROBE";4;63;0x00001d2a;117;347;293;195;600;17;20;0;NOSTRESS
138575570119;91;"LOC_C3";"INTERVAL";"PROBE";4;63;0x00001d2a;117;8889;2441;1710;7683;3882;60;0;NOSTRESS
138575570215;22;"LOC_C4";"INTERVAL";"PROBE";4;63;0x00001d2a;117;351;279;211;601;0;28;0;NOSTRESS
138575570242;17045;"NEAR_P1";"INTERVAL";"PROBE";4;63;0x00001d2a;117;1954363;777055;436125;1114404;1135437;783;0;NOSTRESS
138575587291;16751;"NEAR_P1";"INTERVAL";"PROBE";4;63;0x00001d2a;117;1942856;771534;432857;1103082;1131980;15;0;NOSTRESS
138575604047;16898;"NEAR_P1";"INTERVAL";"PROBE";4;63;0x00001d2a;117;1950288;774376;435212;1109716;1134610;459;0;NOSTRESS
138575620949;16760;"NEAR_P1";"INTERVAL";"PROBE";4;63;0x00001d2a;117;1945494;772217;432894;1102954;1133863;9;0;NOSTRESS
138575637713;16889;"NEAR_P1";"INTERVAL";"PROBE";4;63;0x00001d2a;117;1949381;774213;435191;1109601;1134125;513;0;NOSTRESS
138575654606;16765;"NEAR_P1";"INTERVAL";"PROBE";4;63;0x00001d2a;117;1947040;772579;432941;1103209;1134826;10;0;NOSTRESS
138575671375;16893;"NEAR_P1";"INTERVAL";"PROBE";4;63;0x00001d2a;117;1950030;774443;435195;1109639;1134488;417;0;NOSTRESS
138575688272;16748;"NEAR_P1";"INTERVAL";"PROBE";4;63;0x00001d2a;117;1943621;771518;432764;1102370;1132734;9;0;NOSTRESS
138575705024;16869;"NEAR_P1";"INTERVAL";"PROBE";4;63;0x00001d2a;117;1947594;773512;435133;1109080;1132968;480;0;NOSTRESS
138575721897;17010;"NEAR_P1";"INTERVAL";"PROBE";4;63;0x00001d2a;117;1951897;775420;437054;1115209;1133986;741;0;NOSTRESS
138575738911;16759;"NEAR_P1";"INTERVAL";"PROBE";4;63;0x00001d2a;117;1944915;772051;432820;1102826;1133536;23;0;NOSTRESS
138575755674;16853;"NEAR_P1";"INTERVAL";"PROBE";4;63;0x00001d2a;117;1947335;773620;435186;1109344;1132733;539;0;NOSTRESS
138575772531;16748;"NEAR_P1";"INTERVAL";"PROBE";4;63;0x00001d2a;117;1943687;771472;432756;1102197;1132955;19;0;NOSTRESS
138575789283;16841;"NEAR_P1";"INTERVAL";"PROBE";4;63;0x00001d2a;117;1947014;773367;435156;1109151;1132674;470;0;NOSTRESS
138575806128;16769;"NEAR_P1";"INTERVAL";"PROBE";4;63;0x00001d2a;117;1947069;772612;432931;1103262;1134901;20;0;NOSTRESS
138575822901;16850;"NEAR_P1";"INTERVAL";"PROBE";4;63;0x00001d2a;117;1948748;773821;435206;1109371;1133670;473;0;NOSTRESS
138575839755;16754;"NEAR_P1";"INTERVAL";"PROBE";4;63;0x00001d2a;117;1944936;771854;432866;1102660;1133490;15;0;NOSTRESS
138575856513;16850;"NEAR_P1";"INTERVAL";"PROBE";4;63;0x00001d2a;117;1947962;773745;435247;1109275;1133090;470;0;NOSTRESS
138575873367;16764;"NEAR_P1";"INTERVAL";"PROBE";4;63;0x00001d2a;117;1946701;772520;432913;1103005;1134702;17;0;NOSTRESS
138575890135;16847;"NEAR_P1";"INTERVAL";"PROBE";4;63;0x00001d2a;117;1948333;773717;435149;1109148;1133501;467;0;NOSTRESS
138575907004;63195;"TRAJ_R1";"INTERVAL";"PROBE";4;63;0x00001d2a;117;6548999;2689376;1714431;4156917;4137209;881;0;NOSTRESS
138577169877;396173;"MAF";"INTERVAL";"PROBE";4;63;0x00001d2a;118;45181527;18012829;10293932;26055875;26606212;7461;0;NOSTRESS
138577169895;81;"SENS_C1";"INTERVAL";"PROBE";4;63;0x00001d2a;118;733;632;436;997;0;113;0;NOSTRESS
138577169982;91;"LOC_C1";"INTERVAL";"PROBE";4;63;0x00001d2a;118;3757;1837;1245;3110;1797;159;0;NOSTRESS
138577170077;18;"LOC_C2";"INTERVAL";"PROBE";4;63;0x00001d2a;118;342;292;195;591;17;19;0;NOSTRESS
138577170100;95;"LOC_C3";"INTERVAL";"PROBE";4;63;0x00001d2a;118;8821;2413;1686;7610;3847;61;0;NOSTRESS
138577170200;21;"LOC_C4";"INTERVAL";"PROBE";4;63;0x00001d2a;118;338;273;210;579;0;28;0;NOSTRESS
138577170225;17036;"NEAR_P1";"INTERVAL";"PROBE";4;63;0x00001d2a;118;1953386;776150;436038;1113844;1135053;854;0;NOSTRESS
138577187266;16768;"NEAR_P1";"INTERVAL";"PROBE";4;63;0x00001d2a;118;1948794;772993;432968;1103472;1136082;15;0;NOSTRESS
138577204038;16865;"NEAR_P1";"INTERVAL";"PROBE";4;63;0x00001d2a;118;1952430;774887;435222;1110059;1136122;535;0;NOSTRESS
138577220907;16750;"NEAR_P1";"INTERVAL";"PROBE";4;63;0x00001d2a;118;1945846;771949;432794;1102367;1134456;10;0;NOSTRESS
138577237661;16858;"NEAR_P1";"INTERVAL";"PROBE";4;63;0x00001d2a;118;1952299;774715;435169;1109517;1136208;488;0;NOSTRESS
138577254523;16760;"NEAR_P1";"INTERVAL";"PROBE";4;63;0x00001d2a;118;1948127;772700;432831;1102788;1135893;10;0;NOSTRESS
138577271287;16888;"NEAR_P1";"INTERVAL";"PROBE";4;63;0x00001d2a;118;1953264;775181;435291;1109959;1136736;485;0;NOSTRESS
138577288179;16760;"NEAR_P1";"INTERVAL";"PROBE";4;63;0x00001d2a;118;1948849;772802;432755;1102897;1136353;8;0;NOSTRESS
138577304943;16872;"NEAR_P1";"INTERVAL";"PROBE";4;63;0x00001d2a;118;1953429;775258;435254;1110228;1136863;485;0;NOSTRESS
138577321819;16869;"NEAR_P1";"INTERVAL";"PROBE";4;63;0x00001d2a;118;1950961;774269;435107;1109104;1135485;458;0;NOSTRESS
138577338693;16765;"NEAR_P1";"INTERVAL";"PROBE";4;63;0x00001d2a;118;1948576;772811;432885;1103070;1136042;18;0;NOSTRESS
138577355462;16872;"NEAR_P1";"INTERVAL";"PROBE";4;63;0x00001d2a;118;1949773;774257;435163;1109327;1134812;478;0;NOSTRESS
138577372338;16771;"NEAR_P1";"INTERVAL";"PROBE";4;63;0x00001d2a;118;1948607;773145;432958;1103308;1135967;19;0;NOSTRESS
138577389113;16892;"NEAR_P1";"INTERVAL";"PROBE";4;63;0x00001d2a;118;1954821;775747;435761;1111560;1137128;593;0;NOSTRESS
138577406009;16770;"NEAR_P1";"INTERVAL";"PROBE";4;63;0x00001d2a;118;1949504;773102;432934;1103021;1136645;19;0;NOSTRESS
138577422783;16860;"NEAR_P1";"INTERVAL";"PROBE";4;63;0x00001d2a;118;1951462;774662;435242;1109565;1135637;510;0;NOSTRESS
138577439648;16761;"NEAR_P1";"INTERVAL";"PROBE";4;63;0x00001d2a;118;1948015;772588;432889;1102718;1135787;20;0;NOSTRESS
138577456413;16855;"NEAR_P1";"INTERVAL";"PROBE";4;63;0x00001d2a;118;1951615;774568;435265;1109479;1135744;467;0;NOSTRESS
138577473272;16758;"NEAR_P1";"INTERVAL";"PROBE";4;63;0x00001d2a;118;1946916;772436;432794;1102639;1135004;18;0;NOSTRESS
138577490034;16869;"NEAR_P1";"INTERVAL";"PROBE";4;63;0x00001d2a;118;1953398;775323;435354;1110065;1136888;473;0;NOSTRESS
138577506925;59120;"TRAJ_R1";"INTERVAL";"PROBE";4;63;0x00001d2a;118;6147883;2520745;1599445;3884776;3881646;882;0;NOSTRESS
138578769867;392557;"MAF";"INTERVAL";"PROBE";4;63;0x00001d2a;119;44757148;17842159;10193205;25813288;26329485;7644;0;NOSTRESS
138578769886;217;"SENS_C1";"INTERVAL";"PROBE";4;63;0x00001d2a;119;784;641;445;1100;0;122;0;NOSTRESS
138578770109;93;"LOC_C1";"INTERVAL";"PROBE";4;63;0x00001d2a;119;3680;1799;1233;3056;1764;159;0;NOSTRESS
138578770206;18;"LOC_C2";"INTERVAL";"PROBE";4;63;0x00001d2a;119;342;292;195;591;17;21;0;NOSTRESS
138578770228;93;"LOC_C3";"INTERVAL";"PROBE";4;63;0x00001d2a;119;8692;2375;1681;7560;3765;61;0;NOSTRESS
138578770325;24;"LOC_C4";"INTERVAL";"PROBE";4;63;0x00001d2a;119;344;277;209;583;0;29;0;NOSTRESS
138578770353;17012;"NEAR_P1";"INTERVAL";"PROBE";4;63;0x00001d2a;119;1952711;776245;436027;1113982;1134633;827;0;NOSTRESS
138578787370;16773;"NEAR_P1";"INTERVAL";"PROBE";4;63;0x00001d2a;119;1948922;773185;433145;1104232;1135644;18;0;NOSTRESS
138578804147;16893;"NEAR_P1";"INTERVAL";"PROBE";4;63;0x00001d2a;119;1949877;774230;435389;1110420;1133994;534;0;NOSTRESS
138578821045;16756;"NEAR_P1";"INTERVAL";"PROBE";4;63;0x00001d2a;119;1946033;772291;433008;1103434;1133959;13;0;NOSTRESS
138578837806;16866;"NEAR_P1";"INTERVAL";"PROBE";4;63;0x00001d2a;119;1948517;773563;435241;1109500;1133401;496;0;NOSTRESS
138578854677;16773;"NEAR_P1";"INTERVAL";"PROBE";4;63;0x00001d2a;119;1949187;773210;433154;1104016;1135996;9;0;NOSTRESS
138578871454;16850;"NEAR_P1";"INTERVAL";"PROBE";4;63;0x00001d2a;119;1949246;773985;435323;1109891;1133867;488;0;NOSTRESS
138578888308;16766;"NEAR_P1";"INTERVAL";"PROBE";4;63;0x00001d2a;119;1948456;772760;433073;1103427;1135579;7;0;NOSTRESS
138578905078;16853;"NEAR_P1";"INTERVAL";"PROBE";4;63;0x00001d2a;119;1949713;774085;435391;1110024;1134107;472;0;NOSTRESS
138578921936;16885;"NEAR_P1";"INTERVAL";"PROBE";4;63;0x00001d2a;119;1950327;774265;435363;1109937;1134538;463;0;NOSTRESS
138578938825;16760;"NEAR_P1";"INTERVAL";"PROBE";4;63;0x00001d2a;119;1946372;772309;432989;1103347;1134247;20;0;NOSTRESS
138578955589;16884;"NEAR_P1";"INTERVAL";"PROBE";4;63;0x00001d2a;119;1951909;774785;435469;1110211;1135528;477;0;NOSTRESS
138578972477;16756;"NEAR_P1";"INTERVAL";"PROBE";4;63;0x00001d2a;119;1946223;772150;432983;1103174;1134170;19;0;NOSTRESS
138578989237;16867;"NEAR_P1";"INTERVAL";"PROBE";4;63;0x00001d2a;119;1949338;773916;435247;1109548;1134056;471;0;NOSTRESS
138579006108;16769;"NEAR_P1";"INTERVAL";"PROBE";4;63;0x00001d2a;119;1948421;772929;433093;1103782;1135498;19;0;NOSTRESS
138579022881;16870;"NEAR_P1";"INTERVAL";"PROBE";4;63;0x00001d2a;119;1948869;773704;435313;1109487;1133695;469;0;NOSTRESS
138579039756;16752;"NEAR_P1";"INTERVAL";"PROBE";4;63;0x00001d2a;119;1945262;771894;432898;1103009;1133648;17;0;NOSTRESS
138579056512;16907;"NEAR_P1";"INTERVAL";"PROBE";4;63;0x00001d2a;119;1951893;774785;435973;1111652;1135063;570;0;NOSTRESS
138579073423;16773;"NEAR_P1";"INTERVAL";"PROBE";4;63;0x00001d2a;119;1949319;773083;433092;1103806;1136099;15;0;NOSTRESS
138579090200;16878;"NEAR_P1";"INTERVAL";"PROBE";4;63;0x00001d2a;119;1949445;773869;435285;1109575;1134041;507;0;NOSTRESS
138579107100;55319;"TRAJ_R1";"INTERVAL";"PROBE";4;63;0x00001d2a;119;5753006;2358138;1495494;3633445;3632176;885;0;NOSTRESS
138580369845;388712;"MAF";"INTERVAL";"PROBE";4;63;0x00001d2a;120;44345867;17683596;10096657;25576107;26069807;6840;0;NOSTRESS
138580369867;79;"SENS_C1";"INTERVAL";"PROBE";4;63;0x00001d2a;120;745;636;435;1006;0;111;0;NOSTRESS
138580369951;93;"LOC_C1";"INTERVAL";"PROBE";4;63;0x00001d2a;120;3707;1808;1243;3071;1777;159;0;NOSTRESS
138580370048;18;"LOC_C2";"INTERVAL";"PROBE";4;63;0x00001d2a;120;344;292;195;592;17;20;0;NOSTRESS
138580370070;91;"LOC_C3";"INTERVAL";"PROBE";4;63;0x00001d2a;120;8723;2391;1701;7591;3778;63;0;NOSTRESS
138580370165;23;"LOC_C4";"INTERVAL";"PROBE";4;63;0x00001d2a;120;346;277;210;583;0;30;0;NOSTRESS
138580370192;17000;"NEAR_P1";"INTERVAL";"PROBE";4;63;0x00001d2a;120;1948273;774756;435792;1112883;1131714;752;0;NOSTRESS
138580387197;16757;"NEAR_P1";"INTERVAL";"PROBE";4;63;0x00001d2a;120;1945218;772155;432999;1103560;1133228;12;0;NOSTRESS
138580403958;16858;"NEAR_P1";"INTERVAL";"PROBE";4;63;0x00001d2a;120;1948476;773768;435392;1109979;1133142;531;0;NOSTRESS
138580420820;16743;"NEAR_P1";"INTERVAL";"PROBE";4;63;0x00001d2a;120;1942656;771120;432843;1102587;1131991;16;0;NOSTRESS
138580437567;16832;"NEAR_P1";"INTERVAL";"PROBE";4;63;0x00001d2a;120;1945132;772648;435209;1108971;1131179;482;0;NOSTRESS
138580454403;16752;"NEAR_P1";"INTERVAL";"PROBE";4;63;0x00001d2a;120;1944262;771662;432969;1102954;1132882;9;0;NOSTRESS
138580471159;16848;"NEAR_P1";"INTERVAL";"PROBE";4;63;0x00001d2a;120;1946541;773228;435296;1109395;1132031;479;0;NOSTRESS
138580488012;16762;"NEAR_P1";"INTERVAL";"PROBE";4;63;0x00001d2a;120;1945663;772317;433033;1103527;1133626;10;0;NOSTRESS
138580504778;16845;"NEAR_P1";"INTERVAL";"PROBE";4;63;0x00001d2a;120;1946018;773247;435243;1109555;1131828;481;0;NOSTRESS
138580521627;16834;"NEAR_P1";"INTERVAL";"PROBE";4;63;0x00001d2a;120;1944392;772694;435265;1109002;1130871;462;0;NOSTRESS
138580538465;16758;"NEAR_P1";"INTERVAL";"PROBE";4;63;0x00001d2a;120;1944509;771865;432967;1103125;1132970;19;0;NOSTRESS
138580555227;16840;"NEAR_P1";"INTERVAL";"PROBE";4;63;0x00001d2a;120;1945021;773029;435201;1109493;1131095;471;0;NOSTRESS
138580572071;16762;"NEAR_P1";"INTERVAL";"PROBE";4;63;0x00001d2a;120;1945242;772270;432938;1103568;1133418;20;0;NOSTRESS
138580588838;16890;"NEAR_P1";"INTERVAL";"PROBE";4;63;0x00001d2a;120;1949006;774209;435409;1110205;1133598;464;0;NOSTRESS
138580605732;16745;"NEAR_P1";"INTERVAL";"PROBE";4;63;0x00001d2a;120;1941797;771178;432867;1102616;1131419;19;0;NOSTRESS
138580622481;16863;"NEAR_P1";"INTERVAL";"PROBE";4;63;0x00001d2a;120;1946173;773242;435240;1109521;1132020;470;0;NOSTRESS
138580639349;16738;"NEAR_P1";"INTERVAL";"PROBE";4;63;0x00001d2a;120;1940164;770639;432842;1102374;1130295;20;0;NOSTRESS
138580656092;16882;"NEAR_P1";"INTERVAL";"PROBE";4;63;0x00001d2a;120;1947552;773769;435288;1109824;1132716;462;0;NOSTRESS
138580672978;16756;"NEAR_P1";"INTERVAL";"PROBE";4;63;0x00001d2a;120;1943619;771808;432956;1103189;1132417;19;0;NOSTRESS
138580689738;16875;"NEAR_P1";"INTERVAL";"PROBE";4;63;0x00001d2a;120;1948702;773957;435326;1109947;1133410;470;0;NOSTRESS
138580706617;51935;"TRAJ_R1";"INTERVAL";"PROBE";4;63;0x00001d2a;120;5413990;2217564;1401756;3407796;3418385;553;0;NOSTRESS
138581969866;385908;"MAF";"INTERVAL";"PROBE";4;63;0x00001d2a;121;44080587;17560355;10013487;25374261;25912562;7200;0;NOSTRESS
138581969884;79;"SENS_C1";"INTERVAL";"PROBE";4;63;0x00001d2a;121;789;631;439;1101;0;117;0;NOSTRESS
138581969969;92;"LOC_C1";"INTERVAL";"PROBE";4;63;0x00001d2a;121;3636;1790;1237;3060;1743;161;0;NOSTRESS
138581970065;19;"LOC_C2";"INTERVAL";"PROBE";4;63;0x00001d2a;121;344;292;195;592;17;19;0;NOSTRESS
138581970088;93;"LOC_C3";"INTERVAL";"PROBE";4;63;0x00001d2a;121;8803;2398;1689;7596;3833;61;0;NOSTRESS
138581970185;23;"LOC_C4";"INTERVAL";"PROBE";4;63;0x00001d2a;121;346;277;210;584;0;29;0;NOSTRESS
138581970212;16986;"NEAR_P1";"INTERVAL";"PROBE";4;63;0x00001d2a;121;1947475;774188;435643;1111969;1131744;771;0;NOSTRESS
138581987203;16757;"NEAR_P1";"INTERVAL";"PROBE";4;63;0x00001d2a;121;1945278;771974;433008;1103498;1133714;13;0;NOSTRESS
138582003965;16847;"NEAR_P1";"INTERVAL";"PROBE";4;63;0x00001d2a;121;1948023;773422;435292;1109568;1133383;521;0;NOSTRESS
138582020817;16746;"NEAR_P1";"INTERVAL";"PROBE";4;63;0x00001d2a;121;1944497;771454;432870;1102549;1133534;17;0;NOSTRESS
138582037567;16862;"NEAR_P1";"INTERVAL";"PROBE";4;63;0x00001d2a;121;1948197;773423;435265;1109359;1133770;495;0;NOSTRESS
138582054433;16912;"NEAR_P1";"INTERVAL";"PROBE";4;63;0x00001d2a;121;1944721;771706;432834;1102788;1133774;31;0;NOSTRESS
138582071349;16860;"NEAR_P1";"INTERVAL";"PROBE";4;63;0x00001d2a;121;1946608;772879;435147;1108738;1132696;594;0;NOSTRESS
138582088213;16759;"NEAR_P1";"INTERVAL";"PROBE";4;63;0x00001d2a;121;1947406;772291;432936;1103103;1135312;10;0;NOSTRESS
138582104976;16836;"NEAR_P1";"INTERVAL";"PROBE";4;63;0x00001d2a;121;1948176;773280;435164;1108921;1133704;484;0;NOSTRESS
138582121817;16857;"NEAR_P1";"INTERVAL";"PROBE";4;63;0x00001d2a;121;1948103;773338;435153;1109172;1133487;475;0;NOSTRESS
138582138678;16746;"NEAR_P1";"INTERVAL";"PROBE";4;63;0x00001d2a;121;1945479;771570;432791;1102454;1134264;19;0;NOSTRESS
138582155428;16871;"NEAR_P1";"INTERVAL";"PROBE";4;63;0x00001d2a;121;1950266;774097;435257;1109758;1134836;469;0;NOSTRESS
138582172304;16753;"NEAR_P1";"INTERVAL";"PROBE";4;63;0x00001d2a;121;1946349;771991;432868;1102776;1134632;19;0;NOSTRESS
138582189061;16859;"NEAR_P1";"INTERVAL";"PROBE";4;63;0x00001d2a;121;1951954;774592;435371;1110127;1135830;469;0;NOSTRESS
138582205924;16747;"NEAR_P1";"INTERVAL";"PROBE";4;63;0x00001d2a;121;1944913;771605;432768;1102688;1133662;19;0;NOSTRESS
138582222676;16837;"NEAR_P1";"INTERVAL";"PROBE";4;63;0x00001d2a;121;1948802;773487;435182;1109140;1133987;463;0;NOSTRESS
138582239518;16759;"NEAR_P1";"INTERVAL";"PROBE";4;63;0x00001d2a;121;1947534;772274;432984;1102941;1135326;19;0;NOSTRESS
138582256281;16866;"NEAR_P1";"INTERVAL";"PROBE";4;63;0x00001d2a;121;1949362;773844;435121;1109454;1134478;465;0;NOSTRESS
138582273152;16756;"NEAR_P1";"INTERVAL";"PROBE";4;63;0x00001d2a;121;1945160;772000;432890;1102906;1134022;18;0;NOSTRESS
138582289912;16869;"NEAR_P1";"INTERVAL";"PROBE";4;63;0x00001d2a;121;1948769;773838;435241;1109637;1134008;459;0;NOSTRESS
138582306786;48983;"TRAJ_R1";"INTERVAL";"PROBE";4;63;0x00001d2a;121;5109343;2090324;1319438;3209347;3226806;542;0;NOSTRESS
138583569835;364504;"MAF";"INTERVAL";"PROBE";4;63;0x00001d2a;122;41799103;16643105;9445549;23987083;24469854;6873;0;NOSTRESS
138583569855;75;"SENS_C1";"INTERVAL";"PROBE";4;63;0x00001d2a;122;777;637;438;1068;0;112;0;NOSTRESS
138583569936;96;"LOC_C1";"INTERVAL";"PROBE";4;63;0x00001d2a;122;3805;1840;1233;3063;1837;156;0;NOSTRESS
138583570036;19;"LOC_C2";"INTERVAL";"PROBE";4;63;0x00001d2a;122;352;295;197;609;17;21;0;NOSTRESS
138583570060;95;"LOC_C3";"INTERVAL";"PROBE";4;63;0x00001d2a;122;8877;2456;1711;7670;3861;60;0;NOSTRESS
138583570160;22;"LOC_C4";"INTERVAL";"PROBE";4;63;0x00001d2a;122;342;273;208;580;0;26;0;NOSTRESS
138583570186;17014;"NEAR_P1";"INTERVAL";"PROBE";4;63;0x00001d2a;122;1948588;774933;435703;1111993;1132353;806;0;NOSTRESS
138583587204;16741;"NEAR_P1";"INTERVAL";"PROBE";4;63;0x00001d2a;122;1941050;770980;432850;1102692;1131067;18;0;NOSTRESS
138583603949;16835;"NEAR_P1";"INTERVAL";"PROBE";4;63;0x00001d2a;122;1944451;772750;435258;1109093;1131214;501;0;NOSTRESS
138583620789;16754;"NEAR_P1";"INTERVAL";"PROBE";4;63;0x00001d2a;122;1944503;771931;432928;1103268;1133472;16;0;NOSTRESS
138583637547;16824;"NEAR_P1";"INTERVAL";"PROBE";4;63;0x00001d2a;122;1943009;772281;435050;1108702;1130376;480;0;NOSTRESS
138583654375;16745;"NEAR_P1";"INTERVAL";"PROBE";4;63;0x00001d2a;122;1943108;771446;432886;1102819;1132562;8;0;NOSTRESS
138583671125;16832;"NEAR_P1";"INTERVAL";"PROBE";4;63;0x00001d2a;122;1944998;772771;435119;1108951;1131533;476;0;NOSTRESS
138583687961;16731;"NEAR_P1";"INTERVAL";"PROBE";4;63;0x00001d2a;122;1940663;770643;432775;1102116;1131095;9;0;NOSTRESS
138583704696;16832;"NEAR_P1";"INTERVAL";"PROBE";4;63;0x00001d2a;122;1943359;772234;434979;1108320;1130735;391;0;NOSTRESS
138583721533;16819;"NEAR_P1";"INTERVAL";"PROBE";4;63;0x00001d2a;122;1942933;772204;435096;1108419;1130490;451;0;NOSTRESS
138583738356;16732;"NEAR_P1";"INTERVAL";"PROBE";4;63;0x00001d2a;122;1940118;770555;432765;1102108;1130747;20;0;NOSTRESS
138583755092;16827;"NEAR_P1";"INTERVAL";"PROBE";4;63;0x00001d2a;122;1944006;772433;435219;1108777;1130830;462;0;NOSTRESS
138583771923;16727;"NEAR_P1";"INTERVAL";"PROBE";4;63;0x00001d2a;122;1939677;770228;432698;1101929;1130531;19;0;NOSTRESS
138583788654;16837;"NEAR_P1";"INTERVAL";"PROBE";4;63;0x00001d2a;122;1943436;772310;435032;1108504;1130800;464;0;NOSTRESS
138583805495;16730;"NEAR_P1";"INTERVAL";"PROBE";4;63;0x00001d2a;122;1940223;770492;432724;1102011;1131108;19;0;NOSTRESS
138583822230;16837;"NEAR_P1";"INTERVAL";"PROBE";4;63;0x00001d2a;122;1945570;772918;435201;1109048;1131928;465;0;NOSTRESS
138583839071;16729;"NEAR_P1";"INTERVAL";"PROBE";4;63;0x00001d2a;122;1940103;770340;432683;1101900;1130824;18;0;NOSTRESS
138583855804;16829;"NEAR_P1";"INTERVAL";"PROBE";4;63;0x00001d2a;122;1944285;772608;435151;1108716;1131119;464;0;NOSTRESS
138583872637;16725;"NEAR_P1";"INTERVAL";"PROBE";4;63;0x00001d2a;122;1939280;770200;432699;1101701;1130307;16;0;NOSTRESS
138583889366;16848;"NEAR_P1";"INTERVAL";"PROBE";4;63;0x00001d2a;122;1946557;773353;435279;1109526;1132512;474;0;NOSTRESS
138583906238;28096;"TRAJ_R1";"INTERVAL";"PROBE";4;63;0x00001d2a;122;2915451;1192914;753627;1834288;1838536;675;0;NOSTRESS
138585169903;352528;"MAF";"INTERVAL";"PROBE";4;63;0x00001d2a;123;40561795;16128292;9109587;23181865;23686210;7017;0;NOSTRESS
138585169925;73;"SENS_C1";"INTERVAL";"PROBE";4;63;0x00001d2a;123;727;614;433;990;0;109;0;NOSTRESS
138585170002;100;"LOC_C1";"INTERVAL";"PROBE";4;63;0x00001d2a;123;3805;1851;1245;3131;1819;157;0;NOSTRESS
138585170106;19;"LOC_C2";"INTERVAL";"PROBE";4;63;0x00001d2a;123;340;292;195;590;17;20;0;NOSTRESS
138585170129;94;"LOC_C3";"INTERVAL";"PROBE";4;63;0x00001d2a;123;8906;2450;1700;7651;3891;58;0;NOSTRESS
138585170227;24;"LOC_C4";"INTERVAL";"PROBE";4;63;0x00001d2a;123;338;279;209;583;0;30;0;NOSTRESS
138585170255;17002;"NEAR_P1";"INTERVAL";"PROBE";4;63;0x00001d2a;123;1944805;773742;435805;1112374;1129800;774;0;NOSTRESS
138585187261;16740;"NEAR_P1";"INTERVAL";"PROBE";4;63;0x00001d2a;123;1939741;770515;432792;1102788;1130086;17;0;NOSTRESS
138585204005;16890;"NEAR_P1";"INTERVAL";"PROBE";4;63;0x00001d2a;123;1947051;773615;436151;1112175;1131572;624;0;NOSTRESS
138585220899;16744;"NEAR_P1";"INTERVAL";"PROBE";4;63;0x00001d2a;123;1941677;770978;432842;1102783;1131425;8;0;NOSTRESS
138585237647;16838;"NEAR_P1";"INTERVAL";"PROBE";4;63;0x00001d2a;123;1944529;772691;435201;1109247;1130925;496;0;NOSTRESS
138585254489;16741;"NEAR_P1";"INTERVAL";"PROBE";4;63;0x00001d2a;123;1940902;770870;432839;1102445;1131070;11;0;NOSTRESS
138585271235;16828;"NEAR_P1";"INTERVAL";"PROBE";4;63;0x00001d2a;123;1942999;772284;435080;1108766;1130130;472;0;NOSTRESS
138585288067;16753;"NEAR_P1";"INTERVAL";"PROBE";4;63;0x00001d2a;123;1942923;771503;432880;1103021;1132230;8;0;NOSTRESS
138585304824;16842;"NEAR_P1";"INTERVAL";"PROBE";4;63;0x00001d2a;123;1946454;773305;435242;1109273;1132315;471;0;NOSTRESS
138585321671;16837;"NEAR_P1";"INTERVAL";"PROBE";4;63;0x00001d2a;123;1945129;772897;435186;1109036;1131508;457;0;NOSTRESS
138585338512;16742;"NEAR_P1";"INTERVAL";"PROBE";4;63;0x00001d2a;123;1942393;771020;432726;1102357;1132232;18;0;NOSTRESS
138585355258;16861;"NEAR_P1";"INTERVAL";"PROBE";4;63;0x00001d2a;123;1945342;772826;435210;1109143;1131773;502;0;NOSTRESS
138585372124;16747;"NEAR_P1";"INTERVAL";"PROBE";4;63;0x00001d2a;123;1943858;771439;432782;1102547;1133097;21;0;NOSTRESS
138585388875;16864;"NEAR_P1";"INTERVAL";"PROBE";4;63;0x00001d2a;123;1947195;773497;435602;1110564;1132421;605;0;NOSTRESS
138585405744;16741;"NEAR_P1";"INTERVAL";"PROBE";4;63;0x00001d2a;123;1942629;771145;432712;1102469;1132403;20;0;NOSTRESS
138585422490;17025;"NEAR_P1";"INTERVAL";"PROBE";4;63;0x00001d2a;123;1945644;772769;435083;1108910;1131997;621;0;NOSTRESS
138585439519;16741;"NEAR_P1";"INTERVAL";"PROBE";4;63;0x00001d2a;123;1942527;771038;432704;1102287;1132324;20;0;NOSTRESS
138585456264;16875;"NEAR_P1";"INTERVAL";"PROBE";4;63;0x00001d2a;123;1946338;773223;435141;1109391;1132464;477;0;NOSTRESS
138585473143;16736;"NEAR_P1";"INTERVAL";"PROBE";4;63;0x00001d2a;123;1942043;770803;432670;1102179;1132179;16;0;NOSTRESS
138585489884;16852;"NEAR_P1";"INTERVAL";"PROBE";4;63;0x00001d2a;123;1944992;772681;435018;1108864;1131613;471;0;NOSTRESS
138585506759;15668;"TRAJ_R1";"INTERVAL";"PROBE";4;63;0x00001d2a;123;1658290;672575;415665;1017921;1046919;84;0;NOSTRESS
138586769883;353144;"MAF";"INTERVAL";"PROBE";4;63;0x00001d2a;124;40706899;16179100;9120688;23222830;23770834;6723;0;NOSTRESS
138586769903;77;"SENS_C1";"INTERVAL";"PROBE";4;63;0x00001d2a;124;754;625;437;1051;0;117;0;NOSTRESS
138586769984;93;"LOC_C1";"INTERVAL";"PROBE";4;63;0x00001d2a;124;3728;1821;1244;3107;1786;158;0;NOSTRESS
138586770081;19;"LOC_C2";"INTERVAL";"PROBE";4;63;0x00001d2a;124;344;292;195;592;17;19;0;NOSTRESS
138586770104;88;"LOC_C3";"INTERVAL";"PROBE";4;63;0x00001d2a;124;8765;2401;1706;7588;3812;58;0;NOSTRESS
138586770197;21;"LOC_C4";"INTERVAL";"PROBE";4;63;0x00001d2a;124;341;272;208;577;0;29;0;NOSTRESS
138586770222;17053;"NEAR_P1";"INTERVAL";"PROBE";4;63;0x00001d2a;124;1951380;775050;435938;1112831;1134585;823;0;NOSTRESS
138586787280;16770;"NEAR_P1";"INTERVAL";"PROBE";4;63;0x00001d2a;124;1947215;772916;433016;1103975;1134778;15;0;NOSTRESS
138586804054;16871;"NEAR_P1";"INTERVAL";"PROBE";4;63;0x00001d2a;124;1951049;774908;435453;1110494;1134872;518;0;NOSTRESS
138586820930;16771;"NEAR_P1";"INTERVAL";"PROBE";4;63;0x00001d2a;124;1947279;773043;433053;1104005;1134682;11;0;NOSTRESS
138586837706;16871;"NEAR_P1";"INTERVAL";"PROBE";4;63;0x00001d2a;124;1951807;775165;435433;1110590;1135446;476;0;NOSTRESS
138586854582;16776;"NEAR_P1";"INTERVAL";"PROBE";4;63;0x00001d2a;124;1948347;773282;433037;1104087;1135593;8;0;NOSTRESS
138586871362;16906;"NEAR_P1";"INTERVAL";"PROBE";4;63;0x00001d2a;124;1949903;774919;436207;1112395;1133468;560;0;NOSTRESS
138586888272;16774;"NEAR_P1";"INTERVAL";"PROBE";4;63;0x00001d2a;124;1948006;773252;433052;1104095;1135286;9;0;NOSTRESS
138586905050;16865;"NEAR_P1";"INTERVAL";"PROBE";4;63;0x00001d2a;124;1951507;774798;435323;1110291;1135236;496;0;NOSTRESS
138586921919;16872;"NEAR_P1";"INTERVAL";"PROBE";4;63;0x00001d2a;124;1952771;775429;435437;1110773;1135913;471;0;NOSTRESS
138586938795;16776;"NEAR_P1";"INTERVAL";"PROBE";4;63;0x00001d2a;124;1949936;773475;433058;1104110;1136346;20;0;NOSTRESS
138586955575;16866;"NEAR_P1";"INTERVAL";"PROBE";4;63;0x00001d2a;124;1952476;775174;435462;1110430;1135756;464;0;NOSTRESS
138586972445;16766;"NEAR_P1";"INTERVAL";"PROBE";4;63;0x00001d2a;124;1947058;772779;432993;1103524;1134618;18;0;NOSTRESS
138586989215;16878;"NEAR_P1";"INTERVAL";"PROBE";4;63;0x00001d2a;124;1950293;774613;435302;1110162;1134354;470;0;NOSTRESS
138587006097;16768;"NEAR_P1";"INTERVAL";"PROBE";4;63;0x00001d2a;124;1947662;772958;432964;1103782;1134958;18;0;NOSTRESS
138587022869;16912;"NEAR_P1";"INTERVAL";"PROBE";4;63;0x00001d2a;124;1954157;775765;435518;1111163;1136598;485;0;NOSTRESS
138587039786;16760;"NEAR_P1";"INTERVAL";"PROBE";4;63;0x00001d2a;124;1946265;772505;432920;1103388;1134102;16;0;NOSTRESS
138587056550;16907;"NEAR_P1";"INTERVAL";"PROBE";4;63;0x00001d2a;124;1952904;775416;435864;1112173;1135521;607;0;NOSTRESS
138587073462;16771;"NEAR_P1";"INTERVAL";"PROBE";4;63;0x00001d2a;124;1948123;773088;433028;1103796;1135151;18;0;NOSTRESS
138587090237;16873;"NEAR_P1";"INTERVAL";"PROBE";4;63;0x00001d2a;124;1952322;775201;435490;1110817;1135425;514;0;NOSTRESS
138587107115;15907;"TRAJ_R1";"INTERVAL";"PROBE";4;63;0x00001d2a;124;1682928;682892;422312;1033827;1062531;74;0;NOSTRESS
138588369869;353244;"MAF";"INTERVAL";"PROBE";4;63;0x00001d2a;125;40722718;16181109;9128596;23234299;23783429;6469;0;NOSTRESS
138588369889;77;"SENS_C1";"INTERVAL";"PROBE";4;63;0x00001d2a;125;749;628;440;1049;0;109;0;NOSTRESS
138588369970;89;"LOC_C1";"INTERVAL";"PROBE";4;63;0x00001d2a;125;3567;1756;1233;3060;1693;155;0;NOSTRESS
138588370063;20;"LOC_C2";"INTERVAL";"PROBE";4;63;0x00001d2a;125;347;294;197;600;17;21;0;NOSTRESS
138588370087;87;"LOC_C3";"INTERVAL";"PROBE";4;63;0x00001d2a;125;8720;2403;1690;7535;3809;60;0;NOSTRESS
138588370179;23;"LOC_C4";"INTERVAL";"PROBE";4;63;0x00001d2a;125;340;281;209;585;0;32;0;NOSTRESS
138588370206;17039;"NEAR_P1";"INTERVAL";"PROBE";4;63;0x00001d2a;125;1953173;775631;436124;1113307;1135531;774;0;NOSTRESS
138588387249;16773;"NEAR_P1";"INTERVAL";"PROBE";4;63;0x00001d2a;125;1948697;773092;433199;1104278;1135545;15;0;NOSTRESS
138588404026;16898;"NEAR_P1";"INTERVAL";"PROBE";4;63;0x00001d2a;125;1951942;774774;435477;1110793;1135493;523;0;NOSTRESS
138588420928;16757;"NEAR_P1";"INTERVAL";"PROBE";4;63;0x00001d2a;125;1946497;772296;433056;1103275;1134495;9;0;NOSTRESS
138588437690;16876;"NEAR_P1";"INTERVAL";"PROBE";4;63;0x00001d2a;125;1949686;774218;435442;1110150;1133915;488;0;NOSTRESS
138588454570;16763;"NEAR_P1";"INTERVAL";"PROBE";4;63;0x00001d2a;125;1947366;772540;433027;1103589;1134990;9;0;NOSTRESS
138588471338;16862;"NEAR_P1";"INTERVAL";"PROBE";4;63;0x00001d2a;125;1950333;774206;435438;1110038;1134581;491;0;NOSTRESS
138588488204;16766;"NEAR_P1";"INTERVAL";"PROBE";4;63;0x00001d2a;125;1947942;772742;433057;1103710;1135246;8;0;NOSTRESS
138588504974;16864;"NEAR_P1";"INTERVAL";"PROBE";4;63;0x00001d2a;125;1952079;774888;435489;1110460;1135607;482;0;NOSTRESS
138588521843;16898;"NEAR_P1";"INTERVAL";"PROBE";4;63;0x00001d2a;125;1952334;775280;436358;1112814;1134868;547;0;NOSTRESS
138588538746;16757;"NEAR_P1";"INTERVAL";"PROBE";4;63;0x00001d2a;125;1945668;772043;433024;1103110;1133942;24;0;NOSTRESS
138588555507;16851;"NEAR_P1";"INTERVAL";"PROBE";4;63;0x00001d2a;125;1948386;773802;435405;1109949;1133229;472;0;NOSTRESS
138588572362;16762;"NEAR_P1";"INTERVAL";"PROBE";4;63;0x00001d2a;125;1947013;772417;433010;1103361;1134770;20;0;NOSTRESS
138588589128;16853;"NEAR_P1";"INTERVAL";"PROBE";4;63;0x00001d2a;125;1950614;774238;435388;1109840;1134858;462;0;NOSTRESS
138588605986;16754;"NEAR_P1";"INTERVAL";"PROBE";4;63;0x00001d2a;125;1945300;771903;432943;1103108;1133565;17;0;NOSTRESS
138588622744;16876;"NEAR_P1";"INTERVAL";"PROBE";4;63;0x00001d2a;125;1951821;774856;435477;1110587;1135494;470;0;NOSTRESS
138588639624;16765;"NEAR_P1";"INTERVAL";"PROBE";4;63;0x00001d2a;125;1947247;772653;433063;1103615;1134792;18;0;NOSTRESS
138588656393;16862;"NEAR_P1";"INTERVAL";"PROBE";4;63;0x00001d2a;125;1951644;774671;435473;1110177;1135403;474;0;NOSTRESS
138588673259;16752;"NEAR_P1";"INTERVAL";"PROBE";4;63;0x00001d2a;125;1945511;771996;432936;1103001;1133873;15;0;NOSTRESS
138588690016;16907;"NEAR_P1";"INTERVAL";"PROBE";4;63;0x00001d2a;125;1953711;775349;435542;1110800;1136634;459;0;NOSTRESS
138588706928;16180;"TRAJ_R1";"INTERVAL";"PROBE";4;63;0x00001d2a;125;1712443;695089;429860;1052321;1081079;74;0;NOSTRESS
138589969901;353578;"MAF";"INTERVAL";"PROBE";4;63;0x00001d2a;126;40741169;16184333;9135297;23246726;23797379;6868;0;NOSTRESS
138589969922;83;"SENS_C1";"INTERVAL";"PROBE";4;63;0x00001d2a;126;752;625;436;1045;0;118;0;NOSTRESS
138589970009;92;"LOC_C1";"INTERVAL";"PROBE";4;63;0x00001d2a;126;3734;1804;1236;3087;1794;158;0;NOSTRESS
138589970105;17;"LOC_C2";"INTERVAL";"PROBE";4;63;0x00001d2a;126;344;292;195;592;17;19;0;NOSTRESS
138589970126;219;"LOC_C3";"INTERVAL";"PROBE";4;63;0x00001d2a;126;8780;2418;1698;7607;3825;70;0;NOSTRESS
138589970350;25;"LOC_C4";"INTERVAL";"PROBE";4;63;0x00001d2a;126;353;277;211;606;0;29;0;NOSTRESS
138589970379;17047;"NEAR_P1";"INTERVAL";"PROBE";4;63;0x00001d2a;126;1951857;774854;436213;1113136;1134642;899;0;NOSTRESS
138589987430;16759;"NEAR_P1";"INTERVAL";"PROBE";4;63;0x00001d2a;126;1946534;772116;433060;1103594;1134301;14;0;NOSTRESS
138590004193;16868;"NEAR_P1";"INTERVAL";"PROBE";4;63;0x00001d2a;126;1950400;774101;435455;1110117;1134494;557;0;NOSTRESS
138590021065;16754;"NEAR_P1";"INTERVAL";"PROBE";4;63;0x00001d2a;126;1946693;772051;432969;1103170;1134651;10;0;NOSTRESS
138590037823;16851;"NEAR_P1";"INTERVAL";"PROBE";4;63;0x00001d2a;126;1949731;773850;435388;1109677;1134348;496;0;NOSTRESS
138590054679;16754;"NEAR_P1";"INTERVAL";"PROBE";4;63;0x00001d2a;126;1946122;771923;432995;1103071;1134299;10;0;NOSTRESS
138590071438;16874;"NEAR_P1";"INTERVAL";"PROBE";4;63;0x00001d2a;126;1950370;773940;435419;1109618;1134869;430;0;NOSTRESS
138590088316;16768;"NEAR_P1";"INTERVAL";"PROBE";4;63;0x00001d2a;126;1948931;772782;433088;1103600;1135971;8;0;NOSTRESS
138590105088;16886;"NEAR_P1";"INTERVAL";"PROBE";4;63;0x00001d2a;126;1951350;774344;435397;1110185;1135270;497;0;NOSTRESS
138590121978;16857;"NEAR_P1";"INTERVAL";"PROBE";4;63;0x00001d2a;126;1950492;774097;435393;1110054;1134772;470;0;NOSTRESS
138590138839;16757;"NEAR_P1";"INTERVAL";"PROBE";4;63;0x00001d2a;126;1945514;771824;432938;1102996;1134071;20;0;NOSTRESS
138590155601;16850;"NEAR_P1";"INTERVAL";"PROBE";4;63;0x00001d2a;126;1949047;773793;435313;1109963;1133854;479;0;NOSTRESS
138590172455;16770;"NEAR_P1";"INTERVAL";"PROBE";4;63;0x00001d2a;126;1948003;772744;433087;1103631;1135511;19;0;NOSTRESS
138590189229;16921;"NEAR_P1";"INTERVAL";"PROBE";4;63;0x00001d2a;126;1950924;774695;436291;1112480;1134217;552;0;NOSTRESS
138590206155;16741;"NEAR_P1";"INTERVAL";"PROBE";4;63;0x00001d2a;126;1944111;771018;432880;1102292;1133075;21;0;NOSTRESS
138590222900;16853;"NEAR_P1";"INTERVAL";"PROBE";4;63;0x00001d2a;126;1950090;774191;435371;1109905;1134633;482;0;NOSTRESS
138590239757;16770;"NEAR_P1";"INTERVAL";"PROBE";4;63;0x00001d2a;126;1948621;772817;433053;1103668;1135786;16;0;NOSTRESS
138590256531;16849;"NEAR_P1";"INTERVAL";"PROBE";4;63;0x00001d2a;126;1950176;773902;435366;1109590;1134554;471;0;NOSTRESS
138590273384;16757;"NEAR_P1";"INTERVAL";"PROBE";4;63;0x00001d2a;126;1946009;771965;433007;1103192;1134272;16;0;NOSTRESS
138590290145;16850;"NEAR_P1";"INTERVAL";"PROBE";4;63;0x00001d2a;126;1949749;773769;435402;1109502;1134439;478;0;NOSTRESS
138590307000;16474;"TRAJ_R1";"INTERVAL";"PROBE";4;63;0x00001d2a;126;1742211;706753;436938;1069866;1099714;75;0;NOSTRESS
138591569894;353633;"MAF";"INTERVAL";"PROBE";4;63;0x00001d2a;127;40697871;16185067;9139365;23260464;23768181;6420;0;NOSTRESS
138591569917;80;"SENS_C1";"INTERVAL";"PROBE";4;63;0x00001d2a;127;738;618;436;1021;0;110;0;NOSTRESS
138591570001;92;"LOC_C1";"INTERVAL";"PROBE";4;63;0x00001d2a;127;3710;1824;1249;3093;1779;156;0;NOSTRESS
138591570097;21;"LOC_C2";"INTERVAL";"PROBE";4;63;0x00001d2a;127;342;296;195;596;17;18;0;NOSTRESS
138591570122;89;"LOC_C3";"INTERVAL";"PROBE";4;63;0x00001d2a;127;8891;2475;1712;7633;3875;60;0;NOSTRESS
138591570215;25;"LOC_C4";"INTERVAL";"PROBE";4;63;0x00001d2a;127;334;276;209;575;0;33;0;NOSTRESS
138591570244;17033;"NEAR_P1";"INTERVAL";"PROBE";4;63;0x00001d2a;127;1948867;774673;436081;1113436;1132545;861;0;NOSTRESS
138591587282;16771;"NEAR_P1";"INTERVAL";"PROBE";4;63;0x00001d2a;127;1944688;772350;433015;1103933;1132948;17;0;NOSTRESS
138591604058;16855;"NEAR_P1";"INTERVAL";"PROBE";4;63;0x00001d2a;127;1945798;773315;435254;1109725;1131697;541;0;NOSTRESS
138591620917;16755;"NEAR_P1";"INTERVAL";"PROBE";4;63;0x00001d2a;127;1943470;771627;432911;1102986;1132458;10;0;NOSTRESS
138591637676;16846;"NEAR_P1";"INTERVAL";"PROBE";4;63;0x00001d2a;127;1947767;773572;435212;1109516;1132913;480;0;NOSTRESS
138591654527;16755;"NEAR_P1";"INTERVAL";"PROBE";4;63;0x00001d2a;127;1944273;771688;432874;1103173;1133078;10;0;NOSTRESS
138591671286;16860;"NEAR_P1";"INTERVAL";"PROBE";4;63;0x00001d2a;127;1948511;773962;435271;1110099;1133331;471;0;NOSTRESS
138591688150;16748;"NEAR_P1";"INTERVAL";"PROBE";4;63;0x00001d2a;127;1943149;771461;432752;1102827;1132326;9;0;NOSTRESS
138591704902;16845;"NEAR_P1";"INTERVAL";"PROBE";4;63;0x00001d2a;127;1947355;773620;435205;1109743;1132714;463;0;NOSTRESS
138591721752;16883;"NEAR_P1";"INTERVAL";"PROBE";4;63;0x00001d2a;127;1946371;773143;435188;1109258;1132233;412;0;NOSTRESS
138591738639;16750;"NEAR_P1";"INTERVAL";"PROBE";4;63;0x00001d2a;127;1942068;771359;432778;1103079;1131653;18;0;NOSTRESS
138591755393;16886;"NEAR_P1";"INTERVAL";"PROBE";4;63;0x00001d2a;127;1948980;774156;435363;1110256;1133617;457;0;NOSTRESS
138591772283;16749;"NEAR_P1";"INTERVAL";"PROBE";4;63;0x00001d2a;127;1942037;771205;432829;1102717;1131649;18;0;NOSTRESS
138591789036;16855;"NEAR_P1";"INTERVAL";"PROBE";4;63;0x00001d2a;127;1947992;773972;435312;1110070;1133013;457;0;NOSTRESS
138591805895;16754;"NEAR_P1";"INTERVAL";"PROBE";4;63;0x00001d2a;127;1942602;771392;432881;1102834;1131936;18;0;NOSTRESS
138591822653;16850;"NEAR_P1";"INTERVAL";"PROBE";4;63;0x00001d2a;127;1945552;773360;435263;1109821;1131501;457;0;NOSTRESS
138591839507;16743;"NEAR_P1";"INTERVAL";"PROBE";4;63;0x00001d2a;127;1940617;770840;432787;1102508;1130710;15;0;NOSTRESS
138591856254;16920;"NEAR_P1";"INTERVAL";"PROBE";4;63;0x00001d2a;127;1948273;774466;436176;1112574;1132439;542;0;NOSTRESS
138591873178;16755;"NEAR_P1";"INTERVAL";"PROBE";4;63;0x00001d2a;127;1942971;771639;432854;1103034;1132092;18;0;NOSTRESS
138591889938;16840;"NEAR_P1";"INTERVAL";"PROBE";4;63;0x00001d2a;127;1944979;772880;435223;1109323;1131306;470;0;NOSTRESS
138591906799;16724;"TRAJ_R1";"INTERVAL";"PROBE";4;63;0x00001d2a;127;1767985;717760;444276;1087344;1116351;70;0;NOSTRESS
138593169875;354311;"MAF";"INTERVAL";"PROBE";4;63;0x00001d2a;128;40734485;16195606;9149344;23278457;23796504;7812;0;NOSTRESS
138593169896;81;"SENS_C1";"INTERVAL";"PROBE";4;63;0x00001d2a;128;740;614;437;1022;0;110;0;NOSTRESS
138593169981;95;"LOC_C1";"INTERVAL";"PROBE";4;63;0x00001d2a;128;3701;1800;1239;3073;1766;157;0;NOSTRESS
138593170080;20;"LOC_C2";"INTERVAL";"PROBE";4;63;0x00001d2a;128;344;292;195;592;17;20;0;NOSTRESS
138593170105;90;"LOC_C3";"INTERVAL";"PROBE";4;63;0x00001d2a;128;8926;2474;1709;7596;3917;59;0;NOSTRESS
138593170199;25;"LOC_C4";"INTERVAL";"PROBE";4;63;0x00001d2a;128;336;275;209;580;0;32;0;NOSTRESS
138593170229;17147;"NEAR_P1";"INTERVAL";"PROBE";4;63;0x00001d2a;128;1951320;775412;436693;1115289;1133793;985;0;NOSTRESS
138593187381;16759;"NEAR_P1";"INTERVAL";"PROBE";4;63;0x00001d2a;128;1944476;771927;432924;1103315;1133189;16;0;NOSTRESS
138593204144;16871;"NEAR_P1";"INTERVAL";"PROBE";4;63;0x00001d2a;128;1946335;773044;435122;1109292;1132486;606;0;NOSTRESS
138593221019;16746;"NEAR_P1";"INTERVAL";"PROBE";4;63;0x00001d2a;128;1942201;771147;432861;1102445;1132108;14;0;NOSTRESS
138593237770;16899;"NEAR_P1";"INTERVAL";"PROBE";4;63;0x00001d2a;128;1947539;773798;435857;1111548;1132597;646;0;NOSTRESS
138593254674;16743;"NEAR_P1";"INTERVAL";"PROBE";4;63;0x00001d2a;128;1942856;771111;432794;1102232;1132564;14;0;NOSTRESS
138593271421;16931;"NEAR_P1";"INTERVAL";"PROBE";4;63;0x00001d2a;128;1949516;774257;436083;1111900;1133641;708;0;NOSTRESS
138593288356;16756;"NEAR_P1";"INTERVAL";"PROBE";4;63;0x00001d2a;128;1944936;771888;432895;1102832;1133831;14;0;NOSTRESS
138593305117;17050;"NEAR_P1";"INTERVAL";"PROBE";4;63;0x00001d2a;128;1946048;773060;435296;1109374;1132119;675;0;NOSTRESS
138593322171;16877;"NEAR_P1";"INTERVAL";"PROBE";4;63;0x00001d2a;128;1946559;773236;435173;1109150;1132493;474;0;NOSTRESS
138593339053;16745;"NEAR_P1";"INTERVAL";"PROBE";4;63;0x00001d2a;128;1942456;771134;432783;1102390;1132252;21;0;NOSTRESS
138593355803;16914;"NEAR_P1";"INTERVAL";"PROBE";4;63;0x00001d2a;128;1948824;774112;436058;1111690;1133325;699;0;NOSTRESS
138593372721;16752;"NEAR_P1";"INTERVAL";"PROBE";4;63;0x00001d2a;128;1943221;771378;432894;1102723;1132604;23;0;NOSTRESS
138593389478;16863;"NEAR_P1";"INTERVAL";"PROBE";4;63;0x00001d2a;128;1946079;773001;435234;1109089;1132322;505;0;NOSTRESS
138593406346;16745;"NEAR_P1";"INTERVAL";"PROBE";4;63;0x00001d2a;128;1942913;771231;432829;1102381;1132549;20;0;NOSTRESS
138593423095;16861;"NEAR_P1";"INTERVAL";"PROBE";4;63;0x00001d2a;128;1945803;772959;435172;1109058;1132123;474;0;NOSTRESS
138593439960;16741;"NEAR_P1";"INTERVAL";"PROBE";4;63;0x00001d2a;128;1941444;770890;432765;1102136;1131747;16;0;NOSTRESS
138593456706;16860;"NEAR_P1";"INTERVAL";"PROBE";4;63;0x00001d2a;128;1948954;773968;435347;1109766;1134106;483;0;NOSTRESS
138593473571;16746;"NEAR_P1";"INTERVAL";"PROBE";4;63;0x00001d2a;128;1942646;771259;432814;1102377;1132413;16;0;NOSTRESS
138593490321;16849;"NEAR_P1";"INTERVAL";"PROBE";4;63;0x00001d2a;128;1947073;773342;435267;1109279;1132824;481;0;NOSTRESS
138593507178;17003;"TRAJ_R1";"INTERVAL";"PROBE";4;63;0x00001d2a;128;1798993;730572;452197;1106797;1135718;71;0;NOSTRESS
138594769892;353581;"MAF";"INTERVAL";"PROBE";4;63;0x00001d2a;129;40716228;16185983;9148085;23267015;23790453;6553;0;NOSTRESS
138594769916;82;"SENS_C1";"INTERVAL";"PROBE";4;63;0x00001d2a;129;767;639;441;1063;0;122;0;NOSTRESS
138594770002;91;"LOC_C1";"INTERVAL";"PROBE";4;63;0x00001d2a;129;3790;1829;1249;3107;1816;157;0;NOSTRESS
138594770097;18;"LOC_C2";"INTERVAL";"PROBE";4;63;0x00001d2a;129;345;294;197;599;17;21;0;NOSTRESS
138594770119;91;"LOC_C3";"INTERVAL";"PROBE";4;63;0x00001d2a;129;8710;2378;1699;7590;3771;60;0;NOSTRESS
138594770214;25;"LOC_C4";"INTERVAL";"PROBE";4;63;0x00001d2a;129;345;281;210;590;0;31;0;NOSTRESS
138594770243;17038;"NEAR_P1";"INTERVAL";"PROBE";4;63;0x00001d2a;129;1949350;774321;436048;1113010;1133104;942;0;NOSTRESS
138594787286;16730;"NEAR_P1";"INTERVAL";"PROBE";4;63;0x00001d2a;129;1941737;770724;432669;1102140;1131662;18;0;NOSTRESS
138594804020;16859;"NEAR_P1";"INTERVAL";"PROBE";4;63;0x00001d2a;129;1945910;772862;434965;1109203;1131989;534;0;NOSTRESS
138594820883;16715;"NEAR_P1";"INTERVAL";"PROBE";4;63;0x00001d2a;129;1939774;769921;432538;1101153;1130712;15;0;NOSTRESS
138594837602;16844;"NEAR_P1";"INTERVAL";"PROBE";4;63;0x00001d2a;129;1944838;772355;434946;1108321;1131524;488;0;NOSTRESS
138594854450;16721;"NEAR_P1";"INTERVAL";"PROBE";4;63;0x00001d2a;129;1941345;770333;432531;1101373;1131764;10;0;NOSTRESS
138594871175;16821;"NEAR_P1";"INTERVAL";"PROBE";4;63;0x00001d2a;129;1945136;772447;435000;1108305;1131759;487;0;NOSTRESS
138594888001;16719;"NEAR_P1";"INTERVAL";"PROBE";4;63;0x00001d2a;129;1940414;770081;432547;1101442;1131126;7;0;NOSTRESS
138594904724;16821;"NEAR_P1";"INTERVAL";"PROBE";4;63;0x00001d2a;129;1945332;772521;434972;1108410;1131859;472;0;NOSTRESS
138594921549;16825;"NEAR_P1";"INTERVAL";"PROBE";4;63;0x00001d2a;129;1945202;772657;434996;1108370;1131828;471;0;NOSTRESS
138594938378;16723;"NEAR_P1";"INTERVAL";"PROBE";4;63;0x00001d2a;129;1941125;770413;432530;1101533;1131598;20;0;NOSTRESS
138594955105;16820;"NEAR_P1";"INTERVAL";"PROBE";4;63;0x00001d2a;129;1945633;772549;434949;1108355;1132015;457;0;NOSTRESS
138594971929;16726;"NEAR_P1";"INTERVAL";"PROBE";4;63;0x00001d2a;129;1941391;770596;432582;1101660;1131711;19;0;NOSTRESS
138594988659;16804;"NEAR_P1";"INTERVAL";"PROBE";4;63;0x00001d2a;129;1943198;771724;434845;1107747;1130626;456;0;NOSTRESS
138595005468;16707;"NEAR_P1";"INTERVAL";"PROBE";4;63;0x00001d2a;129;1938098;769407;432391;1100709;1129754;18;0;NOSTRESS
138595022179;16818;"NEAR_P1";"INTERVAL";"PROBE";4;63;0x00001d2a;129;1944663;772417;434937;1108217;1131549;464;0;NOSTRESS
138595039002;16720;"NEAR_P1";"INTERVAL";"PROBE";4;63;0x00001d2a;129;1940532;770299;432551;1101386;1131184;19;0;NOSTRESS
138595055726;16848;"NEAR_P1";"INTERVAL";"PROBE";4;63;0x00001d2a;129;1945085;772493;434858;1108132;1131874;460;0;NOSTRESS
138595072579;16722;"NEAR_P1";"INTERVAL";"PROBE";4;63;0x00001d2a;129;1941372;770413;432537;1101394;1131782;18;0;NOSTRESS
138595089306;16834;"NEAR_P1";"INTERVAL";"PROBE";4;63;0x00001d2a;129;1944217;772095;434867;1108094;1131287;472;0;NOSTRESS
138595106161;17307;"TRAJ_R1";"INTERVAL";"PROBE";4;63;0x00001d2a;129;1828320;742833;459988;1125837;1154142;76;0;NOSTRESS
138596369907;354504;"MAF";"INTERVAL";"PROBE";4;63;0x00001d2a;130;40789120;16216660;9161531;23310323;23827395;6931;0;NOSTRESS
138596369927;71;"SENS_C1";"INTERVAL";"PROBE";4;63;0x00001d2a;130;738;625;439;1021;0;121;0;NOSTRESS
138596370003;92;"LOC_C1";"INTERVAL";"PROBE";4;63;0x00001d2a;130;3723;1810;1239;3088;1784;155;0;NOSTRESS
138596370099;18;"LOC_C2";"INTERVAL";"PROBE";4;63;0x00001d2a;130;344;292;195;592;17;19;0;NOSTRESS
138596370122;91;"LOC_C3";"INTERVAL";"PROBE";4;63;0x00001d2a;130;8774;2429;1708;7589;3805;60;0;NOSTRESS
138596370217;23;"LOC_C4";"INTERVAL";"PROBE";4;63;0x00001d2a;130;340;272;209;572;0;26;0;NOSTRESS
138596370244;17011;"NEAR_P1";"INTERVAL";"PROBE";4;63;0x00001d2a;130;1949813;774564;435843;1112442;1133618;789;0;NOSTRESS
138596387259;16747;"NEAR_P1";"INTERVAL";"PROBE";4;63;0x00001d2a;130;1942679;771217;432774;1102855;1131971;14;0;NOSTRESS
138596404011;16859;"NEAR_P1";"INTERVAL";"PROBE";4;63;0x00001d2a;130;1946649;773013;435069;1109199;1132313;539;0;NOSTRESS
138596420875;16742;"NEAR_P1";"INTERVAL";"PROBE";4;63;0x00001d2a;130;1942153;771036;432744;1102476;1131739;16;0;NOSTRESS
138596437621;16869;"NEAR_P1";"INTERVAL";"PROBE";4;63;0x00001d2a;130;1947968;773442;435177;1109539;1133102;486;0;NOSTRESS
138596454494;16741;"NEAR_P1";"INTERVAL";"PROBE";4;63;0x00001d2a;130;1942365;771053;432696;1102573;1131924;7;0;NOSTRESS
138596471239;16855;"NEAR_P1";"INTERVAL";"PROBE";4;63;0x00001d2a;130;1945947;772917;435149;1109153;1131886;471;0;NOSTRESS
138596488098;16738;"NEAR_P1";"INTERVAL";"PROBE";4;63;0x00001d2a;130;1941446;770661;432738;1102438;1131278;8;0;NOSTRESS
138596504840;16852;"NEAR_P1";"INTERVAL";"PROBE";4;63;0x00001d2a;130;1945317;772449;435021;1108577;1131619;493;0;NOSTRESS
138596521697;16884;"NEAR_P1";"INTERVAL";"PROBE";4;63;0x00001d2a;130;1947390;773647;435601;1110982;1132288;599;0;NOSTRESS
138596538586;16748;"NEAR_P1";"INTERVAL";"PROBE";4;63;0x00001d2a;130;1943230;771296;432806;1102662;1132485;19;0;NOSTRESS
138596555338;16845;"NEAR_P1";"INTERVAL";"PROBE";4;63;0x00001d2a;130;1946711;773366;435216;1109684;1132359;492;0;NOSTRESS
138596572188;16746;"NEAR_P1";"INTERVAL";"PROBE";4;63;0x00001d2a;130;1942717;771248;432790;1102526;1132142;19;0;NOSTRESS
138596588938;16848;"NEAR_P1";"INTERVAL";"PROBE";4;63;0x00001d2a;130;1947420;773473;435217;1109451;1132727;479;0;NOSTRESS
138596605790;16732;"NEAR_P1";"INTERVAL";"PROBE";4;63;0x00001d2a;130;1940261;770418;432594;1101899;1130632;19;0;NOSTRESS
138596622526;16836;"NEAR_P1";"INTERVAL";"PROBE";4;63;0x00001d2a;130;1946090;773068;435100;1109121;1132000;469;0;NOSTRESS
138596639366;16756;"NEAR_P1";"INTERVAL";"PROBE";4;63;0x00001d2a;130;1944927;771862;432877;1102905;1133576;17;0;NOSTRESS
138596656126;16850;"NEAR_P1";"INTERVAL";"PROBE";4;63;0x00001d2a;130;1948396;773814;435279;1109817;1133344;467;0;NOSTRESS
138596672980;16910;"NEAR_P1";"INTERVAL";"PROBE";4;63;0x00001d2a;130;1944423;771593;432862;1102892;1133078;40;0;NOSTRESS
138596689894;16869;"NEAR_P1";"INTERVAL";"PROBE";4;63;0x00001d2a;130;1947029;773421;435213;1109437;1132427;584;0;NOSTRESS
138596706785;17622;"TRAJ_R1";"INTERVAL";"PROBE";4;63;0x00001d2a;130;1861966;756254;468470;1146317;1175281;75;0;NOSTRESS
138597969858;354652;"MAF";"INTERVAL";"PROBE";4;63;0x00001d2a;131;40783060;16225530;9172837;23340842;23821516;6549;0;NOSTRESS
138597969877;72;"SENS_C1";"INTERVAL";"PROBE";4;63;0x00001d2a;131;788;650;436;1082;0;124;0;NOSTRESS
138597969955;94;"LOC_C1";"INTERVAL";"PROBE";4;63;0x00001d2a;131;3766;1828;1241;3078;1823;156;0;NOSTRESS
138597970053;19;"LOC_C2";"INTERVAL";"PROBE";4;63;0x00001d2a;131;342;292;195;591;17;17;0;NOSTRESS
138597970076;91;"LOC_C3";"INTERVAL";"PROBE";4;63;0x00001d2a;131;8789;2432;1704;7587;3821;60;0;NOSTRESS
138597970171;23;"LOC_C4";"INTERVAL";"PROBE";4;63;0x00001d2a;131;345;277;211;585;0;30;0;NOSTRESS
138597970199;17024;"NEAR_P1";"INTERVAL";"PROBE";4;63;0x00001d2a;131;1948289;774475;436063;1113620;1131867;814;0;NOSTRESS
138597987228;16749;"NEAR_P1";"INTERVAL";"PROBE";4;63;0x00001d2a;131;1940475;771038;433036;1103913;1130209;14;0;NOSTRESS
138598003981;16848;"NEAR_P1";"INTERVAL";"PROBE";4;63;0x00001d2a;131;1944175;772914;435422;1110272;1130324;508;0;NOSTRESS
138598020833;16736;"NEAR_P1";"INTERVAL";"PROBE";4;63;0x00001d2a;131;1939198;770392;432888;1102810;1129900;15;0;NOSTRESS
138598037574;16840;"NEAR_P1";"INTERVAL";"PROBE";4;63;0x00001d2a;131;1944850;773060;435279;1109830;1131019;474;0;NOSTRESS
138598054418;16741;"NEAR_P1";"INTERVAL";"PROBE";4;63;0x00001d2a;131;1940587;770831;432933;1102989;1130675;12;0;NOSTRESS
138598071164;16872;"NEAR_P1";"INTERVAL";"PROBE";4;63;0x00001d2a;131;1945790;773083;435265;1109692;1131749;478;0;NOSTRESS
138598088041;16752;"NEAR_P1";"INTERVAL";"PROBE";4;63;0x00001d2a;131;1942391;771553;433028;1103577;1131914;9;0;NOSTRESS
138598104798;16865;"NEAR_P1";"INTERVAL";"PROBE";4;63;0x00001d2a;131;1945806;773209;435370;1109927;1131683;478;0;NOSTRESS
138598121668;16882;"NEAR_P1";"INTERVAL";"PROBE";4;63;0x00001d2a;131;1945359;773221;435362;1110117;1131434;462;0;NOSTRESS
138598138554;16738;"NEAR_P1";"INTERVAL";"PROBE";4;63;0x00001d2a;131;1939413;770542;432911;1102738;1129885;19;0;NOSTRESS
138598155296;16855;"NEAR_P1";"INTERVAL";"PROBE";4;63;0x00001d2a;131;1943838;772738;435276;1109577;1130451;462;0;NOSTRESS
138598172155;16747;"NEAR_P1";"INTERVAL";"PROBE";4;63;0x00001d2a;131;1941157;771172;433013;1103142;1131047;19;0;NOSTRESS
138598188907;16879;"NEAR_P1";"INTERVAL";"PROBE";4;63;0x00001d2a;131;1946112;773502;435761;1111439;1131375;601;0;NOSTRESS
138598205790;16746;"NEAR_P1";"INTERVAL";"PROBE";4;63;0x00001d2a;131;1942030;771154;432943;1103093;1131652;19;0;NOSTRESS
138598222540;16846;"NEAR_P1";"INTERVAL";"PROBE";4;63;0x00001d2a;131;1944662;772982;435369;1109989;1131128;502;0;NOSTRESS
138598239390;16744;"NEAR_P1";"INTERVAL";"PROBE";4;63;0x00001d2a;131;1941531;771010;432962;1103012;1131378;17;0;NOSTRESS
138598256139;16833;"NEAR_P1";"INTERVAL";"PROBE";4;63;0x00001d2a;131;1944563;772828;435285;1109862;1130973;466;0;NOSTRESS
138598272976;16741;"NEAR_P1";"INTERVAL";"PROBE";4;63;0x00001d2a;131;1940665;770860;432899;1102928;1130813;16;0;NOSTRESS
138598289721;16839;"NEAR_P1";"INTERVAL";"PROBE";4;63;0x00001d2a;131;1944546;772945;435357;1109828;1131011;463;0;NOSTRESS
138598306581;17925;"TRAJ_R1";"INTERVAL";"PROBE";4;63;0x00001d2a;131;1894011;769441;476587;1166290;1195368;75;0;NOSTRESS
138599569853;355027;"MAF";"INTERVAL";"PROBE";4;63;0x00001d2a;132;40853484;16245364;9182659;23359563;23872471;6481;0;NOSTRESS
138599569873;74;"SENS_C1";"INTERVAL";"PROBE";4;63;0x00001d2a;132;731;619;437;1014;0;114;0;NOSTRESS
138599569952;89;"LOC_C1";"INTERVAL";"PROBE";4;63;0x00001d2a;132;3744;1828;1244;3088;1805;155;0;NOSTRESS
138599570045;18;"LOC_C2";"INTERVAL";"PROBE";4;63;0x00001d2a;132;342;292;195;591;17;20;0;NOSTRESS
138599570068;90;"LOC_C3";"INTERVAL";"PROBE";4;63;0x00001d2a;132;8749;2402;1699;7547;3815;62;0;NOSTRESS
138599570162;22;"LOC_C4";"INTERVAL";"PROBE";4;63;0x00001d2a;132;338;272;209;571;0;27;0;NOSTRESS
138599570188;17009;"NEAR_P1";"INTERVAL";"PROBE";4;63;0x00001d2a;132;1951220;775166;436248;1113845;1134199;763;0;NOSTRESS
138599587202;16759;"NEAR_P1";"INTERVAL";"PROBE";4;63;0x00001d2a;132;1944845;772117;433227;1104161;1133129;13;0;NOSTRESS
138599603965;16882;"NEAR_P1";"INTERVAL";"PROBE";4;63;0x00001d2a;132;1947070;773363;435424;1109938;1132650;520;0;NOSTRESS
138599620851;16748;"NEAR_P1";"INTERVAL";"PROBE";4;63;0x00001d2a;132;1943241;771451;433004;1103219;1132582;13;0;NOSTRESS
138599637603;16861;"NEAR_P1";"INTERVAL";"PROBE";4;63;0x00001d2a;132;1946050;773226;435350;1109689;1132156;492;0;NOSTRESS
138599654469;16746;"NEAR_P1";"INTERVAL";"PROBE";4;63;0x00001d2a;132;1943459;771335;432981;1103001;1132894;10;0;NOSTRESS
138599671219;16833;"NEAR_P1";"INTERVAL";"PROBE";4;63;0x00001d2a;132;1944293;772614;435360;1109250;1131186;482;0;NOSTRESS
138599688056;16746;"NEAR_P1";"INTERVAL";"PROBE";4;63;0x00001d2a;132;1941861;771152;432997;1102939;1131831;7;0;NOSTRESS
138599704806;16833;"NEAR_P1";"INTERVAL";"PROBE";4;63;0x00001d2a;132;1945276;772876;435314;1109426;1131811;480;0;NOSTRESS
138599721643;16863;"NEAR_P1";"INTERVAL";"PROBE";4;63;0x00001d2a;132;1945305;772656;435270;1109191;1131799;464;0;NOSTRESS
138599738510;16739;"NEAR_P1";"INTERVAL";"PROBE";4;63;0x00001d2a;132;1942163;771000;432931;1102608;1131972;18;0;NOSTRESS
138599755253;16859;"NEAR_P1";"INTERVAL";"PROBE";4;63;0x00001d2a;132;1946602;773198;435356;1109559;1132649;467;0;NOSTRESS
138599772116;16757;"NEAR_P1";"INTERVAL";"PROBE";4;63;0x00001d2a;132;1945435;772045;433057;1103304;1134074;18;0;NOSTRESS
138599788877;16873;"NEAR_P1";"INTERVAL";"PROBE";4;63;0x00001d2a;132;1946983;773298;435284;1109540;1132853;416;0;NOSTRESS
138599805754;16742;"NEAR_P1";"INTERVAL";"PROBE";4;63;0x00001d2a;132;1941482;770993;432917;1102965;1131686;16;0;NOSTRESS
138599822500;16881;"NEAR_P1";"INTERVAL";"PROBE";4;63;0x00001d2a;132;1946615;773402;435412;1109947;1132427;463;0;NOSTRESS
138599839385;16749;"NEAR_P1";"INTERVAL";"PROBE";4;63;0x00001d2a;132;1942646;771352;433052;1102996;1132383;20;0;NOSTRESS
138599856138;16877;"NEAR_P1";"INTERVAL";"PROBE";4;63;0x00001d2a;132;1948994;774139;435919;1111807;1133328;608;0;NOSTRESS
138599873020;16733;"NEAR_P1";"INTERVAL";"PROBE";4;63;0x00001d2a;132;1941025;770605;432889;1102398;1131306;15;0;NOSTRESS
138599889758;16859;"NEAR_P1";"INTERVAL";"PROBE";4;63;0x00001d2a;132;1949435;774162;435503;1110358;1134104;504;0;NOSTRESS
138599906622;18254;"TRAJ_R1";"INTERVAL";"PROBE";4;63;0x00001d2a;132;1926003;782720;485345;1187365;1215815;74;0;NOSTRESS
138601169870;355397;"MAF";"INTERVAL";"PROBE";4;63;0x00001d2a;133;40891645;16258656;9192300;23380772;23897588;6678;0;NOSTRESS
138601169891;74;"SENS_C1";"INTERVAL";"PROBE";4;63;0x00001d2a;133;757;628;437;1049;0;117;0;NOSTRESS
138601169969;92;"LOC_C1";"INTERVAL";"PROBE";4;63;0x00001d2a;133;3742;1809;1229;3051;1805;158;0;NOSTRESS
138601170065;18;"LOC_C2";"INTERVAL";"PROBE";4;63;0x00001d2a;133;347;292;194;600;17;20;0;NOSTRESS
138601170087;93;"LOC_C3";"INTERVAL";"PROBE";4;63;0x00001d2a;133;8654;2359;1684;7506;3765;62;0;NOSTRESS
138601170184;22;"LOC_C4";"INTERVAL";"PROBE";4;63;0x00001d2a;133;351;279;210;601;0;27;0;NOSTRESS
138601170210;16995;"NEAR_P1";"INTERVAL";"PROBE";4;63;0x00001d2a;133;1948013;773888;436032;1112745;1132477;742;0;NOSTRESS
138601187210;16876;"NEAR_P1";"INTERVAL";"PROBE";4;63;0x00001d2a;133;1941402;770905;433032;1103154;1131336;36;0;NOSTRESS
138601204090;16865;"NEAR_P1";"INTERVAL";"PROBE";4;63;0x00001d2a;133;1947572;773634;435488;1110380;1132962;623;0;NOSTRESS
138601220959;16757;"NEAR_P1";"INTERVAL";"PROBE";4;63;0x00001d2a;133;1944609;771902;433170;1103632;1133443;16;0;NOSTRESS
138601237720;16854;"NEAR_P1";"INTERVAL";"PROBE";4;63;0x00001d2a;133;1948955;773888;435490;1110110;1133950;499;0;NOSTRESS
138601254578;16745;"NEAR_P1";"INTERVAL";"PROBE";4;63;0x00001d2a;133;1942583;771232;433057;1103068;1132211;11;0;NOSTRESS
138601271327;16855;"NEAR_P1";"INTERVAL";"PROBE";4;63;0x00001d2a;133;1946820;773290;435463;1109757;1132743;498;0;NOSTRESS
138601288186;16744;"NEAR_P1";"INTERVAL";"PROBE";4;63;0x00001d2a;133;1943225;771202;432999;1103012;1132739;8;0;NOSTRESS
138601304934;16848;"NEAR_P1";"INTERVAL";"PROBE";4;63;0x00001d2a;133;1947470;773475;435480;1109894;1133111;486;0;NOSTRESS
138601321787;16833;"NEAR_P1";"INTERVAL";"PROBE";4;63;0x00001d2a;133;1945969;772754;435407;1109214;1132287;470;0;NOSTRESS
138601338624;16753;"NEAR_P1";"INTERVAL";"PROBE";4;63;0x00001d2a;133;1944070;771614;433133;1103417;1133136;18;0;NOSTRESS
138601355381;16844;"NEAR_P1";"INTERVAL";"PROBE";4;63;0x00001d2a;133;1947746;773616;435497;1109784;1133402;456;0;NOSTRESS
138601372229;16754;"NEAR_P1";"INTERVAL";"PROBE";4;63;0x00001d2a;133;1944416;771786;433095;1103349;1133342;18;0;NOSTRESS
138601388988;16851;"NEAR_P1";"INTERVAL";"PROBE";4;63;0x00001d2a;133;1945858;772911;435357;1109430;1132150;454;0;NOSTRESS
138601405843;16746;"NEAR_P1";"INTERVAL";"PROBE";4;63;0x00001d2a;133;1943094;771226;433061;1103110;1132590;18;0;NOSTRESS
138601422593;16863;"NEAR_P1";"INTERVAL";"PROBE";4;63;0x00001d2a;133;1946556;773184;435425;1109765;1132533;467;0;NOSTRESS
138601439460;16750;"NEAR_P1";"INTERVAL";"PROBE";4;63;0x00001d2a;133;1944152;771664;433131;1103111;1133301;17;0;NOSTRESS
138601456214;16862;"NEAR_P1";"INTERVAL";"PROBE";4;63;0x00001d2a;133;1945139;772674;435305;1109360;1131701;466;0;NOSTRESS
138601473080;16740;"NEAR_P1";"INTERVAL";"PROBE";4;63;0x00001d2a;133;1942268;770976;432974;1102840;1132119;16;0;NOSTRESS
138601489824;16875;"NEAR_P1";"INTERVAL";"PROBE";4;63;0x00001d2a;133;1948948;774041;435568;1110337;1133864;465;0;NOSTRESS
138601506704;18559;"TRAJ_R1";"INTERVAL";"PROBE";4;63;0x00001d2a;133;1958663;796046;493884;1208043;1236604;71;0;NOSTRESS
138602769859;355535;"MAF";"INTERVAL";"PROBE";4;63;0x00001d2a;134;40859860;16259692;9199911;23399658;23868479;6259;0;NOSTRESS
138602769880;73;"SENS_C1";"INTERVAL";"PROBE";4;63;0x00001d2a;134;761;637;436;1036;0;117;0;NOSTRESS
138602769959;93;"LOC_C1";"INTERVAL";"PROBE";4;63;0x00001d2a;134;3714;1803;1235;3072;1785;151;0;NOSTRESS
138602770056;19;"LOC_C2";"INTERVAL";"PROBE";4;63;0x00001d2a;134;344;292;195;592;17;21;0;NOSTRESS
138602770079;96;"LOC_C3";"INTERVAL";"PROBE";4;63;0x00001d2a;134;8757;2409;1706;7547;3806;59;0;NOSTRESS
138602770179;22;"LOC_C4";"INTERVAL";"PROBE";4;63;0x00001d2a;134;347;277;210;586;0;30;0;NOSTRESS
138602770205;16996;"NEAR_P1";"INTERVAL";"PROBE";4;63;0x00001d2a;134;1946209;773935;435786;1112183;1130875;756;0;NOSTRESS
138602787206;16742;"NEAR_P1";"INTERVAL";"PROBE";4;63;0x00001d2a;134;1939405;770646;433082;1103411;1129643;15;0;NOSTRESS
138602803952;16861;"NEAR_P1";"INTERVAL";"PROBE";4;63;0x00001d2a;134;1943557;772693;435405;1110034;1129969;522;0;NOSTRESS
138602820817;16734;"NEAR_P1";"INTERVAL";"PROBE";4;63;0x00001d2a;134;1938357;770160;432955;1102787;1129111;16;0;NOSTRESS
138602837555;16853;"NEAR_P1";"INTERVAL";"PROBE";4;63;0x00001d2a;134;1942499;772340;435329;1109692;1129468;482;0;NOSTRESS
138602854413;16728;"NEAR_P1";"INTERVAL";"PROBE";4;63;0x00001d2a;134;1937961;770050;432871;1102588;1129008;7;0;NOSTRESS
138602871146;16842;"NEAR_P1";"INTERVAL";"PROBE";4;63;0x00001d2a;134;1944787;773011;435499;1109830;1130960;470;0;NOSTRESS
138602887992;16740;"NEAR_P1";"INTERVAL";"PROBE";4;63;0x00001d2a;134;1939846;770621;432986;1102953;1129993;9;0;NOSTRESS
138602904736;16832;"NEAR_P1";"INTERVAL";"PROBE";4;63;0x00001d2a;134;1943132;772525;435395;1109532;1129933;466;0;NOSTRESS
138602921572;16874;"NEAR_P1";"INTERVAL";"PROBE";4;63;0x00001d2a;134;1943879;772587;435286;1109515;1130478;410;0;NOSTRESS
138602938450;16739;"NEAR_P1";"INTERVAL";"PROBE";4;63;0x00001d2a;134;1939578;770611;432953;1102908;1129898;18;0;NOSTRESS
138602955193;16868;"NEAR_P1";"INTERVAL";"PROBE";4;63;0x00001d2a;134;1942859;772240;435296;1109266;1129810;460;0;NOSTRESS
138602972066;16745;"NEAR_P1";"INTERVAL";"PROBE";4;63;0x00001d2a;134;1940556;770863;432997;1103105;1130515;19;0;NOSTRESS
138602988815;16850;"NEAR_P1";"INTERVAL";"PROBE";4;63;0x00001d2a;134;1944289;772713;435366;1109804;1130645;466;0;NOSTRESS
138603005669;16731;"NEAR_P1";"INTERVAL";"PROBE";4;63;0x00001d2a;134;1938124;770131;432884;1102531;1129111;19;0;NOSTRESS
138603022404;16831;"NEAR_P1";"INTERVAL";"PROBE";4;63;0x00001d2a;134;1942738;772415;435399;1109452;1129752;468;0;NOSTRESS
138603039239;16730;"NEAR_P1";"INTERVAL";"PROBE";4;63;0x00001d2a;134;1937437;769951;432878;1102485;1128545;19;0;NOSTRESS
138603055973;16849;"NEAR_P1";"INTERVAL";"PROBE";4;63;0x00001d2a;134;1943507;772575;435306;1109573;1130150;457;0;NOSTRESS
138603072826;16747;"NEAR_P1";"INTERVAL";"PROBE";4;63;0x00001d2a;134;1941423;771134;433058;1103273;1130992;19;0;NOSTRESS
138603089577;16861;"NEAR_P1";"INTERVAL";"PROBE";4;63;0x00001d2a;134;1944511;772878;435403;1109934;1130739;470;0;NOSTRESS
138603106443;18947;"TRAJ_R1";"INTERVAL";"PROBE";4;63;0x00001d2a;134;2001687;813130;503952;1232767;1263276;72;0;NOSTRESS
138604369861;356084;"MAF";"INTERVAL";"PROBE";4;63;0x00001d2a;135;40966426;16286782;9208743;23422400;23946355;6721;0;NOSTRESS
138604369882;72;"SENS_C1";"INTERVAL";"PROBE";4;63;0x00001d2a;135;749;622;438;1048;0;120;0;NOSTRESS
138604369960;93;"LOC_C1";"INTERVAL";"PROBE";4;63;0x00001d2a;135;3728;1820;1243;3094;1777;154;0;NOSTRESS
138604370058;20;"LOC_C2";"INTERVAL";"PROBE";4;63;0x00001d2a;135;342;292;195;591;17;20;0;NOSTRESS
138604370082;91;"LOC_C3";"INTERVAL";"PROBE";4;63;0x00001d2a;135;8764;2400;1698;7545;3828;60;0;NOSTRESS
138604370178;24;"LOC_C4";"INTERVAL";"PROBE";4;63;0x00001d2a;135;344;277;211;583;0;28;0;NOSTRESS
138604370207;17014;"NEAR_P1";"INTERVAL";"PROBE";4;63;0x00001d2a;135;1950794;774751;435875;1112456;1134219;811;0;NOSTRESS
138604387226;16758;"NEAR_P1";"INTERVAL";"PROBE";4;63;0x00001d2a;135;1945163;771971;433081;1104028;1133727;15;0;NOSTRESS
138604403989;16868;"NEAR_P1";"INTERVAL";"PROBE";4;63;0x00001d2a;135;1948254;773740;435406;1110375;1133327;503;0;NOSTRESS
138604420862;16750;"NEAR_P1";"INTERVAL";"PROBE";4;63;0x00001d2a;135;1944181;771562;432953;1103208;1133290;14;0;NOSTRESS
138604437616;16845;"NEAR_P1";"INTERVAL";"PROBE";4;63;0x00001d2a;135;1947967;773483;435405;1109799;1133378;474;0;NOSTRESS
138604454465;16745;"NEAR_P1";"INTERVAL";"PROBE";4;63;0x00001d2a;135;1943171;771279;432900;1102907;1132733;8;0;NOSTRESS
138604471214;16838;"NEAR_P1";"INTERVAL";"PROBE";4;63;0x00001d2a;135;1946617;773066;435336;1109482;1132617;467;0;NOSTRESS
138604488056;16744;"NEAR_P1";"INTERVAL";"PROBE";4;63;0x00001d2a;135;1943250;771251;432926;1102770;1132917;7;0;NOSTRESS
138604504804;16868;"NEAR_P1";"INTERVAL";"PROBE";4;63;0x00001d2a;135;1945829;772759;435221;1109191;1132150;475;0;NOSTRESS
138604521677;16840;"NEAR_P1";"INTERVAL";"PROBE";4;63;0x00001d2a;135;1946660;773113;435371;1109633;1132614;464;0;NOSTRESS
138604538522;16741;"NEAR_P1";"INTERVAL";"PROBE";4;63;0x00001d2a;135;1942770;771139;432923;1102679;1132628;18;0;NOSTRESS
138604555267;17006;"NEAR_P1";"INTERVAL";"PROBE";4;63;0x00001d2a;135;1944680;772388;435257;1109089;1131497;606;0;NOSTRESS
138604572277;16744;"NEAR_P1";"INTERVAL";"PROBE";4;63;0x00001d2a;135;1943169;771184;432897;1102850;1132710;18;0;NOSTRESS
138604589025;16864;"NEAR_P1";"INTERVAL";"PROBE";4;63;0x00001d2a;135;1948646;773743;435436;1110040;1133793;474;0;NOSTRESS
138604605893;16739;"NEAR_P1";"INTERVAL";"PROBE";4;63;0x00001d2a;135;1942274;770848;432884;1102539;1132215;19;0;NOSTRESS
138604622636;16841;"NEAR_P1";"INTERVAL";"PROBE";4;63;0x00001d2a;135;1945978;772795;435288;1109419;1132138;479;0;NOSTRESS
138604639481;16758;"NEAR_P1";"INTERVAL";"PROBE";4;63;0x00001d2a;135;1945555;771960;433100;1103369;1134187;18;0;NOSTRESS
138604656243;16834;"NEAR_P1";"INTERVAL";"PROBE";4;63;0x00001d2a;135;1946314;772941;435279;1109379;1132510;464;0;NOSTRESS
138604673082;16737;"NEAR_P1";"INTERVAL";"PROBE";4;63;0x00001d2a;135;1941686;770778;432823;1102623;1131926;16;0;NOSTRESS
138604689823;16828;"NEAR_P1";"INTERVAL";"PROBE";4;63;0x00001d2a;135;1944343;772344;435248;1108912;1131327;471;0;NOSTRESS
138604706656;19285;"TRAJ_R1";"INTERVAL";"PROBE";4;63;0x00001d2a;135;2034971;826912;512869;1254399;1284830;70;0;NOSTRESS
138605969885;356170;"MAF";"INTERVAL";"PROBE";4;63;0x00001d2a;136;40939812;16281771;9221843;23442772;23919924;7302;0;NOSTRESS
138605969906;73;"SENS_C1";"INTERVAL";"PROBE";4;63;0x00001d2a;136;738;612;435;1021;0;114;0;NOSTRESS
138605969984;95;"LOC_C1";"INTERVAL";"PROBE";4;63;0x00001d2a;136;3845;1856;1247;3131;1863;152;0;NOSTRESS
138605970083;18;"LOC_C2";"INTERVAL";"PROBE";4;63;0x00001d2a;136;344;292;195;592;17;20;0;NOSTRESS
138605970105;92;"LOC_C3";"INTERVAL";"PROBE";4;63;0x00001d2a;136;8625;2352;1699;7537;3730;60;0;NOSTRESS
138605970202;23;"LOC_C4";"INTERVAL";"PROBE";4;63;0x00001d2a;136;340;272;209;574;0;27;0;NOSTRESS
138605970229;17091;"NEAR_P1";"INTERVAL";"PROBE";4;63;0x00001d2a;136;1947737;774109;437401;1115379;1130893;1035;0;NOSTRESS
138605987325;16731;"NEAR_P1";"INTERVAL";"PROBE";4;63;0x00001d2a;136;1939644;770344;432983;1102972;1129795;16;0;NOSTRESS
138606004060;16968;"NEAR_P1";"INTERVAL";"PROBE";4;63;0x00001d2a;136;1946073;773562;437219;1114843;1129768;893;0;NOSTRESS
138606021032;16745;"NEAR_P1";"INTERVAL";"PROBE";4;63;0x00001d2a;136;1939957;769983;432990;1102325;1130178;12;0;NOSTRESS
138606037781;16892;"NEAR_P1";"INTERVAL";"PROBE";4;63;0x00001d2a;136;1944917;772839;436207;1111453;1130459;739;0;NOSTRESS
138606054677;16723;"NEAR_P1";"INTERVAL";"PROBE";4;63;0x00001d2a;136;1939277;769964;432934;1102318;1129776;9;0;NOSTRESS
138606071404;16831;"NEAR_P1";"INTERVAL";"PROBE";4;63;0x00001d2a;136;1942520;771999;435438;1109320;1129361;525;0;NOSTRESS
138606088239;16737;"NEAR_P1";"INTERVAL";"PROBE";4;63;0x00001d2a;136;1941353;770723;433074;1102803;1130988;7;0;NOSTRESS
138606104981;16818;"NEAR_P1";"INTERVAL";"PROBE";4;63;0x00001d2a;136;1941768;771617;435303;1108883;1129202;485;0;NOSTRESS
138606121803;16821;"NEAR_P1";"INTERVAL";"PROBE";4;63;0x00001d2a;136;1942944;771909;435353;1109080;1129852;471;0;NOSTRESS
138606138628;16727;"NEAR_P1";"INTERVAL";"PROBE";4;63;0x00001d2a;136;1941060;770309;432851;1102110;1131350;19;0;NOSTRESS
138606155359;16835;"NEAR_P1";"INTERVAL";"PROBE";4;63;0x00001d2a;136;1943182;771859;435279;1108753;1130300;464;0;NOSTRESS
138606172198;16719;"NEAR_P1";"INTERVAL";"PROBE";4;63;0x00001d2a;136;1939690;769740;432872;1101753;1130450;18;0;NOSTRESS
138606188921;16819;"NEAR_P1";"INTERVAL";"PROBE";4;63;0x00001d2a;136;1943015;771922;435290;1108959;1130192;465;0;NOSTRESS
138606205744;16730;"NEAR_P1";"INTERVAL";"PROBE";4;63;0x00001d2a;136;1940552;770285;432949;1102361;1130833;18;0;NOSTRESS
138606222479;16825;"NEAR_P1";"INTERVAL";"PROBE";4;63;0x00001d2a;136;1942784;771737;435292;1108556;1130182;469;0;NOSTRESS
138606239308;16745;"NEAR_P1";"INTERVAL";"PROBE";4;63;0x00001d2a;136;1943938;771325;433049;1102979;1132992;18;0;NOSTRESS
138606256057;16820;"NEAR_P1";"INTERVAL";"PROBE";4;63;0x00001d2a;136;1943995;772143;435285;1108802;1130853;464;0;NOSTRESS
138606272881;16712;"NEAR_P1";"INTERVAL";"PROBE";4;63;0x00001d2a;136;1937455;769287;432816;1101516;1129126;18;0;NOSTRESS
138606289597;16818;"NEAR_P1";"INTERVAL";"PROBE";4;63;0x00001d2a;136;1943057;771803;435337;1108643;1130279;469;0;NOSTRESS
138606306437;19613;"TRAJ_R1";"INTERVAL";"PROBE";4;63;0x00001d2a;136;2071401;841849;522095;1276879;1307485;75;0;NOSTRESS
138607569895;357076;"MAF";"INTERVAL";"PROBE";4;63;0x00001d2a;137;41114997;16342767;9233067;23493300;24028325;6705;0;NOSTRESS
138607569917;76;"SENS_C1";"INTERVAL";"PROBE";4;63;0x00001d2a;137;745;629;440;1038;0;117;0;NOSTRESS
138607569997;95;"LOC_C1";"INTERVAL";"PROBE";4;63;0x00001d2a;137;3853;1860;1251;3134;1867;155;0;NOSTRESS
138607570097;18;"LOC_C2";"INTERVAL";"PROBE";4;63;0x00001d2a;137;342;292;195;591;17;20;0;NOSTRESS
138607570119;96;"LOC_C3";"INTERVAL";"PROBE";4;63;0x00001d2a;137;8734;2366;1694;7600;3781;59;0;NOSTRESS
138607570219;22;"LOC_C4";"INTERVAL";"PROBE";4;63;0x00001d2a;137;344;279;211;585;0;28;0;NOSTRESS
138607570246;17055;"NEAR_P1";"INTERVAL";"PROBE";4;63;0x00001d2a;137;1952422;775559;436222;1113862;1134541;840;0;NOSTRESS
138607587305;16776;"NEAR_P1";"INTERVAL";"PROBE";4;63;0x00001d2a;137;1948498;773160;433250;1104706;1135175;18;0;NOSTRESS
138607604086;16868;"NEAR_P1";"INTERVAL";"PROBE";4;63;0x00001d2a;137;1950177;774500;435625;1110975;1134106;526;0;NOSTRESS
138607620958;16765;"NEAR_P1";"INTERVAL";"PROBE";4;63;0x00001d2a;137;1946501;772473;433175;1103915;1134158;12;0;NOSTRESS
138607637727;16863;"NEAR_P1";"INTERVAL";"PROBE";4;63;0x00001d2a;137;1950960;774636;435537;1110750;1134675;486;0;NOSTRESS
138607654595;16764;"NEAR_P1";"INTERVAL";"PROBE";4;63;0x00001d2a;137;1946397;772361;433137;1103980;1134067;10;0;NOSTRESS
138607671364;16898;"NEAR_P1";"INTERVAL";"PROBE";4;63;0x00001d2a;137;1951103;775095;436426;1113035;1133891;567;0;NOSTRESS
138607688267;16762;"NEAR_P1";"INTERVAL";"PROBE";4;63;0x00001d2a;137;1946472;772285;433190;1103896;1134062;8;0;NOSTRESS
138607705033;16856;"NEAR_P1";"INTERVAL";"PROBE";4;63;0x00001d2a;137;1949485;774024;435554;1110520;1133636;492;0;NOSTRESS
138607721893;16859;"NEAR_P1";"INTERVAL";"PROBE";4;63;0x00001d2a;137;1949696;774261;435547;1110567;1133924;459;0;NOSTRESS
138607738757;16757;"NEAR_P1";"INTERVAL";"PROBE";4;63;0x00001d2a;137;1946926;772180;432975;1103580;1134777;18;0;NOSTRESS
138607755518;16851;"NEAR_P1";"INTERVAL";"PROBE";4;63;0x00001d2a;137;1950725;774171;435448;1110154;1134926;466;0;NOSTRESS
138607772373;16762;"NEAR_P1";"INTERVAL";"PROBE";4;63;0x00001d2a;137;1947273;772444;433076;1103687;1134887;19;0;NOSTRESS
138607789139;16869;"NEAR_P1";"INTERVAL";"PROBE";4;63;0x00001d2a;137;1953170;775071;435594;1111006;1136192;455;0;NOSTRESS
138607806012;16762;"NEAR_P1";"INTERVAL";"PROBE";4;63;0x00001d2a;137;1946129;772081;433088;1103649;1134314;18;0;NOSTRESS
138607822778;16879;"NEAR_P1";"INTERVAL";"PROBE";4;63;0x00001d2a;137;1950630;774328;435452;1110655;1134835;458;0;NOSTRESS
138607839662;16769;"NEAR_P1";"INTERVAL";"PROBE";4;63;0x00001d2a;137;1947498;772768;433144;1104062;1135135;16;0;NOSTRESS
138607856435;16890;"NEAR_P1";"INTERVAL";"PROBE";4;63;0x00001d2a;137;1951118;774816;435951;1112308;1134504;616;0;NOSTRESS
138607873330;16765;"NEAR_P1";"INTERVAL";"PROBE";4;63;0x00001d2a;137;1946688;772516;433074;1103893;1134553;17;0;NOSTRESS
138607890099;16863;"NEAR_P1";"INTERVAL";"PROBE";4;63;0x00001d2a;137;1950427;774280;435492;1110526;1134691;505;0;NOSTRESS
138607906984;19982;"TRAJ_R1";"INTERVAL";"PROBE";4;63;0x00001d2a;137;2109069;857256;532278;1301435;1331611;73;0;NOSTRESS
138609169910;357545;"MAF";"INTERVAL";"PROBE";4;63;0x00001d2a;138;41155278;16357435;9242180;23516781;24060567;6474;0;NOSTRESS
138609170056;77;"SENS_C1";"INTERVAL";"PROBE";4;63;0x00001d2a;138;741;622;439;1034;0;117;0;NOSTRESS
138609170137;97;"LOC_C1";"INTERVAL";"PROBE";4;63;0x00001d2a;138;3813;1839;1244;3110;1834;155;0;NOSTRESS
138609170238;17;"LOC_C2";"INTERVAL";"PROBE";4;63;0x00001d2a;138;347;294;197;600;17;20;0;NOSTRESS
138609170259;97;"LOC_C3";"INTERVAL";"PROBE";4;63;0x00001d2a;138;8912;2466;1703;7600;3898;61;0;NOSTRESS
138609170360;23;"LOC_C4";"INTERVAL";"PROBE";4;63;0x00001d2a;138;336;272;209;573;0;28;0;NOSTRESS
138609170387;17027;"NEAR_P1";"INTERVAL";"PROBE";4;63;0x00001d2a;138;1951691;775025;436027;1113606;1134618;829;0;NOSTRESS
138609187418;16772;"NEAR_P1";"INTERVAL";"PROBE";4;63;0x00001d2a;138;1947953;772826;433116;1104461;1135294;15;0;NOSTRESS
138609204194;16905;"NEAR_P1";"INTERVAL";"PROBE";4;63;0x00001d2a;138;1951714;774808;435513;1111043;1135433;532;0;NOSTRESS
138609221103;16760;"NEAR_P1";"INTERVAL";"PROBE";4;63;0x00001d2a;138;1946758;772166;433027;1103756;1134771;10;0;NOSTRESS
138609237867;16892;"NEAR_P1";"INTERVAL";"PROBE";4;63;0x00001d2a;138;1952739;775060;435496;1111224;1136165;496;0;NOSTRESS
138609254764;16764;"NEAR_P1";"INTERVAL";"PROBE";4;63;0x00001d2a;138;1947459;772443;433145;1103906;1135238;11;0;NOSTRESS
138609271532;16852;"NEAR_P1";"INTERVAL";"PROBE";4;63;0x00001d2a;138;1949330;774000;435409;1110474;1134075;491;0;NOSTRESS
138609288388;16764;"NEAR_P1";"INTERVAL";"PROBE";4;63;0x00001d2a;138;1947685;772595;433063;1103966;1135369;8;0;NOSTRESS
138609305156;16853;"NEAR_P1";"INTERVAL";"PROBE";4;63;0x00001d2a;138;1949674;774171;435464;1110442;1134370;468;0;NOSTRESS
138609322014;16903;"NEAR_P1";"INTERVAL";"PROBE";4;63;0x00001d2a;138;1951424;774760;436305;1112793;1134569;547;0;NOSTRESS
138609338921;16762;"NEAR_P1";"INTERVAL";"PROBE";4;63;0x00001d2a;138;1947001;772449;433048;1103951;1134881;21;0;NOSTRESS
138609355687;16861;"NEAR_P1";"INTERVAL";"PROBE";4;63;0x00001d2a;138;1951192;774529;435504;1110636;1135363;474;0;NOSTRESS
138609372552;16749;"NEAR_P1";"INTERVAL";"PROBE";4;63;0x00001d2a;138;1945003;771734;432954;1103350;1133729;19;0;NOSTRESS
138609389306;16849;"NEAR_P1";"INTERVAL";"PROBE";4;63;0x00001d2a;138;1949556;773916;435453;1110285;1134240;458;0;NOSTRESS
138609406159;16752;"NEAR_P1";"INTERVAL";"PROBE";4;63;0x00001d2a;138;1945169;771807;432974;1103397;1133832;18;0;NOSTRESS
138609422915;16853;"NEAR_P1";"INTERVAL";"PROBE";4;63;0x00001d2a;138;1950537;774147;435468;1110313;1135015;465;0;NOSTRESS
138609439772;16752;"NEAR_P1";"INTERVAL";"PROBE";4;63;0x00001d2a;138;1945947;771985;432961;1103355;1134406;18;0;NOSTRESS
138609456528;16860;"NEAR_P1";"INTERVAL";"PROBE";4;63;0x00001d2a;138;1951872;774705;435545;1110654;1135737;457;0;NOSTRESS
138609473393;16757;"NEAR_P1";"INTERVAL";"PROBE";4;63;0x00001d2a;138;1945872;772092;433033;1103683;1134198;16;0;NOSTRESS
138609490154;16874;"NEAR_P1";"INTERVAL";"PROBE";4;63;0x00001d2a;138;1950051;774118;435382;1110470;1134551;422;0;NOSTRESS
138609507050;20401;"TRAJ_R1";"INTERVAL";"PROBE";4;63;0x00001d2a;138;2152878;875511;543458;1328856;1358964;74;0;NOSTRESS
138610769904;357624;"MAF";"INTERVAL";"PROBE";4;63;0x00001d2a;139;41121705;16355382;9256189;23545563;24030965;6544;0;NOSTRESS
138610769925;75;"SENS_C1";"INTERVAL";"PROBE";4;63;0x00001d2a;139;767;643;439;1054;0;119;0;NOSTRESS
138610770005;95;"LOC_C1";"INTERVAL";"PROBE";4;63;0x00001d2a;139;3768;1814;1239;3102;1808;157;0;NOSTRESS
138610770104;22;"LOC_C2";"INTERVAL";"PROBE";4;63;0x00001d2a;139;342;292;195;589;17;19;0;NOSTRESS
138610770130;88;"LOC_C3";"INTERVAL";"PROBE";4;63;0x00001d2a;139;8685;2380;1698;7524;3776;59;0;NOSTRESS
138610770223;21;"LOC_C4";"INTERVAL";"PROBE";4;63;0x00001d2a;139;351;278;210;594;0;31;0;NOSTRESS
138610770249;17034;"NEAR_P1";"INTERVAL";"PROBE";4;63;0x00001d2a;139;1949839;775019;436603;1114691;1133014;851;0;NOSTRESS
138610787288;16752;"NEAR_P1";"INTERVAL";"PROBE";4;63;0x00001d2a;139;1942894;771340;433314;1104363;1131736;14;0;NOSTRESS
138610804044;16895;"NEAR_P1";"INTERVAL";"PROBE";4;63;0x00001d2a;139;1949264;774399;435867;1111931;1133353;555;0;NOSTRESS
138610820944;16749;"NEAR_P1";"INTERVAL";"PROBE";4;63;0x00001d2a;139;1941875;771236;433255;1104027;1131310;14;0;NOSTRESS
138610837697;16864;"NEAR_P1";"INTERVAL";"PROBE";4;63;0x00001d2a;139;1946063;773096;435642;1110393;1131781;488;0;NOSTRESS
138610854566;16745;"NEAR_P1";"INTERVAL";"PROBE";4;63;0x00001d2a;139;1941091;770994;433230;1103832;1130795;9;0;NOSTRESS
138610871315;16881;"NEAR_P1";"INTERVAL";"PROBE";4;63;0x00001d2a;139;1946188;773307;435623;1110603;1131660;473;0;NOSTRESS
138610888201;16755;"NEAR_P1";"INTERVAL";"PROBE";4;63;0x00001d2a;139;1943406;771550;433244;1104413;1132259;8;0;NOSTRESS
138610904960;16874;"NEAR_P1";"INTERVAL";"PROBE";4;63;0x00001d2a;139;1948496;773839;435658;1111051;1133348;464;0;NOSTRESS
138610921838;16847;"NEAR_P1";"INTERVAL";"PROBE";4;63;0x00001d2a;139;1946581;773235;435660;1110494;1132068;468;0;NOSTRESS
138610938690;16751;"NEAR_P1";"INTERVAL";"PROBE";4;63;0x00001d2a;139;1943084;771520;433246;1104109;1132167;18;0;NOSTRESS
138610955446;16847;"NEAR_P1";"INTERVAL";"PROBE";4;63;0x00001d2a;139;1946956;773487;435660;1110893;1132192;455;0;NOSTRESS
138610972297;16748;"NEAR_P1";"INTERVAL";"PROBE";4;63;0x00001d2a;139;1943317;771316;433210;1103758;1132230;17;0;NOSTRESS
138610989049;16892;"NEAR_P1";"INTERVAL";"PROBE";4;63;0x00001d2a;139;1946280;773360;436421;1112977;1130836;541;0;NOSTRESS
138611005945;16752;"NEAR_P1";"INTERVAL";"PROBE";4;63;0x00001d2a;139;1943763;771520;433247;1104062;1132437;21;0;NOSTRESS
138611022702;16841;"NEAR_P1";"INTERVAL";"PROBE";4;63;0x00001d2a;139;1946451;773187;435606;1110616;1131911;475;0;NOSTRESS
138611039547;16753;"NEAR_P1";"INTERVAL";"PROBE";4;63;0x00001d2a;139;1944030;771562;433221;1104058;1132474;16;0;NOSTRESS
138611056304;16846;"NEAR_P1";"INTERVAL";"PROBE";4;63;0x00001d2a;139;1948099;773603;435704;1110898;1132765;459;0;NOSTRESS
138611073155;16762;"NEAR_P1";"INTERVAL";"PROBE";4;63;0x00001d2a;139;1946367;772286;433372;1104457;1133987;15;0;NOSTRESS
138611089921;16844;"NEAR_P1";"INTERVAL";"PROBE";4;63;0x00001d2a;139;1947032;773389;435690;1110513;1132343;466;0;NOSTRESS
138611106789;20734;"TRAJ_R1";"INTERVAL";"PROBE";4;63;0x00001d2a;139;2187076;889633;552890;1351266;1380698;75;0;NOSTRESS
138612369925;358286;"MAF";"INTERVAL";"PROBE";4;63;0x00001d2a;140;41192663;16382742;9269308;23578629;24071565;7103;0;NOSTRESS
138612369947;72;"SENS_C1";"INTERVAL";"PROBE";4;63;0x00001d2a;140;740;633;436;1005;0;110;0;NOSTRESS
138612370024;90;"LOC_C1";"INTERVAL";"PROBE";4;63;0x00001d2a;140;3791;1836;1248;3132;1804;157;0;NOSTRESS
138612370118;20;"LOC_C2";"INTERVAL";"PROBE";4;63;0x00001d2a;140;347;295;197;600;17;21;0;NOSTRESS
138612370142;91;"LOC_C3";"INTERVAL";"PROBE";4;63;0x00001d2a;140;8780;2421;1695;7543;3830;59;0;NOSTRESS
138612370238;23;"LOC_C4";"INTERVAL";"PROBE";4;63;0x00001d2a;140;346;277;210;584;0;29;0;NOSTRESS
138612370265;17095;"NEAR_P1";"INTERVAL";"PROBE";4;63;0x00001d2a;140;1950697;775579;437306;1116995;1132558;1034;0;NOSTRESS
138612387365;16774;"NEAR_P1";"INTERVAL";"PROBE";4;63;0x00001d2a;140;1948237;772999;433502;1105302;1134968;19;0;NOSTRESS
138612404143;16897;"NEAR_P1";"INTERVAL";"PROBE";4;63;0x00001d2a;140;1951617;775032;435866;1111978;1134744;561;0;NOSTRESS
138612421045;16753;"NEAR_P1";"INTERVAL";"PROBE";4;63;0x00001d2a;140;1944097;771809;433297;1104274;1132443;10;0;NOSTRESS
138612437803;17032;"NEAR_P1";"INTERVAL";"PROBE";4;63;0x00001d2a;140;1948738;774020;435702;1111061;1133077;627;0;NOSTRESS
138612454839;16759;"NEAR_P1";"INTERVAL";"PROBE";4;63;0x00001d2a;140;1945507;772159;433349;1104338;1133358;12;0;NOSTRESS
138612471602;16847;"NEAR_P1";"INTERVAL";"PROBE";4;63;0x00001d2a;140;1947495;773692;435708;1110840;1132400;477;0;NOSTRESS
138612488453;16752;"NEAR_P1";"INTERVAL";"PROBE";4;63;0x00001d2a;140;1944530;771798;433274;1104024;1132889;8;0;NOSTRESS
138612505209;16859;"NEAR_P1";"INTERVAL";"PROBE";4;63;0x00001d2a;140;1950063;774424;435839;1111204;1133877;480;0;NOSTRESS
138612522072;16840;"NEAR_P1";"INTERVAL";"PROBE";4;63;0x00001d2a;140;1945069;772869;435525;1110339;1130859;474;0;NOSTRESS
138612538916;16757;"NEAR_P1";"INTERVAL";"PROBE";4;63;0x00001d2a;140;1945135;771938;433298;1104225;1133236;19;0;NOSTRESS
138612555677;16860;"NEAR_P1";"INTERVAL";"PROBE";4;63;0x00001d2a;140;1949630;774363;435839;1111233;1133599;464;0;NOSTRESS
138612572541;16753;"NEAR_P1";"INTERVAL";"PROBE";4;63;0x00001d2a;140;1944453;771782;433290;1104065;1132933;18;0;NOSTRESS
138612589298;16844;"NEAR_P1";"INTERVAL";"PROBE";4;63;0x00001d2a;140;1946922;773525;435661;1110701;1132045;458;0;NOSTRESS
138612606147;16749;"NEAR_P1";"INTERVAL";"PROBE";4;63;0x00001d2a;140;1943065;771365;433257;1103809;1131930;17;0;NOSTRESS
138612622900;16849;"NEAR_P1";"INTERVAL";"PROBE";4;63;0x00001d2a;140;1948529;774000;435718;1110941;1133063;459;0;NOSTRESS
138612639754;16754;"NEAR_P1";"INTERVAL";"PROBE";4;63;0x00001d2a;140;1944711;771763;433310;1103994;1132998;17;0;NOSTRESS
138612656512;16915;"NEAR_P1";"INTERVAL";"PROBE";4;63;0x00001d2a;140;1951536;775198;436640;1114056;1134051;549;0;NOSTRESS
138612673431;16774;"NEAR_P1";"INTERVAL";"PROBE";4;63;0x00001d2a;140;1944553;771872;433274;1104001;1132804;17;0;NOSTRESS
138612690209;16851;"NEAR_P1";"INTERVAL";"PROBE";4;63;0x00001d2a;140;1947981;773774;435707;1110749;1132708;478;0;NOSTRESS
138612707081;21125;"TRAJ_R1";"INTERVAL";"PROBE";4;63;0x00001d2a;140;2225829;905913;563662;1377172;1405374;76;0;NOSTRESS
138613969878;358309;"MAF";"INTERVAL";"PROBE";4;63;0x00001d2a;141;41194740;16386366;9276453;23592063;24074573;6596;0;NOSTRESS
138613969901;70;"SENS_C1";"INTERVAL";"PROBE";4;63;0x00001d2a;141;757;643;443;1052;0;119;0;NOSTRESS
138613969975;94;"LOC_C1";"INTERVAL";"PROBE";4;63;0x00001d2a;141;3654;1808;1240;3082;1760;155;0;NOSTRESS
138613970073;22;"LOC_C2";"INTERVAL";"PROBE";4;63;0x00001d2a;141;342;292;195;591;17;19;0;NOSTRESS
138613970099;89;"LOC_C3";"INTERVAL";"PROBE";4;63;0x00001d2a;141;8854;2438;1710;7651;3847;61;0;NOSTRESS
138613970193;24;"LOC_C4";"INTERVAL";"PROBE";4;63;0x00001d2a;141;345;277;211;585;0;30;0;NOSTRESS
138613970221;17043;"NEAR_P1";"INTERVAL";"PROBE";4;63;0x00001d2a;141;1949315;774949;436513;1114630;1132369;828;0;NOSTRESS
138613987269;16760;"NEAR_P1";"INTERVAL";"PROBE";4;63;0x00001d2a;141;1944212;771952;433415;1104889;1132164;18;0;NOSTRESS
138614004034;16890;"NEAR_P1";"INTERVAL";"PROBE";4;63;0x00001d2a;141;1946081;773311;436040;1112116;1130818;660;0;NOSTRESS
138614020928;16752;"NEAR_P1";"INTERVAL";"PROBE";4;63;0x00001d2a;141;1943603;771508;433296;1104076;1132121;9;0;NOSTRESS
138614037685;16840;"NEAR_P1";"INTERVAL";"PROBE";4;63;0x00001d2a;141;1944935;772784;435573;1110095;1130810;518;0;NOSTRESS
138614054529;16754;"NEAR_P1";"INTERVAL";"PROBE";4;63;0x00001d2a;141;1943286;771596;433251;1104160;1132012;10;0;NOSTRESS
138614071287;16835;"NEAR_P1";"INTERVAL";"PROBE";4;63;0x00001d2a;141;1945551;772818;435560;1110030;1131283;479;0;NOSTRESS
138614088126;16761;"NEAR_P1";"INTERVAL";"PROBE";4;63;0x00001d2a;141;1945211;772132;433325;1104439;1133137;9;0;NOSTRESS
138614104891;16848;"NEAR_P1";"INTERVAL";"PROBE";4;63;0x00001d2a;141;1947174;773641;435695;1110934;1132066;477;0;NOSTRESS
138614121743;16843;"NEAR_P1";"INTERVAL";"PROBE";4;63;0x00001d2a;141;1946165;773182;435692;1110518;1131536;462;0;NOSTRESS
138614138590;16751;"NEAR_P1";"INTERVAL";"PROBE";4;63;0x00001d2a;141;1943495;771521;433235;1103893;1132129;18;0;NOSTRESS
138614155345;16841;"NEAR_P1";"INTERVAL";"PROBE";4;63;0x00001d2a;141;1945977;773131;435630;1110321;1131589;457;0;NOSTRESS
138614172191;16742;"NEAR_P1";"INTERVAL";"PROBE";4;63;0x00001d2a;141;1942085;770876;433242;1103350;1131362;19;0;NOSTRESS
138614188937;16878;"NEAR_P1";"INTERVAL";"PROBE";4;63;0x00001d2a;141;1947560;773648;435601;1110808;1132477;455;0;NOSTRESS
138614205819;16744;"NEAR_P1";"INTERVAL";"PROBE";4;63;0x00001d2a;141;1941623;770913;433160;1103487;1131098;19;0;NOSTRESS
138614222567;16862;"NEAR_P1";"INTERVAL";"PROBE";4;63;0x00001d2a;141;1945739;773030;435551;1110434;1131391;475;0;NOSTRESS
138614239433;16751;"NEAR_P1";"INTERVAL";"PROBE";4;63;0x00001d2a;141;1943534;771510;433244;1103880;1132215;18;0;NOSTRESS
138614256188;16840;"NEAR_P1";"INTERVAL";"PROBE";4;63;0x00001d2a;141;1945589;772939;435672;1110353;1131184;469;0;NOSTRESS
138614273032;16763;"NEAR_P1";"INTERVAL";"PROBE";4;63;0x00001d2a;141;1944807;772103;433367;1104457;1132839;18;0;NOSTRESS
138614289799;16851;"NEAR_P1";"INTERVAL";"PROBE";4;63;0x00001d2a;141;1947824;773663;435727;1110869;1132623;479;0;NOSTRESS
138614306672;21511;"TRAJ_R1";"INTERVAL";"PROBE";4;63;0x00001d2a;141;2267425;922607;573825;1402124;1431726;74;0;NOSTRESS
138615569873;359170;"MAF";"INTERVAL";"PROBE";4;63;0x00001d2a;142;41282575;16418043;9289372;23631646;24129291;6961;0;NOSTRESS
138615569894;75;"SENS_C1";"INTERVAL";"PROBE";4;63;0x00001d2a;142;756;628;439;1051;0;119;0;NOSTRESS
138615569973;88;"LOC_C1";"INTERVAL";"PROBE";4;63;0x00001d2a;142;3895;1887;1256;3152;1886;155;0;NOSTRESS
138615570066;18;"LOC_C2";"INTERVAL";"PROBE";4;63;0x00001d2a;142;344;292;195;592;17;19;0;NOSTRESS
138615570088;98;"LOC_C3";"INTERVAL";"PROBE";4;63;0x00001d2a;142;8683;2397;1697;7533;3773;61;0;NOSTRESS
138615570191;22;"LOC_C4";"INTERVAL";"PROBE";4;63;0x00001d2a;142;347;277;210;586;0;30;0;NOSTRESS
138615570217;17022;"NEAR_P1";"INTERVAL";"PROBE";4;63;0x00001d2a;142;1948570;774512;436288;1114366;1131787;828;0;NOSTRESS
138615587244;16778;"NEAR_P1";"INTERVAL";"PROBE";4;63;0x00001d2a;142;1947287;773007;433449;1105592;1134081;15;0;NOSTRESS
138615604026;16897;"NEAR_P1";"INTERVAL";"PROBE";4;63;0x00001d2a;142;1950581;774399;435740;1111559;1134249;518;0;NOSTRESS
138615620928;16753;"NEAR_P1";"INTERVAL";"PROBE";4;63;0x00001d2a;142;1943506;771569;433202;1104155;1132058;12;0;NOSTRESS
138615637685;16877;"NEAR_P1";"INTERVAL";"PROBE";4;63;0x00001d2a;142;1948548;773950;435678;1111053;1133125;487;0;NOSTRESS
138615654566;16759;"NEAR_P1";"INTERVAL";"PROBE";4;63;0x00001d2a;142;1944683;771987;433273;1104295;1132839;11;0;NOSTRESS
138615671329;16885;"NEAR_P1";"INTERVAL";"PROBE";4;63;0x00001d2a;142;1950392;774572;436142;1112735;1133797;616;0;NOSTRESS
138615688218;16752;"NEAR_P1";"INTERVAL";"PROBE";4;63;0x00001d2a;142;1943349;771417;433271;1104054;1131992;9;0;NOSTRESS
138615704975;16858;"NEAR_P1";"INTERVAL";"PROBE";4;63;0x00001d2a;142;1948742;773821;435650;1111003;1133324;523;0;NOSTRESS
138615721837;16861;"NEAR_P1";"INTERVAL";"PROBE";4;63;0x00001d2a;142;1947337;773489;435638;1110705;1132352;472;0;NOSTRESS
138615738703;16761;"NEAR_P1";"INTERVAL";"PROBE";4;63;0x00001d2a;142;1944356;771850;433288;1104255;1132776;20;0;NOSTRESS
138615755468;16853;"NEAR_P1";"INTERVAL";"PROBE";4;63;0x00001d2a;142;1947071;773543;435657;1110873;1132180;464;0;NOSTRESS
138615772325;16775;"NEAR_P1";"INTERVAL";"PROBE";4;63;0x00001d2a;142;1946376;772614;433388;1104940;1134074;19;0;NOSTRESS
138615789104;16854;"NEAR_P1";"INTERVAL";"PROBE";4;63;0x00001d2a;142;1947782;773775;435637;1110902;1132611;462;0;NOSTRESS
138615805963;16910;"NEAR_P1";"INTERVAL";"PROBE";4;63;0x00001d2a;142;1947075;772506;433332;1104588;1134369;45;0;NOSTRESS
138615822877;16865;"NEAR_P1";"INTERVAL";"PROBE";4;63;0x00001d2a;142;1948766;773856;435697;1110940;1133120;577;0;NOSTRESS
138615839747;16763;"NEAR_P1";"INTERVAL";"PROBE";4;63;0x00001d2a;142;1945165;772117;433287;1104512;1133251;20;0;NOSTRESS
138615856514;16901;"NEAR_P1";"INTERVAL";"PROBE";4;63;0x00001d2a;142;1951126;774767;435758;1111565;1134644;472;0;NOSTRESS
138615873420;16765;"NEAR_P1";"INTERVAL";"PROBE";4;63;0x00001d2a;142;1945694;772155;433376;1104359;1133560;16;0;NOSTRESS
138615890189;16881;"NEAR_P1";"INTERVAL";"PROBE";4;63;0x00001d2a;142;1950044;774284;435687;1111211;1133943;478;0;NOSTRESS
138615907092;21947;"TRAJ_R1";"INTERVAL";"PROBE";4;63;0x00001d2a;142;2311822;940965;585646;1430594;1459483;75;0;NOSTRESS
138617169897;359349;"MAF";"INTERVAL";"PROBE";4;63;0x00001d2a;143;41309154;16431770;9299570;23660406;24146295;6573;0;NOSTRESS
138617169920;75;"SENS_C1";"INTERVAL";"PROBE";4;63;0x00001d2a;143;756;630;437;1056;0;119;0;NOSTRESS
138617169999;95;"LOC_C1";"INTERVAL";"PROBE";4;63;0x00001d2a;143;3787;1818;1234;3095;1822;161;0;NOSTRESS
138617170098;19;"LOC_C2";"INTERVAL";"PROBE";4;63;0x00001d2a;143;346;292;195;599;17;19;0;NOSTRESS
138617170122;93;"LOC_C3";"INTERVAL";"PROBE";4;63;0x00001d2a;143;8742;2400;1702;7563;3796;63;0;NOSTRESS
138617170219;22;"LOC_C4";"INTERVAL";"PROBE";4;63;0x00001d2a;143;342;273;208;580;0;29;0;NOSTRESS
138617170245;17027;"NEAR_P1";"INTERVAL";"PROBE";4;63;0x00001d2a;143;1952077;775439;436398;1114434;1134588;773;0;NOSTRESS
138617187277;16782;"NEAR_P1";"INTERVAL";"PROBE";4;63;0x00001d2a;143;1947951;773171;433500;1105888;1134640;15;0;NOSTRESS
138617204063;16865;"NEAR_P1";"INTERVAL";"PROBE";4;63;0x00001d2a;143;1945399;773112;435518;1110988;1131145;532;0;NOSTRESS
138617220933;16771;"NEAR_P1";"INTERVAL";"PROBE";4;63;0x00001d2a;143;1947362;772701;433416;1105150;1134433;10;0;NOSTRESS
138617237708;16884;"NEAR_P1";"INTERVAL";"PROBE";4;63;0x00001d2a;143;1948839;774187;435685;1111779;1133050;496;0;NOSTRESS
138617254596;16760;"NEAR_P1";"INTERVAL";"PROBE";4;63;0x00001d2a;143;1943918;771756;433354;1104657;1132342;7;0;NOSTRESS
138617271360;16884;"NEAR_P1";"INTERVAL";"PROBE";4;63;0x00001d2a;143;1949186;774201;435741;1111507;1133290;477;0;NOSTRESS
138617288248;16755;"NEAR_P1";"INTERVAL";"PROBE";4;63;0x00001d2a;143;1943576;771609;433299;1104457;1132167;7;0;NOSTRESS
138617305007;16875;"NEAR_P1";"INTERVAL";"PROBE";4;63;0x00001d2a;143;1947847;773810;435635;1111284;1132567;486;0;NOSTRESS
138617321886;16868;"NEAR_P1";"INTERVAL";"PROBE";4;63;0x00001d2a;143;1947062;773608;436019;1112172;1131844;600;0;NOSTRESS
138617338758;16760;"NEAR_P1";"INTERVAL";"PROBE";4;63;0x00001d2a;143;1943612;771685;433328;1104616;1132088;18;0;NOSTRESS
138617355522;16868;"NEAR_P1";"INTERVAL";"PROBE";4;63;0x00001d2a;143;1947363;773649;435780;1111325;1132308;509;0;NOSTRESS
138617372395;16756;"NEAR_P1";"INTERVAL";"PROBE";4;63;0x00001d2a;143;1943795;771697;433234;1104519;1132292;18;0;NOSTRESS
138617389155;16857;"NEAR_P1";"INTERVAL";"PROBE";4;63;0x00001d2a;143;1948335;773945;435742;1111437;1132808;472;0;NOSTRESS
138617406016;16765;"NEAR_P1";"INTERVAL";"PROBE";4;63;0x00001d2a;143;1944938;772142;433362;1104827;1132974;19;0;NOSTRESS
138617422785;16859;"NEAR_P1";"INTERVAL";"PROBE";4;63;0x00001d2a;143;1948714;774118;435736;1111570;1133111;465;0;NOSTRESS
138617439648;16750;"NEAR_P1";"INTERVAL";"PROBE";4;63;0x00001d2a;143;1942561;771274;433172;1104155;1131711;18;0;NOSTRESS
138617456402;16847;"NEAR_P1";"INTERVAL";"PROBE";4;63;0x00001d2a;143;1946674;773310;435609;1110997;1131877;471;0;NOSTRESS
138617473253;16772;"NEAR_P1";"INTERVAL";"PROBE";4;63;0x00001d2a;143;1946683;772630;433441;1105064;1134069;16;0;NOSTRESS
138617490029;16859;"NEAR_P1";"INTERVAL";"PROBE";4;63;0x00001d2a;143;1948881;774088;435721;1111558;1133159;461;0;NOSTRESS
138617506912;22330;"TRAJ_R1";"INTERVAL";"PROBE";4;63;0x00001d2a;143;2350797;957129;596063;1455882;1484197;72;0;NOSTRESS
138618769875;359407;"MAF";"INTERVAL";"PROBE";4;63;0x00001d2a;144;41324085;16431824;9305043;23663740;24164927;6602;0;NOSTRESS
138618769893;75;"SENS_C1";"INTERVAL";"PROBE";4;63;0x00001d2a;144;752;622;436;1033;0;112;0;NOSTRESS
138618769972;93;"LOC_C1";"INTERVAL";"PROBE";4;63;0x00001d2a;144;3899;1889;1257;3174;1900;158;0;NOSTRESS
138618770069;21;"LOC_C2";"INTERVAL";"PROBE";4;63;0x00001d2a;144;342;292;195;591;17;19;0;NOSTRESS
138618770094;96;"LOC_C3";"INTERVAL";"PROBE";4;63;0x00001d2a;144;8763;2398;1695;7613;3800;57;0;NOSTRESS
138618770195;22;"LOC_C4";"INTERVAL";"PROBE";4;63;0x00001d2a;144;344;277;210;583;0;28;0;NOSTRESS
138618770221;16996;"NEAR_P1";"INTERVAL";"PROBE";4;63;0x00001d2a;144;1947731;774027;436126;1113722;1131908;845;0;NOSTRESS
138618787222;16747;"NEAR_P1";"INTERVAL";"PROBE";4;63;0x00001d2a;144;1943402;771272;433175;1103926;1132345;16;0;NOSTRESS
138618803973;16870;"NEAR_P1";"INTERVAL";"PROBE";4;63;0x00001d2a;144;1947427;773470;435957;1111978;1132113;655;0;NOSTRESS
138618820847;16746;"NEAR_P1";"INTERVAL";"PROBE";4;63;0x00001d2a;144;1943989;771302;433131;1103720;1132846;13;0;NOSTRESS
138618837597;16840;"NEAR_P1";"INTERVAL";"PROBE";4;63;0x00001d2a;144;1947023;772921;435491;1110174;1132417;516;0;NOSTRESS
138618854441;16735;"NEAR_P1";"INTERVAL";"PROBE";4;63;0x00001d2a;144;1941811;770667;433025;1103229;1131466;8;0;NOSTRESS
138618871180;16858;"NEAR_P1";"INTERVAL";"PROBE";4;63;0x00001d2a;144;1944469;772186;435304;1109423;1131144;477;0;NOSTRESS
138618888042;16744;"NEAR_P1";"INTERVAL";"PROBE";4;63;0x00001d2a;144;1943500;771224;433150;1103658;1132460;8;0;NOSTRESS
138618904790;16859;"NEAR_P1";"INTERVAL";"PROBE";4;63;0x00001d2a;144;1946436;773010;435440;1110364;1132067;476;0;NOSTRESS
138618921653;16875;"NEAR_P1";"INTERVAL";"PROBE";4;63;0x00001d2a;144;1947534;773278;435451;1110331;1132919;465;0;NOSTRESS
138618938532;16741;"NEAR_P1";"INTERVAL";"PROBE";4;63;0x00001d2a;144;1942469;770844;432985;1103426;1131952;19;0;NOSTRESS
138618955277;16870;"NEAR_P1";"INTERVAL";"PROBE";4;63;0x00001d2a;144;1948865;773769;435535;1110627;1133664;471;0;NOSTRESS
138618972151;16754;"NEAR_P1";"INTERVAL";"PROBE";4;63;0x00001d2a;144;1945387;771783;433185;1104063;1133667;20;0;NOSTRESS
138618988909;16859;"NEAR_P1";"INTERVAL";"PROBE";4;63;0x00001d2a;144;1945071;772494;435303;1109767;1131402;459;0;NOSTRESS
138619005773;16739;"NEAR_P1";"INTERVAL";"PROBE";4;63;0x00001d2a;144;1942794;770979;433025;1103332;1132160;19;0;NOSTRESS
138619022516;16864;"NEAR_P1";"INTERVAL";"PROBE";4;63;0x00001d2a;144;1947532;773374;435467;1110509;1132820;474;0;NOSTRESS
138619039385;16740;"NEAR_P1";"INTERVAL";"PROBE";4;63;0x00001d2a;144;1942839;770927;433042;1103366;1132195;19;0;NOSTRESS
138619056129;16840;"NEAR_P1";"INTERVAL";"PROBE";4;63;0x00001d2a;144;1947387;773209;435529;1110637;1132638;462;0;NOSTRESS
138619072973;16744;"NEAR_P1";"INTERVAL";"PROBE";4;63;0x00001d2a;144;1943461;771162;433019;1103565;1132618;19;0;NOSTRESS
138619089721;16839;"NEAR_P1";"INTERVAL";"PROBE";4;63;0x00001d2a;144;1947546;773296;435492;1110346;1132757;473;0;NOSTRESS
138619106565;22712;"TRAJ_R1";"INTERVAL";"PROBE";4;63;0x00001d2a;144;2393718;974067;606377;1481331;1511652;73;0;NOSTRESS
138620369853;359982;"MAF";"INTERVAL";"PROBE";4;63;0x00001d2a;145;41323546;16443284;9318802;23697940;24161793;7326;0;NOSTRESS
138620369872;75;"SENS_C1";"INTERVAL";"PROBE";4;63;0x00001d2a;145;757;636;437;1033;0;116;0;NOSTRESS
138620369951;92;"LOC_C1";"INTERVAL";"PROBE";4;63;0x00001d2a;145;3791;1833;1242;3098;1823;158;0;NOSTRESS
138620370048;150;"LOC_C2";"INTERVAL";"PROBE";4;63;0x00001d2a;145;336;293;195;619;17;30;0;NOSTRESS
138620370202;97;"LOC_C3";"INTERVAL";"PROBE";4;63;0x00001d2a;145;8921;2452;1716;7659;3898;69;0;NOSTRESS
138620370303;22;"LOC_C4";"INTERVAL";"PROBE";4;63;0x00001d2a;145;342;280;211;586;0;30;0;NOSTRESS
138620370329;16994;"NEAR_P1";"INTERVAL";"PROBE";4;63;0x00001d2a;145;1948087;774216;436164;1113560;1132163;847;0;NOSTRESS
138620387327;16744;"NEAR_P1";"INTERVAL";"PROBE";4;63;0x00001d2a;145;1940535;770810;433059;1103894;1130508;14;0;NOSTRESS
138620404075;16877;"NEAR_P1";"INTERVAL";"PROBE";4;63;0x00001d2a;145;1944437;772823;435437;1110701;1130721;547;0;NOSTRESS
138620420957;16744;"NEAR_P1";"INTERVAL";"PROBE";4;63;0x00001d2a;145;1941384;770903;433082;1103695;1131173;11;0;NOSTRESS
138620437705;16852;"NEAR_P1";"INTERVAL";"PROBE";4;63;0x00001d2a;145;1943465;772295;435359;1110123;1130220;495;0;NOSTRESS
138620454562;16745;"NEAR_P1";"INTERVAL";"PROBE";4;63;0x00001d2a;145;1940392;770689;433126;1103745;1130555;9;0;NOSTRESS
138620471312;16836;"NEAR_P1";"INTERVAL";"PROBE";4;63;0x00001d2a;145;1943489;772498;435424;1110234;1130213;484;0;NOSTRESS
138620488153;16738;"NEAR_P1";"INTERVAL";"PROBE";4;63;0x00001d2a;145;1940323;770609;433016;1103372;1130538;9;0;NOSTRESS
138620504895;16829;"NEAR_P1";"INTERVAL";"PROBE";4;63;0x00001d2a;145;1943414;772249;435420;1109829;1130225;486;0;NOSTRESS
138620521729;16845;"NEAR_P1";"INTERVAL";"PROBE";4;63;0x00001d2a;145;1945471;772957;435552;1110628;1131506;468;0;NOSTRESS
138620538578;16743;"NEAR_P1";"INTERVAL";"PROBE";4;63;0x00001d2a;145;1940416;770659;433038;1103586;1130465;18;0;NOSTRESS
138620555326;16835;"NEAR_P1";"INTERVAL";"PROBE";4;63;0x00001d2a;145;1944021;772502;435447;1110236;1130589;464;0;NOSTRESS
138620572165;16744;"NEAR_P1";"INTERVAL";"PROBE";4;63;0x00001d2a;145;1940941;770845;433115;1103616;1130937;19;0;NOSTRESS
138620588913;16880;"NEAR_P1";"INTERVAL";"PROBE";4;63;0x00001d2a;145;1944592;772636;435541;1110272;1130901;415;0;NOSTRESS
138620605797;16726;"NEAR_P1";"INTERVAL";"PROBE";4;63;0x00001d2a;145;1938189;769862;432928;1102814;1129284;17;0;NOSTRESS
138620622527;16848;"NEAR_P1";"INTERVAL";"PROBE";4;63;0x00001d2a;145;1941485;771617;435326;1109399;1129068;474;0;NOSTRESS
138620639380;16730;"NEAR_P1";"INTERVAL";"PROBE";4;63;0x00001d2a;145;1939131;770047;432944;1103091;1129853;19;0;NOSTRESS
138620656114;16862;"NEAR_P1";"INTERVAL";"PROBE";4;63;0x00001d2a;145;1946056;773198;435923;1111786;1131508;605;0;NOSTRESS
138620672981;16742;"NEAR_P1";"INTERVAL";"PROBE";4;63;0x00001d2a;145;1940537;770720;433059;1103458;1130685;15;0;NOSTRESS
138620689727;16838;"NEAR_P1";"INTERVAL";"PROBE";4;63;0x00001d2a;145;1944700;772502;435422;1110153;1131155;512;0;NOSTRESS
138620706586;23245;"TRAJ_R1";"INTERVAL";"PROBE";4;63;0x00001d2a;145;2448049;995735;620119;1516198;1543788;545;0;NOSTRESS
138621969846;360660;"MAF";"INTERVAL";"PROBE";4;63;0x00001d2a;146;41469152;16488817;9334427;23746326;24245577;6800;0;NOSTRESS
138621969866;74;"SENS_C1";"INTERVAL";"PROBE";4;63;0x00001d2a;146;749;629;437;1028;0;115;0;NOSTRESS
138621969944;91;"LOC_C1";"INTERVAL";"PROBE";4;63;0x00001d2a;146;3687;1796;1238;3077;1775;154;0;NOSTRESS
138621970040;19;"LOC_C2";"INTERVAL";"PROBE";4;63;0x00001d2a;146;344;294;195;594;17;19;0;NOSTRESS
138621970064;93;"LOC_C3";"INTERVAL";"PROBE";4;63;0x00001d2a;146;8896;2449;1706;7611;3892;60;0;NOSTRESS
138621970161;22;"LOC_C4";"INTERVAL";"PROBE";4;63;0x00001d2a;146;340;275;210;582;0;30;0;NOSTRESS
138621970187;17008;"NEAR_P1";"INTERVAL";"PROBE";4;63;0x00001d2a;146;1949749;774783;436283;1114385;1132921;742;0;NOSTRESS
138621987200;16765;"NEAR_P1";"INTERVAL";"PROBE";4;63;0x00001d2a;146;1945473;772188;433400;1105322;1133111;12;0;NOSTRESS
138622003969;16877;"NEAR_P1";"INTERVAL";"PROBE";4;63;0x00001d2a;146;1950174;774581;435896;1112381;1133814;542;0;NOSTRESS
138622020851;16764;"NEAR_P1";"INTERVAL";"PROBE";4;63;0x00001d2a;146;1945263;772093;433359;1104923;1133097;14;0;NOSTRESS
138622037619;16855;"NEAR_P1";"INTERVAL";"PROBE";4;63;0x00001d2a;146;1947504;773506;435692;1111155;1132339;494;0;NOSTRESS
138622054479;16758;"NEAR_P1";"INTERVAL";"PROBE";4;63;0x00001d2a;146;1945089;771848;433336;1104630;1133042;9;0;NOSTRESS
138622071241;16861;"NEAR_P1";"INTERVAL";"PROBE";4;63;0x00001d2a;146;1947901;773405;435602;1110787;1132754;477;0;NOSTRESS
138622088106;16755;"NEAR_P1";"INTERVAL";"PROBE";4;63;0x00001d2a;146;1944292;771598;433326;1104335;1132664;8;0;NOSTRESS
138622104865;16858;"NEAR_P1";"INTERVAL";"PROBE";4;63;0x00001d2a;146;1948000;773654;435711;1111326;1132690;483;0;NOSTRESS
138622121727;16858;"NEAR_P1";"INTERVAL";"PROBE";4;63;0x00001d2a;146;1948793;773967;435719;1111506;1133146;465;0;NOSTRESS
138622138589;16757;"NEAR_P1";"INTERVAL";"PROBE";4;63;0x00001d2a;146;1944419;771742;433302;1104446;1132650;20;0;NOSTRESS
138622155350;16860;"NEAR_P1";"INTERVAL";"PROBE";4;63;0x00001d2a;146;1949826;774249;435754;1111496;1133766;455;0;NOSTRESS
138622172214;16766;"NEAR_P1";"INTERVAL";"PROBE";4;63;0x00001d2a;146;1946055;772148;433376;1104780;1133737;20;0;NOSTRESS
138622188984;16882;"NEAR_P1";"INTERVAL";"PROBE";4;63;0x00001d2a;146;1949651;774001;435644;1111308;1133794;461;0;NOSTRESS
138622205871;16771;"NEAR_P1";"INTERVAL";"PROBE";4;63;0x00001d2a;146;1948261;772656;433455;1105099;1134929;19;0;NOSTRESS
138622222646;16878;"NEAR_P1";"INTERVAL";"PROBE";4;63;0x00001d2a;146;1950195;774031;435686;1111440;1134125;458;0;NOSTRESS
138622239529;16763;"NEAR_P1";"INTERVAL";"PROBE";4;63;0x00001d2a;146;1947007;772355;433371;1104725;1134312;19;0;NOSTRESS
138622256297;16881;"NEAR_P1";"INTERVAL";"PROBE";4;63;0x00001d2a;146;1951141;774340;435735;1111457;1134808;461;0;NOSTRESS
138622273182;16763;"NEAR_P1";"INTERVAL";"PROBE";4;63;0x00001d2a;146;1947271;772301;433372;1104820;1134472;16;0;NOSTRESS
138622289949;16877;"NEAR_P1";"INTERVAL";"PROBE";4;63;0x00001d2a;146;1949886;773983;435758;1111277;1133864;461;0;NOSTRESS
138622306847;23655;"TRAJ_R1";"INTERVAL";"PROBE";4;63;0x00001d2a;146;2489597;1012867;630826;1542623;1569858;543;0;NOSTRESS
138623569869;361558;"MAF";"INTERVAL";"PROBE";4;63;0x00001d2a;147;41538579;16520474;9350208;23785414;24281377;7164;0;NOSTRESS
138623569890;74;"SENS_C1";"INTERVAL";"PROBE";4;63;0x00001d2a;147;764;628;437;1060;0;112;0;NOSTRESS
138623569969;96;"LOC_C1";"INTERVAL";"PROBE";4;63;0x00001d2a;147;3792;1835;1241;3099;1834;160;0;NOSTRESS
138623570070;20;"LOC_C2";"INTERVAL";"PROBE";4;63;0x00001d2a;147;342;292;195;591;17;19;0;NOSTRESS
138623570094;96;"LOC_C3";"INTERVAL";"PROBE";4;63;0x00001d2a;147;8689;2390;1688;7519;3776;60;0;NOSTRESS
138623570194;22;"LOC_C4";"INTERVAL";"PROBE";4;63;0x00001d2a;147;349;278;210;594;0;30;0;NOSTRESS
138623570220;17039;"NEAR_P1";"INTERVAL";"PROBE";4;63;0x00001d2a;147;1954342;776256;436472;1114852;1135245;756;0;NOSTRESS
138623587264;16775;"NEAR_P1";"INTERVAL";"PROBE";4;63;0x00001d2a;147;1946637;772766;433592;1105889;1133480;13;0;NOSTRESS
138623604043;16879;"NEAR_P1";"INTERVAL";"PROBE";4;63;0x00001d2a;147;1950807;774737;436019;1112313;1133775;526;0;NOSTRESS
138623620927;16777;"NEAR_P1";"INTERVAL";"PROBE";4;63;0x00001d2a;147;1947575;772905;433637;1105359;1134212;11;0;NOSTRESS
138623637708;16887;"NEAR_P1";"INTERVAL";"PROBE";4;63;0x00001d2a;147;1952338;775268;436035;1112421;1135022;490;0;NOSTRESS
138623654599;16767;"NEAR_P1";"INTERVAL";"PROBE";4;63;0x00001d2a;147;1946292;772317;433479;1104835;1133598;9;0;NOSTRESS
138623671370;16864;"NEAR_P1";"INTERVAL";"PROBE";4;63;0x00001d2a;147;1949228;774123;435933;1111578;1133126;478;0;NOSTRESS
138623688238;16929;"NEAR_P1";"INTERVAL";"PROBE";4;63;0x00001d2a;147;1948477;773014;433545;1105400;1134811;31;0;NOSTRESS
138623705171;16880;"NEAR_P1";"INTERVAL";"PROBE";4;63;0x00001d2a;147;1950537;774554;435922;1111878;1133871;591;0;NOSTRESS
138623722056;16914;"NEAR_P1";"INTERVAL";"PROBE";4;63;0x00001d2a;147;1953740;775526;435918;1112497;1135964;481;0;NOSTRESS
138623738975;16767;"NEAR_P1";"INTERVAL";"PROBE";4;63;0x00001d2a;147;1945108;772238;433466;1104874;1132744;19;0;NOSTRESS
138623755746;16875;"NEAR_P1";"INTERVAL";"PROBE";4;63;0x00001d2a;147;1948695;773868;435770;1111216;1132750;475;0;NOSTRESS
138623772626;16770;"NEAR_P1";"INTERVAL";"PROBE";4;63;0x00001d2a;147;1944593;772232;433511;1104967;1132349;18;0;NOSTRESS
138623789400;16878;"NEAR_P1";"INTERVAL";"PROBE";4;63;0x00001d2a;147;1951128;775042;436023;1112285;1134203;473;0;NOSTRESS
138623806282;16779;"NEAR_P1";"INTERVAL";"PROBE";4;63;0x00001d2a;147;1947294;772914;433511;1105388;1134234;19;0;NOSTRESS
138623823066;16873;"NEAR_P1";"INTERVAL";"PROBE";4;63;0x00001d2a;147;1950749;774862;435964;1112095;1134086;468;0;NOSTRESS
138623839943;16769;"NEAR_P1";"INTERVAL";"PROBE";4;63;0x00001d2a;147;1945521;772293;433472;1105013;1133009;18;0;NOSTRESS
138623856716;16903;"NEAR_P1";"INTERVAL";"PROBE";4;63;0x00001d2a;147;1949649;774168;435859;1111530;1133412;416;0;NOSTRESS
138623873623;16780;"NEAR_P1";"INTERVAL";"PROBE";4;63;0x00001d2a;147;1947478;773000;433568;1105454;1134231;13;0;NOSTRESS
138623890407;16899;"NEAR_P1";"INTERVAL";"PROBE";4;63;0x00001d2a;147;1950730;774624;435901;1111851;1133999;473;0;NOSTRESS
138623907330;24093;"TRAJ_R1";"INTERVAL";"PROBE";4;63;0x00001d2a;147;2533532;1030945;642348;1570399;1597629;545;0;NOSTRESS
138625169859;361381;"MAF";"INTERVAL";"PROBE";4;63;0x00001d2a;148;41537002;16518857;9359551;23805228;24283537;6832;0;NOSTRESS
138625169880;75;"SENS_C1";"INTERVAL";"PROBE";4;63;0x00001d2a;148;766;637;437;1054;0;121;0;NOSTRESS
138625169959;91;"LOC_C1";"INTERVAL";"PROBE";4;63;0x00001d2a;148;3719;1802;1237;3082;1782;157;0;NOSTRESS
138625170055;20;"LOC_C2";"INTERVAL";"PROBE";4;63;0x00001d2a;148;347;294;197;600;17;21;0;NOSTRESS
138625170079;96;"LOC_C3";"INTERVAL";"PROBE";4;63;0x00001d2a;148;8759;2413;1703;7570;3805;60;0;NOSTRESS
138625170180;23;"LOC_C4";"INTERVAL";"PROBE";4;63;0x00001d2a;148;347;277;211;586;0;29;0;NOSTRESS
138625170207;17035;"NEAR_P1";"INTERVAL";"PROBE";4;63;0x00001d2a;148;1953294;775763;436492;1114955;1134590;833;0;NOSTRESS
138625187246;16771;"NEAR_P1";"INTERVAL";"PROBE";4;63;0x00001d2a;148;1946709;772587;433684;1106016;1133496;16;0;NOSTRESS
138625204021;16848;"NEAR_P1";"INTERVAL";"PROBE";4;63;0x00001d2a;148;1946909;773230;435859;1111569;1131737;514;0;NOSTRESS
138625220873;16753;"NEAR_P1";"INTERVAL";"PROBE";4;63;0x00001d2a;148;1943670;771441;433475;1105134;1131892;10;0;NOSTRESS
138625237630;16856;"NEAR_P1";"INTERVAL";"PROBE";4;63;0x00001d2a;148;1948478;773813;435963;1111741;1132692;482;0;NOSTRESS
138625254491;16759;"NEAR_P1";"INTERVAL";"PROBE";4;63;0x00001d2a;148;1945237;771978;433532;1105109;1133021;8;0;NOSTRESS
138625271254;16852;"NEAR_P1";"INTERVAL";"PROBE";4;63;0x00001d2a;148;1948416;773813;435877;1111652;1132646;480;0;NOSTRESS
138625288110;16762;"NEAR_P1";"INTERVAL";"PROBE";4;63;0x00001d2a;148;1945706;772167;433518;1105356;1133185;8;0;NOSTRESS
138625304876;16869;"NEAR_P1";"INTERVAL";"PROBE";4;63;0x00001d2a;148;1948177;773701;435863;1111564;1132584;475;0;NOSTRESS
138625321749;16864;"NEAR_P1";"INTERVAL";"PROBE";4;63;0x00001d2a;148;1950359;774430;435987;1112429;1133712;459;0;NOSTRESS
138625338617;16756;"NEAR_P1";"INTERVAL";"PROBE";4;63;0x00001d2a;148;1944292;771667;433526;1104971;1132340;18;0;NOSTRESS
138625355377;16856;"NEAR_P1";"INTERVAL";"PROBE";4;63;0x00001d2a;148;1949282;774017;435976;1111816;1133187;462;0;NOSTRESS
138625372237;16761;"NEAR_P1";"INTERVAL";"PROBE";4;63;0x00001d2a;148;1945684;771981;433575;1105185;1133213;20;0;NOSTRESS
138625389002;16869;"NEAR_P1";"INTERVAL";"PROBE";4;63;0x00001d2a;148;1948079;773601;435869;1111473;1132684;470;0;NOSTRESS
138625405876;16750;"NEAR_P1";"INTERVAL";"PROBE";4;63;0x00001d2a;148;1943604;771392;433456;1104676;1132057;19;0;NOSTRESS
138625422631;16868;"NEAR_P1";"INTERVAL";"PROBE";4;63;0x00001d2a;148;1947376;773450;435801;1111543;1132098;468;0;NOSTRESS
138625439503;16750;"NEAR_P1";"INTERVAL";"PROBE";4;63;0x00001d2a;148;1943592;771388;433444;1104766;1131961;19;0;NOSTRESS
138625456258;16875;"NEAR_P1";"INTERVAL";"PROBE";4;63;0x00001d2a;148;1950286;774234;436053;1112150;1133848;467;0;NOSTRESS
138625473137;16754;"NEAR_P1";"INTERVAL";"PROBE";4;63;0x00001d2a;148;1943746;771444;433547;1104805;1132011;17;0;NOSTRESS
138625489896;16848;"NEAR_P1";"INTERVAL";"PROBE";4;63;0x00001d2a;148;1947527;773502;435895;1111590;1132246;471;0;NOSTRESS
138625506749;24486;"TRAJ_R1";"INTERVAL";"PROBE";4;63;0x00001d2a;148;2573039;1046751;652334;1594612;1622733;481;0;NOSTRESS
138626769901;361799;"MAF";"INTERVAL";"PROBE";4;63;0x00001d2a;149;41566585;16528827;9370038;23824709;24307492;7516;0;NOSTRESS
138626769922;75;"SENS_C1";"INTERVAL";"PROBE";4;63;0x00001d2a;149;727;624;436;1004;0;117;0;NOSTRESS
138626770001;94;"LOC_C1";"INTERVAL";"PROBE";4;63;0x00001d2a;149;3877;1871;1242;3124;1895;155;0;NOSTRESS
138626770099;20;"LOC_C2";"INTERVAL";"PROBE";4;63;0x00001d2a;149;344;292;195;592;17;19;0;NOSTRESS
138626770123;90;"LOC_C3";"INTERVAL";"PROBE";4;63;0x00001d2a;149;8653;2351;1694;7529;3751;60;0;NOSTRESS
138626770218;23;"LOC_C4";"INTERVAL";"PROBE";4;63;0x00001d2a;149;346;277;210;584;0;28;0;NOSTRESS
138626770245;17008;"NEAR_P1";"INTERVAL";"PROBE";4;63;0x00001d2a;149;1948470;774212;436477;1114329;1132076;780;0;NOSTRESS
138626787258;16747;"NEAR_P1";"INTERVAL";"PROBE";4;63;0x00001d2a;149;1942000;771096;433459;1104854;1130877;14;0;NOSTRESS
138626804009;16887;"NEAR_P1";"INTERVAL";"PROBE";4;63;0x00001d2a;149;1948592;773934;436705;1113921;1132113;613;0;NOSTRESS
138626820900;16740;"NEAR_P1";"INTERVAL";"PROBE";4;63;0x00001d2a;149;1943279;770884;433327;1103978;1132326;10;0;NOSTRESS
138626837645;16835;"NEAR_P1";"INTERVAL";"PROBE";4;63;0x00001d2a;149;1946523;772713;435682;1110570;1131969;494;0;NOSTRESS
138626854484;16742;"NEAR_P1";"INTERVAL";"PROBE";4;63;0x00001d2a;149;1944277;771138;433344;1104082;1132837;9;0;NOSTRESS
138626871230;16839;"NEAR_P1";"INTERVAL";"PROBE";4;63;0x00001d2a;149;1947469;773132;435698;1110799;1132607;481;0;NOSTRESS
138626888074;16746;"NEAR_P1";"INTERVAL";"PROBE";4;63;0x00001d2a;149;1944443;771448;433347;1104281;1133180;10;0;NOSTRESS
138626904824;16839;"NEAR_P1";"INTERVAL";"PROBE";4;63;0x00001d2a;149;1946280;773026;435774;1111012;1131756;479;0;NOSTRESS
138626921668;16842;"NEAR_P1";"INTERVAL";"PROBE";4;63;0x00001d2a;149;1947567;773195;435798;1110942;1132546;473;0;NOSTRESS
138626938515;16750;"NEAR_P1";"INTERVAL";"PROBE";4;63;0x00001d2a;149;1944283;771532;433422;1104497;1132631;18;0;NOSTRESS
138626955269;16862;"NEAR_P1";"INTERVAL";"PROBE";4;63;0x00001d2a;149;1948455;773637;435908;1111613;1133000;505;0;NOSTRESS
138626972135;16742;"NEAR_P1";"INTERVAL";"PROBE";4;63;0x00001d2a;149;1942426;770955;433315;1104150;1131533;21;0;NOSTRESS
138626988881;16869;"NEAR_P1";"INTERVAL";"PROBE";4;63;0x00001d2a;149;1947678;773505;436270;1112535;1132090;610;0;NOSTRESS
138627005754;16759;"NEAR_P1";"INTERVAL";"PROBE";4;63;0x00001d2a;149;1946005;771977;433521;1104777;1133678;22;0;NOSTRESS
138627022517;16850;"NEAR_P1";"INTERVAL";"PROBE";4;63;0x00001d2a;149;1948339;773417;435814;1111213;1133063;502;0;NOSTRESS
138627039371;16751;"NEAR_P1";"INTERVAL";"PROBE";4;63;0x00001d2a;149;1943841;771401;433441;1104421;1132326;19;0;NOSTRESS
138627056126;17034;"NEAR_P1";"INTERVAL";"PROBE";4;63;0x00001d2a;149;1947229;773242;435804;1111000;1132330;597;0;NOSTRESS
138627073165;16768;"NEAR_P1";"INTERVAL";"PROBE";4;63;0x00001d2a;149;1947179;772477;433624;1105231;1134403;17;0;NOSTRESS
138627089937;16873;"NEAR_P1";"INTERVAL";"PROBE";4;63;0x00001d2a;149;1949254;773874;435873;1111697;1133453;470;0;NOSTRESS
138627106815;24880;"TRAJ_R1";"INTERVAL";"PROBE";4;63;0x00001d2a;149;2618814;1065233;663157;1621516;1651035;549;0;NOSTRESS
138628369857;360910;"MAF";"INTERVAL";"PROBE";4;63;0x00001d2a;150;41437956;16479103;9338660;23759624;24216839;8264;0;NOSTRESS
138628369876;80;"SENS_C1";"INTERVAL";"PROBE";4;63;0x00001d2a;150;753;637;437;1032;0;121;0;NOSTRESS
138628369961;107;"LOC_C1";"INTERVAL";"PROBE";4;63;0x00001d2a;150;3730;1834;1246;3122;1788;157;0;NOSTRESS
138628370072;22;"LOC_C2";"INTERVAL";"PROBE";4;63;0x00001d2a;150;344;292;195;592;17;19;0;NOSTRESS
138628370100;101;"LOC_C3";"INTERVAL";"PROBE";4;63;0x00001d2a;150;8695;2372;1697;7562;3758;62;0;NOSTRESS
138628370205;25;"LOC_C4";"INTERVAL";"PROBE";4;63;0x00001d2a;150;350;288;213;596;0;35;0;NOSTRESS
138628370234;17112;"NEAR_P1";"INTERVAL";"PROBE";4;63;0x00001d2a;150;1952682;775643;437992;1117921;1133487;1029;0;NOSTRESS
138628387351;16762;"NEAR_P1";"INTERVAL";"PROBE";4;63;0x00001d2a;150;1945391;771897;433485;1105526;1133072;15;0;NOSTRESS
138628404117;16962;"NEAR_P1";"INTERVAL";"PROBE";4;63;0x00001d2a;150;1950208;774318;437584;1115662;1132640;720;0;NOSTRESS
138628421083;16752;"NEAR_P1";"INTERVAL";"PROBE";4;63;0x00001d2a;150;1944398;771365;433350;1104780;1132662;15;0;NOSTRESS
138628437839;16869;"NEAR_P1";"INTERVAL";"PROBE";4;63;0x00001d2a;150;1948113;773297;435510;1111018;1132794;511;0;NOSTRESS
138628454712;16761;"NEAR_P1";"INTERVAL";"PROBE";4;63;0x00001d2a;150;1945156;771823;433417;1105192;1132896;7;0;NOSTRESS
138628471477;16994;"NEAR_P1";"INTERVAL";"PROBE";4;63;0x00001d2a;150;1950683;775255;437597;1117437;1132441;824;0;NOSTRESS
138628488475;16766;"NEAR_P1";"INTERVAL";"PROBE";4;63;0x00001d2a;150;1946177;772125;433574;1105381;1133502;12;0;NOSTRESS
138628505245;16915;"NEAR_P1";"INTERVAL";"PROBE";4;63;0x00001d2a;150;1947818;773819;436561;1113784;1131487;718;0;NOSTRESS
138628522165;16875;"NEAR_P1";"INTERVAL";"PROBE";4;63;0x00001d2a;150;1948745;773799;435886;1112077;1132857;521;0;NOSTRESS
138628539044;16757;"NEAR_P1";"INTERVAL";"PROBE";4;63;0x00001d2a;150;1944111;771523;433464;1104976;1132364;19;0;NOSTRESS
138628555805;16907;"NEAR_P1";"INTERVAL";"PROBE";4;63;0x00001d2a;150;1949628;774200;436693;1114086;1132760;674;0;NOSTRESS
138628572716;16766;"NEAR_P1";"INTERVAL";"PROBE";4;63;0x00001d2a;150;1945915;772123;433520;1105433;1133367;23;0;NOSTRESS
138628589486;16873;"NEAR_P1";"INTERVAL";"PROBE";4;63;0x00001d2a;150;1951019;774604;435948;1112504;1134324;506;0;NOSTRESS
138628606364;16767;"NEAR_P1";"INTERVAL";"PROBE";4;63;0x00001d2a;150;1946369;772196;433539;1105367;1133786;17;0;NOSTRESS
138628623135;16846;"NEAR_P1";"INTERVAL";"PROBE";4;63;0x00001d2a;150;1946503;773210;435745;1111468;1131596;462;0;NOSTRESS
138628639985;16747;"NEAR_P1";"INTERVAL";"PROBE";4;63;0x00001d2a;150;1942720;771146;433358;1104479;1131514;18;0;NOSTRESS
138628656736;16839;"NEAR_P1";"INTERVAL";"PROBE";4;63;0x00001d2a;150;1945198;772747;435691;1110998;1130800;467;0;NOSTRESS
138628673579;16761;"NEAR_P1";"INTERVAL";"PROBE";4;63;0x00001d2a;150;1944868;771979;433487;1105153;1132630;15;0;NOSTRESS
138628690344;16850;"NEAR_P1";"INTERVAL";"PROBE";4;63;0x00001d2a;150;1947096;773507;435761;1111683;1131942;473;0;NOSTRESS
138628707216;23547;"TRAJ_R1";"INTERVAL";"PROBE";4;63;0x00001d2a;150;2471644;1006010;626654;1532464;1558355;564;0;NOSTRESS
138629969919;361411;"MAF";"INTERVAL";"PROBE";4;63;0x00001d2a;151;41455673;16494723;9355848;23796638;24226902;9104;0;NOSTRESS
138629969939;84;"SENS_C1";"INTERVAL";"PROBE";4;63;0x00001d2a;151;730;626;436;1008;0;119;0;NOSTRESS
138629970027;102;"LOC_C1";"INTERVAL";"PROBE";4;63;0x00001d2a;151;3874;1867;1242;3116;1878;158;0;NOSTRESS
138629970133;20;"LOC_C2";"INTERVAL";"PROBE";4;63;0x00001d2a;151;345;294;197;599;17;21;0;NOSTRESS
138629970158;90;"LOC_C3";"INTERVAL";"PROBE";4;63;0x00001d2a;151;8844;2436;1703;7599;3855;62;0;NOSTRESS
138629970252;26;"LOC_C4";"INTERVAL";"PROBE";4;63;0x00001d2a;151;346;281;210;593;0;34;0;NOSTRESS
138629970282;17013;"NEAR_P1";"INTERVAL";"PROBE";4;63;0x00001d2a;151;1947835;774139;436448;1114255;1131639;788;0;NOSTRESS
138629987300;16757;"NEAR_P1";"INTERVAL";"PROBE";4;63;0x00001d2a;151;1944152;771629;433518;1104969;1132334;17;0;NOSTRESS
138630004061;16882;"NEAR_P1";"INTERVAL";"PROBE";4;63;0x00001d2a;151;1945930;773137;435747;1111396;1131216;520;0;NOSTRESS
138630020947;16743;"NEAR_P1";"INTERVAL";"PROBE";4;63;0x00001d2a;151;1941088;770689;433364;1104469;1130438;10;0;NOSTRESS
138630037694;16848;"NEAR_P1";"INTERVAL";"PROBE";4;63;0x00001d2a;151;1945542;772829;435812;1111159;1130867;489;0;NOSTRESS
138630054546;16747;"NEAR_P1";"INTERVAL";"PROBE";4;63;0x00001d2a;151;1941516;770880;433389;1104565;1130714;8;0;NOSTRESS
138630071297;16941;"NEAR_P1";"INTERVAL";"PROBE";4;63;0x00001d2a;151;1946944;773633;436637;1114137;1130940;747;0;NOSTRESS
138630088243;16746;"NEAR_P1";"INTERVAL";"PROBE";4;63;0x00001d2a;151;1942445;770999;433385;1104553;1131331;12;0;NOSTRESS
138630104994;16904;"NEAR_P1";"INTERVAL";"PROBE";4;63;0x00001d2a;151;1947786;774054;436724;1113927;1131513;730;0;NOSTRESS
138630121902;16948;"NEAR_P1";"INTERVAL";"PROBE";4;63;0x00001d2a;151;1948263;774319;437456;1116379;1130965;797;0;NOSTRESS
138630138855;16754;"NEAR_P1";"INTERVAL";"PROBE";4;63;0x00001d2a;151;1943516;771441;433490;1104827;1131887;25;0;NOSTRESS
138630155614;16904;"NEAR_P1";"INTERVAL";"PROBE";4;63;0x00001d2a;151;1947514;773840;436649;1113717;1131473;700;0;NOSTRESS
138630172522;16776;"NEAR_P1";"INTERVAL";"PROBE";4;63;0x00001d2a;151;1943266;771400;433430;1104907;1131791;20;0;NOSTRESS
138630189302;16907;"NEAR_P1";"INTERVAL";"PROBE";4;63;0x00001d2a;151;1948746;774151;436697;1114074;1132258;696;0;NOSTRESS
138630206214;16750;"NEAR_P1";"INTERVAL";"PROBE";4;63;0x00001d2a;151;1941164;770896;433354;1104532;1130666;21;0;NOSTRESS
138630222968;16901;"NEAR_P1";"INTERVAL";"PROBE";4;63;0x00001d2a;151;1946393;773659;436674;1113761;1130676;688;0;NOSTRESS
138630239873;16763;"NEAR_P1";"INTERVAL";"PROBE";4;63;0x00001d2a;151;1943684;771631;433516;1105108;1132109;24;0;NOSTRESS
138630256640;16900;"NEAR_P1";"INTERVAL";"PROBE";4;63;0x00001d2a;151;1946989;773743;436678;1113736;1131152;714;0;NOSTRESS
138630273544;16755;"NEAR_P1";"INTERVAL";"PROBE";4;63;0x00001d2a;151;1943578;771528;433498;1104841;1132035;21;0;NOSTRESS
138630290303;16918;"NEAR_P1";"INTERVAL";"PROBE";4;63;0x00001d2a;151;1947933;773824;436636;1113771;1131735;700;0;NOSTRESS
138630307225;24101;"TRAJ_R1";"INTERVAL";"PROBE";4;63;0x00001d2a;151;2527698;1029734;642920;1571467;1593413;730;0;NOSTRESS
138631569930;361661;"MAF";"INTERVAL";"PROBE";4;63;0x00001d2a;152;41503611;16511682;9365652;23812783;24263838;7207;0;NOSTRESS
138631569949;77;"SENS_C1";"INTERVAL";"PROBE";4;63;0x00001d2a;152;742;617;436;1041;0;114;0;NOSTRESS
138631570030;98;"LOC_C1";"INTERVAL";"PROBE";4;63;0x00001d2a;152;3822;1857;1248;3139;1858;164;0;NOSTRESS
138631570132;21;"LOC_C2";"INTERVAL";"PROBE";4;63;0x00001d2a;152;344;292;195;592;17;21;0;NOSTRESS
138631570157;93;"LOC_C3";"INTERVAL";"PROBE";4;63;0x00001d2a;152;8717;2391;1685;7543;3777;60;0;NOSTRESS
138631570254;27;"LOC_C4";"INTERVAL";"PROBE";4;63;0x00001d2a;152;347;284;212;593;0;31;0;NOSTRESS
138631570286;17162;"NEAR_P1";"INTERVAL";"PROBE";4;63;0x00001d2a;152;1946811;773852;436569;1114951;1130588;919;0;NOSTRESS
138631587452;16747;"NEAR_P1";"INTERVAL";"PROBE";4;63;0x00001d2a;152;1941599;771019;433431;1104836;1130477;13;0;NOSTRESS
138631604203;16841;"NEAR_P1";"INTERVAL";"PROBE";4;63;0x00001d2a;152;1944074;772412;435749;1110975;1130105;538;0;NOSTRESS
138631621049;16747;"NEAR_P1";"INTERVAL";"PROBE";4;63;0x00001d2a;152;1942293;770956;433488;1104503;1131251;12;0;NOSTRESS
138631637801;16846;"NEAR_P1";"INTERVAL";"PROBE";4;63;0x00001d2a;152;1946543;773191;435855;1111023;1131638;483;0;NOSTRESS
138631654651;16749;"NEAR_P1";"INTERVAL";"PROBE";4;63;0x00001d2a;152;1942355;771075;433488;1104405;1131284;9;0;NOSTRESS
138631671405;16901;"NEAR_P1";"INTERVAL";"PROBE";4;63;0x00001d2a;152;1949498;774144;435882;1111909;1133480;418;0;NOSTRESS
138631688311;16747;"NEAR_P1";"INTERVAL";"PROBE";4;63;0x00001d2a;152;1942337;771046;433399;1104443;1131260;7;0;NOSTRESS
138631705062;16865;"NEAR_P1";"INTERVAL";"PROBE";4;63;0x00001d2a;152;1945356;772708;435693;1110979;1131116;474;0;NOSTRESS
138631721931;16853;"NEAR_P1";"INTERVAL";"PROBE";4;63;0x00001d2a;152;1944855;772518;435792;1110935;1130656;460;0;NOSTRESS
138631738788;16744;"NEAR_P1";"INTERVAL";"PROBE";4;63;0x00001d2a;152;1941858;770938;433379;1104250;1131124;19;0;NOSTRESS
138631755536;16854;"NEAR_P1";"INTERVAL";"PROBE";4;63;0x00001d2a;152;1947720;773471;435927;1111717;1132272;465;0;NOSTRESS
138631772394;16760;"NEAR_P1";"INTERVAL";"PROBE";4;63;0x00001d2a;152;1945050;771751;433517;1104948;1133054;19;0;NOSTRESS
138631789158;16922;"NEAR_P1";"INTERVAL";"PROBE";4;63;0x00001d2a;152;1948196;773887;436773;1113957;1131771;552;0;NOSTRESS
138631806084;16745;"NEAR_P1";"INTERVAL";"PROBE";4;63;0x00001d2a;152;1941378;770792;433399;1104200;1130626;21;0;NOSTRESS
138631822833;16856;"NEAR_P1";"INTERVAL";"PROBE";4;63;0x00001d2a;152;1944943;772473;435693;1110821;1130694;464;0;NOSTRESS
138631839693;16742;"NEAR_P1";"INTERVAL";"PROBE";4;63;0x00001d2a;152;1941832;770723;433446;1104048;1131132;17;0;NOSTRESS
138631856439;16856;"NEAR_P1";"INTERVAL";"PROBE";4;63;0x00001d2a;152;1945164;772496;435824;1110815;1130797;449;0;NOSTRESS
138631873300;16742;"NEAR_P1";"INTERVAL";"PROBE";4;63;0x00001d2a;152;1941141;770565;433323;1104171;1130671;17;0;NOSTRESS
138631890046;16846;"NEAR_P1";"INTERVAL";"PROBE";4;63;0x00001d2a;152;1946836;773290;435859;1111536;1131846;460;0;NOSTRESS
138631906914;24673;"TRAJ_R1";"INTERVAL";"PROBE";4;63;0x00001d2a;152;2589459;1055498;658881;1609889;1632344;543;0;NOSTRESS
138633169879;362617;"MAF";"INTERVAL";"PROBE";4;63;0x00001d2a;153;41695381;16576370;9390114;23889120;24378391;6921;0;NOSTRESS
138633169902;83;"SENS_C1";"INTERVAL";"PROBE";4;63;0x00001d2a;153;776;637;439;1080;0;119;0;NOSTRESS
138633169990;96;"LOC_C1";"INTERVAL";"PROBE";4;63;0x00001d2a;153;3801;1841;1243;3095;1839;159;0;NOSTRESS
138633170090;21;"LOC_C2";"INTERVAL";"PROBE";4;63;0x00001d2a;153;345;294;197;599;17;23;0;NOSTRESS
138633170116;95;"LOC_C3";"INTERVAL";"PROBE";4;63;0x00001d2a;153;8895;2416;1703;7699;3858;63;0;NOSTRESS
138633170215;23;"LOC_C4";"INTERVAL";"PROBE";4;63;0x00001d2a;153;347;287;212;595;0;34;0;NOSTRESS
138633170243;17030;"NEAR_P1";"INTERVAL";"PROBE";4;63;0x00001d2a;153;1954779;776232;436657;1115659;1135455;779;0;NOSTRESS
138633187278;16770;"NEAR_P1";"INTERVAL";"PROBE";4;63;0x00001d2a;153;1947632;772613;433811;1106345;1134175;14;0;NOSTRESS
138633204053;16878;"NEAR_P1";"INTERVAL";"PROBE";4;63;0x00001d2a;153;1953692;775205;436198;1113173;1135879;528;0;NOSTRESS
138633220936;16760;"NEAR_P1";"INTERVAL";"PROBE";4;63;0x00001d2a;153;1946423;772101;433702;1105774;1133623;8;0;NOSTRESS
138633237700;16868;"NEAR_P1";"INTERVAL";"PROBE";4;63;0x00001d2a;153;1952519;774760;436132;1112697;1135136;485;0;NOSTRESS
138633254572;16768;"NEAR_P1";"INTERVAL";"PROBE";4;63;0x00001d2a;153;1947629;772628;433719;1105962;1134306;8;0;NOSTRESS
138633271344;16857;"NEAR_P1";"INTERVAL";"PROBE";4;63;0x00001d2a;153;1949927;774131;436083;1112263;1133533;472;0;NOSTRESS
138633288206;16781;"NEAR_P1";"INTERVAL";"PROBE";4;63;0x00001d2a;153;1949752;773356;433838;1106633;1135456;7;0;NOSTRESS
138633304991;16866;"NEAR_P1";"INTERVAL";"PROBE";4;63;0x00001d2a;153;1951588;774655;436134;1112765;1134560;469;0;NOSTRESS
138633321861;16898;"NEAR_P1";"INTERVAL";"PROBE";4;63;0x00001d2a;153;1950990;774487;436150;1112702;1134035;456;0;NOSTRESS
138633338763;16790;"NEAR_P1";"INTERVAL";"PROBE";4;63;0x00001d2a;153;1950363;773545;433939;1106884;1135775;18;0;NOSTRESS
138633355557;16890;"NEAR_P1";"INTERVAL";"PROBE";4;63;0x00001d2a;153;1952751;774885;436195;1113060;1135168;467;0;NOSTRESS
138633372452;16776;"NEAR_P1";"INTERVAL";"PROBE";4;63;0x00001d2a;153;1948459;772939;433793;1106339;1134698;18;0;NOSTRESS
138633389232;16887;"NEAR_P1";"INTERVAL";"PROBE";4;63;0x00001d2a;153;1953044;775133;436306;1113237;1135255;466;0;NOSTRESS
138633406123;16768;"NEAR_P1";"INTERVAL";"PROBE";4;63;0x00001d2a;153;1946954;772371;433721;1105818;1133829;18;0;NOSTRESS
138633422895;16858;"NEAR_P1";"INTERVAL";"PROBE";4;63;0x00001d2a;153;1950101;774143;436097;1112537;1133652;467;0;NOSTRESS
138633439757;16786;"NEAR_P1";"INTERVAL";"PROBE";4;63;0x00001d2a;153;1950043;773373;433887;1106559;1135746;18;0;NOSTRESS
138633456547;16941;"NEAR_P1";"INTERVAL";"PROBE";4;63;0x00001d2a;153;1954094;775737;437128;1115603;1135158;549;0;NOSTRESS
138633473493;16765;"NEAR_P1";"INTERVAL";"PROBE";4;63;0x00001d2a;153;1945886;772198;433755;1105955;1133144;15;0;NOSTRESS
138633490263;16858;"NEAR_P1";"INTERVAL";"PROBE";4;63;0x00001d2a;153;1949949;774124;436103;1112431;1133460;478;0;NOSTRESS
138633507143;25349;"TRAJ_R1";"INTERVAL";"PROBE";4;63;0x00001d2a;153;2665003;1085185;676930;1654399;1680634;544;0;NOSTRESS
138634769879;363772;"MAF";"INTERVAL";"PROBE";4;63;0x00001d2a;154;41766775;16615150;9410732;23945208;24419646;7521;0;NOSTRESS
138634769904;78;"SENS_C1";"INTERVAL";"PROBE";4;63;0x00001d2a;154;751;627;437;1022;0;112;0;NOSTRESS
138634769987;98;"LOC_C1";"INTERVAL";"PROBE";4;63;0x00001d2a;154;3707;1817;1237;3109;1786;155;0;NOSTRESS
138634770090;19;"LOC_C2";"INTERVAL";"PROBE";4;63;0x00001d2a;154;344;292;195;592;17;19;0;NOSTRESS
138634770113;94;"LOC_C3";"INTERVAL";"PROBE";4;63;0x00001d2a;154;8967;2483;1715;7699;3891;57;0;NOSTRESS
138634770211;25;"LOC_C4";"INTERVAL";"PROBE";4;63;0x00001d2a;154;344;276;211;584;0;33;0;NOSTRESS
138634770240;17083;"NEAR_P1";"INTERVAL";"PROBE";4;63;0x00001d2a;154;1955178;776823;437013;1117163;1135321;848;0;NOSTRESS
138634787327;16783;"NEAR_P1";"INTERVAL";"PROBE";4;63;0x00001d2a;154;1948846;773361;433860;1106860;1134718;14;0;NOSTRESS
138634804114;16927;"NEAR_P1";"INTERVAL";"PROBE";4;63;0x00001d2a;154;1952121;775306;436661;1114885;1133937;659;0;NOSTRESS
138634821045;16784;"NEAR_P1";"INTERVAL";"PROBE";4;63;0x00001d2a;154;1948878;773294;433882;1106559;1134882;11;0;NOSTRESS
138634837833;16891;"NEAR_P1";"INTERVAL";"PROBE";4;63;0x00001d2a;154;1953455;775664;436282;1113474;1135434;517;0;NOSTRESS
138634854728;16777;"NEAR_P1";"INTERVAL";"PROBE";4;63;0x00001d2a;154;1947914;772921;433760;1106344;1134313;7;0;NOSTRESS
138634871509;16911;"NEAR_P1";"INTERVAL";"PROBE";4;63;0x00001d2a;154;1955040;776120;436422;1114421;1136194;484;0;NOSTRESS
138634888425;16783;"NEAR_P1";"INTERVAL";"PROBE";4;63;0x00001d2a;154;1948665;773325;433857;1106613;1134685;9;0;NOSTRESS
138634905213;16873;"NEAR_P1";"INTERVAL";"PROBE";4;63;0x00001d2a;154;1952088;775066;436111;1113197;1134649;471;0;NOSTRESS
138634922090;16879;"NEAR_P1";"INTERVAL";"PROBE";4;63;0x00001d2a;154;1952357;775262;436225;1113197;1134864;466;0;NOSTRESS
138634938973;16943;"NEAR_P1";"INTERVAL";"PROBE";4;63;0x00001d2a;154;1946954;773005;433782;1106371;1133803;45;0;NOSTRESS
138634955921;16894;"NEAR_P1";"INTERVAL";"PROBE";4;63;0x00001d2a;154;1952809;775457;436212;1113405;1135177;583;0;NOSTRESS
138634972819;16790;"NEAR_P1";"INTERVAL";"PROBE";4;63;0x00001d2a;154;1948899;773480;433828;1106564;1135097;21;0;NOSTRESS
138634989613;16916;"NEAR_P1";"INTERVAL";"PROBE";4;63;0x00001d2a;154;1953437;775706;436189;1113397;1135722;461;0;NOSTRESS
138635006534;16783;"NEAR_P1";"INTERVAL";"PROBE";4;63;0x00001d2a;154;1947600;773056;433803;1106240;1134164;19;0;NOSTRESS
138635023321;16898;"NEAR_P1";"INTERVAL";"PROBE";4;63;0x00001d2a;154;1951812;775198;436153;1113164;1134438;474;0;NOSTRESS
138635040223;16770;"NEAR_P1";"INTERVAL";"PROBE";4;63;0x00001d2a;154;1945032;772383;433707;1105900;1132540;20;0;NOSTRESS
138635056998;16874;"NEAR_P1";"INTERVAL";"PROBE";4;63;0x00001d2a;154;1950983;774897;436175;1112992;1134125;468;0;NOSTRESS
138635073876;16777;"NEAR_P1";"INTERVAL";"PROBE";4;63;0x00001d2a;154;1946068;772572;433744;1106075;1133246;14;0;NOSTRESS
138635090657;16905;"NEAR_P1";"INTERVAL";"PROBE";4;63;0x00001d2a;154;1953312;775777;436342;1113764;1135341;465;0;NOSTRESS
138635107583;26064;"TRAJ_R1";"INTERVAL";"PROBE";4;63;0x00001d2a;154;2730930;1113537;696425;1701048;1721302;634;0;NOSTRESS
138636369887;363742;"MAF";"INTERVAL";"PROBE";4;63;0x00001d2a;155;41728413;16606751;9422827;23965859;24407154;7059;0;NOSTRESS
138636369908;84;"SENS_C1";"INTERVAL";"PROBE";4;63;0x00001d2a;155;754;622;438;1036;0;115;0;NOSTRESS
138636369996;95;"LOC_C1";"INTERVAL";"PROBE";4;63;0x00001d2a;155;3691;1792;1235;3061;1765;154;0;NOSTRESS
138636370095;23;"LOC_C2";"INTERVAL";"PROBE";4;63;0x00001d2a;155;344;292;195;592;17;20;0;NOSTRESS
138636370122;92;"LOC_C3";"INTERVAL";"PROBE";4;63;0x00001d2a;155;8838;2408;1707;7678;3809;61;0;NOSTRESS
138636370218;24;"LOC_C4";"INTERVAL";"PROBE";4;63;0x00001d2a;155;347;289;212;597;0;36;0;NOSTRESS
138636370247;17060;"NEAR_P1";"INTERVAL";"PROBE";4;63;0x00001d2a;155;1949549;775202;436794;1116180;1132098;858;0;NOSTRESS
138636387311;16773;"NEAR_P1";"INTERVAL";"PROBE";4;63;0x00001d2a;155;1944908;772357;433752;1106644;1132461;15;0;NOSTRESS
138636404088;16889;"NEAR_P1";"INTERVAL";"PROBE";4;63;0x00001d2a;155;1948517;774237;436069;1113105;1132608;518;0;NOSTRESS
138636420981;16758;"NEAR_P1";"INTERVAL";"PROBE";4;63;0x00001d2a;155;1942745;771416;433565;1105640;1131623;9;0;NOSTRESS
138636437743;16890;"NEAR_P1";"INTERVAL";"PROBE";4;63;0x00001d2a;155;1947933;773857;435985;1112843;1132362;499;0;NOSTRESS
138636454637;16771;"NEAR_P1";"INTERVAL";"PROBE";4;63;0x00001d2a;155;1945340;772133;433693;1106247;1132969;8;0;NOSTRESS
138636471412;16890;"NEAR_P1";"INTERVAL";"PROBE";4;63;0x00001d2a;155;1946172;773556;436346;1113589;1130881;615;0;NOSTRESS
138636488307;16758;"NEAR_P1";"INTERVAL";"PROBE";4;63;0x00001d2a;155;1943138;771425;433568;1105504;1131775;10;0;NOSTRESS
138636505069;16858;"NEAR_P1";"INTERVAL";"PROBE";4;63;0x00001d2a;155;1947293;773548;435890;1112207;1132191;513;0;NOSTRESS
138636521931;16848;"NEAR_P1";"INTERVAL";"PROBE";4;63;0x00001d2a;155;1945526;773032;435801;1111812;1131187;461;0;NOSTRESS
138636538783;16748;"NEAR_P1";"INTERVAL";"PROBE";4;63;0x00001d2a;155;1941179;770799;433443;1105095;1130721;19;0;NOSTRESS
138636555535;16848;"NEAR_P1";"INTERVAL";"PROBE";4;63;0x00001d2a;155;1945497;772909;435872;1111735;1131091;466;0;NOSTRESS
138636572387;16754;"NEAR_P1";"INTERVAL";"PROBE";4;63;0x00001d2a;155;1942211;771225;433472;1105275;1131281;19;0;NOSTRESS
138636589145;16854;"NEAR_P1";"INTERVAL";"PROBE";4;63;0x00001d2a;155;1946598;773235;435898;1112072;1131797;472;0;NOSTRESS
138636606004;16759;"NEAR_P1";"INTERVAL";"PROBE";4;63;0x00001d2a;155;1943430;771587;433497;1105612;1131934;18;0;NOSTRESS
138636622768;16842;"NEAR_P1";"INTERVAL";"PROBE";4;63;0x00001d2a;155;1945682;772854;435851;1111533;1131285;469;0;NOSTRESS
138636639614;16754;"NEAR_P1";"INTERVAL";"PROBE";4;63;0x00001d2a;155;1942615;771213;433527;1105181;1131491;18;0;NOSTRESS
138636656372;16893;"NEAR_P1";"INTERVAL";"PROBE";4;63;0x00001d2a;155;1947345;773332;436041;1112088;1132141;414;0;NOSTRESS
138636673269;16769;"NEAR_P1";"INTERVAL";"PROBE";4;63;0x00001d2a;155;1945701;772289;433573;1105881;1133433;13;0;NOSTRESS
138636690042;16888;"NEAR_P1";"INTERVAL";"PROBE";4;63;0x00001d2a;155;1945741;772987;435864;1111787;1131350;467;0;NOSTRESS
138636706934;26691;"TRAJ_R1";"INTERVAL";"PROBE";4;63;0x00001d2a;155;2797731;1141074;714501;1743621;1764884;550;0;NOSTRESS
138637969900;364233;"MAF";"INTERVAL";"PROBE";4;63;0x00001d2a;156;41771111;16622653;9441686;23999431;24434455;7356;0;NOSTRESS
138637969922;76;"SENS_C1";"INTERVAL";"PROBE";4;63;0x00001d2a;156;748;618;437;1039;0;117;0;NOSTRESS
138637970003;92;"LOC_C1";"INTERVAL";"PROBE";4;63;0x00001d2a;156;3683;1800;1234;3065;1759;161;0;NOSTRESS
138637970099;20;"LOC_C2";"INTERVAL";"PROBE";4;63;0x00001d2a;156;348;292;195;600;17;20;0;NOSTRESS
138637970124;91;"LOC_C3";"INTERVAL";"PROBE";4;63;0x00001d2a;156;8789;2411;1700;7600;3823;59;0;NOSTRESS
138637970219;24;"LOC_C4";"INTERVAL";"PROBE";4;63;0x00001d2a;156;341;272;208;575;0;28;0;NOSTRESS
138637970247;16997;"NEAR_P1";"INTERVAL";"PROBE";4;63;0x00001d2a;156;1947343;773917;436516;1114659;1130968;758;0;NOSTRESS
138637987248;16736;"NEAR_P1";"INTERVAL";"PROBE";4;63;0x00001d2a;156;1939233;770207;433485;1104707;1129089;14;0;NOSTRESS
138638003988;16867;"NEAR_P1";"INTERVAL";"PROBE";4;63;0x00001d2a;156;1945441;772883;435941;1111703;1130735;532;0;NOSTRESS
138638020859;16738;"NEAR_P1";"INTERVAL";"PROBE";4;63;0x00001d2a;156;1940040;770340;433428;1104625;1129731;14;0;NOSTRESS
138638037602;16870;"NEAR_P1";"INTERVAL";"PROBE";4;63;0x00001d2a;156;1944381;772456;435766;1111198;1130280;496;0;NOSTRESS
138638054476;16746;"NEAR_P1";"INTERVAL";"PROBE";4;63;0x00001d2a;156;1941617;770813;433504;1104864;1130777;11;0;NOSTRESS
138638071226;16868;"NEAR_P1";"INTERVAL";"PROBE";4;63;0x00001d2a;156;1944131;772393;435859;1111167;1130113;477;0;NOSTRESS
138638088098;16763;"NEAR_P1";"INTERVAL";"PROBE";4;63;0x00001d2a;156;1944768;771788;433633;1105677;1132652;9;0;NOSTRESS
138638104865;16849;"NEAR_P1";"INTERVAL";"PROBE";4;63;0x00001d2a;156;1942992;771995;435735;1110949;1129480;487;0;NOSTRESS
138638121719;16871;"NEAR_P1";"INTERVAL";"PROBE";4;63;0x00001d2a;156;1945000;772732;436265;1112608;1130109;593;0;NOSTRESS
138638138595;16740;"NEAR_P1";"INTERVAL";"PROBE";4;63;0x00001d2a;156;1940920;770603;433410;1104702;1130497;20;0;NOSTRESS
138638155340;16849;"NEAR_P1";"INTERVAL";"PROBE";4;63;0x00001d2a;156;1946584;773115;435917;1111805;1131821;495;0;NOSTRESS
138638172193;16746;"NEAR_P1";"INTERVAL";"PROBE";4;63;0x00001d2a;156;1941705;770878;433472;1104768;1130910;19;0;NOSTRESS
138638188943;16831;"NEAR_P1";"INTERVAL";"PROBE";4;63;0x00001d2a;156;1944887;772455;435789;1111257;1130693;475;0;NOSTRESS
138638205779;16739;"NEAR_P1";"INTERVAL";"PROBE";4;63;0x00001d2a;156;1941158;770464;433419;1104534;1130729;19;0;NOSTRESS
138638222522;16838;"NEAR_P1";"INTERVAL";"PROBE";4;63;0x00001d2a;156;1945013;772568;435883;1111382;1130778;465;0;NOSTRESS
138638239364;16742;"NEAR_P1";"INTERVAL";"PROBE";4;63;0x00001d2a;156;1940984;770547;433454;1104759;1130434;18;0;NOSTRESS
138638256110;16832;"NEAR_P1";"INTERVAL";"PROBE";4;63;0x00001d2a;156;1944485;772342;435769;1111138;1130514;468;0;NOSTRESS
138638272947;16736;"NEAR_P1";"INTERVAL";"PROBE";4;63;0x00001d2a;156;1940525;770367;433386;1104392;1130278;15;0;NOSTRESS
138638289687;16846;"NEAR_P1";"INTERVAL";"PROBE";4;63;0x00001d2a;156;1947462;773242;435935;1111782;1132309;465;0;NOSTRESS
138638306537;27591;"TRAJ_R1";"INTERVAL";"PROBE";4;63;0x00001d2a;156;2878262;1173750;734844;1793395;1815959;678;0;NOSTRESS
138639569859;365112;"MAF";"INTERVAL";"PROBE";4;63;0x00001d2a;157;41883116;16667635;9466779;24064324;24501539;7053;0;NOSTRESS
138639569880;76;"SENS_C1";"INTERVAL";"PROBE";4;63;0x00001d2a;157;784;637;447;1121;0;121;0;NOSTRESS
138639569961;91;"LOC_C1";"INTERVAL";"PROBE";4;63;0x00001d2a;157;3666;1805;1240;3076;1747;157;0;NOSTRESS
138639570057;20;"LOC_C2";"INTERVAL";"PROBE";4;63;0x00001d2a;157;345;294;197;599;17;22;0;NOSTRESS
138639570081;95;"LOC_C3";"INTERVAL";"PROBE";4;63;0x00001d2a;157;8821;2412;1702;7588;3840;60;0;NOSTRESS
138639570181;25;"LOC_C4";"INTERVAL";"PROBE";4;63;0x00001d2a;157;347;290;212;599;0;36;0;NOSTRESS
138639570210;17033;"NEAR_P1";"INTERVAL";"PROBE";4;63;0x00001d2a;157;1950058;775161;436849;1116260;1132242;858;0;NOSTRESS
138639587248;16762;"NEAR_P1";"INTERVAL";"PROBE";4;63;0x00001d2a;157;1944249;771754;433765;1106108;1132110;17;0;NOSTRESS
138639604014;16853;"NEAR_P1";"INTERVAL";"PROBE";4;63;0x00001d2a;157;1946550;773184;436149;1112416;1131304;511;0;NOSTRESS
138639620872;16750;"NEAR_P1";"INTERVAL";"PROBE";4;63;0x00001d2a;157;1942446;771101;433682;1105412;1130987;12;0;NOSTRESS
138639637626;16847;"NEAR_P1";"INTERVAL";"PROBE";4;63;0x00001d2a;157;1946347;773114;436032;1111914;1131376;485;0;NOSTRESS
138639654477;16757;"NEAR_P1";"INTERVAL";"PROBE";4;63;0x00001d2a;157;1943407;771474;433742;1105763;1131645;9;0;NOSTRESS
138639671238;16878;"NEAR_P1";"INTERVAL";"PROBE";4;63;0x00001d2a;157;1946480;773222;436025;1111959;1131581;476;0;NOSTRESS
138639688121;16753;"NEAR_P1";"INTERVAL";"PROBE";4;63;0x00001d2a;157;1943074;771243;433677;1105466;1131689;8;0;NOSTRESS
138639704878;16863;"NEAR_P1";"INTERVAL";"PROBE";4;63;0x00001d2a;157;1945641;772771;435969;1111866;1131048;489;0;NOSTRESS
138639721745;16890;"NEAR_P1";"INTERVAL";"PROBE";4;63;0x00001d2a;157;1947955;773589;436180;1112243;1132483;416;0;NOSTRESS
138639738639;16770;"NEAR_P1";"INTERVAL";"PROBE";4;63;0x00001d2a;157;1945537;772166;433825;1106102;1133103;16;0;NOSTRESS
138639755413;16868;"NEAR_P1";"INTERVAL";"PROBE";4;63;0x00001d2a;157;1944403;772416;435891;1111681;1130315;471;0;NOSTRESS
138639772285;16748;"NEAR_P1";"INTERVAL";"PROBE";4;63;0x00001d2a;157;1942663;771025;433633;1105142;1131420;20;0;NOSTRESS
138639789038;16866;"NEAR_P1";"INTERVAL";"PROBE";4;63;0x00001d2a;157;1946007;773128;436538;1113099;1130742;606;0;NOSTRESS
138639805909;16741;"NEAR_P1";"INTERVAL";"PROBE";4;63;0x00001d2a;157;1940523;770500;433557;1104983;1130012;19;0;NOSTRESS
138639822655;16849;"NEAR_P1";"INTERVAL";"PROBE";4;63;0x00001d2a;157;1945870;773038;436039;1112017;1131171;499;0;NOSTRESS
138639839508;16767;"NEAR_P1";"INTERVAL";"PROBE";4;63;0x00001d2a;157;1945690;772165;433820;1106025;1133281;18;0;NOSTRESS
138639856279;16840;"NEAR_P1";"INTERVAL";"PROBE";4;63;0x00001d2a;157;1945289;772590;436033;1111642;1130782;463;0;NOSTRESS
138639873123;16757;"NEAR_P1";"INTERVAL";"PROBE";4;63;0x00001d2a;157;1943060;771334;433739;1105712;1131397;16;0;NOSTRESS
138639889884;16852;"NEAR_P1";"INTERVAL";"PROBE";4;63;0x00001d2a;157;1945973;773257;436136;1112266;1130854;465;0;NOSTRESS
138639906740;28226;"TRAJ_R1";"INTERVAL";"PROBE";4;63;0x00001d2a;157;2958362;1206882;755660;1844042;1866393;549;0;NOSTRESS
138641169882;365913;"MAF";"INTERVAL";"PROBE";4;63;0x00001d2a;158;41927092;16690021;9488443;24110438;24529304;7184;0;NOSTRESS
138641169903;76;"SENS_C1";"INTERVAL";"PROBE";4;63;0x00001d2a;158;750;623;437;1035;0;114;0;NOSTRESS
138641169983;94;"LOC_C1";"INTERVAL";"PROBE";4;63;0x00001d2a;158;3707;1823;1242;3108;1784;158;0;NOSTRESS
138641170082;18;"LOC_C2";"INTERVAL";"PROBE";4;63;0x00001d2a;158;344;292;195;592;17;20;0;NOSTRESS
138641170105;92;"LOC_C3";"INTERVAL";"PROBE";4;63;0x00001d2a;158;8874;2426;1697;7583;3878;60;0;NOSTRESS
138641170202;25;"LOC_C4";"INTERVAL";"PROBE";4;63;0x00001d2a;158;343;275;209;578;0;27;0;NOSTRESS
138641170231;17015;"NEAR_P1";"INTERVAL";"PROBE";4;63;0x00001d2a;158;1949179;774683;436737;1115482;1132144;779;0;NOSTRESS
138641187251;16733;"NEAR_P1";"INTERVAL";"PROBE";4;63;0x00001d2a;158;1938661;769925;433551;1104674;1128812;13;0;NOSTRESS
138641203988;16873;"NEAR_P1";"INTERVAL";"PROBE";4;63;0x00001d2a;158;1946231;772982;436360;1112075;1131258;459;0;NOSTRESS
138641220865;16748;"NEAR_P1";"INTERVAL";"PROBE";4;63;0x00001d2a;158;1942799;771130;433595;1105218;1131538;11;0;NOSTRESS
138641237617;16866;"NEAR_P1";"INTERVAL";"PROBE";4;63;0x00001d2a;158;1943408;772351;435948;1111468;1129504;509;0;NOSTRESS
138641254488;16754;"NEAR_P1";"INTERVAL";"PROBE";4;63;0x00001d2a;158;1942724;771192;433735;1105344;1131249;9;0;NOSTRESS
138641271246;16966;"NEAR_P1";"INTERVAL";"PROBE";4;63;0x00001d2a;158;1945372;773023;437319;1115214;1129541;614;0;NOSTRESS
138641288216;16749;"NEAR_P1";"INTERVAL";"PROBE";4;63;0x00001d2a;158;1941584;770940;433622;1105079;1130667;10;0;NOSTRESS
138641304969;16841;"NEAR_P1";"INTERVAL";"PROBE";4;63;0x00001d2a;158;1943874;772493;436007;1111622;1129814;518;0;NOSTRESS
138641321814;16867;"NEAR_P1";"INTERVAL";"PROBE";4;63;0x00001d2a;158;1943760;772229;435867;1111416;1129869;465;0;NOSTRESS
138641338685;16748;"NEAR_P1";"INTERVAL";"PROBE";4;63;0x00001d2a;158;1941089;770765;433628;1104994;1130404;20;0;NOSTRESS
138641355437;16859;"NEAR_P1";"INTERVAL";"PROBE";4;63;0x00001d2a;158;1943941;772423;435946;1111506;1129892;467;0;NOSTRESS
138641372300;16744;"NEAR_P1";"INTERVAL";"PROBE";4;63;0x00001d2a;158;1940888;770504;433621;1104635;1130312;21;0;NOSTRESS
138641389049;16872;"NEAR_P1";"INTERVAL";"PROBE";4;63;0x00001d2a;158;1944627;772617;435903;1111625;1130361;468;0;NOSTRESS
138641405925;16749;"NEAR_P1";"INTERVAL";"PROBE";4;63;0x00001d2a;158;1941534;770753;433651;1105108;1130634;20;0;NOSTRESS
138641422678;16860;"NEAR_P1";"INTERVAL";"PROBE";4;63;0x00001d2a;158;1944731;772613;435922;1111706;1130432;473;0;NOSTRESS
138641439542;16754;"NEAR_P1";"INTERVAL";"PROBE";4;63;0x00001d2a;158;1942229;771234;433664;1105243;1131075;16;0;NOSTRESS
138641456301;16867;"NEAR_P1";"INTERVAL";"PROBE";4;63;0x00001d2a;158;1944297;772646;436484;1112974;1129729;615;0;NOSTRESS
138641473173;16739;"NEAR_P1";"INTERVAL";"PROBE";4;63;0x00001d2a;158;1940336;770265;433533;1104474;1130015;16;0;NOSTRESS
138641489916;16845;"NEAR_P1";"INTERVAL";"PROBE";4;63;0x00001d2a;158;1945106;772793;436033;1111775;1130671;506;0;NOSTRESS
138641506783;29007;"TRAJ_R1";"INTERVAL";"PROBE";4;63;0x00001d2a;158;3037076;1239922;777497;1896656;1915704;558;0;NOSTRESS
138642769897;367399;"MAF";"INTERVAL";"PROBE";4;63;0x00001d2a;159;42163955;16768627;9513885;24190769;24680068;7162;0;NOSTRESS
138642769916;72;"SENS_C1";"INTERVAL";"PROBE";4;63;0x00001d2a;159;757;641;437;1039;0;115;0;NOSTRESS
138642769992;101;"LOC_C1";"INTERVAL";"PROBE";4;63;0x00001d2a;159;3758;1824;1245;3104;1802;157;0;NOSTRESS
138642770097;21;"LOC_C2";"INTERVAL";"PROBE";4;63;0x00001d2a;159;345;294;197;599;17;23;0;NOSTRESS
138642770122;94;"LOC_C3";"INTERVAL";"PROBE";4;63;0x00001d2a;159;8665;2358;1692;7542;3758;61;0;NOSTRESS
138642770220;22;"LOC_C4";"INTERVAL";"PROBE";4;63;0x00001d2a;159;338;275;208;575;0;28;0;NOSTRESS
138642770246;17033;"NEAR_P1";"INTERVAL";"PROBE";4;63;0x00001d2a;159;1955142;776080;436798;1116237;1135840;740;0;NOSTRESS
138642787284;16775;"NEAR_P1";"INTERVAL";"PROBE";4;63;0x00001d2a;159;1948360;772662;433820;1106572;1134779;14;0;NOSTRESS
138642804063;16902;"NEAR_P1";"INTERVAL";"PROBE";4;63;0x00001d2a;159;1954677;775335;436324;1113663;1136605;530;0;NOSTRESS
138642820969;16943;"NEAR_P1";"INTERVAL";"PROBE";4;63;0x00001d2a;159;1948807;772934;433894;1106628;1135013;32;0;NOSTRESS
138642837916;16884;"NEAR_P1";"INTERVAL";"PROBE";4;63;0x00001d2a;159;1952504;774806;436162;1113029;1135317;576;0;NOSTRESS
138642854804;16793;"NEAR_P1";"INTERVAL";"PROBE";4;63;0x00001d2a;159;1951561;773750;433986;1107212;1136771;8;0;NOSTRESS
138642871602;16892;"NEAR_P1";"INTERVAL";"PROBE";4;63;0x00001d2a;159;1952518;774774;436216;1113110;1135281;480;0;NOSTRESS
138642888499;16776;"NEAR_P1";"INTERVAL";"PROBE";4;63;0x00001d2a;159;1949001;772841;433827;1106458;1135238;9;0;NOSTRESS
138642905279;16886;"NEAR_P1";"INTERVAL";"PROBE";4;63;0x00001d2a;159;1954366;775439;436285;1113503;1136410;482;0;NOSTRESS
138642922170;16871;"NEAR_P1";"INTERVAL";"PROBE";4;63;0x00001d2a;159;1951634;774387;436181;1112853;1134717;480;0;NOSTRESS
138642939045;16774;"NEAR_P1";"INTERVAL";"PROBE";4;63;0x00001d2a;159;1948610;772745;433796;1106154;1135143;18;0;NOSTRESS
138642955824;16879;"NEAR_P1";"INTERVAL";"PROBE";4;63;0x00001d2a;159;1953416;775263;436336;1113457;1135752;469;0;NOSTRESS
138642972707;16784;"NEAR_P1";"INTERVAL";"PROBE";4;63;0x00001d2a;159;1948574;773024;433854;1106686;1135032;19;0;NOSTRESS
138642989495;16887;"NEAR_P1";"INTERVAL";"PROBE";4;63;0x00001d2a;159;1949096;773926;436026;1112390;1133285;461;0;NOSTRESS
138643006387;16778;"NEAR_P1";"INTERVAL";"PROBE";4;63;0x00001d2a;159;1947319;772660;433809;1106321;1134384;19;0;NOSTRESS
138643023169;16898;"NEAR_P1";"INTERVAL";"PROBE";4;63;0x00001d2a;159;1952104;775037;436288;1113285;1135067;450;0;NOSTRESS
138643040071;16778;"NEAR_P1";"INTERVAL";"PROBE";4;63;0x00001d2a;159;1946955;772639;433762;1106429;1134207;17;0;NOSTRESS
138643056853;16910;"NEAR_P1";"INTERVAL";"PROBE";4;63;0x00001d2a;159;1952781;775084;436191;1113241;1135482;461;0;NOSTRESS
138643073768;16788;"NEAR_P1";"INTERVAL";"PROBE";4;63;0x00001d2a;159;1949508;773374;433874;1106854;1135716;16;0;NOSTRESS
138643090560;16887;"NEAR_P1";"INTERVAL";"PROBE";4;63;0x00001d2a;159;1950190;774342;436114;1112773;1133921;480;0;NOSTRESS
138643107452;29839;"TRAJ_R1";"INTERVAL";"PROBE";4;63;0x00001d2a;159;3122806;1274739;800087;1950645;1970531;556;0;NOSTRESS
138644369838;367802;"MAF";"INTERVAL";"PROBE";4;63;0x00001d2a;160;42153147;16781200;9533970;24235853;24667929;6735;0;NOSTRESS
138644369859;73;"SENS_C1";"INTERVAL";"PROBE";4;63;0x00001d2a;160;753;629;438;1043;0;123;0;NOSTRESS
138644369936;98;"LOC_C1";"INTERVAL";"PROBE";4;63;0x00001d2a;160;3770;1820;1241;3102;1808;156;0;NOSTRESS
138644370038;20;"LOC_C2";"INTERVAL";"PROBE";4;63;0x00001d2a;160;344;292;195;592;17;20;0;NOSTRESS
138644370063;97;"LOC_C3";"INTERVAL";"PROBE";4;63;0x00001d2a;160;8808;2425;1698;7636;3813;63;0;NOSTRESS
138644370164;24;"LOC_C4";"INTERVAL";"PROBE";4;63;0x00001d2a;160;347;281;211;591;0;30;0;NOSTRESS
138644370192;17051;"NEAR_P1";"INTERVAL";"PROBE";4;63;0x00001d2a;160;1949303;774927;436536;1115037;1131887;820;0;NOSTRESS
138644387248;16771;"NEAR_P1";"INTERVAL";"PROBE";4;63;0x00001d2a;160;1944803;772315;433751;1106676;1132128;14;0;NOSTRESS
138644404024;16862;"NEAR_P1";"INTERVAL";"PROBE";4;63;0x00001d2a;160;1946857;773590;436177;1112821;1131198;514;0;NOSTRESS
138644420890;16769;"NEAR_P1";"INTERVAL";"PROBE";4;63;0x00001d2a;160;1943982;772029;433704;1106331;1131762;10;0;NOSTRESS
138644437663;16875;"NEAR_P1";"INTERVAL";"PROBE";4;63;0x00001d2a;160;1946083;773332;436076;1112459;1130976;468;0;NOSTRESS
138644454542;16771;"NEAR_P1";"INTERVAL";"PROBE";4;63;0x00001d2a;160;1945171;772241;433822;1106331;1132704;8;0;NOSTRESS
138644471317;16853;"NEAR_P1";"INTERVAL";"PROBE";4;63;0x00001d2a;160;1945902;773369;435990;1112485;1130958;478;0;NOSTRESS
138644488175;16774;"NEAR_P1";"INTERVAL";"PROBE";4;63;0x00001d2a;160;1946186;772400;433737;1106434;1133247;8;0;NOSTRESS
138644504953;16856;"NEAR_P1";"INTERVAL";"PROBE";4;63;0x00001d2a;160;1947414;773582;436069;1112603;1131894;467;0;NOSTRESS
138644521813;16890;"NEAR_P1";"INTERVAL";"PROBE";4;63;0x00001d2a;160;1947191;773669;436060;1112622;1131663;466;0;NOSTRESS
138644538707;16758;"NEAR_P1";"INTERVAL";"PROBE";4;63;0x00001d2a;160;1942380;771269;433648;1105831;1130940;18;0;NOSTRESS
138644555470;16880;"NEAR_P1";"INTERVAL";"PROBE";4;63;0x00001d2a;160;1947419;773778;436074;1112790;1131785;462;0;NOSTRESS
138644572354;16767;"NEAR_P1";"INTERVAL";"PROBE";4;63;0x00001d2a;160;1944852;771996;433703;1106149;1132480;18;0;NOSTRESS
138644589125;16863;"NEAR_P1";"INTERVAL";"PROBE";4;63;0x00001d2a;160;1947355;773718;436080;1112845;1131646;466;0;NOSTRESS
138644605992;16779;"NEAR_P1";"INTERVAL";"PROBE";4;63;0x00001d2a;160;1946387;772624;433814;1106576;1133410;18;0;NOSTRESS
138644622775;16857;"NEAR_P1";"INTERVAL";"PROBE";4;63;0x00001d2a;160;1947610;773677;436060;1112648;1131942;468;0;NOSTRESS
138644639636;16769;"NEAR_P1";"INTERVAL";"PROBE";4;63;0x00001d2a;160;1945383;772127;433733;1106291;1132634;18;0;NOSTRESS
138644656409;16867;"NEAR_P1";"INTERVAL";"PROBE";4;63;0x00001d2a;160;1945462;772766;435964;1111911;1130643;416;0;NOSTRESS
138644673280;16764;"NEAR_P1";"INTERVAL";"PROBE";4;63;0x00001d2a;160;1945094;771935;433687;1105977;1132550;13;0;NOSTRESS
138644690048;16885;"NEAR_P1";"INTERVAL";"PROBE";4;63;0x00001d2a;160;1947753;773569;435988;1112612;1131931;470;0;NOSTRESS
138644706937;30699;"TRAJ_R1";"INTERVAL";"PROBE";4;63;0x00001d2a;160;3206940;1309768;823471;2006254;2023913;483;0;NOSTRESS
138645969846;368971;"MAF";"INTERVAL";"PROBE";4;63;0x00001d2a;161;42270001;16829985;9560965;24308987;24738078;7090;0;NOSTRESS
138645969867;72;"SENS_C1";"INTERVAL";"PROBE";4;63;0x00001d2a;161;763;638;436;1046;0;114;0;NOSTRESS
138645969944;95;"LOC_C1";"INTERVAL";"PROBE";4;63;0x00001d2a;161;3818;1859;1240;3140;1854;158;0;NOSTRESS
138645970044;19;"LOC_C2";"INTERVAL";"PROBE";4;63;0x00001d2a;161;344;292;195;592;17;19;0;NOSTRESS
138645970067;93;"LOC_C3";"INTERVAL";"PROBE";4;63;0x00001d2a;161;8829;2436;1707;7692;3802;59;0;NOSTRESS
138645970165;26;"LOC_C4";"INTERVAL";"PROBE";4;63;0x00001d2a;161;352;278;212;600;0;33;0;NOSTRESS
138645970195;17049;"NEAR_P1";"INTERVAL";"PROBE";4;63;0x00001d2a;161;1954375;776523;436899;1116419;1134682;824;0;NOSTRESS
138645987249;16786;"NEAR_P1";"INTERVAL";"PROBE";4;63;0x00001d2a;161;1948870;773210;434011;1107590;1134541;15;0;NOSTRESS
138646004039;16884;"NEAR_P1";"INTERVAL";"PROBE";4;63;0x00001d2a;161;1950589;774941;436318;1114231;1133449;510;0;NOSTRESS
138646020927;16775;"NEAR_P1";"INTERVAL";"PROBE";4;63;0x00001d2a;161;1945655;772498;433859;1107014;1132742;10;0;NOSTRESS
138646037707;16877;"NEAR_P1";"INTERVAL";"PROBE";4;63;0x00001d2a;161;1950263;774657;436320;1113839;1133191;495;0;NOSTRESS
138646054588;16777;"NEAR_P1";"INTERVAL";"PROBE";4;63;0x00001d2a;161;1946155;772636;433816;1106825;1133215;9;0;NOSTRESS
138646071369;16856;"NEAR_P1";"INTERVAL";"PROBE";4;63;0x00001d2a;161;1947155;773711;436103;1112965;1131458;472;0;NOSTRESS
138646088229;16774;"NEAR_P1";"INTERVAL";"PROBE";4;63;0x00001d2a;161;1945939;772505;433905;1106846;1132907;9;0;NOSTRESS
138646105007;16874;"NEAR_P1";"INTERVAL";"PROBE";4;63;0x00001d2a;161;1948734;774191;436105;1113065;1132663;391;0;NOSTRESS
138646121885;16876;"NEAR_P1";"INTERVAL";"PROBE";4;63;0x00001d2a;161;1950596;774807;436290;1113791;1133469;462;0;NOSTRESS
138646138765;16783;"NEAR_P1";"INTERVAL";"PROBE";4;63;0x00001d2a;161;1946550;772784;433953;1107140;1133367;19;0;NOSTRESS
138646155552;16858;"NEAR_P1";"INTERVAL";"PROBE";4;63;0x00001d2a;161;1947398;773825;436173;1113055;1131703;449;0;NOSTRESS
138646172414;16773;"NEAR_P1";"INTERVAL";"PROBE";4;63;0x00001d2a;161;1944104;772175;433844;1106712;1131853;18;0;NOSTRESS
138646189192;17081;"NEAR_P1";"INTERVAL";"PROBE";4;63;0x00001d2a;161;1949597;774465;436156;1113499;1133099;556;0;NOSTRESS
138646206277;16781;"NEAR_P1";"INTERVAL";"PROBE";4;63;0x00001d2a;161;1946219;772800;433940;1107107;1132938;15;0;NOSTRESS
138646223063;16899;"NEAR_P1";"INTERVAL";"PROBE";4;63;0x00001d2a;161;1948419;774202;436158;1113579;1132243;489;0;NOSTRESS
138646239966;16768;"NEAR_P1";"INTERVAL";"PROBE";4;63;0x00001d2a;161;1943636;771833;433809;1106331;1131578;17;0;NOSTRESS
138646256738;16873;"NEAR_P1";"INTERVAL";"PROBE";4;63;0x00001d2a;161;1947200;773818;436211;1113286;1131450;468;0;NOSTRESS
138646273615;16775;"NEAR_P1";"INTERVAL";"PROBE";4;63;0x00001d2a;161;1945352;772456;433905;1106800;1132511;15;0;NOSTRESS
138646290395;16865;"NEAR_P1";"INTERVAL";"PROBE";4;63;0x00001d2a;161;1948078;774114;436207;1113388;1132108;463;0;NOSTRESS
138646307284;31528;"TRAJ_R1";"INTERVAL";"PROBE";4;63;0x00001d2a;161;3290724;1344919;846699;2061981;2077238;547;0;NOSTRESS
138647569897;369495;"MAF";"INTERVAL";"PROBE";4;63;0x00001d2a;162;42330420;16853500;9585525;24358292;24778541;7174;0;NOSTRESS
138647569920;71;"SENS_C1";"INTERVAL";"PROBE";4;63;0x00001d2a;162;752;635;438;1016;0;117;0;NOSTRESS
138647569995;99;"LOC_C1";"INTERVAL";"PROBE";4;63;0x00001d2a;162;3799;1836;1245;3104;1828;153;0;NOSTRESS
138647570099;20;"LOC_C2";"INTERVAL";"PROBE";4;63;0x00001d2a;162;344;292;195;592;17;20;0;NOSTRESS
138647570124;95;"LOC_C3";"INTERVAL";"PROBE";4;63;0x00001d2a;162;8837;2451;1713;7654;3823;61;0;NOSTRESS
138647570224;22;"LOC_C4";"INTERVAL";"PROBE";4;63;0x00001d2a;162;347;279;211;587;0;32;0;NOSTRESS
138647570251;17036;"NEAR_P1";"INTERVAL";"PROBE";4;63;0x00001d2a;162;1948760;774986;436881;1116633;1131246;795;0;NOSTRESS
138647587292;16785;"NEAR_P1";"INTERVAL";"PROBE";4;63;0x00001d2a;162;1947723;773016;434050;1107705;1133817;15;0;NOSTRESS
138647604081;16908;"NEAR_P1";"INTERVAL";"PROBE";4;63;0x00001d2a;162;1949330;774451;437165;1115801;1132110;630;0;NOSTRESS
138647620993;16759;"NEAR_P1";"INTERVAL";"PROBE";4;63;0x00001d2a;162;1942882;771321;433765;1106039;1131141;9;0;NOSTRESS
138647637756;16847;"NEAR_P1";"INTERVAL";"PROBE";4;63;0x00001d2a;162;1945621;772940;436095;1112223;1130734;486;0;NOSTRESS
138647654607;16773;"NEAR_P1";"INTERVAL";"PROBE";4;63;0x00001d2a;162;1946437;772419;433886;1106568;1133374;9;0;NOSTRESS
138647671384;16854;"NEAR_P1";"INTERVAL";"PROBE";4;63;0x00001d2a;162;1946754;773433;436157;1112671;1131433;471;0;NOSTRESS
138647688242;16761;"NEAR_P1";"INTERVAL";"PROBE";4;63;0x00001d2a;162;1943863;771537;433738;1106009;1131834;7;0;NOSTRESS
138647705007;16862;"NEAR_P1";"INTERVAL";"PROBE";4;63;0x00001d2a;162;1948326;773870;436247;1112986;1132407;468;0;NOSTRESS
138647721873;16853;"NEAR_P1";"INTERVAL";"PROBE";4;63;0x00001d2a;162;1945994;773098;436163;1112619;1130941;465;0;NOSTRESS
138647738730;16757;"NEAR_P1";"INTERVAL";"PROBE";4;63;0x00001d2a;162;1943099;771364;433710;1105784;1131456;19;0;NOSTRESS
138647755492;16900;"NEAR_P1";"INTERVAL";"PROBE";4;63;0x00001d2a;162;1951282;774680;436439;1113697;1134114;500;0;NOSTRESS
138647772396;16768;"NEAR_P1";"INTERVAL";"PROBE";4;63;0x00001d2a;162;1945464;771932;433835;1106079;1132962;19;0;NOSTRESS
138647789168;16890;"NEAR_P1";"INTERVAL";"PROBE";4;63;0x00001d2a;162;1948793;774180;436682;1114443;1132169;614;0;NOSTRESS
138647806062;16768;"NEAR_P1";"INTERVAL";"PROBE";4;63;0x00001d2a;162;1943964;771757;433846;1106415;1131836;20;0;NOSTRESS
138647822835;16858;"NEAR_P1";"INTERVAL";"PROBE";4;63;0x00001d2a;162;1946791;773394;436250;1112577;1131445;507;0;NOSTRESS
138647839697;16768;"NEAR_P1";"INTERVAL";"PROBE";4;63;0x00001d2a;162;1944241;771900;433870;1106349;1131999;21;0;NOSTRESS
138647856470;16879;"NEAR_P1";"INTERVAL";"PROBE";4;63;0x00001d2a;162;1946210;773097;436156;1112259;1131199;463;0;NOSTRESS
138647873354;16761;"NEAR_P1";"INTERVAL";"PROBE";4;63;0x00001d2a;162;1943077;771423;433815;1106037;1131396;15;0;NOSTRESS
138647890119;16874;"NEAR_P1";"INTERVAL";"PROBE";4;63;0x00001d2a;162;1946575;773361;436168;1112661;1131288;464;0;NOSTRESS
138647906998;32390;"TRAJ_R1";"INTERVAL";"PROBE";4;63;0x00001d2a;162;3381573;1382782;870764;2120573;2133972;550;0;NOSTRESS
138649169876;370820;"MAF";"INTERVAL";"PROBE";4;63;0x00001d2a;163;42480781;16912074;9614665;24436189;24867680;7304;0;NOSTRESS
138649169898;74;"SENS_C1";"INTERVAL";"PROBE";4;63;0x00001d2a;163;749;628;436;1040;0;117;0;NOSTRESS
138649169977;96;"LOC_C1";"INTERVAL";"PROBE";4;63;0x00001d2a;163;3781;1847;1242;3128;1826;159;0;NOSTRESS
138649170077;21;"LOC_C2";"INTERVAL";"PROBE";4;63;0x00001d2a;163;345;294;197;599;17;21;0;NOSTRESS
138649170102;93;"LOC_C3";"INTERVAL";"PROBE";4;63;0x00001d2a;163;8895;2450;1708;7648;3868;59;0;NOSTRESS
138649170199;25;"LOC_C4";"INTERVAL";"PROBE";4;63;0x00001d2a;163;350;286;213;601;0;34;0;NOSTRESS
138649170228;17092;"NEAR_P1";"INTERVAL";"PROBE";4;63;0x00001d2a;163;1954837;777205;437178;1117919;1134696;837;0;NOSTRESS
138649187325;16793;"NEAR_P1";"INTERVAL";"PROBE";4;63;0x00001d2a;163;1948193;773406;434106;1108071;1134108;15;0;NOSTRESS
138649204122;16881;"NEAR_P1";"INTERVAL";"PROBE";4;63;0x00001d2a;163;1950571;774763;436475;1114033;1133420;520;0;NOSTRESS
138649221007;16784;"NEAR_P1";"INTERVAL";"PROBE";4;63;0x00001d2a;163;1947141;772824;434005;1107338;1133574;11;0;NOSTRESS
138649237795;16872;"NEAR_P1";"INTERVAL";"PROBE";4;63;0x00001d2a;163;1950428;774493;436368;1113513;1133429;479;0;NOSTRESS
138649254672;16780;"NEAR_P1";"INTERVAL";"PROBE";4;63;0x00001d2a;163;1946841;772744;434058;1106927;1133436;11;0;NOSTRESS
138649271456;16940;"NEAR_P1";"INTERVAL";"PROBE";4;63;0x00001d2a;163;1951340;775092;437254;1115811;1133196;561;0;NOSTRESS
138649288400;16788;"NEAR_P1";"INTERVAL";"PROBE";4;63;0x00001d2a;163;1948917;773411;434077;1107431;1134669;8;0;NOSTRESS
138649305192;16855;"NEAR_P1";"INTERVAL";"PROBE";4;63;0x00001d2a;163;1946971;773320;436216;1112707;1131246;492;0;NOSTRESS
138649322051;16871;"NEAR_P1";"INTERVAL";"PROBE";4;63;0x00001d2a;163;1950243;774521;436409;1113421;1133245;457;0;NOSTRESS
138649338926;16784;"NEAR_P1";"INTERVAL";"PROBE";4;63;0x00001d2a;163;1947744;772952;434022;1107007;1134136;17;0;NOSTRESS
138649355714;16865;"NEAR_P1";"INTERVAL";"PROBE";4;63;0x00001d2a;163;1949757;774198;436322;1113227;1133030;467;0;NOSTRESS
138649372584;16770;"NEAR_P1";"INTERVAL";"PROBE";4;63;0x00001d2a;163;1944760;772090;433867;1106496;1132212;17;0;NOSTRESS
138649389358;16884;"NEAR_P1";"INTERVAL";"PROBE";4;63;0x00001d2a;163;1952008;775107;436497;1114034;1134382;463;0;NOSTRESS
138649406246;16786;"NEAR_P1";"INTERVAL";"PROBE";4;63;0x00001d2a;163;1947782;773085;434029;1107257;1134006;18;0;NOSTRESS
138649423036;16902;"NEAR_P1";"INTERVAL";"PROBE";4;63;0x00001d2a;163;1950077;774580;436488;1114027;1133143;521;0;NOSTRESS
138649439943;16780;"NEAR_P1";"INTERVAL";"PROBE";4;63;0x00001d2a;163;1946787;772668;434004;1106850;1133393;19;0;NOSTRESS
138649456727;16976;"NEAR_P1";"INTERVAL";"PROBE";4;63;0x00001d2a;163;1949355;774464;437565;1116913;1131675;689;0;NOSTRESS
138649473707;16776;"NEAR_P1";"INTERVAL";"PROBE";4;63;0x00001d2a;163;1945680;772301;433961;1106827;1132703;17;0;NOSTRESS
138649490487;16868;"NEAR_P1";"INTERVAL";"PROBE";4;63;0x00001d2a;163;1948720;774182;436297;1113342;1132445;508;0;NOSTRESS
138649507360;33332;"TRAJ_R1";"INTERVAL";"PROBE";4;63;0x00001d2a;163;3478933;1422095;895631;2180809;2195825;544;0;NOSTRESS
138650769891;371456;"MAF";"INTERVAL";"PROBE";4;63;0x00001d2a;164;42536215;16935481;9635011;24480339;24906805;7301;0;NOSTRESS
138650769913;73;"SENS_C1";"INTERVAL";"PROBE";4;63;0x00001d2a;164;733;616;437;1018;0;117;0;NOSTRESS
138650769990;225;"LOC_C1";"INTERVAL";"PROBE";4;63;0x00001d2a;164;3730;1834;1245;3146;1795;174;0;NOSTRESS
138650770219;18;"LOC_C2";"INTERVAL";"PROBE";4;63;0x00001d2a;164;344;295;195;595;17;20;0;NOSTRESS
138650770241;92;"LOC_C3";"INTERVAL";"PROBE";4;63;0x00001d2a;164;8797;2426;1701;7567;3833;59;0;NOSTRESS
138650770338;25;"LOC_C4";"INTERVAL";"PROBE";4;63;0x00001d2a;164;347;287;212;595;0;38;0;NOSTRESS
138650770367;17041;"NEAR_P1";"INTERVAL";"PROBE";4;63;0x00001d2a;164;1951629;775790;437029;1117002;1132910;822;0;NOSTRESS
138650787413;16777;"NEAR_P1";"INTERVAL";"PROBE";4;63;0x00001d2a;164;1946630;772606;434027;1107207;1133161;15;0;NOSTRESS
138650804194;16891;"NEAR_P1";"INTERVAL";"PROBE";4;63;0x00001d2a;164;1948310;773851;436311;1113543;1132027;533;0;NOSTRESS
138650821089;16766;"NEAR_P1";"INTERVAL";"PROBE";4;63;0x00001d2a;164;1944104;771795;433824;1106550;1131894;11;0;NOSTRESS
138650837859;16890;"NEAR_P1";"INTERVAL";"PROBE";4;63;0x00001d2a;164;1948190;773532;436158;1112684;1132257;498;0;NOSTRESS
138650854753;16766;"NEAR_P1";"INTERVAL";"PROBE";4;63;0x00001d2a;164;1945829;771952;433897;1106291;1132918;8;0;NOSTRESS
138650871523;16865;"NEAR_P1";"INTERVAL";"PROBE";4;63;0x00001d2a;164;1950157;774288;436351;1113353;1133401;474;0;NOSTRESS
138650888392;16758;"NEAR_P1";"INTERVAL";"PROBE";4;63;0x00001d2a;164;1943552;771426;433825;1106072;1131518;9;0;NOSTRESS
138650905154;16859;"NEAR_P1";"INTERVAL";"PROBE";4;63;0x00001d2a;164;1947526;773541;436256;1112880;1131798;487;0;NOSTRESS
138650922018;16911;"NEAR_P1";"INTERVAL";"PROBE";4;63;0x00001d2a;164;1948750;774232;437126;1115291;1131743;560;0;NOSTRESS
138650938933;16767;"NEAR_P1";"INTERVAL";"PROBE";4;63;0x00001d2a;164;1944401;771827;433912;1106479;1132091;23;0;NOSTRESS
138650955705;16854;"NEAR_P1";"INTERVAL";"PROBE";4;63;0x00001d2a;164;1946801;773473;436230;1112931;1131347;472;0;NOSTRESS
138650972563;16773;"NEAR_P1";"INTERVAL";"PROBE";4;63;0x00001d2a;164;1945002;772131;433982;1106490;1132543;19;0;NOSTRESS
138650989340;16855;"NEAR_P1";"INTERVAL";"PROBE";4;63;0x00001d2a;164;1946200;773459;436220;1112938;1131038;469;0;NOSTRESS
138651006199;16767;"NEAR_P1";"INTERVAL";"PROBE";4;63;0x00001d2a;164;1944369;771943;433856;1106442;1131959;19;0;NOSTRESS
138651022970;16854;"NEAR_P1";"INTERVAL";"PROBE";4;63;0x00001d2a;164;1946960;773504;436269;1112830;1131490;467;0;NOSTRESS
138651039828;16766;"NEAR_P1";"INTERVAL";"PROBE";4;63;0x00001d2a;164;1944224;771857;433910;1106249;1131992;18;0;NOSTRESS
138651056599;16857;"NEAR_P1";"INTERVAL";"PROBE";4;63;0x00001d2a;164;1947444;773522;436241;1112946;1131874;470;0;NOSTRESS
138651073461;16765;"NEAR_P1";"INTERVAL";"PROBE";4;63;0x00001d2a;164;1943315;771699;433909;1106257;1131415;16;0;NOSTRESS
138651090230;16861;"NEAR_P1";"INTERVAL";"PROBE";4;63;0x00001d2a;164;1946504;773328;436126;1112263;1131490;371;0;NOSTRESS
138651107126;34217;"TRAJ_R1";"INTERVAL";"PROBE";4;63;0x00001d2a;164;3582098;1462861;919275;2240273;2260294;691;0;NOSTRESS
138652369895;372212;"MAF";"INTERVAL";"PROBE";4;63;0x00001d2a;165;42625060;16969859;9659534;24543785;24964445;6991;0;NOSTRESS
138652369914;76;"SENS_C1";"INTERVAL";"PROBE";4;63;0x00001d2a;165;754;625;436;1041;0;118;0;NOSTRESS
138652369995;93;"LOC_C1";"INTERVAL";"PROBE";4;63;0x00001d2a;165;3936;1894;1250;3172;1914;154;0;NOSTRESS
138652370092;19;"LOC_C2";"INTERVAL";"PROBE";4;63;0x00001d2a;165;344;292;195;592;17;21;0;NOSTRESS
138652370116;92;"LOC_C3";"INTERVAL";"PROBE";4;63;0x00001d2a;165;8750;2409;1697;7562;3813;62;0;NOSTRESS
138652370212;27;"LOC_C4";"INTERVAL";"PROBE";4;63;0x00001d2a;165;342;276;208;580;0;30;0;NOSTRESS
138652370243;17054;"NEAR_P1";"INTERVAL";"PROBE";4;63;0x00001d2a;165;1949864;774829;437187;1117132;1131745;845;0;NOSTRESS
138652387301;16771;"NEAR_P1";"INTERVAL";"PROBE";4;63;0x00001d2a;165;1945060;772095;434100;1107341;1132208;15;0;NOSTRESS
138652404076;16865;"NEAR_P1";"INTERVAL";"PROBE";4;63;0x00001d2a;165;1947725;773632;436282;1113545;1131637;541;0;NOSTRESS
138652420945;16760;"NEAR_P1";"INTERVAL";"PROBE";4;63;0x00001d2a;165;1943442;771466;433953;1106611;1131313;11;0;NOSTRESS
138652437709;16858;"NEAR_P1";"INTERVAL";"PROBE";4;63;0x00001d2a;165;1948562;773694;436283;1113148;1132471;487;0;NOSTRESS
138652454571;16756;"NEAR_P1";"INTERVAL";"PROBE";4;63;0x00001d2a;165;1943766;771340;433860;1106305;1131771;8;0;NOSTRESS
138652471331;16890;"NEAR_P1";"INTERVAL";"PROBE";4;63;0x00001d2a;165;1947563;773311;436182;1112956;1131891;423;0;NOSTRESS
138652488225;16763;"NEAR_P1";"INTERVAL";"PROBE";4;63;0x00001d2a;165;1945168;771925;433954;1106764;1132586;8;0;NOSTRESS
138652504992;16868;"NEAR_P1";"INTERVAL";"PROBE";4;63;0x00001d2a;165;1945722;772800;436192;1112624;1130678;474;0;NOSTRESS
138652521865;16866;"NEAR_P1";"INTERVAL";"PROBE";4;63;0x00001d2a;165;1946214;773059;436202;1112852;1131119;472;0;NOSTRESS
138652538736;16757;"NEAR_P1";"INTERVAL";"PROBE";4;63;0x00001d2a;165;1943277;771325;433861;1106494;1131581;20;0;NOSTRESS
138652555497;16873;"NEAR_P1";"INTERVAL";"PROBE";4;63;0x00001d2a;165;1948146;773388;436253;1112915;1132281;470;0;NOSTRESS
138652572374;16770;"NEAR_P1";"INTERVAL";"PROBE";4;63;0x00001d2a;165;1945726;772200;433953;1107113;1132905;20;0;NOSTRESS
138652589148;16903;"NEAR_P1";"INTERVAL";"PROBE";4;63;0x00001d2a;165;1948223;774139;437167;1115834;1131409;550;0;NOSTRESS
138652606056;16766;"NEAR_P1";"INTERVAL";"PROBE";4;63;0x00001d2a;165;1944367;771854;433960;1106785;1132203;21;0;NOSTRESS
138652622826;16869;"NEAR_P1";"INTERVAL";"PROBE";4;63;0x00001d2a;165;1948298;773914;436353;1113845;1132245;487;0;NOSTRESS
138652639699;16761;"NEAR_P1";"INTERVAL";"PROBE";4;63;0x00001d2a;165;1943503;771517;433853;1106605;1131694;18;0;NOSTRESS
138652656465;16841;"NEAR_P1";"INTERVAL";"PROBE";4;63;0x00001d2a;165;1944751;772702;436187;1112865;1130178;472;0;NOSTRESS
138652673310;16762;"NEAR_P1";"INTERVAL";"PROBE";4;63;0x00001d2a;165;1944763;771726;433880;1106482;1132497;15;0;NOSTRESS
138652690076;16848;"NEAR_P1";"INTERVAL";"PROBE";4;63;0x00001d2a;165;1945773;772987;436209;1112862;1130789;460;0;NOSTRESS
138652706946;35157;"TRAJ_R1";"INTERVAL";"PROBE";4;63;0x00001d2a;165;3681411;1503364;943835;2300516;2323500;552;0;NOSTRESS
138653969908;373550;"MAF";"INTERVAL";"PROBE";4;63;0x00001d2a;166;42832078;17034482;9685031;24613444;25091434;7408;0;NOSTRESS
138653969931;80;"SENS_C1";"INTERVAL";"PROBE";4;63;0x00001d2a;166;774;642;439;1076;0;122;0;NOSTRESS
138653970016;93;"LOC_C1";"INTERVAL";"PROBE";4;63;0x00001d2a;166;3764;1823;1240;3125;1806;160;0;NOSTRESS
138653970113;19;"LOC_C2";"INTERVAL";"PROBE";4;63;0x00001d2a;166;344;292;195;592;17;20;0;NOSTRESS
138653970136;93;"LOC_C3";"INTERVAL";"PROBE";4;63;0x00001d2a;166;8651;2359;1698;7551;3749;60;0;NOSTRESS
138653970233;23;"LOC_C4";"INTERVAL";"PROBE";4;63;0x00001d2a;166;343;272;208;579;0;29;0;NOSTRESS
138653970261;17054;"NEAR_P1";"INTERVAL";"PROBE";4;63;0x00001d2a;166;1956187;776622;437183;1117743;1135782;840;0;NOSTRESS
138653987320;16796;"NEAR_P1";"INTERVAL";"PROBE";4;63;0x00001d2a;166;1952193;773956;434207;1108447;1136481;15;0;NOSTRESS
138654004120;16907;"NEAR_P1";"INTERVAL";"PROBE";4;63;0x00001d2a;166;1955688;775617;436460;1114751;1136576;550;0;NOSTRESS
138654021032;16779;"NEAR_P1";"INTERVAL";"PROBE";4;63;0x00001d2a;166;1950150;772983;434013;1107455;1135578;9;0;NOSTRESS
138654037815;16869;"NEAR_P1";"INTERVAL";"PROBE";4;63;0x00001d2a;166;1952052;774340;436318;1113294;1134761;493;0;NOSTRESS
138654054689;16775;"NEAR_P1";"INTERVAL";"PROBE";4;63;0x00001d2a;166;1950148;772950;433991;1107045;1135603;8;0;NOSTRESS
138654071468;17052;"NEAR_P1";"INTERVAL";"PROBE";4;63;0x00001d2a;166;1952468;774667;436417;1113806;1134704;625;0;NOSTRESS
138654088524;16770;"NEAR_P1";"INTERVAL";"PROBE";4;63;0x00001d2a;166;1947994;772376;433914;1106792;1134511;9;0;NOSTRESS
138654105298;16876;"NEAR_P1";"INTERVAL";"PROBE";4;63;0x00001d2a;166;1953766;774813;436442;1113816;1135543;476;0;NOSTRESS
138654122179;16888;"NEAR_P1";"INTERVAL";"PROBE";4;63;0x00001d2a;166;1952810;774528;436306;1113585;1135246;464;0;NOSTRESS
138654139071;16783;"NEAR_P1";"INTERVAL";"PROBE";4;63;0x00001d2a;166;1949602;773006;434069;1107471;1135168;20;0;NOSTRESS
138654155858;16904;"NEAR_P1";"INTERVAL";"PROBE";4;63;0x00001d2a;166;1952821;774647;436382;1113762;1135093;474;0;NOSTRESS
138654172766;16780;"NEAR_P1";"INTERVAL";"PROBE";4;63;0x00001d2a;166;1949489;772934;434076;1107289;1135049;19;0;NOSTRESS
138654189550;16879;"NEAR_P1";"INTERVAL";"PROBE";4;63;0x00001d2a;166;1954360;775127;436499;1114207;1135909;462;0;NOSTRESS
138654206433;16775;"NEAR_P1";"INTERVAL";"PROBE";4;63;0x00001d2a;166;1948455;772588;434007;1107036;1134614;18;0;NOSTRESS
138654223212;16874;"NEAR_P1";"INTERVAL";"PROBE";4;63;0x00001d2a;166;1954218;775065;436410;1113893;1136018;465;0;NOSTRESS
138654240090;16782;"NEAR_P1";"INTERVAL";"PROBE";4;63;0x00001d2a;166;1949875;773143;434086;1107430;1135290;15;0;NOSTRESS
138654256877;16928;"NEAR_P1";"INTERVAL";"PROBE";4;63;0x00001d2a;166;1954450;775649;437332;1116313;1135272;556;0;NOSTRESS
138654273810;16785;"NEAR_P1";"INTERVAL";"PROBE";4;63;0x00001d2a;166;1951224;773452;434128;1107644;1136198;18;0;NOSTRESS
138654290600;16868;"NEAR_P1";"INTERVAL";"PROBE";4;63;0x00001d2a;166;1952846;774621;436407;1113515;1135125;478;0;NOSTRESS
138654307490;35963;"TRAJ_R1";"INTERVAL";"PROBE";4;63;0x00001d2a;166;3767172;1538595;966107;2354746;2377341;543;0;NOSTRESS
138655569887;373835;"MAF";"INTERVAL";"PROBE";4;63;0x00001d2a;167;42805961;17043067;9704239;24644862;25077040;7086;0;NOSTRESS
138655569908;73;"SENS_C1";"INTERVAL";"PROBE";4;63;0x00001d2a;167;769;624;434;1070;0;116;0;NOSTRESS
138655569986;92;"LOC_C1";"INTERVAL";"PROBE";4;63;0x00001d2a;167;3819;1852;1248;3156;1834;160;0;NOSTRESS
138655570082;21;"LOC_C2";"INTERVAL";"PROBE";4;63;0x00001d2a;167;345;294;197;599;17;22;0;NOSTRESS
138655570107;93;"LOC_C3";"INTERVAL";"PROBE";4;63;0x00001d2a;167;8917;2433;1716;7717;3869;61;0;NOSTRESS
138655570204;25;"LOC_C4";"INTERVAL";"PROBE";4;63;0x00001d2a;167;344;285;212;590;0;36;0;NOSTRESS
138655570233;17073;"NEAR_P1";"INTERVAL";"PROBE";4;63;0x00001d2a;167;1952156;775741;437328;1117583;1133256;911;0;NOSTRESS
138655587311;16773;"NEAR_P1";"INTERVAL";"PROBE";4;63;0x00001d2a;167;1945526;772273;434152;1107166;1132497;17;0;NOSTRESS
138655604088;16866;"NEAR_P1";"INTERVAL";"PROBE";4;63;0x00001d2a;167;1948436;773895;436415;1113325;1132320;539;0;NOSTRESS
138655620958;16749;"NEAR_P1";"INTERVAL";"PROBE";4;63;0x00001d2a;167;1941950;770854;433835;1105906;1130689;8;0;NOSTRESS
138655637711;16871;"NEAR_P1";"INTERVAL";"PROBE";4;63;0x00001d2a;167;1949594;774086;436448;1113289;1133101;490;0;NOSTRESS
138655654586;16770;"NEAR_P1";"INTERVAL";"PROBE";4;63;0x00001d2a;167;1946254;772275;434089;1106729;1133154;8;0;NOSTRESS
138655671360;16856;"NEAR_P1";"INTERVAL";"PROBE";4;63;0x00001d2a;167;1947993;773570;436352;1113043;1132088;469;0;NOSTRESS
138655688221;16761;"NEAR_P1";"INTERVAL";"PROBE";4;63;0x00001d2a;167;1944531;771692;433991;1106194;1132211;8;0;NOSTRESS
138655704986;16860;"NEAR_P1";"INTERVAL";"PROBE";4;63;0x00001d2a;167;1948927;773871;436356;1113067;1132572;470;0;NOSTRESS
138655721851;16850;"NEAR_P1";"INTERVAL";"PROBE";4;63;0x00001d2a;167;1946267;773162;436274;1112767;1130946;468;0;NOSTRESS
138655738705;16753;"NEAR_P1";"INTERVAL";"PROBE";4;63;0x00001d2a;167;1942591;771083;433987;1105678;1131073;18;0;NOSTRESS
138655755462;16868;"NEAR_P1";"INTERVAL";"PROBE";4;63;0x00001d2a;167;1948464;773909;436462;1113317;1132262;464;0;NOSTRESS
138655772334;16755;"NEAR_P1";"INTERVAL";"PROBE";4;63;0x00001d2a;167;1942923;771207;433899;1105879;1131215;20;0;NOSTRESS
138655789093;16888;"NEAR_P1";"INTERVAL";"PROBE";4;63;0x00001d2a;167;1947130;773516;436329;1113020;1131650;469;0;NOSTRESS
138655805985;16765;"NEAR_P1";"INTERVAL";"PROBE";4;63;0x00001d2a;167;1945512;771891;434020;1106283;1132795;18;0;NOSTRESS
138655822754;16877;"NEAR_P1";"INTERVAL";"PROBE";4;63;0x00001d2a;167;1948060;773739;436344;1113028;1132102;466;0;NOSTRESS
138655839636;16759;"NEAR_P1";"INTERVAL";"PROBE";4;63;0x00001d2a;167;1943856;771610;433981;1106079;1131870;17;0;NOSTRESS
138655856399;16857;"NEAR_P1";"INTERVAL";"PROBE";4;63;0x00001d2a;167;1948053;773632;436382;1112958;1132078;477;0;NOSTRESS
138655873260;16764;"NEAR_P1";"INTERVAL";"PROBE";4;63;0x00001d2a;167;1944101;771832;433974;1106419;1131835;16;0;NOSTRESS
138655890028;16852;"NEAR_P1";"INTERVAL";"PROBE";4;63;0x00001d2a;167;1947019;773504;436316;1113009;1131459;470;0;NOSTRESS
138655906902;36816;"TRAJ_R1";"INTERVAL";"PROBE";4;63;0x00001d2a;167;3852841;1573134;987459;2407718;2430147;632;0;NOSTRESS
138657169865;374774;"MAF";"INTERVAL";"PROBE";4;63;0x00001d2a;168;42875389;17070352;9724786;24700422;25118767;7361;0;NOSTRESS
138657169890;73;"SENS_C1";"INTERVAL";"PROBE";4;63;0x00001d2a;168;737;630;437;1017;0;120;0;NOSTRESS
138657169968;96;"LOC_C1";"INTERVAL";"PROBE";4;63;0x00001d2a;168;3774;1834;1242;3107;1823;155;0;NOSTRESS
138657170069;20;"LOC_C2";"INTERVAL";"PROBE";4;63;0x00001d2a;168;344;292;195;592;17;19;0;NOSTRESS
138657170094;93;"LOC_C3";"INTERVAL";"PROBE";4;63;0x00001d2a;168;8917;2451;1725;7694;3884;60;0;NOSTRESS
138657170191;24;"LOC_C4";"INTERVAL";"PROBE";4;63;0x00001d2a;168;344;280;207;578;0;31;0;NOSTRESS
138657170219;17042;"NEAR_P1";"INTERVAL";"PROBE";4;63;0x00001d2a;168;1949205;774741;437115;1117096;1131282;822;0;NOSTRESS
138657187265;16783;"NEAR_P1";"INTERVAL";"PROBE";4;63;0x00001d2a;168;1947754;772794;434287;1108268;1133472;14;0;NOSTRESS
138657204053;16888;"NEAR_P1";"INTERVAL";"PROBE";4;63;0x00001d2a;168;1950038;773999;436479;1113690;1133087;518;0;NOSTRESS
138657220945;16767;"NEAR_P1";"INTERVAL";"PROBE";4;63;0x00001d2a;168;1946151;772028;434108;1106950;1133007;10;0;NOSTRESS
138657237716;16879;"NEAR_P1";"INTERVAL";"PROBE";4;63;0x00001d2a;168;1948250;773558;436358;1113322;1132057;492;0;NOSTRESS
138657254599;16766;"NEAR_P1";"INTERVAL";"PROBE";4;63;0x00001d2a;168;1944832;771833;434068;1106765;1131989;7;0;NOSTRESS
138657271369;16891;"NEAR_P1";"INTERVAL";"PROBE";4;63;0x00001d2a;168;1949556;774080;436917;1114918;1132258;616;0;NOSTRESS
138657288265;16770;"NEAR_P1";"INTERVAL";"PROBE";4;63;0x00001d2a;168;1945798;772026;434099;1107049;1132742;8;0;NOSTRESS
138657305039;16849;"NEAR_P1";"INTERVAL";"PROBE";4;63;0x00001d2a;168;1945005;772703;436261;1112701;1130143;513;0;NOSTRESS
138657321892;16857;"NEAR_P1";"INTERVAL";"PROBE";4;63;0x00001d2a;168;1946922;773443;436400;1113319;1131321;463;0;NOSTRESS
138657338754;16770;"NEAR_P1";"INTERVAL";"PROBE";4;63;0x00001d2a;168;1945247;771835;434057;1106926;1132495;18;0;NOSTRESS
138657355528;16859;"NEAR_P1";"INTERVAL";"PROBE";4;63;0x00001d2a;168;1947560;773526;436387;1113399;1131752;461;0;NOSTRESS
138657372391;16760;"NEAR_P1";"INTERVAL";"PROBE";4;63;0x00001d2a;168;1942361;771170;433997;1106568;1130657;20;0;NOSTRESS
138657389155;16858;"NEAR_P1";"INTERVAL";"PROBE";4;63;0x00001d2a;168;1947221;773285;436459;1113321;1131475;473;0;NOSTRESS
138657406018;16759;"NEAR_P1";"INTERVAL";"PROBE";4;63;0x00001d2a;168;1943170;771205;433995;1106406;1131234;18;0;NOSTRESS
138657422781;16855;"NEAR_P1";"INTERVAL";"PROBE";4;63;0x00001d2a;168;1945908;773071;436303;1113235;1130761;468;0;NOSTRESS
138657439640;16929;"NEAR_P1";"INTERVAL";"PROBE";4;63;0x00001d2a;168;1943098;771274;434024;1106601;1131164;42;0;NOSTRESS
138657456573;16901;"NEAR_P1";"INTERVAL";"PROBE";4;63;0x00001d2a;168;1946851;773269;436171;1112937;1131537;528;0;NOSTRESS
138657473478;16760;"NEAR_P1";"INTERVAL";"PROBE";4;63;0x00001d2a;168;1942607;771293;434023;1106750;1130875;15;0;NOSTRESS
138657490242;16895;"NEAR_P1";"INTERVAL";"PROBE";4;63;0x00001d2a;168;1949324;773957;436405;1113822;1132752;489;0;NOSTRESS
138657507161;37474;"TRAJ_R1";"INTERVAL";"PROBE";4;63;0x00001d2a;168;3924112;1602338;1006557;2452846;2476983;543;0;NOSTRESS
138658769897;375538;"MAF";"INTERVAL";"PROBE";4;63;0x00001d2a;169;42988486;17117287;9744536;24755344;25188975;6926;0;NOSTRESS
138658769918;77;"SENS_C1";"INTERVAL";"PROBE";4;63;0x00001d2a;169;789;645;438;1091;0;121;0;NOSTRESS
138658769999;98;"LOC_C1";"INTERVAL";"PROBE";4;63;0x00001d2a;169;3819;1836;1242;3110;1831;159;0;NOSTRESS
138658770101;21;"LOC_C2";"INTERVAL";"PROBE";4;63;0x00001d2a;169;347;294;197;600;17;21;0;NOSTRESS
138658770126;99;"LOC_C3";"INTERVAL";"PROBE";4;63;0x00001d2a;169;8787;2399;1691;7545;3851;64;0;NOSTRESS
138658770229;24;"LOC_C4";"INTERVAL";"PROBE";4;63;0x00001d2a;169;352;286;212;602;0;35;0;NOSTRESS
138658770258;17045;"NEAR_P1";"INTERVAL";"PROBE";4;63;0x00001d2a;169;1951833;775832;437338;1117566;1133261;786;0;NOSTRESS
138658787308;16799;"NEAR_P1";"INTERVAL";"PROBE";4;63;0x00001d2a;169;1949101;773642;434448;1108844;1134430;12;0;NOSTRESS
138658804112;16915;"NEAR_P1";"INTERVAL";"PROBE";4;63;0x00001d2a;169;1951628;774792;436692;1114516;1134007;522;0;NOSTRESS
138658821032;16772;"NEAR_P1";"INTERVAL";"PROBE";4;63;0x00001d2a;169;1944550;772083;434194;1107269;1131848;10;0;NOSTRESS
138658837808;16914;"NEAR_P1";"INTERVAL";"PROBE";4;63;0x00001d2a;169;1953358;775612;436775;1114987;1134949;481;0;NOSTRESS
138658854726;16789;"NEAR_P1";"INTERVAL";"PROBE";4;63;0x00001d2a;169;1949250;773322;434323;1108047;1134770;11;0;NOSTRESS
138658871520;16888;"NEAR_P1";"INTERVAL";"PROBE";4;63;0x00001d2a;169;1950868;774502;436503;1113918;1133931;464;0;NOSTRESS
138658888413;16774;"NEAR_P1";"INTERVAL";"PROBE";4;63;0x00001d2a;169;1946541;772472;434165;1107305;1133366;7;0;NOSTRESS
138658905192;16883;"NEAR_P1";"INTERVAL";"PROBE";4;63;0x00001d2a;169;1951824;774939;436662;1114453;1134446;472;0;NOSTRESS
138658922079;16901;"NEAR_P1";"INTERVAL";"PROBE";4;63;0x00001d2a;169;1951179;774961;437013;1115757;1133469;599;0;NOSTRESS
138658938984;16784;"NEAR_P1";"INTERVAL";"PROBE";4;63;0x00001d2a;169;1947257;772800;434219;1107727;1133807;19;0;NOSTRESS
138658955772;16885;"NEAR_P1";"INTERVAL";"PROBE";4;63;0x00001d2a;169;1949844;774401;436600;1114300;1133168;497;0;NOSTRESS
138658972661;16774;"NEAR_P1";"INTERVAL";"PROBE";4;63;0x00001d2a;169;1945437;772238;434176;1107161;1132747;19;0;NOSTRESS
138658989440;16869;"NEAR_P1";"INTERVAL";"PROBE";4;63;0x00001d2a;169;1950285;774291;436545;1113893;1133426;468;0;NOSTRESS
138659006314;16776;"NEAR_P1";"INTERVAL";"PROBE";4;63;0x00001d2a;169;1944632;772138;434212;1107460;1131757;16;0;NOSTRESS
138659023095;16876;"NEAR_P1";"INTERVAL";"PROBE";4;63;0x00001d2a;169;1950505;774799;436615;1114423;1133299;455;0;NOSTRESS
138659039975;16788;"NEAR_P1";"INTERVAL";"PROBE";4;63;0x00001d2a;169;1946419;772874;434323;1107900;1132994;16;0;NOSTRESS
138659056767;16880;"NEAR_P1";"INTERVAL";"PROBE";4;63;0x00001d2a;169;1951133;774911;436650;1114607;1133698;465;0;NOSTRESS
138659073651;16786;"NEAR_P1";"INTERVAL";"PROBE";4;63;0x00001d2a;169;1947042;772748;434256;1107750;1133401;15;0;NOSTRESS
138659090441;16872;"NEAR_P1";"INTERVAL";"PROBE";4;63;0x00001d2a;169;1948649;774174;436607;1114048;1132141;467;0;NOSTRESS
138659107318;38112;"TRAJ_R1";"INTERVAL";"PROBE";4;63;0x00001d2a;169;3983417;1627210;1022395;2491199;2514361;481;0;NOSTRESS
138660369855;375945;"MAF";"INTERVAL";"PROBE";4;63;0x00001d2a;170;43024324;17131798;9757173;24785311;25206877;6995;0;NOSTRESS
138660369880;76;"SENS_C1";"INTERVAL";"PROBE";4;63;0x00001d2a;170;745;628;434;1019;0;115;0;NOSTRESS
138660369960;95;"LOC_C1";"INTERVAL";"PROBE";4;63;0x00001d2a;170;3734;1818;1249;3114;1778;158;0;NOSTRESS
138660370060;19;"LOC_C2";"INTERVAL";"PROBE";4;63;0x00001d2a;170;342;292;195;591;17;20;0;NOSTRESS
138660370083;91;"LOC_C3";"INTERVAL";"PROBE";4;63;0x00001d2a;170;8689;2350;1683;7559;3789;58;0;NOSTRESS
138660370178;26;"LOC_C4";"INTERVAL";"PROBE";4;63;0x00001d2a;170;342;276;211;581;0;34;0;NOSTRESS
138660370208;17065;"NEAR_P1";"INTERVAL";"PROBE";4;63;0x00001d2a;170;1955047;776775;437391;1118599;1134659;838;0;NOSTRESS
138660387278;16782;"NEAR_P1";"INTERVAL";"PROBE";4;63;0x00001d2a;170;1946941;772630;434347;1107881;1133088;17;0;NOSTRESS
138660404064;16880;"NEAR_P1";"INTERVAL";"PROBE";4;63;0x00001d2a;170;1950048;774517;436647;1114368;1132771;525;0;NOSTRESS
138660420948;16778;"NEAR_P1";"INTERVAL";"PROBE";4;63;0x00001d2a;170;1945977;772266;434256;1107547;1132633;11;0;NOSTRESS
138660437731;16866;"NEAR_P1";"INTERVAL";"PROBE";4;63;0x00001d2a;170;1947954;773827;436591;1113706;1131783;486;0;NOSTRESS
138660454601;16784;"NEAR_P1";"INTERVAL";"PROBE";4;63;0x00001d2a;170;1947181;772818;434262;1107867;1133385;8;0;NOSTRESS
138660471389;16883;"NEAR_P1";"INTERVAL";"PROBE";4;63;0x00001d2a;170;1948841;773800;436518;1113723;1132247;473;0;NOSTRESS
138660488276;16781;"NEAR_P1";"INTERVAL";"PROBE";4;63;0x00001d2a;170;1947469;772618;434177;1107687;1133529;10;0;NOSTRESS
138660505061;16875;"NEAR_P1";"INTERVAL";"PROBE";4;63;0x00001d2a;170;1950443;774389;436603;1114372;1133102;477;0;NOSTRESS
138660521941;16912;"NEAR_P1";"INTERVAL";"PROBE";4;63;0x00001d2a;170;1951812;774790;436614;1114376;1134031;460;0;NOSTRESS
138660538857;16777;"NEAR_P1";"INTERVAL";"PROBE";4;63;0x00001d2a;170;1945715;772253;434167;1107429;1132586;17;0;NOSTRESS
138660555639;16882;"NEAR_P1";"INTERVAL";"PROBE";4;63;0x00001d2a;170;1947394;773588;436438;1113732;1131447;462;0;NOSTRESS
138660572525;16767;"NEAR_P1";"INTERVAL";"PROBE";4;63;0x00001d2a;170;1943149;771495;434115;1106990;1130893;18;0;NOSTRESS
138660589296;16886;"NEAR_P1";"INTERVAL";"PROBE";4;63;0x00001d2a;170;1947698;773881;437015;1115275;1130949;599;0;NOSTRESS
138660606186;16784;"NEAR_P1";"INTERVAL";"PROBE";4;63;0x00001d2a;170;1946993;772678;434244;1107782;1133312;19;0;NOSTRESS
138660622974;16903;"NEAR_P1";"INTERVAL";"PROBE";4;63;0x00001d2a;170;1951605;774880;436600;1114662;1133820;505;0;NOSTRESS
138660639882;16779;"NEAR_P1";"INTERVAL";"PROBE";4;63;0x00001d2a;170;1945529;772349;434166;1107647;1132272;21;0;NOSTRESS
138660656665;16867;"NEAR_P1";"INTERVAL";"PROBE";4;63;0x00001d2a;170;1948347;773918;436558;1113951;1131899;474;0;NOSTRESS
138660673537;16779;"NEAR_P1";"INTERVAL";"PROBE";4;63;0x00001d2a;170;1946371;772470;434277;1107528;1132806;17;0;NOSTRESS
138660690320;16875;"NEAR_P1";"INTERVAL";"PROBE";4;63;0x00001d2a;170;1949853;774456;436595;1114460;1132792;462;0;NOSTRESS
138660707199;38596;"TRAJ_R1";"INTERVAL";"PROBE";4;63;0x00001d2a;170;4036509;1648953;1035779;2523655;2547289;484;0;NOSTRESS
138661969855;376800;"MAF";"INTERVAL";"PROBE";4;63;0x00001d2a;171;43117955;17170093;9770537;24832928;25264100;7271;0;NOSTRESS
138661969878;78;"SENS_C1";"INTERVAL";"PROBE";4;63;0x00001d2a;171;780;654;438;1071;0;118;0;NOSTRESS
138661969960;99;"LOC_C1";"INTERVAL";"PROBE";4;63;0x00001d2a;171;3946;1880;1244;3151;1907;162;0;NOSTRESS
138661970063;19;"LOC_C2";"INTERVAL";"PROBE";4;63;0x00001d2a;171;342;292;195;591;17;20;0;NOSTRESS
138661970086;93;"LOC_C3";"INTERVAL";"PROBE";4;63;0x00001d2a;171;8675;2361;1680;7534;3778;59;0;NOSTRESS
138661970184;158;"LOC_C4";"INTERVAL";"PROBE";4;63;0x00001d2a;171;349;287;215;602;0;41;0;NOSTRESS
138661970347;17047;"NEAR_P1";"INTERVAL";"PROBE";4;63;0x00001d2a;171;1954726;776722;437434;1118319;1134817;822;0;NOSTRESS
138661987398;16795;"NEAR_P1";"INTERVAL";"PROBE";4;63;0x00001d2a;171;1948421;773425;434405;1109098;1133753;16;0;NOSTRESS
138662004197;16935;"NEAR_P1";"INTERVAL";"PROBE";4;63;0x00001d2a;171;1951505;775207;436731;1115372;1133646;470;0;NOSTRESS
138662021136;16801;"NEAR_P1";"INTERVAL";"PROBE";4;63;0x00001d2a;171;1949927;773835;434428;1108980;1134967;9;0;NOSTRESS
138662037942;16921;"NEAR_P1";"INTERVAL";"PROBE";4;63;0x00001d2a;171;1951489;775209;436735;1115332;1133641;522;0;NOSTRESS
138662054867;16785;"NEAR_P1";"INTERVAL";"PROBE";4;63;0x00001d2a;171;1946956;772855;434300;1108243;1133224;8;0;NOSTRESS
138662071656;16896;"NEAR_P1";"INTERVAL";"PROBE";4;63;0x00001d2a;171;1953653;775822;436787;1115675;1134985;482;0;NOSTRESS
138662088557;16791;"NEAR_P1";"INTERVAL";"PROBE";4;63;0x00001d2a;171;1948514;773327;434381;1108593;1134089;9;0;NOSTRESS
138662105352;16906;"NEAR_P1";"INTERVAL";"PROBE";4;63;0x00001d2a;171;1955265;776327;436918;1115975;1136045;487;0;NOSTRESS
138662122263;16924;"NEAR_P1";"INTERVAL";"PROBE";4;63;0x00001d2a;171;1952722;775592;436686;1115406;1134587;456;0;NOSTRESS
138662139191;16795;"NEAR_P1";"INTERVAL";"PROBE";4;63;0x00001d2a;171;1947665;773201;434373;1108721;1133530;20;0;NOSTRESS
138662155990;16927;"NEAR_P1";"INTERVAL";"PROBE";4;63;0x00001d2a;171;1953097;775681;436835;1115416;1134783;464;0;NOSTRESS
138662172921;16797;"NEAR_P1";"INTERVAL";"PROBE";4;63;0x00001d2a;171;1949219;773604;434398;1108758;1134554;17;0;NOSTRESS
138662189723;16902;"NEAR_P1";"INTERVAL";"PROBE";4;63;0x00001d2a;171;1954228;776031;436894;1115793;1135499;460;0;NOSTRESS
138662206629;16792;"NEAR_P1";"INTERVAL";"PROBE";4;63;0x00001d2a;171;1948719;773380;434367;1108387;1134281;18;0;NOSTRESS
138662223425;16890;"NEAR_P1";"INTERVAL";"PROBE";4;63;0x00001d2a;171;1951541;775202;436751;1115226;1133883;469;0;NOSTRESS
138662240320;16805;"NEAR_P1";"INTERVAL";"PROBE";4;63;0x00001d2a;171;1950372;773992;434488;1109005;1135245;18;0;NOSTRESS
138662257129;16905;"NEAR_P1";"INTERVAL";"PROBE";4;63;0x00001d2a;171;1951854;775311;437110;1116453;1133657;608;0;NOSTRESS
138662274039;16795;"NEAR_P1";"INTERVAL";"PROBE";4;63;0x00001d2a;171;1948538;773438;434404;1108627;1134110;16;0;NOSTRESS
138662290838;16890;"NEAR_P1";"INTERVAL";"PROBE";4;63;0x00001d2a;171;1951412;775182;436753;1115312;1133706;508;0;NOSTRESS
138662307732;38918;"TRAJ_R1";"INTERVAL";"PROBE";4;63;0x00001d2a;171;4073773;1663879;1045083;2546759;2571396;543;0;NOSTRESS
138663569846;376350;"MAF";"INTERVAL";"PROBE";4;63;0x00001d2a;172;43077918;17152457;9772301;24822141;25239719;6684;0;NOSTRESS
138663569866;78;"SENS_C1";"INTERVAL";"PROBE";4;63;0x00001d2a;172;753;632;437;1028;0;114;0;NOSTRESS
138663569948;100;"LOC_C1";"INTERVAL";"PROBE";4;63;0x00001d2a;172;3706;1802;1242;3102;1764;157;0;NOSTRESS
138663570052;19;"LOC_C2";"INTERVAL";"PROBE";4;63;0x00001d2a;172;345;294;197;599;17;22;0;NOSTRESS
138663570075;91;"LOC_C3";"INTERVAL";"PROBE";4;63;0x00001d2a;172;8658;2392;1695;7531;3773;61;0;NOSTRESS
138663570170;23;"LOC_C4";"INTERVAL";"PROBE";4;63;0x00001d2a;172;345;281;211;590;0;31;0;NOSTRESS
138663570197;17027;"NEAR_P1";"INTERVAL";"PROBE";4;63;0x00001d2a;172;1950667;775167;437189;1117417;1132312;747;0;NOSTRESS
138663587229;16777;"NEAR_P1";"INTERVAL";"PROBE";4;63;0x00001d2a;172;1946404;772481;434333;1108262;1132507;13;0;NOSTRESS
138663604010;16890;"NEAR_P1";"INTERVAL";"PROBE";4;63;0x00001d2a;172;1950549;774702;436697;1114909;1132961;538;0;NOSTRESS
138663620905;16772;"NEAR_P1";"INTERVAL";"PROBE";4;63;0x00001d2a;172;1946058;772360;434273;1107976;1132527;9;0;NOSTRESS
138663637681;16864;"NEAR_P1";"INTERVAL";"PROBE";4;63;0x00001d2a;172;1948756;773983;436565;1114128;1132008;488;0;NOSTRESS
138663654550;16778;"NEAR_P1";"INTERVAL";"PROBE";4;63;0x00001d2a;172;1947636;772867;434315;1108050;1133467;9;0;NOSTRESS
138663671333;16874;"NEAR_P1";"INTERVAL";"PROBE";4;63;0x00001d2a;172;1947942;773547;436455;1113812;1131690;490;0;NOSTRESS
138663688211;16762;"NEAR_P1";"INTERVAL";"PROBE";4;63;0x00001d2a;172;1944974;771833;434114;1107263;1132020;6;0;NOSTRESS
138663704977;16889;"NEAR_P1";"INTERVAL";"PROBE";4;63;0x00001d2a;172;1950740;774544;436574;1114456;1133223;482;0;NOSTRESS
138663721871;16850;"NEAR_P1";"INTERVAL";"PROBE";4;63;0x00001d2a;172;1946746;773323;436546;1113737;1130821;459;0;NOSTRESS
138663738725;16771;"NEAR_P1";"INTERVAL";"PROBE";4;63;0x00001d2a;172;1946175;772301;434275;1107508;1132754;17;0;NOSTRESS
138663755500;16869;"NEAR_P1";"INTERVAL";"PROBE";4;63;0x00001d2a;172;1951059;774648;436722;1114480;1133450;456;0;NOSTRESS
138663772374;16770;"NEAR_P1";"INTERVAL";"PROBE";4;63;0x00001d2a;172;1945759;772231;434264;1107540;1132416;17;0;NOSTRESS
138663789148;16911;"NEAR_P1";"INTERVAL";"PROBE";4;63;0x00001d2a;172;1951609;774726;436795;1114718;1133742;409;0;NOSTRESS
138663806064;16780;"NEAR_P1";"INTERVAL";"PROBE";4;63;0x00001d2a;172;1947687;772842;434330;1108113;1133453;15;0;NOSTRESS
138663822848;16884;"NEAR_P1";"INTERVAL";"PROBE";4;63;0x00001d2a;172;1948273;773651;436512;1113959;1131799;464;0;NOSTRESS
138663839736;16770;"NEAR_P1";"INTERVAL";"PROBE";4;63;0x00001d2a;172;1945513;772149;434244;1107644;1132166;18;0;NOSTRESS
138663856510;16905;"NEAR_P1";"INTERVAL";"PROBE";4;63;0x00001d2a;172;1950549;774482;436642;1114481;1133207;409;0;NOSTRESS
138663873420;16759;"NEAR_P1";"INTERVAL";"PROBE";4;63;0x00001d2a;172;1944083;771568;434215;1107063;1131349;14;0;NOSTRESS
138663890183;16897;"NEAR_P1";"INTERVAL";"PROBE";4;63;0x00001d2a;172;1949939;774389;436601;1114393;1132791;462;0;NOSTRESS
138663907085;39107;"TRAJ_R1";"INTERVAL";"PROBE";4;63;0x00001d2a;172;4093395;1672197;1050819;2560172;2583502;532;0;NOSTRESS
138665169839;376885;"MAF";"INTERVAL";"PROBE";4;63;0x00001d2a;173;43137455;17171782;9777517;24840530;25274652;7047;0;NOSTRESS
138665169861;72;"SENS_C1";"INTERVAL";"PROBE";4;63;0x00001d2a;173;736;620;436;1015;0;117;0;NOSTRESS
138665169937;99;"LOC_C1";"INTERVAL";"PROBE";4;63;0x00001d2a;173;3765;1828;1244;3086;1809;156;0;NOSTRESS
138665170040;19;"LOC_C2";"INTERVAL";"PROBE";4;63;0x00001d2a;173;342;292;195;591;17;20;0;NOSTRESS
138665170063;89;"LOC_C3";"INTERVAL";"PROBE";4;63;0x00001d2a;173;8879;2452;1713;7630;3876;59;0;NOSTRESS
138665170156;22;"LOC_C4";"INTERVAL";"PROBE";4;63;0x00001d2a;173;350;286;212;601;0;34;0;NOSTRESS
138665170183;17049;"NEAR_P1";"INTERVAL";"PROBE";4;63;0x00001d2a;173;1956338;776925;437313;1117936;1135650;763;0;NOSTRESS
138665187237;16799;"NEAR_P1";"INTERVAL";"PROBE";4;63;0x00001d2a;173;1950709;773886;434513;1109449;1135054;17;0;NOSTRESS
138665204041;16908;"NEAR_P1";"INTERVAL";"PROBE";4;63;0x00001d2a;173;1953077;775343;436690;1115413;1134613;522;0;NOSTRESS
138665220953;16785;"NEAR_P1";"INTERVAL";"PROBE";4;63;0x00001d2a;173;1948062;772818;434384;1108314;1133661;12;0;NOSTRESS
138665237742;16877;"NEAR_P1";"INTERVAL";"PROBE";4;63;0x00001d2a;173;1949673;774171;436560;1114074;1132804;387;0;NOSTRESS
138665254624;16785;"NEAR_P1";"INTERVAL";"PROBE";4;63;0x00001d2a;173;1948452;772950;434442;1108295;1134076;9;0;NOSTRESS
138665271413;16890;"NEAR_P1";"INTERVAL";"PROBE";4;63;0x00001d2a;173;1953847;775440;436855;1115304;1135196;474;0;NOSTRESS
138665288307;16787;"NEAR_P1";"INTERVAL";"PROBE";4;63;0x00001d2a;173;1948836;773152;434382;1108242;1134314;9;0;NOSTRESS
138665305098;16875;"NEAR_P1";"INTERVAL";"PROBE";4;63;0x00001d2a;173;1951023;774606;436748;1114543;1133598;475;0;NOSTRESS
138665321977;17058;"NEAR_P1";"INTERVAL";"PROBE";4;63;0x00001d2a;173;1949905;774230;436752;1114482;1132683;603;0;NOSTRESS
138665339039;16791;"NEAR_P1";"INTERVAL";"PROBE";4;63;0x00001d2a;173;1949707;773471;434470;1108497;1134762;19;0;NOSTRESS
138665355835;16879;"NEAR_P1";"INTERVAL";"PROBE";4;63;0x00001d2a;173;1951450;774785;436726;1114908;1133694;470;0;NOSTRESS
138665372718;16788;"NEAR_P1";"INTERVAL";"PROBE";4;63;0x00001d2a;173;1948632;773064;434390;1108383;1134238;18;0;NOSTRESS
138665389510;16878;"NEAR_P1";"INTERVAL";"PROBE";4;63;0x00001d2a;173;1951531;774738;436829;1114759;1133667;465;0;NOSTRESS
138665406392;16791;"NEAR_P1";"INTERVAL";"PROBE";4;63;0x00001d2a;173;1948004;773014;434457;1108449;1133459;17;0;NOSTRESS
138665423188;16886;"NEAR_P1";"INTERVAL";"PROBE";4;63;0x00001d2a;173;1952223;775100;436835;1115189;1133996;463;0;NOSTRESS
138665440078;16794;"NEAR_P1";"INTERVAL";"PROBE";4;63;0x00001d2a;173;1948797;773305;434492;1108702;1133923;16;0;NOSTRESS
138665456876;16919;"NEAR_P1";"INTERVAL";"PROBE";4;63;0x00001d2a;173;1952376;775032;436754;1115007;1134266;470;0;NOSTRESS
138665473799;16791;"NEAR_P1";"INTERVAL";"PROBE";4;63;0x00001d2a;173;1948177;773133;434461;1108470;1133720;16;0;NOSTRESS
138665490595;16903;"NEAR_P1";"INTERVAL";"PROBE";4;63;0x00001d2a;173;1952406;774901;436706;1114817;1134217;477;0;NOSTRESS
138665507502;39218;"TRAJ_R1";"INTERVAL";"PROBE";4;63;0x00001d2a;173;4099924;1674839;1052471;2563920;2587359;497;0;NOSTRESS
138666769867;376175;"MAF";"INTERVAL";"PROBE";4;63;0x00001d2a;174;43012618;17132099;9770709;24811054;25202095;7395;0;NOSTRESS
138666769889;75;"SENS_C1";"INTERVAL";"PROBE";4;63;0x00001d2a;174;763;631;437;1065;0;119;0;NOSTRESS
138666769968;96;"LOC_C1";"INTERVAL";"PROBE";4;63;0x00001d2a;174;3761;1826;1236;3098;1797;164;0;NOSTRESS
138666770068;21;"LOC_C2";"INTERVAL";"PROBE";4;63;0x00001d2a;174;352;295;197;609;17;25;0;NOSTRESS
138666770093;95;"LOC_C3";"INTERVAL";"PROBE";4;63;0x00001d2a;174;8861;2429;1710;7675;3834;60;0;NOSTRESS
138666770192;23;"LOC_C4";"INTERVAL";"PROBE";4;63;0x00001d2a;174;350;285;212;596;0;32;0;NOSTRESS
138666770220;17076;"NEAR_P1";"INTERVAL";"PROBE";4;63;0x00001d2a;174;1950064;775232;437780;1118743;1130959;997;0;NOSTRESS
138666787301;16767;"NEAR_P1";"INTERVAL";"PROBE";4;63;0x00001d2a;174;1943715;771607;434213;1107705;1131037;19;0;NOSTRESS
138666804072;16910;"NEAR_P1";"INTERVAL";"PROBE";4;63;0x00001d2a;174;1947671;773602;436612;1114214;1131201;582;0;NOSTRESS
138666820987;16752;"NEAR_P1";"INTERVAL";"PROBE";4;63;0x00001d2a;174;1941840;771081;434062;1106835;1130140;11;0;NOSTRESS
138666837743;16889;"NEAR_P1";"INTERVAL";"PROBE";4;63;0x00001d2a;174;1945260;772759;436396;1113298;1130065;433;0;NOSTRESS
138666854636;16764;"NEAR_P1";"INTERVAL";"PROBE";4;63;0x00001d2a;174;1943364;771550;434243;1107168;1130968;8;0;NOSTRESS
138666871404;16925;"NEAR_P1";"INTERVAL";"PROBE";4;63;0x00001d2a;174;1946967;773413;437185;1115669;1130523;729;0;NOSTRESS
138666888333;16747;"NEAR_P1";"INTERVAL";"PROBE";4;63;0x00001d2a;174;1941795;770719;434021;1106374;1130314;12;0;NOSTRESS
138666905084;16860;"NEAR_P1";"INTERVAL";"PROBE";4;63;0x00001d2a;174;1945868;773053;436556;1113692;1130548;523;0;NOSTRESS
138666921948;16863;"NEAR_P1";"INTERVAL";"PROBE";4;63;0x00001d2a;174;1947109;773396;436551;1113980;1131341;468;0;NOSTRESS
138666938816;16756;"NEAR_P1";"INTERVAL";"PROBE";4;63;0x00001d2a;174;1942033;770983;434093;1106841;1130526;19;0;NOSTRESS
138666955576;16855;"NEAR_P1";"INTERVAL";"PROBE";4;63;0x00001d2a;174;1946842;773203;436580;1113676;1131085;464;0;NOSTRESS
138666972436;16764;"NEAR_P1";"INTERVAL";"PROBE";4;63;0x00001d2a;174;1943948;771594;434141;1107143;1131517;17;0;NOSTRESS
138666989204;16854;"NEAR_P1";"INTERVAL";"PROBE";4;63;0x00001d2a;174;1946662;773310;436467;1113719;1130946;466;0;NOSTRESS
138667006062;16760;"NEAR_P1";"INTERVAL";"PROBE";4;63;0x00001d2a;174;1942865;771251;434121;1106916;1130844;16;0;NOSTRESS
138667022826;16861;"NEAR_P1";"INTERVAL";"PROBE";4;63;0x00001d2a;174;1947608;773380;436551;1113765;1131633;461;0;NOSTRESS
138667039691;16766;"NEAR_P1";"INTERVAL";"PROBE";4;63;0x00001d2a;174;1944092;771735;434172;1107234;1131618;16;0;NOSTRESS
138667056461;16859;"NEAR_P1";"INTERVAL";"PROBE";4;63;0x00001d2a;174;1947271;773648;436596;1113821;1131411;468;0;NOSTRESS
138667073324;16767;"NEAR_P1";"INTERVAL";"PROBE";4;63;0x00001d2a;174;1943061;771512;434248;1107235;1130821;16;0;NOSTRESS
138667090095;16847;"NEAR_P1";"INTERVAL";"PROBE";4;63;0x00001d2a;174;1943953;772536;436488;1113210;1129348;474;0;NOSTRESS
138667106964;39074;"TRAJ_R1";"INTERVAL";"PROBE";4;63;0x00001d2a;174;4086949;1669986;1049794;2557514;2579602;550;0;NOSTRESS
138668369910;376136;"MAF";"INTERVAL";"PROBE";4;63;0x00001d2a;175;43017015;17129191;9770960;24817855;25200096;7524;0;NOSTRESS
138668369931;77;"SENS_C1";"INTERVAL";"PROBE";4;63;0x00001d2a;175;762;639;441;1061;0;118;0;NOSTRESS
138668370012;95;"LOC_C1";"INTERVAL";"PROBE";4;63;0x00001d2a;175;3636;1787;1238;3060;1745;157;0;NOSTRESS
138668370112;20;"LOC_C2";"INTERVAL";"PROBE";4;63;0x00001d2a;175;344;292;195;592;17;20;0;NOSTRESS
138668370136;90;"LOC_C3";"INTERVAL";"PROBE";4;63;0x00001d2a;175;8720;2396;1685;7540;3799;61;0;NOSTRESS
138668370231;24;"LOC_C4";"INTERVAL";"PROBE";4;63;0x00001d2a;175;346;281;210;589;0;30;0;NOSTRESS
138668370259;17047;"NEAR_P1";"INTERVAL";"PROBE";4;63;0x00001d2a;175;1952267;775571;437583;1118296;1133079;762;0;NOSTRESS
138668387311;16775;"NEAR_P1";"INTERVAL";"PROBE";4;63;0x00001d2a;175;1945651;772114;434554;1108597;1132187;15;0;NOSTRESS
138668404090;16913;"NEAR_P1";"INTERVAL";"PROBE";4;63;0x00001d2a;175;1949646;774451;437746;1117567;1131594;614;0;NOSTRESS
138668421008;16757;"NEAR_P1";"INTERVAL";"PROBE";4;63;0x00001d2a;175;1942654;771072;434328;1107770;1130581;9;0;NOSTRESS
138668437769;16864;"NEAR_P1";"INTERVAL";"PROBE";4;63;0x00001d2a;175;1948174;773581;436766;1114572;1131700;505;0;NOSTRESS
138668454637;16759;"NEAR_P1";"INTERVAL";"PROBE";4;63;0x00001d2a;175;1942816;771126;434375;1107782;1130650;8;0;NOSTRESS
138668471400;16864;"NEAR_P1";"INTERVAL";"PROBE";4;63;0x00001d2a;175;1948454;773755;436832;1114940;1131845;479;0;NOSTRESS
138668488268;16763;"NEAR_P1";"INTERVAL";"PROBE";4;63;0x00001d2a;175;1943845;771428;434457;1107849;1131350;8;0;NOSTRESS
138668505036;16860;"NEAR_P1";"INTERVAL";"PROBE";4;63;0x00001d2a;175;1948412;773562;436838;1114583;1132036;483;0;NOSTRESS
138668521900;16870;"NEAR_P1";"INTERVAL";"PROBE";4;63;0x00001d2a;175;1949255;773916;436854;1115227;1132303;462;0;NOSTRESS
138668538774;16769;"NEAR_P1";"INTERVAL";"PROBE";4;63;0x00001d2a;175;1945237;771884;434462;1108185;1132154;20;0;NOSTRESS
138668555548;16888;"NEAR_P1";"INTERVAL";"PROBE";4;63;0x00001d2a;175;1948690;773626;436882;1114859;1132033;506;0;NOSTRESS
138668572441;16758;"NEAR_P1";"INTERVAL";"PROBE";4;63;0x00001d2a;175;1943441;771131;434372;1107562;1131000;20;0;NOSTRESS
138668589203;16884;"NEAR_P1";"INTERVAL";"PROBE";4;63;0x00001d2a;175;1947879;773586;437267;1115958;1131089;607;0;NOSTRESS
138668606092;16760;"NEAR_P1";"INTERVAL";"PROBE";4;63;0x00001d2a;175;1942120;771062;434444;1107640;1130231;19;0;NOSTRESS
138668622856;16865;"NEAR_P1";"INTERVAL";"PROBE";4;63;0x00001d2a;175;1945996;773122;436806;1114598;1130202;514;0;NOSTRESS
138668639725;16769;"NEAR_P1";"INTERVAL";"PROBE";4;63;0x00001d2a;175;1943660;771580;434464;1108166;1130989;17;0;NOSTRESS
138668656498;16866;"NEAR_P1";"INTERVAL";"PROBE";4;63;0x00001d2a;175;1947483;773558;436903;1114865;1131186;461;0;NOSTRESS
138668673368;16778;"NEAR_P1";"INTERVAL";"PROBE";4;63;0x00001d2a;175;1945822;772128;434556;1108508;1132258;16;0;NOSTRESS
138668690150;17043;"NEAR_P1";"INTERVAL";"PROBE";4;63;0x00001d2a;175;1947758;773525;436902;1114750;1131367;621;0;NOSTRESS
138668707198;38843;"TRAJ_R1";"INTERVAL";"PROBE";4;63;0x00001d2a;175;4063711;1660628;1043316;2542309;2564701;548;0;NOSTRESS
138669969889;375907;"MAF";"INTERVAL";"PROBE";4;63;0x00001d2a;176;42998802;17128185;9760921;24801650;25182438;7185;0;NOSTRESS
138669969910;71;"SENS_C1";"INTERVAL";"PROBE";4;63;0x00001d2a;176;726;623;436;1004;0;117;0;NOSTRESS
138669969985;90;"LOC_C1";"INTERVAL";"PROBE";4;63;0x00001d2a;176;3766;1837;1247;3151;1801;155;0;NOSTRESS
138669970079;20;"LOC_C2";"INTERVAL";"PROBE";4;63;0x00001d2a;176;345;294;197;599;17;22;0;NOSTRESS
138669970103;89;"LOC_C3";"INTERVAL";"PROBE";4;63;0x00001d2a;176;8745;2424;1706;7593;3786;59;0;NOSTRESS
138669970196;25;"LOC_C4";"INTERVAL";"PROBE";4;63;0x00001d2a;176;344;281;210;588;0;29;0;NOSTRESS
138669970225;17077;"NEAR_P1";"INTERVAL";"PROBE";4;63;0x00001d2a;176;1952094;775995;437656;1119383;1132543;854;0;NOSTRESS
138669987306;16788;"NEAR_P1";"INTERVAL";"PROBE";4;63;0x00001d2a;176;1945084;772600;434627;1109354;1131332;17;0;NOSTRESS
138670004098;16886;"NEAR_P1";"INTERVAL";"PROBE";4;63;0x00001d2a;176;1950411;774794;436910;1115851;1132572;512;0;NOSTRESS
138670020989;16787;"NEAR_P1";"INTERVAL";"PROBE";4;63;0x00001d2a;176;1946328;772765;434562;1108885;1132377;10;0;NOSTRESS
138670037780;16887;"NEAR_P1";"INTERVAL";"PROBE";4;63;0x00001d2a;176;1950387;774749;436944;1115389;1132767;487;0;NOSTRESS
138670054671;16779;"NEAR_P1";"INTERVAL";"PROBE";4;63;0x00001d2a;176;1945104;772259;434490;1108536;1131703;8;0;NOSTRESS
138670071454;16959;"NEAR_P1";"INTERVAL";"PROBE";4;63;0x00001d2a;176;1951882;775551;437887;1118018;1132835;571;0;NOSTRESS
138670088417;16778;"NEAR_P1";"INTERVAL";"PROBE";4;63;0x00001d2a;176;1944752;772175;434496;1108277;1131605;7;0;NOSTRESS
138670105199;16885;"NEAR_P1";"INTERVAL";"PROBE";4;63;0x00001d2a;176;1950153;774669;436959;1115484;1132691;499;0;NOSTRESS
138670122089;16875;"NEAR_P1";"INTERVAL";"PROBE";4;63;0x00001d2a;176;1947382;773928;436879;1115197;1130916;470;0;NOSTRESS
138670138968;16787;"NEAR_P1";"INTERVAL";"PROBE";4;63;0x00001d2a;176;1945890;772617;434522;1108679;1132261;19;0;NOSTRESS
138670155759;16867;"NEAR_P1";"INTERVAL";"PROBE";4;63;0x00001d2a;176;1946259;773557;436842;1114920;1130322;470;0;NOSTRESS
138670172631;16782;"NEAR_P1";"INTERVAL";"PROBE";4;63;0x00001d2a;176;1945089;772365;434564;1108470;1131733;19;0;NOSTRESS
138670189417;16888;"NEAR_P1";"INTERVAL";"PROBE";4;63;0x00001d2a;176;1950878;774989;437026;1115760;1132895;469;0;NOSTRESS
138670206309;16781;"NEAR_P1";"INTERVAL";"PROBE";4;63;0x00001d2a;176;1944518;772167;434518;1108368;1131430;19;0;NOSTRESS
138670223094;16884;"NEAR_P1";"INTERVAL";"PROBE";4;63;0x00001d2a;176;1947359;773744;436841;1114837;1130943;418;0;NOSTRESS
138670239983;16784;"NEAR_P1";"INTERVAL";"PROBE";4;63;0x00001d2a;176;1945984;772502;434502;1108632;1132200;18;0;NOSTRESS
138670256771;16901;"NEAR_P1";"INTERVAL";"PROBE";4;63;0x00001d2a;176;1949105;774423;437306;1116552;1131589;617;0;NOSTRESS
138670273677;16782;"NEAR_P1";"INTERVAL";"PROBE";4;63;0x00001d2a;176;1945792;772429;434525;1108580;1132221;17;0;NOSTRESS
138670290464;16881;"NEAR_P1";"INTERVAL";"PROBE";4;63;0x00001d2a;176;1949179;774296;436951;1115329;1131936;508;0;NOSTRESS
138670307350;38442;"TRAJ_R1";"INTERVAL";"PROBE";4;63;0x00001d2a;176;4021665;1643089;1032079;2515030;2537963;558;0;NOSTRESS
138671569897;375596;"MAF";"INTERVAL";"PROBE";4;63;0x00001d2a;177;42983872;17115399;9752839;24784559;25168483;7108;0;NOSTRESS
138671569915;75;"SENS_C1";"INTERVAL";"PROBE";4;63;0x00001d2a;177;737;623;436;1007;0;117;0;NOSTRESS
138671569995;90;"LOC_C1";"INTERVAL";"PROBE";4;63;0x00001d2a;177;3887;1890;1251;3163;1884;161;0;NOSTRESS
138671570090;18;"LOC_C2";"INTERVAL";"PROBE";4;63;0x00001d2a;177;342;292;195;591;17;18;0;NOSTRESS
138671570112;90;"LOC_C3";"INTERVAL";"PROBE";4;63;0x00001d2a;177;8760;2420;1700;7542;3823;60;0;NOSTRESS
138671570206;25;"LOC_C4";"INTERVAL";"PROBE";4;63;0x00001d2a;177;333;271;208;562;0;25;0;NOSTRESS
138671570235;17061;"NEAR_P1";"INTERVAL";"PROBE";4;63;0x00001d2a;177;1952743;776436;437934;1119739;1132624;779;0;NOSTRESS
138671587301;16797;"NEAR_P1";"INTERVAL";"PROBE";4;63;0x00001d2a;177;1947797;773144;434837;1110106;1132898;16;0;NOSTRESS
138671604102;16917;"NEAR_P1";"INTERVAL";"PROBE";4;63;0x00001d2a;177;1950739;774839;437220;1116554;1132595;529;0;NOSTRESS
138671621024;16789;"NEAR_P1";"INTERVAL";"PROBE";4;63;0x00001d2a;177;1946517;772764;434776;1109607;1132296;9;0;NOSTRESS
138671637818;16908;"NEAR_P1";"INTERVAL";"PROBE";4;63;0x00001d2a;177;1950512;774532;437154;1116038;1132581;489;0;NOSTRESS
138671654730;16795;"NEAR_P1";"INTERVAL";"PROBE";4;63;0x00001d2a;177;1947715;772963;434845;1109434;1133194;9;0;NOSTRESS
138671671529;16882;"NEAR_P1";"INTERVAL";"PROBE";4;63;0x00001d2a;177;1950122;774588;437140;1115816;1132447;490;0;NOSTRESS
138671688416;16786;"NEAR_P1";"INTERVAL";"PROBE";4;63;0x00001d2a;177;1946186;772524;434753;1109206;1132152;8;0;NOSTRESS
138671705206;16884;"NEAR_P1";"INTERVAL";"PROBE";4;63;0x00001d2a;177;1950160;774533;437193;1115899;1132370;472;0;NOSTRESS
138671722095;16975;"NEAR_P1";"INTERVAL";"PROBE";4;63;0x00001d2a;177;1954592;776505;438276;1119519;1134029;538;0;NOSTRESS
138671739075;16786;"NEAR_P1";"INTERVAL";"PROBE";4;63;0x00001d2a;177;1946313;772405;434782;1109079;1132144;21;0;NOSTRESS
138671755865;16885;"NEAR_P1";"INTERVAL";"PROBE";4;63;0x00001d2a;177;1950122;774492;437213;1115903;1132382;477;0;NOSTRESS
138671772754;16795;"NEAR_P1";"INTERVAL";"PROBE";4;63;0x00001d2a;177;1948511;773007;434836;1109441;1133776;19;0;NOSTRESS
138671789554;16883;"NEAR_P1";"INTERVAL";"PROBE";4;63;0x00001d2a;177;1951419;774747;437088;1116062;1133334;457;0;NOSTRESS
138671806441;16790;"NEAR_P1";"INTERVAL";"PROBE";4;63;0x00001d2a;177;1947670;772788;434792;1109210;1133203;18;0;NOSTRESS
138671823235;16875;"NEAR_P1";"INTERVAL";"PROBE";4;63;0x00001d2a;177;1949459;774334;437050;1115620;1132240;470;0;NOSTRESS
138671840114;16781;"NEAR_P1";"INTERVAL";"PROBE";4;63;0x00001d2a;177;1946342;772371;434720;1108876;1132413;15;0;NOSTRESS
138671856899;16880;"NEAR_P1";"INTERVAL";"PROBE";4;63;0x00001d2a;177;1950487;774504;437121;1115850;1132751;463;0;NOSTRESS
138671873783;16794;"NEAR_P1";"INTERVAL";"PROBE";4;63;0x00001d2a;177;1947894;773021;434863;1109392;1133268;16;0;NOSTRESS
138671890581;16921;"NEAR_P1";"INTERVAL";"PROBE";4;63;0x00001d2a;177;1951866;775198;437352;1116645;1133432;500;0;NOSTRESS
138671907507;37981;"TRAJ_R1";"INTERVAL";"PROBE";4;63;0x00001d2a;177;3973062;1623136;1019059;2484490;2506630;686;0;NOSTRESS
138673169897;375056;"MAF";"INTERVAL";"PROBE";4;63;0x00001d2a;178;42937633;17089891;9735142;24739580;25144159;7315;0;NOSTRESS
138673169919;73;"SENS_C1";"INTERVAL";"PROBE";4;63;0x00001d2a;178;747;628;436;1041;0;117;0;NOSTRESS
138673169997;90;"LOC_C1";"INTERVAL";"PROBE";4;63;0x00001d2a;178;3810;1848;1240;3142;1823;159;0;NOSTRESS
138673170092;18;"LOC_C2";"INTERVAL";"PROBE";4;63;0x00001d2a;178;344;292;195;592;17;20;0;NOSTRESS
138673170114;89;"LOC_C3";"INTERVAL";"PROBE";4;63;0x00001d2a;178;8742;2404;1695;7611;3798;61;0;NOSTRESS
138673170207;28;"LOC_C4";"INTERVAL";"PROBE";4;63;0x00001d2a;178;343;275;210;577;0;27;0;NOSTRESS
138673170239;17073;"NEAR_P1";"INTERVAL";"PROBE";4;63;0x00001d2a;178;1952082;776144;437910;1119705;1132601;841;0;NOSTRESS
138673187317;16793;"NEAR_P1";"INTERVAL";"PROBE";4;63;0x00001d2a;178;1948252;773062;434787;1109648;1133535;18;0;NOSTRESS
138673204114;17081;"NEAR_P1";"INTERVAL";"PROBE";4;63;0x00001d2a;178;1952100;775014;437169;1116264;1133591;644;0;NOSTRESS
138673221199;16780;"NEAR_P1";"INTERVAL";"PROBE";4;63;0x00001d2a;178;1947101;772519;434718;1109049;1132741;11;0;NOSTRESS
138673237983;16878;"NEAR_P1";"INTERVAL";"PROBE";4;63;0x00001d2a;178;1951388;774708;437056;1115938;1133429;480;0;NOSTRESS
138673254865;16795;"NEAR_P1";"INTERVAL";"PROBE";4;63;0x00001d2a;178;1950301;773523;434878;1109637;1134840;9;0;NOSTRESS
138673271665;16916;"NEAR_P1";"INTERVAL";"PROBE";4;63;0x00001d2a;178;1951805;774798;437077;1115867;1133683;442;0;NOSTRESS
138673288586;16782;"NEAR_P1";"INTERVAL";"PROBE";4;63;0x00001d2a;178;1948396;772741;434747;1108985;1133727;10;0;NOSTRESS
138673305372;16906;"NEAR_P1";"INTERVAL";"PROBE";4;63;0x00001d2a;178;1952456;774901;437072;1115931;1134033;483;0;NOSTRESS
138673322283;16875;"NEAR_P1";"INTERVAL";"PROBE";4;63;0x00001d2a;178;1950685;774493;437087;1115688;1132956;466;0;NOSTRESS
138673339162;16792;"NEAR_P1";"INTERVAL";"PROBE";4;63;0x00001d2a;178;1949746;773359;434808;1109301;1134632;18;0;NOSTRESS
138673355959;16874;"NEAR_P1";"INTERVAL";"PROBE";4;63;0x00001d2a;178;1950851;774429;437074;1115728;1133001;470;0;NOSTRESS
138673372837;16769;"NEAR_P1";"INTERVAL";"PROBE";4;63;0x00001d2a;178;1945840;771943;434573;1108206;1132415;18;0;NOSTRESS
138673389610;16949;"NEAR_P1";"INTERVAL";"PROBE";4;63;0x00001d2a;178;1952696;775416;437946;1118146;1133377;551;0;NOSTRESS
138673406563;16779;"NEAR_P1";"INTERVAL";"PROBE";4;63;0x00001d2a;178;1946849;772487;434652;1108812;1132744;23;0;NOSTRESS
138673423347;16877;"NEAR_P1";"INTERVAL";"PROBE";4;63;0x00001d2a;178;1952026;774721;437033;1115684;1133941;482;0;NOSTRESS
138673440229;16794;"NEAR_P1";"INTERVAL";"PROBE";4;63;0x00001d2a;178;1948732;773225;434768;1109526;1134020;18;0;NOSTRESS
138673457027;16882;"NEAR_P1";"INTERVAL";"PROBE";4;63;0x00001d2a;178;1952102;774965;437137;1115879;1133894;468;0;NOSTRESS
138673473914;16783;"NEAR_P1";"INTERVAL";"PROBE";4;63;0x00001d2a;178;1947444;772732;434719;1109037;1133244;15;0;NOSTRESS
138673490701;16891;"NEAR_P1";"INTERVAL";"PROBE";4;63;0x00001d2a;178;1952907;775369;437217;1116062;1134299;467;0;NOSTRESS
138673507596;37352;"TRAJ_R1";"INTERVAL";"PROBE";4;63;0x00001d2a;178;3909608;1596465;1002401;2442985;2467818;544;0;NOSTRESS
138674769911;374010;"MAF";"INTERVAL";"PROBE";4;63;0x00001d2a;179;42816431;17045644;9714913;24683607;25070885;7032;0;NOSTRESS
138674769934;78;"SENS_C1";"INTERVAL";"PROBE";4;63;0x00001d2a;179;755;635;437;1043;0;125;0;NOSTRESS
138674770016;96;"LOC_C1";"INTERVAL";"PROBE";4;63;0x00001d2a;179;3836;1845;1244;3116;1844;160;0;NOSTRESS
138674770116;20;"LOC_C2";"INTERVAL";"PROBE";4;63;0x00001d2a;179;345;294;197;599;17;22;0;NOSTRESS
138674770141;93;"LOC_C3";"INTERVAL";"PROBE";4;63;0x00001d2a;179;8702;2402;1705;7555;3782;61;0;NOSTRESS
138674770238;22;"LOC_C4";"INTERVAL";"PROBE";4;63;0x00001d2a;179;338;276;208;576;0;29;0;NOSTRESS
138674770265;17051;"NEAR_P1";"INTERVAL";"PROBE";4;63;0x00001d2a;179;1952175;775530;437893;1118996;1132965;860;0;NOSTRESS
138674787320;16786;"NEAR_P1";"INTERVAL";"PROBE";4;63;0x00001d2a;179;1947430;772698;434694;1109489;1133144;17;0;NOSTRESS
138674804110;16868;"NEAR_P1";"INTERVAL";"PROBE";4;63;0x00001d2a;179;1947653;773497;437024;1115087;1131304;529;0;NOSTRESS
138674820982;16770;"NEAR_P1";"INTERVAL";"PROBE";4;63;0x00001d2a;179;1944628;771736;434608;1108297;1131728;13;0;NOSTRESS
138674837756;16864;"NEAR_P1";"INTERVAL";"PROBE";4;63;0x00001d2a;179;1946810;773273;436935;1114859;1130707;491;0;NOSTRESS
138674854624;16774;"NEAR_P1";"INTERVAL";"PROBE";4;63;0x00001d2a;179;1945098;771934;434605;1108505;1131757;9;0;NOSTRESS
138674871402;16874;"NEAR_P1";"INTERVAL";"PROBE";4;63;0x00001d2a;179;1949191;774188;437017;1115323;1132175;476;0;NOSTRESS
138674888281;16772;"NEAR_P1";"INTERVAL";"PROBE";4;63;0x00001d2a;179;1945054;771911;434597;1108340;1131869;8;0;NOSTRESS
138674905057;16873;"NEAR_P1";"INTERVAL";"PROBE";4;63;0x00001d2a;179;1949081;773885;437083;1115314;1131929;478;0;NOSTRESS
138674921934;16912;"NEAR_P1";"INTERVAL";"PROBE";4;63;0x00001d2a;179;1950597;774475;437078;1115604;1132877;449;0;NOSTRESS
138674938851;16780;"NEAR_P1";"INTERVAL";"PROBE";4;63;0x00001d2a;179;1945952;772141;434644;1108571;1132472;18;0;NOSTRESS
138674955635;16901;"NEAR_P1";"INTERVAL";"PROBE";4;63;0x00001d2a;179;1949953;774411;437088;1115742;1132466;465;0;NOSTRESS
138674972540;16782;"NEAR_P1";"INTERVAL";"PROBE";4;63;0x00001d2a;179;1946391;772406;434690;1108737;1132557;20;0;NOSTRESS
138674989326;16873;"NEAR_P1";"INTERVAL";"PROBE";4;63;0x00001d2a;179;1948555;774031;437016;1115518;1131699;468;0;NOSTRESS
138675006204;16779;"NEAR_P1";"INTERVAL";"PROBE";4;63;0x00001d2a;179;1945456;772148;434667;1108590;1132001;18;0;NOSTRESS
138675022987;16874;"NEAR_P1";"INTERVAL";"PROBE";4;63;0x00001d2a;179;1949390;774183;437106;1115356;1132315;469;0;NOSTRESS
138675039865;16777;"NEAR_P1";"INTERVAL";"PROBE";4;63;0x00001d2a;179;1945622;772082;434645;1108479;1132201;17;0;NOSTRESS
138675056646;16926;"NEAR_P1";"INTERVAL";"PROBE";4;63;0x00001d2a;179;1949419;774378;437862;1117643;1131518;553;0;NOSTRESS
138675073576;16779;"NEAR_P1";"INTERVAL";"PROBE";4;63;0x00001d2a;179;1945553;772118;434645;1108679;1132080;17;0;NOSTRESS
138675090359;16868;"NEAR_P1";"INTERVAL";"PROBE";4;63;0x00001d2a;179;1947471;773599;436954;1115023;1131082;488;0;NOSTRESS
138675107232;36684;"TRAJ_R1";"INTERVAL";"PROBE";4;63;0x00001d2a;179;3841387;1568485;984232;2399329;2424396;542;0;NOSTRESS
138676369868;373836;"MAF";"INTERVAL";"PROBE";4;63;0x00001d2a;180;42842098;17042753;9697555;24652029;25083963;7505;0;NOSTRESS
138676369890;73;"SENS_C1";"INTERVAL";"PROBE";4;63;0x00001d2a;180;738;617;436;1031;0;116;0;NOSTRESS
138676369967;88;"LOC_C1";"INTERVAL";"PROBE";4;63;0x00001d2a;180;3780;1835;1240;3095;1825;157;0;NOSTRESS
138676370059;20;"LOC_C2";"INTERVAL";"PROBE";4;63;0x00001d2a;180;342;292;195;591;17;20;0;NOSTRESS
138676370083;91;"LOC_C3";"INTERVAL";"PROBE";4;63;0x00001d2a;180;8876;2455;1710;7589;3880;59;0;NOSTRESS
138676370178;22;"LOC_C4";"INTERVAL";"PROBE";4;63;0x00001d2a;180;341;272;208;578;0;30;0;NOSTRESS
138676370204;17088;"NEAR_P1";"INTERVAL";"PROBE";4;63;0x00001d2a;180;1956705;777216;437956;1119959;1135442;849;0;NOSTRESS
138676387296;16821;"NEAR_P1";"INTERVAL";"PROBE";4;63;0x00001d2a;180;1955104;774939;435008;1110843;1137660;17;0;NOSTRESS
138676404121;16935;"NEAR_P1";"INTERVAL";"PROBE";4;63;0x00001d2a;180;1955558;775973;437688;1117843;1135534;653;0;NOSTRESS
138676421061;16804;"NEAR_P1";"INTERVAL";"PROBE";4;63;0x00001d2a;180;1952211;773879;434802;1109895;1136243;11;0;NOSTRESS
138676437869;16896;"NEAR_P1";"INTERVAL";"PROBE";4;63;0x00001d2a;180;1953364;775236;437168;1115981;1134620;511;0;NOSTRESS
138676454769;16802;"NEAR_P1";"INTERVAL";"PROBE";4;63;0x00001d2a;180;1951432;773791;434826;1109700;1135644;9;0;NOSTRESS
138676471575;16904;"NEAR_P1";"INTERVAL";"PROBE";4;63;0x00001d2a;180;1956184;776085;437282;1116610;1136345;485;0;NOSTRESS
138676488483;16802;"NEAR_P1";"INTERVAL";"PROBE";4;63;0x00001d2a;180;1951911;773921;434845;1109676;1136034;9;0;NOSTRESS
138676505289;16884;"NEAR_P1";"INTERVAL";"PROBE";4;63;0x00001d2a;180;1952543;775004;437121;1115712;1134126;472;0;NOSTRESS
138676522178;16902;"NEAR_P1";"INTERVAL";"PROBE";4;63;0x00001d2a;180;1955329;775953;437310;1116593;1135723;461;0;NOSTRESS
138676539085;16793;"NEAR_P1";"INTERVAL";"PROBE";4;63;0x00001d2a;180;1949007;773117;434800;1109143;1134085;20;0;NOSTRESS
138676555882;16895;"NEAR_P1";"INTERVAL";"PROBE";4;63;0x00001d2a;180;1954024;775507;437230;1116658;1134909;463;0;NOSTRESS
138676572781;16949;"NEAR_P1";"INTERVAL";"PROBE";4;63;0x00001d2a;180;1951666;773568;434723;1109349;1136061;45;0;NOSTRESS
138676589734;16926;"NEAR_P1";"INTERVAL";"PROBE";4;63;0x00001d2a;180;1953885;774953;437010;1115517;1135214;524;0;NOSTRESS
138676606664;16798;"NEAR_P1";"INTERVAL";"PROBE";4;63;0x00001d2a;180;1951485;773631;434755;1109302;1135896;18;0;NOSTRESS
138676623466;16913;"NEAR_P1";"INTERVAL";"PROBE";4;63;0x00001d2a;180;1953052;774856;437107;1115539;1134712;487;0;NOSTRESS
138676640383;16806;"NEAR_P1";"INTERVAL";"PROBE";4;63;0x00001d2a;180;1950746;773818;434877;1109722;1135342;18;0;NOSTRESS
138676657193;16901;"NEAR_P1";"INTERVAL";"PROBE";4;63;0x00001d2a;180;1952651;775113;437234;1116299;1134267;479;0;NOSTRESS
138676674099;16796;"NEAR_P1";"INTERVAL";"PROBE";4;63;0x00001d2a;180;1949746;773446;434750;1109242;1134797;17;0;NOSTRESS
138676690899;16889;"NEAR_P1";"INTERVAL";"PROBE";4;63;0x00001d2a;180;1952275;774983;437163;1115673;1134235;476;0;NOSTRESS
138676707792;35907;"TRAJ_R1";"INTERVAL";"PROBE";4;63;0x00001d2a;180;3758869;1534869;963603;2349367;2371352;639;0;NOSTRESS
138677969879;372504;"MAF";"INTERVAL";"PROBE";4;63;0x00001d2a;181;42662382;16980538;9670738;24582583;24975052;7012;0;NOSTRESS
138677969900;75;"SENS_C1";"INTERVAL";"PROBE";4;63;0x00001d2a;181;761;624;438;1072;0;118;0;NOSTRESS
138677969979;93;"LOC_C1";"INTERVAL";"PROBE";4;63;0x00001d2a;181;3785;1847;1241;3135;1824;157;0;NOSTRESS
138677970076;20;"LOC_C2";"INTERVAL";"PROBE";4;63;0x00001d2a;181;345;294;197;599;17;20;0;NOSTRESS
138677970100;91;"LOC_C3";"INTERVAL";"PROBE";4;63;0x00001d2a;181;8744;2418;1702;7536;3821;61;0;NOSTRESS
138677970195;23;"LOC_C4";"INTERVAL";"PROBE";4;63;0x00001d2a;181;340;272;208;575;0;28;0;NOSTRESS
138677970222;17075;"NEAR_P1";"INTERVAL";"PROBE";4;63;0x00001d2a;181;1954085;776495;437928;1119699;1134004;845;0;NOSTRESS
138677987301;16790;"NEAR_P1";"INTERVAL";"PROBE";4;63;0x00001d2a;181;1947086;772805;434765;1109914;1133012;16;0;NOSTRESS
138678004095;16913;"NEAR_P1";"INTERVAL";"PROBE";4;63;0x00001d2a;181;1949543;774102;436972;1115662;1132438;513;0;NOSTRESS
138678021012;16781;"NEAR_P1";"INTERVAL";"PROBE";4;63;0x00001d2a;181;1945945;772306;434652;1109088;1132514;12;0;NOSTRESS
138678037797;16884;"NEAR_P1";"INTERVAL";"PROBE";4;63;0x00001d2a;181;1948412;773578;436907;1114909;1131716;482;0;NOSTRESS
138678054685;16779;"NEAR_P1";"INTERVAL";"PROBE";4;63;0x00001d2a;181;1947406;772515;434676;1108978;1133304;10;0;NOSTRESS
138678071469;16904;"NEAR_P1";"INTERVAL";"PROBE";4;63;0x00001d2a;181;1949798;774149;437427;1116550;1132123;612;0;NOSTRESS
138678088377;16774;"NEAR_P1";"INTERVAL";"PROBE";4;63;0x00001d2a;181;1946255;772183;434591;1108685;1132647;8;0;NOSTRESS
138678105155;16873;"NEAR_P1";"INTERVAL";"PROBE";4;63;0x00001d2a;181;1949374;774108;437005;1115564;1132306;509;0;NOSTRESS
138678122032;16884;"NEAR_P1";"INTERVAL";"PROBE";4;63;0x00001d2a;181;1949612;774143;436966;1115412;1132560;469;0;NOSTRESS
138678138920;16777;"NEAR_P1";"INTERVAL";"PROBE";4;63;0x00001d2a;181;1946340;772259;434571;1108588;1132674;19;0;NOSTRESS
138678155701;16879;"NEAR_P1";"INTERVAL";"PROBE";4;63;0x00001d2a;181;1948116;773614;436855;1115026;1131587;466;0;NOSTRESS
138678172584;16779;"NEAR_P1";"INTERVAL";"PROBE";4;63;0x00001d2a;181;1946725;772450;434658;1109031;1132789;19;0;NOSTRESS
138678189367;16866;"NEAR_P1";"INTERVAL";"PROBE";4;63;0x00001d2a;181;1948897;773861;436970;1115269;1132053;474;0;NOSTRESS
138678206237;16773;"NEAR_P1";"INTERVAL";"PROBE";4;63;0x00001d2a;181;1945852;772036;434587;1108501;1132433;18;0;NOSTRESS
138678223014;16886;"NEAR_P1";"INTERVAL";"PROBE";4;63;0x00001d2a;181;1949130;773941;436946;1115549;1132211;473;0;NOSTRESS
138678239904;16769;"NEAR_P1";"INTERVAL";"PROBE";4;63;0x00001d2a;181;1944471;771703;434659;1108400;1131487;16;0;NOSTRESS
138678256677;16909;"NEAR_P1";"INTERVAL";"PROBE";4;63;0x00001d2a;181;1949729;773883;437062;1115284;1132618;410;0;NOSTRESS
138678273590;16778;"NEAR_P1";"INTERVAL";"PROBE";4;63;0x00001d2a;181;1944568;771993;434601;1108797;1131619;14;0;NOSTRESS
138678290372;16888;"NEAR_P1";"INTERVAL";"PROBE";4;63;0x00001d2a;181;1945425;773111;436888;1115033;1129953;467;0;NOSTRESS
138678307264;35115;"TRAJ_R1";"INTERVAL";"PROBE";4;63;0x00001d2a;181;3682028;1502765;941226;2296479;2323342;543;0;NOSTRESS
138679569901;371758;"MAF";"INTERVAL";"PROBE";4;63;0x00001d2a;182;42607744;16955862;9652069;24540162;24934697;6821;0;NOSTRESS
138679569922;78;"SENS_C1";"INTERVAL";"PROBE";4;63;0x00001d2a;182;733;616;436;1012;0;114;0;NOSTRESS
138679570004;92;"LOC_C1";"INTERVAL";"PROBE";4;63;0x00001d2a;182;3727;1810;1237;3104;1775;154;0;NOSTRESS
138679570100;20;"LOC_C2";"INTERVAL";"PROBE";4;63;0x00001d2a;182;344;292;195;592;17;19;0;NOSTRESS
138679570124;94;"LOC_C3";"INTERVAL";"PROBE";4;63;0x00001d2a;182;8815;2449;1707;7632;3822;62;0;NOSTRESS
138679570222;23;"LOC_C4";"INTERVAL";"PROBE";4;63;0x00001d2a;182;347;280;210;590;0;32;0;NOSTRESS
138679570250;17024;"NEAR_P1";"INTERVAL";"PROBE";4;63;0x00001d2a;182;1952600;775872;437916;1119627;1132981;770;0;NOSTRESS
138679587279;16783;"NEAR_P1";"INTERVAL";"PROBE";4;63;0x00001d2a;182;1946091;772532;434800;1109723;1131991;15;0;NOSTRESS
138679604066;16911;"NEAR_P1";"INTERVAL";"PROBE";4;63;0x00001d2a;182;1951014;774384;437118;1116158;1133114;537;0;NOSTRESS
138679620982;16791;"NEAR_P1";"INTERVAL";"PROBE";4;63;0x00001d2a;182;1947601;772972;434947;1109735;1133057;11;0;NOSTRESS
138679637777;16901;"NEAR_P1";"INTERVAL";"PROBE";4;63;0x00001d2a;182;1950130;774440;437090;1116156;1132491;487;0;NOSTRESS
138679654682;16776;"NEAR_P1";"INTERVAL";"PROBE";4;63;0x00001d2a;182;1945142;771982;434763;1108907;1131650;9;0;NOSTRESS
138679671463;16913;"NEAR_P1";"INTERVAL";"PROBE";4;63;0x00001d2a;182;1950568;774597;437136;1116024;1132845;475;0;NOSTRESS
138679688381;16779;"NEAR_P1";"INTERVAL";"PROBE";4;63;0x00001d2a;182;1946533;772373;434774;1109283;1132550;7;0;NOSTRESS
138679705164;16890;"NEAR_P1";"INTERVAL";"PROBE";4;63;0x00001d2a;182;1949003;773987;437108;1115555;1131888;467;0;NOSTRESS
138679722059;16885;"NEAR_P1";"INTERVAL";"PROBE";4;63;0x00001d2a;182;1951182;774856;437277;1116389;1133016;470;0;NOSTRESS
138679738949;16806;"NEAR_P1";"INTERVAL";"PROBE";4;63;0x00001d2a;182;1950831;773866;434960;1110433;1135053;19;0;NOSTRESS
138679755759;16876;"NEAR_P1";"INTERVAL";"PROBE";4;63;0x00001d2a;182;1950475;774437;437143;1115993;1132782;467;0;NOSTRESS
138679772639;16775;"NEAR_P1";"INTERVAL";"PROBE";4;63;0x00001d2a;182;1945207;771928;434754;1108823;1131708;17;0;NOSTRESS
138679789418;16875;"NEAR_P1";"INTERVAL";"PROBE";4;63;0x00001d2a;182;1949817;774296;437155;1115991;1132261;461;0;NOSTRESS
138679806297;16793;"NEAR_P1";"INTERVAL";"PROBE";4;63;0x00001d2a;182;1948686;773128;434927;1109816;1133723;18;0;NOSTRESS
138679823094;16894;"NEAR_P1";"INTERVAL";"PROBE";4;63;0x00001d2a;182;1951569;774867;437253;1116175;1133469;461;0;NOSTRESS
138679839993;16783;"NEAR_P1";"INTERVAL";"PROBE";4;63;0x00001d2a;182;1946766;772517;434785;1109338;1132675;16;0;NOSTRESS
138679856780;16878;"NEAR_P1";"INTERVAL";"PROBE";4;63;0x00001d2a;182;1951345;774628;437235;1116086;1133326;473;0;NOSTRESS
138679873662;16779;"NEAR_P1";"INTERVAL";"PROBE";4;63;0x00001d2a;182;1947172;772480;434759;1109130;1132950;16;0;NOSTRESS
138679890445;16881;"NEAR_P1";"INTERVAL";"PROBE";4;63;0x00001d2a;182;1951757;774711;437298;1115936;1133441;466;0;NOSTRESS
138679907330;34325;"TRAJ_R1";"INTERVAL";"PROBE";4;63;0x00001d2a;182;3600679;1468492;919041;2242719;2272112;543;0;NOSTRESS
138681169876;371850;"MAF";"INTERVAL";"PROBE";4;63;0x00001d2a;183;42659626;16965079;9640825;24531562;24952690;7283;0;NOSTRESS
138681169896;209;"SENS_C1";"INTERVAL";"PROBE";4;63;0x00001d2a;183;757;633;431;1055;0;120;0;NOSTRESS
138681170109;97;"LOC_C1";"INTERVAL";"PROBE";4;63;0x00001d2a;183;3855;1875;1244;3157;1854;162;0;NOSTRESS
138681170210;20;"LOC_C2";"INTERVAL";"PROBE";4;63;0x00001d2a;183;347;297;197;603;17;22;0;NOSTRESS
138681170234;92;"LOC_C3";"INTERVAL";"PROBE";4;63;0x00001d2a;183;8754;2382;1686;7588;3809;60;0;NOSTRESS
138681170330;27;"LOC_C4";"INTERVAL";"PROBE";4;63;0x00001d2a;183;347;280;211;590;0;30;0;NOSTRESS
138681170361;17070;"NEAR_P1";"INTERVAL";"PROBE";4;63;0x00001d2a;183;1956954;777258;438302;1120961;1135120;870;0;NOSTRESS
138681187436;16828;"NEAR_P1";"INTERVAL";"PROBE";4;63;0x00001d2a;183;1955121;775186;435416;1112023;1137057;15;0;NOSTRESS
138681204269;16909;"NEAR_P1";"INTERVAL";"PROBE";4;63;0x00001d2a;183;1955743;775929;437600;1117712;1135608;524;0;NOSTRESS
138681221182;16830;"NEAR_P1";"INTERVAL";"PROBE";4;63;0x00001d2a;183;1956673;775417;435333;1111989;1138217;12;0;NOSTRESS
138681238017;16913;"NEAR_P1";"INTERVAL";"PROBE";4;63;0x00001d2a;183;1957988;776668;437608;1117894;1137073;485;0;NOSTRESS
138681254934;16818;"NEAR_P1";"INTERVAL";"PROBE";4;63;0x00001d2a;183;1954437;774701;435313;1111318;1136887;9;0;NOSTRESS
138681271756;16926;"NEAR_P1";"INTERVAL";"PROBE";4;63;0x00001d2a;183;1958633;777008;437677;1118108;1137454;474;0;NOSTRESS
138681288686;16927;"NEAR_P1";"INTERVAL";"PROBE";4;63;0x00001d2a;183;1959751;777202;437827;1118609;1137917;463;0;NOSTRESS
138681305617;16819;"NEAR_P1";"INTERVAL";"PROBE";4;63;0x00001d2a;183;1951799;774370;435263;1111282;1135237;18;0;NOSTRESS
138681322440;16936;"NEAR_P1";"INTERVAL";"PROBE";4;63;0x00001d2a;183;1952394;775361;437658;1117481;1133523;412;0;NOSTRESS
138681339380;16841;"NEAR_P1";"INTERVAL";"PROBE";4;63;0x00001d2a;183;1957508;775892;435452;1112418;1138603;17;0;NOSTRESS
138681356226;16955;"NEAR_P1";"INTERVAL";"PROBE";4;63;0x00001d2a;183;1959372;777387;437725;1118727;1137666;467;0;NOSTRESS
138681373185;16825;"NEAR_P1";"INTERVAL";"PROBE";4;63;0x00001d2a;183;1954299;774940;435258;1111609;1136738;19;0;NOSTRESS
138681390014;16963;"NEAR_P1";"INTERVAL";"PROBE";4;63;0x00001d2a;183;1959972;777621;438223;1120140;1137409;599;0;NOSTRESS
138681406982;16835;"NEAR_P1";"INTERVAL";"PROBE";4;63;0x00001d2a;183;1955532;775430;435502;1112108;1137263;19;0;NOSTRESS
138681423821;16910;"NEAR_P1";"INTERVAL";"PROBE";4;63;0x00001d2a;183;1954673;775989;437666;1117893;1134472;506;0;NOSTRESS
138681440735;16820;"NEAR_P1";"INTERVAL";"PROBE";4;63;0x00001d2a;183;1953073;774623;435346;1111556;1135864;18;0;NOSTRESS
138681457559;16915;"NEAR_P1";"INTERVAL";"PROBE";4;63;0x00001d2a;183;1956075;776475;437755;1118263;1135305;478;0;NOSTRESS
138681474479;16824;"NEAR_P1";"INTERVAL";"PROBE";4;63;0x00001d2a;183;1953472;774918;435336;1111818;1136043;15;0;NOSTRESS
138681491307;16920;"NEAR_P1";"INTERVAL";"PROBE";4;63;0x00001d2a;183;1957436;776753;437772;1118255;1136285;476;0;NOSTRESS
138681508232;33490;"TRAJ_R1";"INTERVAL";"PROBE";4;63;0x00001d2a;183;3514389;1433086;896524;2187903;2217269;536;0;NOSTRESS
138682769870;370387;"MAF";"INTERVAL";"PROBE";4;63;0x00001d2a;184;42465907;16895941;9613386;24449701;24837127;7083;0;NOSTRESS
138682769894;83;"SENS_C1";"INTERVAL";"PROBE";4;63;0x00001d2a;184;737;624;436;1010;0;114;0;NOSTRESS
138682769981;98;"LOC_C1";"INTERVAL";"PROBE";4;63;0x00001d2a;184;3788;1830;1244;3135;1805;163;0;NOSTRESS
138682770083;21;"LOC_C2";"INTERVAL";"PROBE";4;63;0x00001d2a;184;342;292;195;591;17;19;0;NOSTRESS
138682770108;91;"LOC_C3";"INTERVAL";"PROBE";4;63;0x00001d2a;184;8962;2445;1706;7653;3916;58;0;NOSTRESS
138682770204;23;"LOC_C4";"INTERVAL";"PROBE";4;63;0x00001d2a;184;347;280;210;590;0;31;0;NOSTRESS
138682770231;17051;"NEAR_P1";"INTERVAL";"PROBE";4;63;0x00001d2a;184;1954162;776458;438311;1120680;1133273;784;0;NOSTRESS
138682787286;16801;"NEAR_P1";"INTERVAL";"PROBE";4;63;0x00001d2a;184;1948543;773458;435171;1111023;1133011;14;0;NOSTRESS
138682804091;16925;"NEAR_P1";"INTERVAL";"PROBE";4;63;0x00001d2a;184;1952161;774992;437449;1117011;1133462;542;0;NOSTRESS
138682821020;16790;"NEAR_P1";"INTERVAL";"PROBE";4;63;0x00001d2a;184;1947392;772794;435143;1110181;1132547;10;0;NOSTRESS
138682837815;16900;"NEAR_P1";"INTERVAL";"PROBE";4;63;0x00001d2a;184;1949483;774238;437360;1116464;1131832;513;0;NOSTRESS
138682854719;16794;"NEAR_P1";"INTERVAL";"PROBE";4;63;0x00001d2a;184;1948409;773190;435112;1110346;1133218;7;0;NOSTRESS
138682871517;16880;"NEAR_P1";"INTERVAL";"PROBE";4;63;0x00001d2a;184;1950800;774516;437426;1116510;1132649;482;0;NOSTRESS
138682888402;16794;"NEAR_P1";"INTERVAL";"PROBE";4;63;0x00001d2a;184;1948381;773099;435108;1110447;1133336;8;0;NOSTRESS
138682905200;16894;"NEAR_P1";"INTERVAL";"PROBE";4;63;0x00001d2a;184;1952970;775218;437571;1117107;1133915;477;0;NOSTRESS
138682922099;16907;"NEAR_P1";"INTERVAL";"PROBE";4;63;0x00001d2a;184;1952443;775265;437494;1116948;1133598;469;0;NOSTRESS
138682939011;16799;"NEAR_P1";"INTERVAL";"PROBE";4;63;0x00001d2a;184;1949042;773395;435204;1110371;1133791;19;0;NOSTRESS
138682955814;16908;"NEAR_P1";"INTERVAL";"PROBE";4;63;0x00001d2a;184;1952382;775021;437505;1116771;1133670;469;0;NOSTRESS
138682972727;16799;"NEAR_P1";"INTERVAL";"PROBE";4;63;0x00001d2a;184;1949744;773417;435150;1110398;1134205;18;0;NOSTRESS
138682989531;16921;"NEAR_P1";"INTERVAL";"PROBE";4;63;0x00001d2a;184;1951875;774993;437489;1116736;1133295;467;0;NOSTRESS
138683006456;16800;"NEAR_P1";"INTERVAL";"PROBE";4;63;0x00001d2a;184;1949859;773449;435152;1110441;1134273;19;0;NOSTRESS
138683023260;16908;"NEAR_P1";"INTERVAL";"PROBE";4;63;0x00001d2a;184;1952044;774974;437482;1116782;1133535;464;0;NOSTRESS
138683040172;16805;"NEAR_P1";"INTERVAL";"PROBE";4;63;0x00001d2a;184;1949991;773678;435228;1110763;1134209;17;0;NOSTRESS
138683056981;16918;"NEAR_P1";"INTERVAL";"PROBE";4;63;0x00001d2a;184;1953876;775803;438013;1118775;1133949;600;0;NOSTRESS
138683073904;16790;"NEAR_P1";"INTERVAL";"PROBE";4;63;0x00001d2a;184;1947848;772809;435072;1110090;1132986;19;0;NOSTRESS
138683090698;16893;"NEAR_P1";"INTERVAL";"PROBE";4;63;0x00001d2a;184;1951429;774863;437542;1116973;1132981;501;0;NOSTRESS
138683107612;32641;"TRAJ_R1";"INTERVAL";"PROBE";4;63;0x00001d2a;184;3429299;1397738;873568;2132610;2163654;555;0;NOSTRESS
138684369871;369392;"MAF";"INTERVAL";"PROBE";4;63;0x00001d2a;185;42300150;16832758;9587214;24378758;24734315;7070;0;NOSTRESS
138684369895;76;"SENS_C1";"INTERVAL";"PROBE";4;63;0x00001d2a;185;727;620;435;995;0;110;0;NOSTRESS
138684369975;99;"LOC_C1";"INTERVAL";"PROBE";4;63;0x00001d2a;185;3807;1827;1241;3110;1826;154;0;NOSTRESS
138684370078;19;"LOC_C2";"INTERVAL";"PROBE";4;63;0x00001d2a;185;342;292;195;591;17;18;0;NOSTRESS
138684370101;89;"LOC_C3";"INTERVAL";"PROBE";4;63;0x00001d2a;185;8623;2360;1699;7527;3740;61;0;NOSTRESS
138684370194;25;"LOC_C4";"INTERVAL";"PROBE";4;63;0x00001d2a;185;344;285;209;590;0;33;0;NOSTRESS
138684370223;17023;"NEAR_P1";"INTERVAL";"PROBE";4;63;0x00001d2a;185;1949064;774568;437872;1119013;1130648;742;0;NOSTRESS
138684387251;16770;"NEAR_P1";"INTERVAL";"PROBE";4;63;0x00001d2a;185;1942764;771291;434928;1109678;1129684;11;0;NOSTRESS
138684404026;16875;"NEAR_P1";"INTERVAL";"PROBE";4;63;0x00001d2a;185;1947523;773629;437386;1116518;1130394;532;0;NOSTRESS
138684420905;16766;"NEAR_P1";"INTERVAL";"PROBE";4;63;0x00001d2a;185;1942817;771289;434855;1109186;1130072;10;0;NOSTRESS
138684437675;16866;"NEAR_P1";"INTERVAL";"PROBE";4;63;0x00001d2a;185;1947523;773413;437267;1115903;1130737;483;0;NOSTRESS
138684454545;16931;"NEAR_P1";"INTERVAL";"PROBE";4;63;0x00001d2a;185;1943704;771393;434938;1109342;1130486;29;0;NOSTRESS
138684471480;16903;"NEAR_P1";"INTERVAL";"PROBE";4;63;0x00001d2a;185;1949080;774040;437414;1116488;1131377;583;0;NOSTRESS
138684488388;16783;"NEAR_P1";"INTERVAL";"PROBE";4;63;0x00001d2a;185;1946162;772192;435018;1109938;1131962;8;0;NOSTRESS
138684505175;16896;"NEAR_P1";"INTERVAL";"PROBE";4;63;0x00001d2a;185;1949330;773963;437385;1116387;1131837;481;0;NOSTRESS
138684522076;16903;"NEAR_P1";"INTERVAL";"PROBE";4;63;0x00001d2a;185;1948172;773759;437373;1116040;1130874;468;0;NOSTRESS
138684538983;16786;"NEAR_P1";"INTERVAL";"PROBE";4;63;0x00001d2a;185;1946285;772301;435084;1110000;1131924;19;0;NOSTRESS
138684555773;16889;"NEAR_P1";"INTERVAL";"PROBE";4;63;0x00001d2a;185;1947519;773521;437281;1116067;1130571;455;0;NOSTRESS
138684572666;16772;"NEAR_P1";"INTERVAL";"PROBE";4;63;0x00001d2a;185;1943979;771413;434981;1109260;1130642;19;0;NOSTRESS
138684589442;16909;"NEAR_P1";"INTERVAL";"PROBE";4;63;0x00001d2a;185;1949639;774047;437350;1116278;1131964;463;0;NOSTRESS
138684606355;16778;"NEAR_P1";"INTERVAL";"PROBE";4;63;0x00001d2a;185;1945268;771968;434965;1109515;1131413;19;0;NOSTRESS
138684623137;16891;"NEAR_P1";"INTERVAL";"PROBE";4;63;0x00001d2a;185;1948127;773672;437353;1116176;1130997;456;0;NOSTRESS
138684640032;16784;"NEAR_P1";"INTERVAL";"PROBE";4;63;0x00001d2a;185;1945823;772106;434983;1109821;1131806;17;0;NOSTRESS
138684656820;16906;"NEAR_P1";"INTERVAL";"PROBE";4;63;0x00001d2a;185;1948025;773514;437392;1116002;1130959;414;0;NOSTRESS
138684673730;16780;"NEAR_P1";"INTERVAL";"PROBE";4;63;0x00001d2a;185;1945661;772021;434996;1109637;1131608;14;0;NOSTRESS
138684690514;16925;"NEAR_P1";"INTERVAL";"PROBE";4;63;0x00001d2a;185;1950382;774455;437412;1116791;1132426;468;0;NOSTRESS
138684707460;31798;"TRAJ_R1";"INTERVAL";"PROBE";4;63;0x00001d2a;185;3339212;1361413;850701;2077433;2106351;558;0;NOSTRESS
138685969856;368768;"MAF";"INTERVAL";"PROBE";4;63;0x00001d2a;186;42290818;16827911;9568998;24337491;24728609;6687;0;NOSTRESS
138685969881;77;"SENS_C1";"INTERVAL";"PROBE";4;63;0x00001d2a;186;803;649;441;1106;0;121;0;NOSTRESS
138685969962;98;"LOC_C1";"INTERVAL";"PROBE";4;63;0x00001d2a;186;3813;1840;1246;3101;1846;155;0;NOSTRESS
138685970064;20;"LOC_C2";"INTERVAL";"PROBE";4;63;0x00001d2a;186;344;292;195;592;17;20;0;NOSTRESS
138685970088;94;"LOC_C3";"INTERVAL";"PROBE";4;63;0x00001d2a;186;8823;2439;1700;7541;3848;61;0;NOSTRESS
138685970186;22;"LOC_C4";"INTERVAL";"PROBE";4;63;0x00001d2a;186;340;273;208;573;0;28;0;NOSTRESS
138685970212;17042;"NEAR_P1";"INTERVAL";"PROBE";4;63;0x00001d2a;186;1953279;776017;437917;1119182;1133352;757;0;NOSTRESS
138685987258;16799;"NEAR_P1";"INTERVAL";"PROBE";4;63;0x00001d2a;186;1948679;773235;435265;1110512;1133455;16;0;NOSTRESS
138686004061;16891;"NEAR_P1";"INTERVAL";"PROBE";4;63;0x00001d2a;186;1950074;774728;437573;1116963;1132154;514;0;NOSTRESS
138686020956;16796;"NEAR_P1";"INTERVAL";"PROBE";4;63;0x00001d2a;186;1948487;773237;435239;1110266;1133341;12;0;NOSTRESS
138686037756;16906;"NEAR_P1";"INTERVAL";"PROBE";4;63;0x00001d2a;186;1951334;775041;437506;1116590;1133076;472;0;NOSTRESS
138686054667;16796;"NEAR_P1";"INTERVAL";"PROBE";4;63;0x00001d2a;186;1947878;773162;435249;1110256;1132957;8;0;NOSTRESS
138686071467;16889;"NEAR_P1";"INTERVAL";"PROBE";4;63;0x00001d2a;186;1951416;774892;437563;1116641;1133031;476;0;NOSTRESS
138686088360;16802;"NEAR_P1";"INTERVAL";"PROBE";4;63;0x00001d2a;186;1949037;773543;435233;1110406;1133767;8;0;NOSTRESS
138686105166;16886;"NEAR_P1";"INTERVAL";"PROBE";4;63;0x00001d2a;186;1951326;774909;437510;1116657;1132988;465;0;NOSTRESS
138686122056;16930;"NEAR_P1";"INTERVAL";"PROBE";4;63;0x00001d2a;186;1951885;775185;437487;1116890;1133498;410;0;NOSTRESS
138686138991;16810;"NEAR_P1";"INTERVAL";"PROBE";4;63;0x00001d2a;186;1950708;774046;435316;1110873;1134747;17;0;NOSTRESS
138686155805;16922;"NEAR_P1";"INTERVAL";"PROBE";4;63;0x00001d2a;186;1952073;775324;437569;1116981;1133521;463;0;NOSTRESS
138686172731;16810;"NEAR_P1";"INTERVAL";"PROBE";4;63;0x00001d2a;186;1950043;773996;435297;1110854;1134420;19;0;NOSTRESS
138686189545;16891;"NEAR_P1";"INTERVAL";"PROBE";4;63;0x00001d2a;186;1953206;775339;437503;1116931;1134210;472;0;NOSTRESS
138686206440;16791;"NEAR_P1";"INTERVAL";"PROBE";4;63;0x00001d2a;186;1947538;772911;435100;1109915;1132963;20;0;NOSTRESS
138686223235;16887;"NEAR_P1";"INTERVAL";"PROBE";4;63;0x00001d2a;186;1950705;774925;437543;1116870;1132609;473;0;NOSTRESS
138686240126;16798;"NEAR_P1";"INTERVAL";"PROBE";4;63;0x00001d2a;186;1948040;773274;435189;1110257;1133082;16;0;NOSTRESS
138686256928;16922;"NEAR_P1";"INTERVAL";"PROBE";4;63;0x00001d2a;186;1953612;775556;437522;1117031;1134600;415;0;NOSTRESS
138686273854;16800;"NEAR_P1";"INTERVAL";"PROBE";4;63;0x00001d2a;186;1948933;773448;435244;1110308;1133671;14;0;NOSTRESS
138686290659;16915;"NEAR_P1";"INTERVAL";"PROBE";4;63;0x00001d2a;186;1951715;774967;437488;1116663;1133355;467;0;NOSTRESS
138686307596;31023;"TRAJ_R1";"INTERVAL";"PROBE";4;63;0x00001d2a;186;3257112;1327604;828853;2024326;2054101;542;0;NOSTRESS
138687569842;367643;"MAF";"INTERVAL";"PROBE";4;63;0x00001d2a;187;42157954;16769585;9540571;24265585;24650108;7055;0;NOSTRESS
138687569865;79;"SENS_C1";"INTERVAL";"PROBE";4;63;0x00001d2a;187;747;618;438;1032;0;116;0;NOSTRESS
138687569948;95;"LOC_C1";"INTERVAL";"PROBE";4;63;0x00001d2a;187;3732;1806;1241;3095;1777;156;0;NOSTRESS
138687570048;23;"LOC_C2";"INTERVAL";"PROBE";4;63;0x00001d2a;187;345;294;197;599;17;21;0;NOSTRESS
138687570075;89;"LOC_C3";"INTERVAL";"PROBE";4;63;0x00001d2a;187;8745;2432;1704;7562;3806;59;0;NOSTRESS
138687570168;25;"LOC_C4";"INTERVAL";"PROBE";4;63;0x00001d2a;187;344;281;210;590;0;29;0;NOSTRESS
138687570197;17051;"NEAR_P1";"INTERVAL";"PROBE";4;63;0x00001d2a;187;1951820;775496;437779;1118306;1132424;807;0;NOSTRESS
138687587252;16797;"NEAR_P1";"INTERVAL";"PROBE";4;63;0x00001d2a;187;1948559;773191;435116;1110756;1133355;16;0;NOSTRESS
138687604054;16882;"NEAR_P1";"INTERVAL";"PROBE";4;63;0x00001d2a;187;1950078;774394;437329;1116525;1132135;510;0;NOSTRESS
138687620940;16782;"NEAR_P1";"INTERVAL";"PROBE";4;63;0x00001d2a;187;1946216;772413;434963;1109782;1132110;10;0;NOSTRESS
138687637726;16873;"NEAR_P1";"INTERVAL";"PROBE";4;63;0x00001d2a;187;1949393;774097;437335;1116025;1131936;479;0;NOSTRESS
138687654603;16773;"NEAR_P1";"INTERVAL";"PROBE";4;63;0x00001d2a;187;1944964;771848;434855;1109302;1131486;8;0;NOSTRESS
138687671380;16865;"NEAR_P1";"INTERVAL";"PROBE";4;63;0x00001d2a;187;1948803;773725;437196;1115613;1131903;477;0;NOSTRESS
138687688250;16784;"NEAR_P1";"INTERVAL";"PROBE";4;63;0x00001d2a;187;1948474;772624;434953;1109651;1133645;9;0;NOSTRESS
138687705038;16879;"NEAR_P1";"INTERVAL";"PROBE";4;63;0x00001d2a;187;1949976;773940;437157;1115677;1132601;389;0;NOSTRESS
138687721921;16864;"NEAR_P1";"INTERVAL";"PROBE";4;63;0x00001d2a;187;1948496;773653;437201;1115691;1131548;456;0;NOSTRESS
138687738790;16788;"NEAR_P1";"INTERVAL";"PROBE";4;63;0x00001d2a;187;1948172;772857;434952;1109889;1133511;18;0;NOSTRESS
138687755582;16866;"NEAR_P1";"INTERVAL";"PROBE";4;63;0x00001d2a;187;1949244;773789;437179;1115862;1131998;454;0;NOSTRESS
138687772452;16781;"NEAR_P1";"INTERVAL";"PROBE";4;63;0x00001d2a;187;1946327;772273;434876;1109622;1132364;19;0;NOSTRESS
138687789237;16906;"NEAR_P1";"INTERVAL";"PROBE";4;63;0x00001d2a;187;1951180;774318;437176;1115936;1133379;403;0;NOSTRESS
138687806147;16782;"NEAR_P1";"INTERVAL";"PROBE";4;63;0x00001d2a;187;1947492;772442;434922;1109413;1133183;16;0;NOSTRESS
138687822934;17088;"NEAR_P1";"INTERVAL";"PROBE";4;63;0x00001d2a;187;1950602;774261;437292;1116056;1132906;612;0;NOSTRESS
138687840026;16772;"NEAR_P1";"INTERVAL";"PROBE";4;63;0x00001d2a;187;1945840;772008;434774;1109236;1132227;19;0;NOSTRESS
138687856803;16867;"NEAR_P1";"INTERVAL";"PROBE";4;63;0x00001d2a;187;1948847;773806;437283;1115966;1131674;470;0;NOSTRESS
138687873674;16774;"NEAR_P1";"INTERVAL";"PROBE";4;63;0x00001d2a;187;1945836;771997;434854;1109189;1132102;15;0;NOSTRESS
138687890452;16868;"NEAR_P1";"INTERVAL";"PROBE";4;63;0x00001d2a;187;1949224;773890;437209;1115890;1132007;474;0;NOSTRESS
138687907342;30139;"TRAJ_R1";"INTERVAL";"PROBE";4;63;0x00001d2a;187;3164277;1289723;805895;1967887;1996014;549;0;NOSTRESS
138689169898;366656;"MAF";"INTERVAL";"PROBE";4;63;0x00001d2a;188;42056844;16732001;9522381;24220980;24580525;7167;0;NOSTRESS
138689169922;76;"SENS_C1";"INTERVAL";"PROBE";4;63;0x00001d2a;188;737;617;436;1028;0;117;0;NOSTRESS
138689170002;94;"LOC_C1";"INTERVAL";"PROBE";4;63;0x00001d2a;188;3721;1811;1233;3058;1800;156;0;NOSTRESS
138689170100;21;"LOC_C2";"INTERVAL";"PROBE";4;63;0x00001d2a;188;348;292;195;600;17;20;0;NOSTRESS
138689170125;93;"LOC_C3";"INTERVAL";"PROBE";4;63;0x00001d2a;188;8724;2408;1694;7542;3797;63;0;NOSTRESS
138689170222;21;"LOC_C4";"INTERVAL";"PROBE";4;63;0x00001d2a;188;351;278;210;597;0;28;0;NOSTRESS
138689170247;17023;"NEAR_P1";"INTERVAL";"PROBE";4;63;0x00001d2a;188;1951128;775136;437960;1119627;1131808;790;0;NOSTRESS
138689187274;16778;"NEAR_P1";"INTERVAL";"PROBE";4;63;0x00001d2a;188;1944897;772077;434972;1109887;1131089;14;0;NOSTRESS
138689204056;16917;"NEAR_P1";"INTERVAL";"PROBE";4;63;0x00001d2a;188;1949453;774279;438264;1118603;1130912;610;0;NOSTRESS
138689220977;16780;"NEAR_P1";"INTERVAL";"PROBE";4;63;0x00001d2a;188;1945520;772082;435024;1109940;1131460;9;0;NOSTRESS
138689237761;16875;"NEAR_P1";"INTERVAL";"PROBE";4;63;0x00001d2a;188;1948339;773709;437320;1115915;1131136;495;0;NOSTRESS
138689254640;16781;"NEAR_P1";"INTERVAL";"PROBE";4;63;0x00001d2a;188;1946372;772382;434979;1109667;1132211;8;0;NOSTRESS
138689271425;16866;"NEAR_P1";"INTERVAL";"PROBE";4;63;0x00001d2a;188;1948655;773740;437317;1116040;1131324;474;0;NOSTRESS
138689288295;16770;"NEAR_P1";"INTERVAL";"PROBE";4;63;0x00001d2a;188;1944460;771673;434924;1109261;1130937;10;0;NOSTRESS
138689305069;16868;"NEAR_P1";"INTERVAL";"PROBE";4;63;0x00001d2a;188;1948493;773754;437303;1116003;1131181;481;0;NOSTRESS
138689321941;16878;"NEAR_P1";"INTERVAL";"PROBE";4;63;0x00001d2a;188;1950273;774363;437358;1116617;1132411;460;0;NOSTRESS
138689338823;16785;"NEAR_P1";"INTERVAL";"PROBE";4;63;0x00001d2a;188;1947574;772710;435062;1109834;1132820;20;0;NOSTRESS
138689355612;16894;"NEAR_P1";"INTERVAL";"PROBE";4;63;0x00001d2a;188;1950807;774537;437453;1116947;1132560;512;0;NOSTRESS
138689372511;16774;"NEAR_P1";"INTERVAL";"PROBE";4;63;0x00001d2a;188;1945571;771900;434931;1109413;1131737;21;0;NOSTRESS
138689389289;16896;"NEAR_P1";"INTERVAL";"PROBE";4;63;0x00001d2a;188;1950018;774360;437815;1117648;1131707;601;0;NOSTRESS
138689406190;16774;"NEAR_P1";"INTERVAL";"PROBE";4;63;0x00001d2a;188;1944817;771924;434902;1109405;1131175;21;0;NOSTRESS
138689422968;16861;"NEAR_P1";"INTERVAL";"PROBE";4;63;0x00001d2a;188;1946785;773214;437304;1115740;1130173;492;0;NOSTRESS
138689439834;16771;"NEAR_P1";"INTERVAL";"PROBE";4;63;0x00001d2a;188;1944415;771681;434911;1109290;1130986;18;0;NOSTRESS
138689456609;16883;"NEAR_P1";"INTERVAL";"PROBE";4;63;0x00001d2a;188;1947948;773506;437242;1115779;1131063;463;0;NOSTRESS
138689473496;16782;"NEAR_P1";"INTERVAL";"PROBE";4;63;0x00001d2a;188;1946147;772328;434974;1109935;1132012;15;0;NOSTRESS
138689490282;16890;"NEAR_P1";"INTERVAL";"PROBE";4;63;0x00001d2a;188;1948512;773831;437264;1116262;1131281;472;0;NOSTRESS
138689507196;29353;"TRAJ_R1";"INTERVAL";"PROBE";4;63;0x00001d2a;188;3083194;1256336;785294;1917140;1944928;546;0;NOSTRESS
138690769891;366655;"MAF";"INTERVAL";"PROBE";4;63;0x00001d2a;189;42013515;16713772;9510031;24202243;24545092;9457;0;NOSTRESS
138690769916;71;"SENS_C1";"INTERVAL";"PROBE";4;63;0x00001d2a;189;732;625;435;995;0;110;0;NOSTRESS
138690769991;98;"LOC_C1";"INTERVAL";"PROBE";4;63;0x00001d2a;189;3872;1862;1247;3123;1886;155;0;NOSTRESS
138690770093;21;"LOC_C2";"INTERVAL";"PROBE";4;63;0x00001d2a;189;342;292;195;591;17;20;0;NOSTRESS
138690770118;95;"LOC_C3";"INTERVAL";"PROBE";4;63;0x00001d2a;189;8689;2385;1690;7517;3781;60;0;NOSTRESS
138690770218;20;"LOC_C4";"INTERVAL";"PROBE";4;63;0x00001d2a;189;336;275;209;580;0;32;0;NOSTRESS
138690770242;17078;"NEAR_P1";"INTERVAL";"PROBE";4;63;0x00001d2a;189;1952587;776015;438277;1120615;1132291;846;0;NOSTRESS
138690787325;16797;"NEAR_P1";"INTERVAL";"PROBE";4;63;0x00001d2a;189;1947731;773114;435202;1111141;1132436;16;0;NOSTRESS
138690804126;16904;"NEAR_P1";"INTERVAL";"PROBE";4;63;0x00001d2a;189;1952188;775218;437574;1117916;1133174;534;0;NOSTRESS
138690821034;16786;"NEAR_P1";"INTERVAL";"PROBE";4;63;0x00001d2a;189;1946279;772478;434997;1110266;1131933;11;0;NOSTRESS
138690837824;16887;"NEAR_P1";"INTERVAL";"PROBE";4;63;0x00001d2a;189;1949968;774338;437385;1116907;1132056;495;0;NOSTRESS
138690854715;16790;"NEAR_P1";"INTERVAL";"PROBE";4;63;0x00001d2a;189;1947486;772799;435073;1110265;1132597;7;0;NOSTRESS
138690871509;17052;"NEAR_P1";"INTERVAL";"PROBE";4;63;0x00001d2a;189;1955261;776530;439319;1122721;1133550;881;0;NOSTRESS
138690888566;16779;"NEAR_P1";"INTERVAL";"PROBE";4;63;0x00001d2a;189;1946587;772230;434948;1109753;1132419;11;0;NOSTRESS
138690905349;16947;"NEAR_P1";"INTERVAL";"PROBE";4;63;0x00001d2a;189;1953623;775553;438303;1119632;1133597;739;0;NOSTRESS
138690922300;16952;"NEAR_P1";"INTERVAL";"PROBE";4;63;0x00001d2a;189;1950994;774980;438635;1120182;1131680;850;0;NOSTRESS
138690939257;16796;"NEAR_P1";"INTERVAL";"PROBE";4;63;0x00001d2a;189;1945463;772023;434944;1109649;1131646;25;0;NOSTRESS
138690956057;16945;"NEAR_P1";"INTERVAL";"PROBE";4;63;0x00001d2a;189;1952419;775289;438294;1119435;1132687;744;0;NOSTRESS
138690973006;16775;"NEAR_P1";"INTERVAL";"PROBE";4;63;0x00001d2a;189;1944671;771770;434868;1109514;1131176;21;0;NOSTRESS
138690989785;16925;"NEAR_P1";"INTERVAL";"PROBE";4;63;0x00001d2a;189;1949657;774577;438174;1118754;1131214;703;0;NOSTRESS
138691006714;16789;"NEAR_P1";"INTERVAL";"PROBE";4;63;0x00001d2a;189;1947284;772558;435061;1110008;1132739;21;0;NOSTRESS
138691023507;16937;"NEAR_P1";"INTERVAL";"PROBE";4;63;0x00001d2a;189;1952092;775198;438191;1119272;1132779;683;0;NOSTRESS
138691040448;16774;"NEAR_P1";"INTERVAL";"PROBE";4;63;0x00001d2a;189;1943559;771575;434924;1109519;1130475;21;0;NOSTRESS
138691057226;16911;"NEAR_P1";"INTERVAL";"PROBE";4;63;0x00001d2a;189;1948388;773723;438013;1117748;1130813;701;0;NOSTRESS
138691074141;16786;"NEAR_P1";"INTERVAL";"PROBE";4;63;0x00001d2a;189;1947456;772525;434992;1109997;1132902;18;0;NOSTRESS
138691090931;16933;"NEAR_P1";"INTERVAL";"PROBE";4;63;0x00001d2a;189;1952833;775211;438264;1118904;1133425;697;0;NOSTRESS
138691107868;28673;"TRAJ_R1";"INTERVAL";"PROBE";4;63;0x00001d2a;189;3003401;1223539;764774;1867984;1893819;807;0;NOSTRESS
138692369909;365653;"MAF";"INTERVAL";"PROBE";4;63;0x00001d2a;190;41947836;16686998;9481346;24133284;24510784;7370;0;NOSTRESS
138692369928;71;"SENS_C1";"INTERVAL";"PROBE";4;63;0x00001d2a;190;742;618;436;1030;0;116;0;NOSTRESS
138692370003;100;"LOC_C1";"INTERVAL";"PROBE";4;63;0x00001d2a;190;3755;1814;1233;3061;1820;160;0;NOSTRESS
138692370108;20;"LOC_C2";"INTERVAL";"PROBE";4;63;0x00001d2a;190;344;292;195;592;17;22;0;NOSTRESS
138692370132;221;"LOC_C3";"INTERVAL";"PROBE";4;63;0x00001d2a;190;8671;2372;1686;7552;3750;72;0;NOSTRESS
138692370357;23;"LOC_C4";"INTERVAL";"PROBE";4;63;0x00001d2a;190;348;277;210;597;0;28;0;NOSTRESS
138692370384;17064;"NEAR_P1";"INTERVAL";"PROBE";4;63;0x00001d2a;190;1953386;776285;438009;1120358;1133041;827;0;NOSTRESS
138692387453;16792;"NEAR_P1";"INTERVAL";"PROBE";4;63;0x00001d2a;190;1947632;773070;435010;1110600;1132789;14;0;NOSTRESS
138692404249;16905;"NEAR_P1";"INTERVAL";"PROBE";4;63;0x00001d2a;190;1949354;774282;437231;1116645;1131587;558;0;NOSTRESS
138692421158;16796;"NEAR_P1";"INTERVAL";"PROBE";4;63;0x00001d2a;190;1948748;773320;435041;1110378;1133540;10;0;NOSTRESS
138692437958;16910;"NEAR_P1";"INTERVAL";"PROBE";4;63;0x00001d2a;190;1950802;774925;437288;1116692;1132673;516;0;NOSTRESS
138692454872;16782;"NEAR_P1";"INTERVAL";"PROBE";4;63;0x00001d2a;190;1945976;772508;434829;1109829;1131911;11;0;NOSTRESS
138692471658;16888;"NEAR_P1";"INTERVAL";"PROBE";4;63;0x00001d2a;190;1950612;774896;437410;1117004;1132554;498;0;NOSTRESS
138692488551;16791;"NEAR_P1";"INTERVAL";"PROBE";4;63;0x00001d2a;190;1947861;772923;434951;1110114;1133064;9;0;NOSTRESS
138692505346;16874;"NEAR_P1";"INTERVAL";"PROBE";4;63;0x00001d2a;190;1950128;774188;437278;1116204;1132452;487;0;NOSTRESS
138692522224;16953;"NEAR_P1";"INTERVAL";"PROBE";4;63;0x00001d2a;190;1953434;775934;438248;1119565;1133458;561;0;NOSTRESS
138692539181;16795;"NEAR_P1";"INTERVAL";"PROBE";4;63;0x00001d2a;190;1948605;773095;434987;1110196;1133459;22;0;NOSTRESS
138692555980;16885;"NEAR_P1";"INTERVAL";"PROBE";4;63;0x00001d2a;190;1950750;774655;437378;1116716;1132645;489;0;NOSTRESS
138692572869;16797;"NEAR_P1";"INTERVAL";"PROBE";4;63;0x00001d2a;190;1949002;773213;434988;1110325;1133737;19;0;NOSTRESS
138692589670;16905;"NEAR_P1";"INTERVAL";"PROBE";4;63;0x00001d2a;190;1949193;774014;437210;1116151;1131776;471;0;NOSTRESS
138692606579;16789;"NEAR_P1";"INTERVAL";"PROBE";4;63;0x00001d2a;190;1947446;772771;434926;1109855;1132914;16;0;NOSTRESS
138692623372;16887;"NEAR_P1";"INTERVAL";"PROBE";4;63;0x00001d2a;190;1950409;774596;437371;1116555;1132422;482;0;NOSTRESS
138692640263;16801;"NEAR_P1";"INTERVAL";"PROBE";4;63;0x00001d2a;190;1949382;773530;435077;1110497;1134046;15;0;NOSTRESS
138692657068;16894;"NEAR_P1";"INTERVAL";"PROBE";4;63;0x00001d2a;190;1953197;775430;437436;1117309;1134117;473;0;NOSTRESS
138692673966;16788;"NEAR_P1";"INTERVAL";"PROBE";4;63;0x00001d2a;190;1947485;772818;434976;1109851;1132856;16;0;NOSTRESS
138692690758;16914;"NEAR_P1";"INTERVAL";"PROBE";4;63;0x00001d2a;190;1953140;775410;437448;1117303;1134031;476;0;NOSTRESS
138692707694;27864;"TRAJ_R1";"INTERVAL";"PROBE";4;63;0x00001d2a;190;2927199;1192365;743996;1817831;1846125;545;0;NOSTRESS
138693969908;364866;"MAF";"INTERVAL";"PROBE";4;63;0x00001d2a;191;41866645;16651857;9462137;24085900;24463889;7057;0;NOSTRESS
138693969929;76;"SENS_C1";"INTERVAL";"PROBE";4;63;0x00001d2a;191;773;633;439;1079;0;123;0;NOSTRESS
138693970010;99;"LOC_C1";"INTERVAL";"PROBE";4;63;0x00001d2a;191;3796;1844;1245;3121;1833;157;0;NOSTRESS
138693970114;20;"LOC_C2";"INTERVAL";"PROBE";4;63;0x00001d2a;191;347;294;197;600;17;21;0;NOSTRESS
138693970138;93;"LOC_C3";"INTERVAL";"PROBE";4;63;0x00001d2a;191;8726;2411;1693;7536;3787;62;0;NOSTRESS
138693970235;24;"LOC_C4";"INTERVAL";"PROBE";4;63;0x00001d2a;191;346;278;210;585;0;31;0;NOSTRESS
138693970263;17104;"NEAR_P1";"INTERVAL";"PROBE";4;63;0x00001d2a;191;1955871;776694;438334;1121017;1134666;826;0;NOSTRESS
138693987371;16803;"NEAR_P1";"INTERVAL";"PROBE";4;63;0x00001d2a;191;1948612;773459;435128;1110987;1133398;15;0;NOSTRESS
138694004178;16899;"NEAR_P1";"INTERVAL";"PROBE";4;63;0x00001d2a;191;1951410;774930;437383;1117163;1133120;539;0;NOSTRESS
138694021081;16797;"NEAR_P1";"INTERVAL";"PROBE";4;63;0x00001d2a;191;1948037;772953;435022;1110426;1133366;11;0;NOSTRESS
138694037882;16883;"NEAR_P1";"INTERVAL";"PROBE";4;63;0x00001d2a;191;1950248;774276;437310;1116428;1132626;496;0;NOSTRESS
138694054770;16786;"NEAR_P1";"INTERVAL";"PROBE";4;63;0x00001d2a;191;1946535;772417;434890;1109915;1132613;10;0;NOSTRESS
138694071560;16927;"NEAR_P1";"INTERVAL";"PROBE";4;63;0x00001d2a;191;1952790;775099;437357;1117002;1134202;490;0;NOSTRESS
138694088491;16790;"NEAR_P1";"INTERVAL";"PROBE";4;63;0x00001d2a;191;1946894;772665;434905;1110151;1132812;9;0;NOSTRESS
138694105285;16922;"NEAR_P1";"INTERVAL";"PROBE";4;63;0x00001d2a;191;1953624;775390;437445;1117484;1134619;486;0;NOSTRESS
138694122212;16880;"NEAR_P1";"INTERVAL";"PROBE";4;63;0x00001d2a;191;1950233;774329;437295;1116459;1132691;467;0;NOSTRESS
138694139097;16787;"NEAR_P1";"INTERVAL";"PROBE";4;63;0x00001d2a;191;1946716;772389;434947;1109716;1132635;19;0;NOSTRESS
138694155888;16897;"NEAR_P1";"INTERVAL";"PROBE";4;63;0x00001d2a;191;1953342;775261;437416;1117023;1134669;471;0;NOSTRESS
138694172789;16803;"NEAR_P1";"INTERVAL";"PROBE";4;63;0x00001d2a;191;1948590;773256;435040;1110493;1133538;18;0;NOSTRESS
138694189596;16958;"NEAR_P1";"INTERVAL";"PROBE";4;63;0x00001d2a;191;1952250;775452;438301;1119551;1132761;549;0;NOSTRESS
138694206559;16782;"NEAR_P1";"INTERVAL";"PROBE";4;63;0x00001d2a;191;1945601;772154;434903;1109563;1131764;22;0;NOSTRESS
138694223345;16884;"NEAR_P1";"INTERVAL";"PROBE";4;63;0x00001d2a;191;1950934;774470;437278;1116672;1132812;481;0;NOSTRESS
138694240234;16781;"NEAR_P1";"INTERVAL";"PROBE";4;63;0x00001d2a;191;1945163;772006;434925;1109693;1131455;15;0;NOSTRESS
138694257019;16907;"NEAR_P1";"INTERVAL";"PROBE";4;63;0x00001d2a;191;1948919;773961;437248;1116112;1131750;460;0;NOSTRESS
138694273930;16786;"NEAR_P1";"INTERVAL";"PROBE";4;63;0x00001d2a;191;1945561;772121;434981;1109747;1131735;15;0;NOSTRESS
138694290720;16899;"NEAR_P1";"INTERVAL";"PROBE";4;63;0x00001d2a;191;1947657;773702;437266;1116325;1130775;477;0;NOSTRESS
138694307623;27146;"TRAJ_R1";"INTERVAL";"PROBE";4;63;0x00001d2a;191;2854086;1162330;724948;1771801;1800245;546;0;NOSTRESS
138695569899;364528;"MAF";"INTERVAL";"PROBE";4;63;0x00001d2a;192;41844058;16639617;9446881;24059692;24437068;7370;0;NOSTRESS
138695569923;76;"SENS_C1";"INTERVAL";"PROBE";4;63;0x00001d2a;192;739;635;440;1021;0;113;0;NOSTRESS
138695570003;99;"LOC_C1";"INTERVAL";"PROBE";4;63;0x00001d2a;192;3773;1829;1241;3141;1810;156;0;NOSTRESS
138695570107;20;"LOC_C2";"INTERVAL";"PROBE";4;63;0x00001d2a;192;342;292;195;591;17;20;0;NOSTRESS
138695570131;95;"LOC_C3";"INTERVAL";"PROBE";4;63;0x00001d2a;192;8734;2404;1695;7524;3814;61;0;NOSTRESS
138695570230;24;"LOC_C4";"INTERVAL";"PROBE";4;63;0x00001d2a;192;338;276;208;576;0;29;0;NOSTRESS
138695570258;17064;"NEAR_P1";"INTERVAL";"PROBE";4;63;0x00001d2a;192;1954939;776601;438247;1121243;1133713;856;0;NOSTRESS
138695587327;16803;"NEAR_P1";"INTERVAL";"PROBE";4;63;0x00001d2a;192;1948847;773370;435197;1111247;1133088;18;0;NOSTRESS
138695604134;16917;"NEAR_P1";"INTERVAL";"PROBE";4;63;0x00001d2a;192;1952196;775081;437509;1117604;1133059;546;0;NOSTRESS
138695621056;16799;"NEAR_P1";"INTERVAL";"PROBE";4;63;0x00001d2a;192;1949301;773306;435104;1110963;1133753;9;0;NOSTRESS
138695637859;16900;"NEAR_P1";"INTERVAL";"PROBE";4;63;0x00001d2a;192;1954016;775515;437601;1117539;1134310;475;0;NOSTRESS
138695654763;16793;"NEAR_P1";"INTERVAL";"PROBE";4;63;0x00001d2a;192;1948222;773034;435038;1110640;1133015;9;0;NOSTRESS
138695671560;16885;"NEAR_P1";"INTERVAL";"PROBE";4;63;0x00001d2a;192;1951939;774728;437454;1116857;1133193;484;0;NOSTRESS
138695688450;16787;"NEAR_P1";"INTERVAL";"PROBE";4;63;0x00001d2a;192;1946379;772460;435059;1110240;1131931;9;0;NOSTRESS
138695705241;17072;"NEAR_P1";"INTERVAL";"PROBE";4;63;0x00001d2a;192;1951577;774946;437385;1117295;1132842;626;0;NOSTRESS
138695722318;16931;"NEAR_P1";"INTERVAL";"PROBE";4;63;0x00001d2a;192;1953598;775511;437394;1117820;1134042;422;0;NOSTRESS
138695739253;16805;"NEAR_P1";"INTERVAL";"PROBE";4;63;0x00001d2a;192;1949835;773782;435141;1111121;1133892;18;0;NOSTRESS
138695756062;16932;"NEAR_P1";"INTERVAL";"PROBE";4;63;0x00001d2a;192;1954635;775903;437533;1117893;1134693;481;0;NOSTRESS
138695772998;16809;"NEAR_P1";"INTERVAL";"PROBE";4;63;0x00001d2a;192;1951110;773962;435222;1111214;1134671;20;0;NOSTRESS
138695789812;16900;"NEAR_P1";"INTERVAL";"PROBE";4;63;0x00001d2a;192;1953928;775716;437583;1118099;1134122;468;0;NOSTRESS
138695806716;16806;"NEAR_P1";"INTERVAL";"PROBE";4;63;0x00001d2a;192;1949570;773653;435200;1111158;1133564;18;0;NOSTRESS
138695823526;16896;"NEAR_P1";"INTERVAL";"PROBE";4;63;0x00001d2a;192;1953536;775619;437497;1117984;1133935;469;0;NOSTRESS
138695840426;16812;"NEAR_P1";"INTERVAL";"PROBE";4;63;0x00001d2a;192;1951135;773985;435198;1111401;1134668;17;0;NOSTRESS
138695857243;16975;"NEAR_P1";"INTERVAL";"PROBE";4;63;0x00001d2a;192;1954531;776198;438389;1120003;1133769;560;0;NOSTRESS
138695874222;16808;"NEAR_P1";"INTERVAL";"PROBE";4;63;0x00001d2a;192;1950922;773895;435113;1111382;1134497;11;0;NOSTRESS
138695891034;16900;"NEAR_P1";"INTERVAL";"PROBE";4;63;0x00001d2a;192;1953349;775512;437479;1117914;1133864;488;0;NOSTRESS
138695907958;26464;"TRAJ_R1";"INTERVAL";"PROBE";4;63;0x00001d2a;192;2786317;1133976;706262;1726703;1756806;539;0;NOSTRESS
138697169861;363314;"MAF";"INTERVAL";"PROBE";4;63;0x00001d2a;193;41729665;16591747;9424735;23991241;24376426;7186;0;NOSTRESS
138697169882;77;"SENS_C1";"INTERVAL";"PROBE";4;63;0x00001d2a;193;758;626;437;1063;0;117;0;NOSTRESS
138697169963;94;"LOC_C1";"INTERVAL";"PROBE";4;63;0x00001d2a;193;3585;1764;1230;3040;1709;157;0;NOSTRESS
138697170061;22;"LOC_C2";"INTERVAL";"PROBE";4;63;0x00001d2a;193;342;292;195;591;17;21;0;NOSTRESS
138697170087;92;"LOC_C3";"INTERVAL";"PROBE";4;63;0x00001d2a;193;8695;2417;1704;7536;3780;58;0;NOSTRESS
138697170183;24;"LOC_C4";"INTERVAL";"PROBE";4;63;0x00001d2a;193;348;277;210;594;0;30;0;NOSTRESS
138697170211;17076;"NEAR_P1";"INTERVAL";"PROBE";4;63;0x00001d2a;193;1952713;775823;438137;1120404;1132648;831;0;NOSTRESS
138697187292;16799;"NEAR_P1";"INTERVAL";"PROBE";4;63;0x00001d2a;193;1949223;773358;435055;1111186;1133535;17;0;NOSTRESS
138697204095;16917;"NEAR_P1";"INTERVAL";"PROBE";4;63;0x00001d2a;193;1950069;774414;437727;1117824;1131675;651;0;NOSTRESS
138697221017;16785;"NEAR_P1";"INTERVAL";"PROBE";4;63;0x00001d2a;193;1946938;772575;435007;1110031;1132521;10;0;NOSTRESS
138697237806;16878;"NEAR_P1";"INTERVAL";"PROBE";4;63;0x00001d2a;193;1949588;773973;437293;1116144;1131979;524;0;NOSTRESS
138697254689;16780;"NEAR_P1";"INTERVAL";"PROBE";4;63;0x00001d2a;193;1946579;772390;434859;1109768;1132319;8;0;NOSTRESS
138697271473;16897;"NEAR_P1";"INTERVAL";"PROBE";4;63;0x00001d2a;193;1952765;775003;437348;1116753;1134043;483;0;NOSTRESS
138697288374;16788;"NEAR_P1";"INTERVAL";"PROBE";4;63;0x00001d2a;193;1949038;773019;434943;1110047;1134115;7;0;NOSTRESS
138697305166;16870;"NEAR_P1";"INTERVAL";"PROBE";4;63;0x00001d2a;193;1950704;774157;437194;1115918;1132993;483;0;NOSTRESS
138697322040;16885;"NEAR_P1";"INTERVAL";"PROBE";4;63;0x00001d2a;193;1952537;774950;437344;1116526;1134113;469;0;NOSTRESS
138697338930;16790;"NEAR_P1";"INTERVAL";"PROBE";4;63;0x00001d2a;193;1948070;772858;434967;1109911;1133284;19;0;NOSTRESS
138697355724;16874;"NEAR_P1";"INTERVAL";"PROBE";4;63;0x00001d2a;193;1950380;774310;437287;1116326;1132526;472;0;NOSTRESS
138697372603;16780;"NEAR_P1";"INTERVAL";"PROBE";4;63;0x00001d2a;193;1946728;772352;434927;1109594;1132431;20;0;NOSTRESS
138697389388;16906;"NEAR_P1";"INTERVAL";"PROBE";4;63;0x00001d2a;193;1950110;774181;437207;1116165;1132376;463;0;NOSTRESS
138697406299;16778;"NEAR_P1";"INTERVAL";"PROBE";4;63;0x00001d2a;193;1945991;772165;434907;1109581;1131990;19;0;NOSTRESS
138697423081;16897;"NEAR_P1";"INTERVAL";"PROBE";4;63;0x00001d2a;193;1950583;774414;437317;1116332;1132731;460;0;NOSTRESS
138697439983;16776;"NEAR_P1";"INTERVAL";"PROBE";4;63;0x00001d2a;193;1946211;772060;434882;1109332;1132314;18;0;NOSTRESS
138697456763;16873;"NEAR_P1";"INTERVAL";"PROBE";4;63;0x00001d2a;193;1950355;774260;437271;1116233;1132586;469;0;NOSTRESS
138697473641;16776;"NEAR_P1";"INTERVAL";"PROBE";4;63;0x00001d2a;193;1946853;772247;434802;1109303;1132846;15;0;NOSTRESS
138697490421;16872;"NEAR_P1";"INTERVAL";"PROBE";4;63;0x00001d2a;193;1950501;774079;437183;1116132;1132880;473;0;NOSTRESS
138697507314;25857;"TRAJ_R1";"INTERVAL";"PROBE";4;63;0x00001d2a;193;2720407;1106687;689263;1685661;1715015;643;0;NOSTRESS
138698769871;363021;"MAF";"INTERVAL";"PROBE";4;63;0x00001d2a;194;41687589;16572173;9409519;23957658;24349345;7186;0;NOSTRESS
138698769896;82;"SENS_C1";"INTERVAL";"PROBE";4;63;0x00001d2a;194;768;628;439;1075;0;120;0;NOSTRESS
138698769982;90;"LOC_C1";"INTERVAL";"PROBE";4;63;0x00001d2a;194;3622;1781;1234;3070;1734;159;0;NOSTRESS
138698770077;18;"LOC_C2";"INTERVAL";"PROBE";4;63;0x00001d2a;194;347;294;197;600;17;22;0;NOSTRESS
138698770099;94;"LOC_C3";"INTERVAL";"PROBE";4;63;0x00001d2a;194;8566;2360;1692;7520;3680;62;0;NOSTRESS
138698770198;24;"LOC_C4";"INTERVAL";"PROBE";4;63;0x00001d2a;194;346;281;210;589;0;31;0;NOSTRESS
138698770226;17078;"NEAR_P1";"INTERVAL";"PROBE";4;63;0x00001d2a;194;1955250;776689;438242;1121023;1134127;844;0;NOSTRESS
138698787309;16782;"NEAR_P1";"INTERVAL";"PROBE";4;63;0x00001d2a;194;1945955;772326;435034;1110313;1131748;14;0;NOSTRESS
138698804096;16908;"NEAR_P1";"INTERVAL";"PROBE";4;63;0x00001d2a;194;1951337;774526;437280;1116658;1133095;471;0;NOSTRESS
138698821009;16796;"NEAR_P1";"INTERVAL";"PROBE";4;63;0x00001d2a;194;1948602;773099;435090;1110684;1133393;9;0;NOSTRESS
138698837809;16926;"NEAR_P1";"INTERVAL";"PROBE";4;63;0x00001d2a;194;1953638;775296;437437;1117116;1134475;513;0;NOSTRESS
138698854740;16788;"NEAR_P1";"INTERVAL";"PROBE";4;63;0x00001d2a;194;1947047;772722;435025;1110187;1132666;8;0;NOSTRESS
138698871532;16892;"NEAR_P1";"INTERVAL";"PROBE";4;63;0x00001d2a;194;1952912;775095;437466;1117273;1133898;486;0;NOSTRESS
138698888428;16797;"NEAR_P1";"INTERVAL";"PROBE";4;63;0x00001d2a;194;1949120;773181;435162;1110462;1133825;8;0;NOSTRESS
138698905229;16883;"NEAR_P1";"INTERVAL";"PROBE";4;63;0x00001d2a;194;1951433;774652;437403;1116745;1133243;479;0;NOSTRESS
138698922116;16891;"NEAR_P1";"INTERVAL";"PROBE";4;63;0x00001d2a;194;1953563;775223;437460;1117272;1134474;468;0;NOSTRESS
138698939011;16789;"NEAR_P1";"INTERVAL";"PROBE";4;63;0x00001d2a;194;1948756;772874;435044;1110110;1133732;18;0;NOSTRESS
138698955804;16881;"NEAR_P1";"INTERVAL";"PROBE";4;63;0x00001d2a;194;1951981;774726;437389;1116730;1133570;461;0;NOSTRESS
138698972689;16792;"NEAR_P1";"INTERVAL";"PROBE";4;63;0x00001d2a;194;1948696;772865;435074;1110164;1133843;18;0;NOSTRESS
138698989486;16886;"NEAR_P1";"INTERVAL";"PROBE";4;63;0x00001d2a;194;1953381;775117;437420;1116951;1134472;468;0;NOSTRESS
138699006376;16793;"NEAR_P1";"INTERVAL";"PROBE";4;63;0x00001d2a;194;1948964;772929;435028;1110221;1133833;18;0;NOSTRESS
138699023173;16874;"NEAR_P1";"INTERVAL";"PROBE";4;63;0x00001d2a;194;1950807;774354;437342;1116454;1132852;461;0;NOSTRESS
138699040052;16783;"NEAR_P1";"INTERVAL";"PROBE";4;63;0x00001d2a;194;1946842;772437;434995;1109925;1132592;19;0;NOSTRESS
138699056840;16913;"NEAR_P1";"INTERVAL";"PROBE";4;63;0x00001d2a;194;1950720;774324;437235;1116309;1132941;418;0;NOSTRESS
138699073758;16948;"NEAR_P1";"INTERVAL";"PROBE";4;63;0x00001d2a;194;1948550;772829;434981;1110209;1133660;39;0;NOSTRESS
138699090710;16923;"NEAR_P1";"INTERVAL";"PROBE";4;63;0x00001d2a;194;1951766;774575;437336;1116658;1133517;564;0;NOSTRESS
138699107655;25233;"TRAJ_R1";"INTERVAL";"PROBE";4;63;0x00001d2a;194;2654368;1079566;671804;1642815;1673958;549;0;NOSTRESS
138700369885;362454;"MAF";"INTERVAL";"PROBE";4;63;0x00001d2a;195;41598371;16552118;9396376;23936544;24281718;7004;0;NOSTRESS
138700369906;75;"SENS_C1";"INTERVAL";"PROBE";4;63;0x00001d2a;195;749;624;438;1043;0;122;0;NOSTRESS
138700369985;99;"LOC_C1";"INTERVAL";"PROBE";4;63;0x00001d2a;195;3956;1880;1250;3133;1925;160;0;NOSTRESS
138700370089;18;"LOC_C2";"INTERVAL";"PROBE";4;63;0x00001d2a;195;345;294;197;599;17;21;0;NOSTRESS
138700370111;99;"LOC_C3";"INTERVAL";"PROBE";4;63;0x00001d2a;195;8705;2406;1690;7532;3786;61;0;NOSTRESS
138700370214;23;"LOC_C4";"INTERVAL";"PROBE";4;63;0x00001d2a;195;345;277;211;585;0;28;0;NOSTRESS
138700370241;17055;"NEAR_P1";"INTERVAL";"PROBE";4;63;0x00001d2a;195;1952185;776222;438236;1120708;1132148;751;0;NOSTRESS
138700387300;16807;"NEAR_P1";"INTERVAL";"PROBE";4;63;0x00001d2a;195;1947150;773392;435274;1111704;1132189;14;0;NOSTRESS
138700404111;16929;"NEAR_P1";"INTERVAL";"PROBE";4;63;0x00001d2a;195;1949404;774747;437512;1117740;1131293;524;0;NOSTRESS
138700421045;16809;"NEAR_P1";"INTERVAL";"PROBE";4;63;0x00001d2a;195;1948643;773697;435332;1111655;1132930;11;0;NOSTRESS
138700437859;16924;"NEAR_P1";"INTERVAL";"PROBE";4;63;0x00001d2a;195;1951791;775359;437576;1117910;1132832;483;0;NOSTRESS
138700454788;16801;"NEAR_P1";"INTERVAL";"PROBE";4;63;0x00001d2a;195;1947752;773259;435164;1111187;1132450;10;0;NOSTRESS
138700471594;16905;"NEAR_P1";"INTERVAL";"PROBE";4;63;0x00001d2a;195;1947611;774238;437384;1117261;1130278;481;0;NOSTRESS
138700488504;16809;"NEAR_P1";"INTERVAL";"PROBE";4;63;0x00001d2a;195;1948493;773615;435317;1111604;1132884;8;0;NOSTRESS
138700505317;16904;"NEAR_P1";"INTERVAL";"PROBE";4;63;0x00001d2a;195;1949383;774511;437436;1117343;1131312;476;0;NOSTRESS
138700522225;16933;"NEAR_P1";"INTERVAL";"PROBE";4;63;0x00001d2a;195;1953914;776219;438179;1119828;1133547;602;0;NOSTRESS
138700539162;16811;"NEAR_P1";"INTERVAL";"PROBE";4;63;0x00001d2a;195;1948585;773612;435300;1111501;1132918;20;0;NOSTRESS
138700555977;16902;"NEAR_P1";"INTERVAL";"PROBE";4;63;0x00001d2a;195;1950826;775173;437604;1117836;1132215;497;0;NOSTRESS
138700572883;16804;"NEAR_P1";"INTERVAL";"PROBE";4;63;0x00001d2a;195;1947169;773161;435207;1111215;1132132;18;0;NOSTRESS
138700589691;16894;"NEAR_P1";"INTERVAL";"PROBE";4;63;0x00001d2a;195;1950750;775113;437601;1117724;1132082;471;0;NOSTRESS
138700606589;16809;"NEAR_P1";"INTERVAL";"PROBE";4;63;0x00001d2a;195;1947956;773536;435255;1111485;1132739;18;0;NOSTRESS
138700623402;16920;"NEAR_P1";"INTERVAL";"PROBE";4;63;0x00001d2a;195;1954001;776063;437694;1118474;1134138;470;0;NOSTRESS
138700640326;16810;"NEAR_P1";"INTERVAL";"PROBE";4;63;0x00001d2a;195;1948618;773571;435355;1111429;1133094;15;0;NOSTRESS
138700657140;16906;"NEAR_P1";"INTERVAL";"PROBE";4;63;0x00001d2a;195;1949463;774736;437538;1117678;1131377;468;0;NOSTRESS
138700674050;16802;"NEAR_P1";"INTERVAL";"PROBE";4;63;0x00001d2a;195;1946816;773106;435190;1111285;1131927;16;0;NOSTRESS
138700690857;16899;"NEAR_P1";"INTERVAL";"PROBE";4;63;0x00001d2a;195;1952022;775319;437653;1117992;1132971;474;0;NOSTRESS
138700707778;24557;"TRAJ_R1";"INTERVAL";"PROBE";4;63;0x00001d2a;195;2582155;1050895;654742;1600858;1628534;543;0;NOSTRESS
138701969862;361484;"MAF";"INTERVAL";"PROBE";4;63;0x00001d2a;196;41488613;16506063;9378577;23876311;24218110;7090;0;NOSTRESS
138701969881;76;"SENS_C1";"INTERVAL";"PROBE";4;63;0x00001d2a;196;737;615;436;1025;0;113;0;NOSTRESS
138701969961;101;"LOC_C1";"INTERVAL";"PROBE";4;63;0x00001d2a;196;3760;1809;1235;3092;1803;160;0;NOSTRESS
138701970067;18;"LOC_C2";"INTERVAL";"PROBE";4;63;0x00001d2a;196;344;292;195;592;17;19;0;NOSTRESS
138701970089;94;"LOC_C3";"INTERVAL";"PROBE";4;63;0x00001d2a;196;8708;2398;1701;7568;3766;63;0;NOSTRESS
138701970187;22;"LOC_C4";"INTERVAL";"PROBE";4;63;0x00001d2a;196;341;272;208;575;0;27;0;NOSTRESS
138701970213;17035;"NEAR_P1";"INTERVAL";"PROBE";4;63;0x00001d2a;196;1948303;774666;438151;1119753;1129942;840;0;NOSTRESS
138701987252;16795;"NEAR_P1";"INTERVAL";"PROBE";4;63;0x00001d2a;196;1945439;772636;435171;1110824;1131175;14;0;NOSTRESS
138702004051;16889;"NEAR_P1";"INTERVAL";"PROBE";4;63;0x00001d2a;196;1948454;774242;437562;1117310;1130689;520;0;NOSTRESS
138702020944;16794;"NEAR_P1";"INTERVAL";"PROBE";4;63;0x00001d2a;196;1946994;772832;435193;1110395;1132309;11;0;NOSTRESS
138702037742;16894;"NEAR_P1";"INTERVAL";"PROBE";4;63;0x00001d2a;196;1951624;775096;437573;1117400;1132883;479;0;NOSTRESS
138702054641;16786;"NEAR_P1";"INTERVAL";"PROBE";4;63;0x00001d2a;196;1945001;772256;435134;1110215;1130988;8;0;NOSTRESS
138702071431;16918;"NEAR_P1";"INTERVAL";"PROBE";4;63;0x00001d2a;196;1948639;774244;437474;1116901;1131124;482;0;NOSTRESS
138702088354;16787;"NEAR_P1";"INTERVAL";"PROBE";4;63;0x00001d2a;196;1944558;772145;435150;1110116;1130805;9;0;NOSTRESS
138702105145;16897;"NEAR_P1";"INTERVAL";"PROBE";4;63;0x00001d2a;196;1947301;773663;437457;1116508;1130279;491;0;NOSTRESS
138702122047;16904;"NEAR_P1";"INTERVAL";"PROBE";4;63;0x00001d2a;196;1947128;773578;437331;1116341;1130322;459;0;NOSTRESS
138702138955;16788;"NEAR_P1";"INTERVAL";"PROBE";4;63;0x00001d2a;196;1945474;772207;435090;1109999;1131447;19;0;NOSTRESS
138702155748;16892;"NEAR_P1";"INTERVAL";"PROBE";4;63;0x00001d2a;196;1946238;773617;437344;1116473;1129628;469;0;NOSTRESS
138702172644;16793;"NEAR_P1";"INTERVAL";"PROBE";4;63;0x00001d2a;196;1945646;772461;435173;1110332;1131448;19;0;NOSTRESS
138702189441;16914;"NEAR_P1";"INTERVAL";"PROBE";4;63;0x00001d2a;196;1950964;775078;438016;1118765;1132093;603;0;NOSTRESS
138702206359;16785;"NEAR_P1";"INTERVAL";"PROBE";4;63;0x00001d2a;196;1945515;772092;435084;1109933;1131469;19;0;NOSTRESS
138702223148;16887;"NEAR_P1";"INTERVAL";"PROBE";4;63;0x00001d2a;196;1950105;774409;437530;1116902;1131988;498;0;NOSTRESS
138702240039;16786;"NEAR_P1";"INTERVAL";"PROBE";4;63;0x00001d2a;196;1946067;772307;435090;1109970;1131934;19;0;NOSTRESS
138702256829;16875;"NEAR_P1";"INTERVAL";"PROBE";4;63;0x00001d2a;196;1948173;773977;437441;1116606;1130892;467;0;NOSTRESS
138702273709;16772;"NEAR_P1";"INTERVAL";"PROBE";4;63;0x00001d2a;196;1943001;771489;435014;1109484;1129875;16;0;NOSTRESS
138702290485;16881;"NEAR_P1";"INTERVAL";"PROBE";4;63;0x00001d2a;196;1948915;774200;437550;1116805;1131299;469;0;NOSTRESS
138702307371;23971;"TRAJ_R1";"INTERVAL";"PROBE";4;63;0x00001d2a;196;2521583;1026403;639234;1563195;1589935;551;0;NOSTRESS
138703569863;361185;"MAF";"INTERVAL";"PROBE";4;63;0x00001d2a;197;41486892;16495970;9363422;23844578;24222842;7293;0;NOSTRESS
138703569885;79;"SENS_C1";"INTERVAL";"PROBE";4;63;0x00001d2a;197;740;615;436;1039;0;114;0;NOSTRESS
138703569969;95;"LOC_C1";"INTERVAL";"PROBE";4;63;0x00001d2a;197;3796;1848;1245;3141;1829;160;0;NOSTRESS
138703570069;17;"LOC_C2";"INTERVAL";"PROBE";4;63;0x00001d2a;197;344;292;195;592;17;18;0;NOSTRESS
138703570090;93;"LOC_C3";"INTERVAL";"PROBE";4;63;0x00001d2a;197;8781;2418;1690;7517;3840;59;0;NOSTRESS
138703570188;21;"LOC_C4";"INTERVAL";"PROBE";4;63;0x00001d2a;197;346;281;209;589;0;30;0;NOSTRESS
138703570214;17035;"NEAR_P1";"INTERVAL";"PROBE";4;63;0x00001d2a;197;1950878;775469;437914;1119776;1131733;765;0;NOSTRESS
138703587254;16937;"NEAR_P1";"INTERVAL";"PROBE";4;63;0x00001d2a;197;1947273;773169;435107;1111002;1132333;42;0;NOSTRESS
138703604195;16920;"NEAR_P1";"INTERVAL";"PROBE";4;63;0x00001d2a;197;1954077;775811;437580;1117994;1134544;625;0;NOSTRESS
138703621119;16793;"NEAR_P1";"INTERVAL";"PROBE";4;63;0x00001d2a;197;1948330;773102;435046;1110289;1133503;11;0;NOSTRESS
138703637916;16889;"NEAR_P1";"INTERVAL";"PROBE";4;63;0x00001d2a;197;1950313;774527;437393;1116847;1132491;497;0;NOSTRESS
138703654809;16794;"NEAR_P1";"INTERVAL";"PROBE";4;63;0x00001d2a;197;1948168;773044;435008;1110293;1133475;9;0;NOSTRESS
138703671607;16888;"NEAR_P1";"INTERVAL";"PROBE";4;63;0x00001d2a;197;1952065;774911;437369;1117119;1133548;492;0;NOSTRESS
138703688500;16790;"NEAR_P1";"INTERVAL";"PROBE";4;63;0x00001d2a;197;1948056;772892;434994;1110262;1133395;7;0;NOSTRESS
138703705294;16884;"NEAR_P1";"INTERVAL";"PROBE";4;63;0x00001d2a;197;1951251;774769;437345;1116783;1133186;470;0;NOSTRESS
138703722182;16909;"NEAR_P1";"INTERVAL";"PROBE";4;63;0x00001d2a;197;1953010;775398;437513;1117551;1134229;465;0;NOSTRESS
138703739095;16782;"NEAR_P1";"INTERVAL";"PROBE";4;63;0x00001d2a;197;1946472;772366;434867;1109789;1132478;18;0;NOSTRESS
138703755881;16894;"NEAR_P1";"INTERVAL";"PROBE";4;63;0x00001d2a;197;1952483;775165;437477;1117218;1133765;456;0;NOSTRESS
138703772779;16796;"NEAR_P1";"INTERVAL";"PROBE";4;63;0x00001d2a;197;1948732;773048;435048;1110206;1133784;17;0;NOSTRESS
138703789579;16919;"NEAR_P1";"INTERVAL";"PROBE";4;63;0x00001d2a;197;1950374;774157;438637;1117064;1132294;406;0;NOSTRESS
138703806502;16788;"NEAR_P1";"INTERVAL";"PROBE";4;63;0x00001d2a;197;1947520;772623;434957;1109953;1133141;15;0;NOSTRESS
138703823294;16932;"NEAR_P1";"INTERVAL";"PROBE";4;63;0x00001d2a;197;1950848;774791;437738;1118340;1132402;612;0;NOSTRESS
138703840231;16779;"NEAR_P1";"INTERVAL";"PROBE";4;63;0x00001d2a;197;1945445;772087;434918;1109571;1131817;17;0;NOSTRESS
138703857014;16894;"NEAR_P1";"INTERVAL";"PROBE";4;63;0x00001d2a;197;1952272;775025;437455;1117143;1133763;506;0;NOSTRESS
138703873912;16795;"NEAR_P1";"INTERVAL";"PROBE";4;63;0x00001d2a;197;1948249;772895;434982;1110321;1133568;16;0;NOSTRESS
138703890711;16884;"NEAR_P1";"INTERVAL";"PROBE";4;63;0x00001d2a;197;1950115;774399;437413;1116689;1132424;468;0;NOSTRESS
138703907616;23428;"TRAJ_R1";"INTERVAL";"PROBE";4;63;0x00001d2a;197;2466673;1003449;624372;1526942;1555283;551;0;NOSTRESS
138705169866;360684;"MAF";"INTERVAL";"PROBE";4;63;0x00001d2a;198;41469622;16482770;9345722;23810225;24212136;6783;0;NOSTRESS
138705169888;77;"SENS_C1";"INTERVAL";"PROBE";4;63;0x00001d2a;198;746;639;437;1021;0;117;0;NOSTRESS
138705169970;97;"LOC_C1";"INTERVAL";"PROBE";4;63;0x00001d2a;198;3811;1830;1232;3082;1849;158;0;NOSTRESS
138705170071;19;"LOC_C2";"INTERVAL";"PROBE";4;63;0x00001d2a;198;347;294;197;600;17;22;0;NOSTRESS
138705170094;98;"LOC_C3";"INTERVAL";"PROBE";4;63;0x00001d2a;198;8858;2455;1708;7582;3874;60;0;NOSTRESS
138705170197;21;"LOC_C4";"INTERVAL";"PROBE";4;63;0x00001d2a;198;349;277;210;590;0;30;0;NOSTRESS
138705170222;17031;"NEAR_P1";"INTERVAL";"PROBE";4;63;0x00001d2a;198;1954386;776216;437994;1120299;1134021;748;0;NOSTRESS
138705187257;16794;"NEAR_P1";"INTERVAL";"PROBE";4;63;0x00001d2a;198;1949314;773205;434978;1110719;1133918;12;0;NOSTRESS
138705204056;16920;"NEAR_P1";"INTERVAL";"PROBE";4;63;0x00001d2a;198;1953589;775475;437394;1117714;1134201;527;0;NOSTRESS
138705220980;16790;"NEAR_P1";"INTERVAL";"PROBE";4;63;0x00001d2a;198;1948823;772866;434951;1110120;1133735;10;0;NOSTRESS
138705237774;16890;"NEAR_P1";"INTERVAL";"PROBE";4;63;0x00001d2a;198;1953898;775166;437390;1116800;1134723;487;0;NOSTRESS
138705254669;16799;"NEAR_P1";"INTERVAL";"PROBE";4;63;0x00001d2a;198;1950666;773509;435016;1110505;1135001;8;0;NOSTRESS
138705271472;16911;"NEAR_P1";"INTERVAL";"PROBE";4;63;0x00001d2a;198;1953290;775476;437391;1117299;1134218;479;0;NOSTRESS
138705288387;16811;"NEAR_P1";"INTERVAL";"PROBE";4;63;0x00001d2a;198;1952063;774136;435051;1111055;1135689;8;0;NOSTRESS
138705305202;16904;"NEAR_P1";"INTERVAL";"PROBE";4;63;0x00001d2a;198;1951537;774828;437246;1116879;1133316;478;0;NOSTRESS
138705322111;16890;"NEAR_P1";"INTERVAL";"PROBE";4;63;0x00001d2a;198;1952720;774985;437287;1116845;1134017;469;0;NOSTRESS
138705339005;16810;"NEAR_P1";"INTERVAL";"PROBE";4;63;0x00001d2a;198;1950762;773852;435007;1110915;1135147;17;0;NOSTRESS
138705355819;16903;"NEAR_P1";"INTERVAL";"PROBE";4;63;0x00001d2a;198;1952496;775174;437384;1117183;1133883;467;0;NOSTRESS
138705372727;16800;"NEAR_P1";"INTERVAL";"PROBE";4;63;0x00001d2a;198;1949281;773368;434998;1110421;1134114;16;0;NOSTRESS
138705389532;16917;"NEAR_P1";"INTERVAL";"PROBE";4;63;0x00001d2a;198;1952343;774852;437261;1116749;1133962;460;0;NOSTRESS
138705406453;16803;"NEAR_P1";"INTERVAL";"PROBE";4;63;0x00001d2a;198;1950059;773553;435023;1110592;1134682;15;0;NOSTRESS
138705423260;16915;"NEAR_P1";"INTERVAL";"PROBE";4;63;0x00001d2a;198;1953134;775352;437416;1117226;1134220;453;0;NOSTRESS
138705440179;16807;"NEAR_P1";"INTERVAL";"PROBE";4;63;0x00001d2a;198;1951098;773813;435029;1110685;1135169;15;0;NOSTRESS
138705456990;16941;"NEAR_P1";"INTERVAL";"PROBE";4;63;0x00001d2a;198;1955088;776189;437496;1117882;1135287;463;0;NOSTRESS
138705473935;16795;"NEAR_P1";"INTERVAL";"PROBE";4;63;0x00001d2a;198;1948399;772951;434906;1110197;1133668;15;0;NOSTRESS
138705490735;16902;"NEAR_P1";"INTERVAL";"PROBE";4;63;0x00001d2a;198;1950429;774451;437231;1116554;1132639;460;0;NOSTRESS
138705507642;22904;"TRAJ_R1";"INTERVAL";"PROBE";4;63;0x00001d2a;198;2412515;980787;609445;1491485;1520786;552;0;NOSTRESS
138706769847;360301;"MAF";"INTERVAL";"PROBE";4;63;0x00001d2a;199;41381381;16451331;9334657;23779262;24153765;7339;0;NOSTRESS
138706769867;81;"SENS_C1";"INTERVAL";"PROBE";4;63;0x00001d2a;199;735;626;437;1017;0;117;0;NOSTRESS
138706769952;95;"LOC_C1";"INTERVAL";"PROBE";4;63;0x00001d2a;199;3664;1788;1234;3058;1761;158;0;NOSTRESS
138706770051;24;"LOC_C2";"INTERVAL";"PROBE";4;63;0x00001d2a;199;347;293;195;600;17;19;0;NOSTRESS
138706770079;92;"LOC_C3";"INTERVAL";"PROBE";4;63;0x00001d2a;199;8615;2345;1682;7490;3740;59;0;NOSTRESS
138706770176;25;"LOC_C4";"INTERVAL";"PROBE";4;63;0x00001d2a;199;349;278;211;595;0;29;0;NOSTRESS
138706770205;17049;"NEAR_P1";"INTERVAL";"PROBE";4;63;0x00001d2a;199;1953885;775692;437824;1119010;1133843;752;0;NOSTRESS
138706787258;16791;"NEAR_P1";"INTERVAL";"PROBE";4;63;0x00001d2a;199;1946301;772661;435002;1110676;1131765;16;0;NOSTRESS
138706804053;17032;"NEAR_P1";"INTERVAL";"PROBE";4;63;0x00001d2a;199;1953050;775645;438695;1121450;1132661;724;0;NOSTRESS
138706821089;16797;"NEAR_P1";"INTERVAL";"PROBE";4;63;0x00001d2a;199;1948875;773012;434972;1110640;1133793;8;0;NOSTRESS
138706837890;16888;"NEAR_P1";"INTERVAL";"PROBE";4;63;0x00001d2a;199;1950963;774462;437344;1116834;1132900;504;0;NOSTRESS
138706854783;16790;"NEAR_P1";"INTERVAL";"PROBE";4;63;0x00001d2a;199;1947625;772727;434977;1110351;1133015;10;0;NOSTRESS
138706871577;16883;"NEAR_P1";"INTERVAL";"PROBE";4;63;0x00001d2a;199;1951050;774579;437340;1116939;1132947;483;0;NOSTRESS
138706888465;16797;"NEAR_P1";"INTERVAL";"PROBE";4;63;0x00001d2a;199;1948920;773120;435079;1110578;1133835;8;0;NOSTRESS
138706905266;16883;"NEAR_P1";"INTERVAL";"PROBE";4;63;0x00001d2a;199;1950767;774666;437363;1116879;1132707;483;0;NOSTRESS
138706922153;16916;"NEAR_P1";"INTERVAL";"PROBE";4;63;0x00001d2a;199;1954440;775692;437476;1117822;1134973;467;0;NOSTRESS
138706939074;16788;"NEAR_P1";"INTERVAL";"PROBE";4;63;0x00001d2a;199;1946771;772578;434993;1110213;1132499;16;0;NOSTRESS
138706955866;17033;"NEAR_P1";"INTERVAL";"PROBE";4;63;0x00001d2a;199;1949039;773960;437313;1116432;1131685;611;0;NOSTRESS
138706972904;16801;"NEAR_P1";"INTERVAL";"PROBE";4;63;0x00001d2a;199;1948897;773218;435090;1110590;1133754;17;0;NOSTRESS
138706989709;16888;"NEAR_P1";"INTERVAL";"PROBE";4;63;0x00001d2a;199;1952061;774777;437384;1117167;1133632;469;0;NOSTRESS
138707006601;16799;"NEAR_P1";"INTERVAL";"PROBE";4;63;0x00001d2a;199;1948941;773138;435053;1110459;1133808;17;0;NOSTRESS
138707023404;16887;"NEAR_P1";"INTERVAL";"PROBE";4;63;0x00001d2a;199;1950901;774705;437441;1116963;1132773;465;0;NOSTRESS
138707040295;16793;"NEAR_P1";"INTERVAL";"PROBE";4;63;0x00001d2a;199;1947569;772802;435054;1110326;1132842;17;0;NOSTRESS
138707057092;16904;"NEAR_P1";"INTERVAL";"PROBE";4;63;0x00001d2a;199;1950967;774553;437399;1116864;1132716;465;0;NOSTRESS
138707074001;16802;"NEAR_P1";"INTERVAL";"PROBE";4;63;0x00001d2a;199;1948983;773351;435173;1110763;1133677;16;0;NOSTRESS
138707090807;16920;"NEAR_P1";"INTERVAL";"PROBE";4;63;0x00001d2a;199;1952234;775276;437543;1117488;1133540;462;0;NOSTRESS
138707107748;22396;"TRAJ_R1";"INTERVAL";"PROBE";4;63;0x00001d2a;199;2355200;957987;595903;1457638;1484882;491;0;NOSTRESS
138708369839;621476;"MAF";"INTERVAL";"PROBE";4;63;0x00001d2a;200;67777198;27414488;16618377;41174920;40927687;9364;0;NOSTRESS
138708369861;79;"SENS_C1";"INTERVAL";"PROBE";4;63;0x00001d2a;200;749;628;438;1041;0;118;0;NOSTRESS
138708369944;102;"LOC_C1";"INTERVAL";"PROBE";4;63;0x00001d2a;200;3875;1856;1243;3133;1873;155;0;NOSTRESS
138708370050;22;"LOC_C2";"INTERVAL";"PROBE";4;63;0x00001d2a;200;347;294;197;600;17;22;0;NOSTRESS
138708370076;96;"LOC_C3";"INTERVAL";"PROBE";4;63;0x00001d2a;200;8744;2388;1684;7514;3829;61;0;NOSTRESS
138708370176;24;"LOC_C4";"INTERVAL";"PROBE";4;63;0x00001d2a;200;346;281;209;589;0;31;0;NOSTRESS
138708370204;17041;"NEAR_P1";"INTERVAL";"PROBE";4;63;0x00001d2a;200;1954218;776175;437967;1119577;1134078;827;0;NOSTRESS
138708387250;16803;"NEAR_P1";"INTERVAL";"PROBE";4;63;0x00001d2a;200;1948902;773335;435225;1111216;1133513;14;0;NOSTRESS
138708404057;16879;"NEAR_P1";"INTERVAL";"PROBE";4;63;0x00001d2a;200;1948678;773981;437404;1116699;1131401;514;0;NOSTRESS
138708420940;16783;"NEAR_P1";"INTERVAL";"PROBE";4;63;0x00001d2a;200;1945886;772242;434997;1109935;1132153;10;0;NOSTRESS
138708437727;16887;"NEAR_P1";"INTERVAL";"PROBE";4;63;0x00001d2a;200;1951048;774680;437382;1117001;1133079;484;0;NOSTRESS
138708454618;16785;"NEAR_P1";"INTERVAL";"PROBE";4;63;0x00001d2a;200;1946813;772464;434977;1109968;1132692;9;0;NOSTRESS
138708471407;16885;"NEAR_P1";"INTERVAL";"PROBE";4;63;0x00001d2a;200;1951582;774699;437449;1116650;1133479;476;0;NOSTRESS
138708488297;16785;"NEAR_P1";"INTERVAL";"PROBE";4;63;0x00001d2a;200;1946490;772455;435020;1110008;1132511;9;0;NOSTRESS
138708505086;16903;"NEAR_P1";"INTERVAL";"PROBE";4;63;0x00001d2a;200;1952827;775180;437391;1116895;1134392;393;0;NOSTRESS
138708521993;16892;"NEAR_P1";"INTERVAL";"PROBE";4;63;0x00001d2a;200;1952446;775190;437446;1117309;1133990;461;0;NOSTRESS
138708538890;16780;"NEAR_P1";"INTERVAL";"PROBE";4;63;0x00001d2a;200;1946043;772095;434964;1109601;1132342;20;0;NOSTRESS
138708555674;16891;"NEAR_P1";"INTERVAL";"PROBE";4;63;0x00001d2a;200;1952359;775156;437443;1117256;1133938;456;0;NOSTRESS
138708572569;16786;"NEAR_P1";"INTERVAL";"PROBE";4;63;0x00001d2a;200;1946452;772376;434995;1109817;1132592;20;0;NOSTRESS
138708589359;16914;"NEAR_P1";"INTERVAL";"PROBE";4;63;0x00001d2a;200;1950887;774467;437392;1116816;1132985;468;0;NOSTRESS
138708606277;16774;"NEAR_P1";"INTERVAL";"PROBE";4;63;0x00001d2a;200;1944286;771761;434911;1109226;1131292;18;0;NOSTRESS
138708623055;16903;"NEAR_P1";"INTERVAL";"PROBE";4;63;0x00001d2a;200;1951078;774569;437349;1116732;1133144;463;0;NOSTRESS
138708639962;16779;"NEAR_P1";"INTERVAL";"PROBE";4;63;0x00001d2a;200;1945482;771934;434891;1109626;1132108;16;0;NOSTRESS
138708656745;16863;"NEAR_P1";"INTERVAL";"PROBE";4;63;0x00001d2a;200;1946913;773402;437258;1115897;1130674;467;0;NOSTRESS
138708673613;16786;"NEAR_P1";"INTERVAL";"PROBE";4;63;0x00001d2a;200;1946766;772575;435018;1109947;1132895;16;0;NOSTRESS
138708690403;16890;"NEAR_P1";"INTERVAL";"PROBE";4;63;0x00001d2a;200;1951436;774791;437449;1117015;1133393;463;0;NOSTRESS
138708707314;283997;"TRAJ_R1";"INTERVAL";"PROBE";4;63;0x00001d2a;200;28772950;11928436;7881636;18865668;18265317;3137;0;NOSTRESS
138709969900;744987;"MAF";"INTERVAL";"PROBE";4;63;0x00001d2a;201;80060516;32541851;20109972;49444412;48758988;11026;0;NOSTRESS
138709969922;68;"SENS_C1";"INTERVAL";"PROBE";4;63;0x00001d2a;201;734;616;437;1025;0;116;0;NOSTRESS
138709969994;95;"LOC_C1";"INTERVAL";"PROBE";4;63;0x00001d2a;201;3780;1852;1246;3130;1822;153;0;NOSTRESS
138709970093;19;"LOC_C2";"INTERVAL";"PROBE";4;63;0x00001d2a;201;344;292;195;592;17;20;0;NOSTRESS
138709970116;93;"LOC_C3";"INTERVAL";"PROBE";4;63;0x00001d2a;201;8646;2394;1710;7546;3751;60;0;NOSTRESS
138709970213;23;"LOC_C4";"INTERVAL";"PROBE";4;63;0x00001d2a;201;347;279;210;591;0;32;0;NOSTRESS
138709970240;17062;"NEAR_P1";"INTERVAL";"PROBE";4;63;0x00001d2a;201;1955906;777527;438111;1121393;1133913;774;0;NOSTRESS
138709987306;16790;"NEAR_P1";"INTERVAL";"PROBE";4;63;0x00001d2a;201;1947897;772757;435071;1110388;1133101;14;0;NOSTRESS
138710004100;16939;"NEAR_P1";"INTERVAL";"PROBE";4;63;0x00001d2a;201;1954981;775978;438424;1119954;1134525;610;0;NOSTRESS
138710021044;16778;"NEAR_P1";"INTERVAL";"PROBE";4;63;0x00001d2a;201;1946560;772119;434949;1109901;1132510;9;0;NOSTRESS
138710037827;16884;"NEAR_P1";"INTERVAL";"PROBE";4;63;0x00001d2a;201;1951563;774555;437347;1116807;1133336;503;0;NOSTRESS
138710054715;16788;"NEAR_P1";"INTERVAL";"PROBE";4;63;0x00001d2a;201;1948451;772733;435012;1110170;1133747;10;0;NOSTRESS
138710071507;16883;"NEAR_P1";"INTERVAL";"PROBE";4;63;0x00001d2a;201;1952296;774720;437368;1116613;1133912;488;0;NOSTRESS
138710088395;16794;"NEAR_P1";"INTERVAL";"PROBE";4;63;0x00001d2a;201;1949648;773077;435128;1110250;1134480;9;0;NOSTRESS
138710105193;16888;"NEAR_P1";"INTERVAL";"PROBE";4;63;0x00001d2a;201;1952344;774876;437462;1116855;1133805;483;0;NOSTRESS
138710122085;16921;"NEAR_P1";"INTERVAL";"PROBE";4;63;0x00001d2a;201;1952089;774840;437438;1116864;1133537;463;0;NOSTRESS
138710139011;16800;"NEAR_P1";"INTERVAL";"PROBE";4;63;0x00001d2a;201;1949998;773416;435092;1110656;1134414;19;0;NOSTRESS
138710155815;16915;"NEAR_P1";"INTERVAL";"PROBE";4;63;0x00001d2a;201;1950304;774482;437351;1116605;1132450;462;0;NOSTRESS
138710172734;16790;"NEAR_P1";"INTERVAL";"PROBE";4;63;0x00001d2a;201;1948439;772896;435051;1110103;1133566;18;0;NOSTRESS
138710189528;16924;"NEAR_P1";"INTERVAL";"PROBE";4;63;0x00001d2a;201;1951918;774993;437875;1118152;1132954;612;0;NOSTRESS
138710206456;16788;"NEAR_P1";"INTERVAL";"PROBE";4;63;0x00001d2a;201;1947353;772740;435060;1109914;1133003;18;0;NOSTRESS
138710223248;16891;"NEAR_P1";"INTERVAL";"PROBE";4;63;0x00001d2a;201;1951753;774864;437462;1117039;1133336;502;0;NOSTRESS
138710240143;16791;"NEAR_P1";"INTERVAL";"PROBE";4;63;0x00001d2a;201;1947964;772841;435033;1110197;1133194;17;0;NOSTRESS
138710256938;16924;"NEAR_P1";"INTERVAL";"PROBE";4;63;0x00001d2a;201;1952802;775318;437409;1117057;1134196;469;0;NOSTRESS
138710273866;16784;"NEAR_P1";"INTERVAL";"PROBE";4;63;0x00001d2a;201;1946140;772358;434990;1109943;1132044;16;0;NOSTRESS
138710290654;16915;"NEAR_P1";"INTERVAL";"PROBE";4;63;0x00001d2a;201;1953981;775405;437476;1117196;1134604;470;0;NOSTRESS
138710307590;407292;"TRAJ_R1";"INTERVAL";"PROBE";4;63;0x00001d2a;201;41024712;17046847;11371027;27126282;26082771;4434;0;NOSTRESS
138711569872;783590;"MAF";"INTERVAL";"PROBE";4;63;0x00001d2a;202;83809750;34128028;21203418;52025552;51155409;11434;0;NOSTRESS
138711570015;67;"SENS_C1";"INTERVAL";"PROBE";4;63;0x00001d2a;202;761;640;437;1048;0;119;0;NOSTRESS
138711570087;96;"LOC_C1";"INTERVAL";"PROBE";4;63;0x00001d2a;202;3815;1869;1244;3167;1827;155;0;NOSTRESS
138711570187;19;"LOC_C2";"INTERVAL";"PROBE";4;63;0x00001d2a;202;350;295;197;608;17;21;0;NOSTRESS
138711570210;93;"LOC_C3";"INTERVAL";"PROBE";4;63;0x00001d2a;202;8653;2404;1694;7528;3739;57;0;NOSTRESS
138711570307;22;"LOC_C4";"INTERVAL";"PROBE";4;63;0x00001d2a;202;351;278;210;595;0;27;0;NOSTRESS
138711570333;17107;"NEAR_P1";"INTERVAL";"PROBE";4;63;0x00001d2a;202;1956843;778513;438336;1122460;1134052;869;0;NOSTRESS
138711587445;16805;"NEAR_P1";"INTERVAL";"PROBE";4;63;0x00001d2a;202;1948823;773551;435249;1111279;1133393;14;0;NOSTRESS
138711604254;16888;"NEAR_P1";"INTERVAL";"PROBE";4;63;0x00001d2a;202;1949323;774316;437430;1117001;1131538;511;0;NOSTRESS
138711621146;16807;"NEAR_P1";"INTERVAL";"PROBE";4;63;0x00001d2a;202;1949181;773526;435204;1111045;1133892;10;0;NOSTRESS
138711637957;16888;"NEAR_P1";"INTERVAL";"PROBE";4;63;0x00001d2a;202;1950865;774818;437515;1116665;1132892;484;0;NOSTRESS
138711654850;16784;"NEAR_P1";"INTERVAL";"PROBE";4;63;0x00001d2a;202;1945561;772344;435028;1109742;1131856;10;0;NOSTRESS
138711671638;16959;"NEAR_P1";"INTERVAL";"PROBE";4;63;0x00001d2a;202;1951922;775477;438302;1119389;1132720;567;0;NOSTRESS
138711688601;16812;"NEAR_P1";"INTERVAL";"PROBE";4;63;0x00001d2a;202;1950227;774028;435181;1110919;1134508;7;0;NOSTRESS
138711705417;16884;"NEAR_P1";"INTERVAL";"PROBE";4;63;0x00001d2a;202;1948632;774352;437355;1116576;1131457;486;0;NOSTRESS
138711722306;16886;"NEAR_P1";"INTERVAL";"PROBE";4;63;0x00001d2a;202;1949169;774662;437456;1116810;1131783;468;0;NOSTRESS
138711739197;16786;"NEAR_P1";"INTERVAL";"PROBE";4;63;0x00001d2a;202;1944768;772306;434982;1109851;1131239;19;0;NOSTRESS
138711755987;16892;"NEAR_P1";"INTERVAL";"PROBE";4;63;0x00001d2a;202;1950561;774869;437465;1116761;1132814;472;0;NOSTRESS
138711772883;16792;"NEAR_P1";"INTERVAL";"PROBE";4;63;0x00001d2a;202;1945985;772784;435032;1110192;1132073;19;0;NOSTRESS
138711789680;16892;"NEAR_P1";"INTERVAL";"PROBE";4;63;0x00001d2a;202;1950023;774775;437445;1116908;1132541;458;0;NOSTRESS
138711806577;16807;"NEAR_P1";"INTERVAL";"PROBE";4;63;0x00001d2a;202;1947965;773523;435153;1110845;1133316;17;0;NOSTRESS
138711823388;16920;"NEAR_P1";"INTERVAL";"PROBE";4;63;0x00001d2a;202;1950483;774981;437581;1117355;1132565;500;0;NOSTRESS
138711840313;16795;"NEAR_P1";"INTERVAL";"PROBE";4;63;0x00001d2a;202;1946446;772835;435054;1110227;1132348;19;0;NOSTRESS
138711857112;16911;"NEAR_P1";"INTERVAL";"PROBE";4;63;0x00001d2a;202;1949577;774643;437798;1117848;1131703;622;0;NOSTRESS
138711874028;16794;"NEAR_P1";"INTERVAL";"PROBE";4;63;0x00001d2a;202;1945751;772745;435036;1110137;1131961;19;0;NOSTRESS
138711890826;16887;"NEAR_P1";"INTERVAL";"PROBE";4;63;0x00001d2a;202;1948869;774409;437431;1116647;1131643;508;0;NOSTRESS
138711907735;445722;"TRAJ_R1";"INTERVAL";"PROBE";4;63;0x00001d2a;202;44805250;18632011;12463561;29704731;28499532;4732;0;NOSTRESS
138713169892;659452;"MAF";"INTERVAL";"PROBE";4;63;0x00001d2a;203;71444417;28963939;17720446;43750468;43271450;10098;0;NOSTRESS
138713169911;72;"SENS_C1";"INTERVAL";"PROBE";4;63;0x00001d2a;203;757;626;435;1051;0;118;0;NOSTRESS
138713169988;90;"LOC_C1";"INTERVAL";"PROBE";4;63;0x00001d2a;203;3833;1853;1243;3107;1847;161;0;NOSTRESS
138713170083;20;"LOC_C2";"INTERVAL";"PROBE";4;63;0x00001d2a;203;344;292;195;592;17;18;0;NOSTRESS
138713170107;94;"LOC_C3";"INTERVAL";"PROBE";4;63;0x00001d2a;203;8667;2401;1691;7536;3754;61;0;NOSTRESS
138713170205;21;"LOC_C4";"INTERVAL";"PROBE";4;63;0x00001d2a;203;347;278;210;587;0;30;0;NOSTRESS
138713170230;17053;"NEAR_P1";"INTERVAL";"PROBE";4;63;0x00001d2a;203;1951901;776576;438210;1121018;1131132;775;0;NOSTRESS
138713187287;16796;"NEAR_P1";"INTERVAL";"PROBE";4;63;0x00001d2a;203;1948242;773020;435237;1111157;1132894;14;0;NOSTRESS
138713204087;16904;"NEAR_P1";"INTERVAL";"PROBE";4;63;0x00001d2a;203;1949735;774211;437527;1117175;1131655;522;0;NOSTRESS
138713220995;16794;"NEAR_P1";"INTERVAL";"PROBE";4;63;0x00001d2a;203;1948569;772920;435199;1110776;1133258;10;0;NOSTRESS
138713237793;16906;"NEAR_P1";"INTERVAL";"PROBE";4;63;0x00001d2a;203;1950908;774481;437491;1117005;1132521;504;0;NOSTRESS
138713254703;16792;"NEAR_P1";"INTERVAL";"PROBE";4;63;0x00001d2a;203;1948508;772983;435144;1110518;1133513;7;0;NOSTRESS
138713271500;16889;"NEAR_P1";"INTERVAL";"PROBE";4;63;0x00001d2a;203;1952640;774966;437599;1117359;1133633;484;0;NOSTRESS
138713288393;16786;"NEAR_P1";"INTERVAL";"PROBE";4;63;0x00001d2a;203;1946943;772409;435141;1110309;1132456;8;0;NOSTRESS
138713305184;16874;"NEAR_P1";"INTERVAL";"PROBE";4;63;0x00001d2a;203;1948874;773957;437496;1116656;1131304;470;0;NOSTRESS
138713322062;16940;"NEAR_P1";"INTERVAL";"PROBE";4;63;0x00001d2a;203;1953877;775573;438472;1119653;1133703;542;0;NOSTRESS
138713339006;16788;"NEAR_P1";"INTERVAL";"PROBE";4;63;0x00001d2a;203;1947452;772629;435141;1110289;1132735;19;0;NOSTRESS
138713355798;16889;"NEAR_P1";"INTERVAL";"PROBE";4;63;0x00001d2a;203;1951824;774750;437591;1117097;1133109;475;0;NOSTRESS
138713372692;16787;"NEAR_P1";"INTERVAL";"PROBE";4;63;0x00001d2a;203;1947121;772576;435167;1110406;1132528;19;0;NOSTRESS
138713389483;16883;"NEAR_P1";"INTERVAL";"PROBE";4;63;0x00001d2a;203;1951481;774728;437613;1117160;1132934;458;0;NOSTRESS
138713406370;16784;"NEAR_P1";"INTERVAL";"PROBE";4;63;0x00001d2a;203;1945933;772336;435067;1110291;1131779;19;0;NOSTRESS
138713423158;16879;"NEAR_P1";"INTERVAL";"PROBE";4;63;0x00001d2a;203;1951294;774539;437497;1117048;1132895;472;0;NOSTRESS
138713440041;16787;"NEAR_P1";"INTERVAL";"PROBE";4;63;0x00001d2a;203;1947658;772573;435167;1110119;1133100;17;0;NOSTRESS
138713456832;16882;"NEAR_P1";"INTERVAL";"PROBE";4;63;0x00001d2a;203;1952357;774692;437558;1117053;1133722;460;0;NOSTRESS
138713473718;16785;"NEAR_P1";"INTERVAL";"PROBE";4;63;0x00001d2a;203;1947799;772650;435081;1110230;1133099;16;0;NOSTRESS
138713490507;16920;"NEAR_P1";"INTERVAL";"PROBE";4;63;0x00001d2a;203;1953652;775207;437738;1117573;1134456;505;0;NOSTRESS
138713507449;321891;"TRAJ_R1";"INTERVAL";"PROBE";4;63;0x00001d2a;203;32424127;13473634;8979495;21429486;20609406;3657;0;NOSTRESS
138714769898;427889;"MAF";"INTERVAL";"PROBE";4;63;0x00001d2a;204;48094077;19264860;11243340;28307295;28418801;8595;0;NOSTRESS
138714769917;68;"SENS_C1";"INTERVAL";"PROBE";4;63;0x00001d2a;204;746;635;437;1019;0;115;0;NOSTRESS
138714769989;93;"LOC_C1";"INTERVAL";"PROBE";4;63;0x00001d2a;204;3852;1878;1243;3147;1853;156;0;NOSTRESS
138714770086;21;"LOC_C2";"INTERVAL";"PROBE";4;63;0x00001d2a;204;342;292;195;591;17;22;0;NOSTRESS
138714770111;93;"LOC_C3";"INTERVAL";"PROBE";4;63;0x00001d2a;204;8792;2433;1707;7613;3819;59;0;NOSTRESS
138714770208;20;"LOC_C4";"INTERVAL";"PROBE";4;63;0x00001d2a;204;342;279;210;581;0;29;0;NOSTRESS
138714770233;17076;"NEAR_P1";"INTERVAL";"PROBE";4;63;0x00001d2a;204;1953847;777324;438471;1121974;1132221;866;0;NOSTRESS
138714787314;16773;"NEAR_P1";"INTERVAL";"PROBE";4;63;0x00001d2a;204;1943859;771844;435048;1110180;1130338;15;0;NOSTRESS
138714804091;16892;"NEAR_P1";"INTERVAL";"PROBE";4;63;0x00001d2a;204;1950547;774823;437610;1117377;1132142;534;0;NOSTRESS
138714820988;16775;"NEAR_P1";"INTERVAL";"PROBE";4;63;0x00001d2a;204;1944678;772090;435073;1110118;1130829;12;0;NOSTRESS
138714837767;17054;"NEAR_P1";"INTERVAL";"PROBE";4;63;0x00001d2a;204;1952898;775432;437595;1117421;1133814;621;0;NOSTRESS
138714854825;16778;"NEAR_P1";"INTERVAL";"PROBE";4;63;0x00001d2a;204;1945455;772319;435039;1110037;1131476;8;0;NOSTRESS
138714871608;16917;"NEAR_P1";"INTERVAL";"PROBE";4;63;0x00001d2a;204;1950601;774690;437435;1116790;1132297;435;0;NOSTRESS
138714888530;16789;"NEAR_P1";"INTERVAL";"PROBE";4;63;0x00001d2a;204;1947904;773114;435141;1110671;1132787;9;0;NOSTRESS
138714905323;16907;"NEAR_P1";"INTERVAL";"PROBE";4;63;0x00001d2a;204;1949340;774338;437473;1116866;1131566;495;0;NOSTRESS
138714922235;16880;"NEAR_P1";"INTERVAL";"PROBE";4;63;0x00001d2a;204;1950773;774755;437542;1117242;1132406;474;0;NOSTRESS
138714939120;16779;"NEAR_P1";"INTERVAL";"PROBE";4;63;0x00001d2a;204;1945946;772434;435127;1109990;1131762;18;0;NOSTRESS
138714955903;16881;"NEAR_P1";"INTERVAL";"PROBE";4;63;0x00001d2a;204;1950674;774790;437508;1117007;1132355;456;0;NOSTRESS
138714972788;16784;"NEAR_P1";"INTERVAL";"PROBE";4;63;0x00001d2a;204;1947522;772861;435087;1110332;1132788;18;0;NOSTRESS
138714989577;17043;"NEAR_P1";"INTERVAL";"PROBE";4;63;0x00001d2a;204;1951913;775716;439605;1122903;1131276;661;0;NOSTRESS
138715006625;16786;"NEAR_P1";"INTERVAL";"PROBE";4;63;0x00001d2a;204;1947041;772851;435139;1110368;1132479;21;0;NOSTRESS
138715023416;16901;"NEAR_P1";"INTERVAL";"PROBE";4;63;0x00001d2a;204;1950644;774681;437460;1117051;1132399;524;0;NOSTRESS
138715040322;16790;"NEAR_P1";"INTERVAL";"PROBE";4;63;0x00001d2a;204;1947773;773044;435103;1110550;1132799;17;0;NOSTRESS
138715057116;16868;"NEAR_P1";"INTERVAL";"PROBE";4;63;0x00001d2a;204;1948942;774020;437445;1116597;1131266;460;0;NOSTRESS
138715073988;16787;"NEAR_P1";"INTERVAL";"PROBE";4;63;0x00001d2a;204;1947322;772834;435143;1110249;1132657;16;0;NOSTRESS
138715090779;16889;"NEAR_P1";"INTERVAL";"PROBE";4;63;0x00001d2a;204;1952315;775214;437660;1117417;1133357;462;0;NOSTRESS
138715107691;90091;"TRAJ_R1";"INTERVAL";"PROBE";4;63;0x00001d2a;204;9089769;3772744;2501355;5982742;5770098;1634;0;NOSTRESS
138716369910;386636;"MAF";"INTERVAL";"PROBE";4;63;0x00001d2a;205;44121914;17583943;10066861;25541881;25885416;7059;0;NOSTRESS
138716369932;75;"SENS_C1";"INTERVAL";"PROBE";4;63;0x00001d2a;205;756;627;437;1059;0;120;0;NOSTRESS
138716370011;99;"LOC_C1";"INTERVAL";"PROBE";4;63;0x00001d2a;205;3857;1854;1248;3154;1840;159;0;NOSTRESS
138716370114;21;"LOC_C2";"INTERVAL";"PROBE";4;63;0x00001d2a;205;350;295;197;608;17;21;0;NOSTRESS
138716370139;97;"LOC_C3";"INTERVAL";"PROBE";4;63;0x00001d2a;205;8864;2424;1704;7646;3841;61;0;NOSTRESS
138716370240;23;"LOC_C4";"INTERVAL";"PROBE";4;63;0x00001d2a;205;349;278;212;597;0;29;0;NOSTRESS
138716370268;17085;"NEAR_P1";"INTERVAL";"PROBE";4;63;0x00001d2a;205;1954836;777846;438576;1122557;1132696;864;0;NOSTRESS
138716387357;16806;"NEAR_P1";"INTERVAL";"PROBE";4;63;0x00001d2a;205;1949588;773672;435374;1111486;1133883;15;0;NOSTRESS
138716404167;16906;"NEAR_P1";"INTERVAL";"PROBE";4;63;0x00001d2a;205;1952937;775530;437714;1118014;1133786;546;0;NOSTRESS
138716421078;16790;"NEAR_P1";"INTERVAL";"PROBE";4;63;0x00001d2a;205;1947337;772759;435204;1110686;1132620;10;0;NOSTRESS
138716437872;16887;"NEAR_P1";"INTERVAL";"PROBE";4;63;0x00001d2a;205;1951358;774730;437623;1117199;1132907;481;0;NOSTRESS
138716454763;16797;"NEAR_P1";"INTERVAL";"PROBE";4;63;0x00001d2a;205;1948859;773339;435269;1111036;1133610;9;0;NOSTRESS
138716471564;16880;"NEAR_P1";"INTERVAL";"PROBE";4;63;0x00001d2a;205;1950600;774529;437548;1117012;1132391;467;0;NOSTRESS
138716488449;16795;"NEAR_P1";"INTERVAL";"PROBE";4;63;0x00001d2a;205;1948263;773018;435267;1110796;1133170;9;0;NOSTRESS
138716505248;16879;"NEAR_P1";"INTERVAL";"PROBE";4;63;0x00001d2a;205;1950847;774489;437560;1116694;1132846;482;0;NOSTRESS
138716522131;16910;"NEAR_P1";"INTERVAL";"PROBE";4;63;0x00001d2a;205;1951191;774612;437463;1117053;1133015;465;0;NOSTRESS
138716539046;16799;"NEAR_P1";"INTERVAL";"PROBE";4;63;0x00001d2a;205;1950500;773478;435260;1110853;1134789;20;0;NOSTRESS
138716555849;16910;"NEAR_P1";"INTERVAL";"PROBE";4;63;0x00001d2a;205;1952972;775135;437591;1117343;1134101;473;0;NOSTRESS
138716572763;16783;"NEAR_P1";"INTERVAL";"PROBE";4;63;0x00001d2a;205;1946851;772465;435101;1110126;1132577;18;0;NOSTRESS
138716589550;16887;"NEAR_P1";"INTERVAL";"PROBE";4;63;0x00001d2a;205;1952674;775037;437576;1117362;1133897;467;0;NOSTRESS
138716606441;16789;"NEAR_P1";"INTERVAL";"PROBE";4;63;0x00001d2a;205;1949178;772950;435208;1110269;1134056;19;0;NOSTRESS
138716623234;16883;"NEAR_P1";"INTERVAL";"PROBE";4;63;0x00001d2a;205;1952363;774789;437580;1117057;1133729;466;0;NOSTRESS
138716640121;16785;"NEAR_P1";"INTERVAL";"PROBE";4;63;0x00001d2a;205;1946607;772415;435217;1110095;1132308;17;0;NOSTRESS
138716656910;16964;"NEAR_P1";"INTERVAL";"PROBE";4;63;0x00001d2a;205;1954721;776072;438630;1120242;1134066;557;0;NOSTRESS
138716673878;16792;"NEAR_P1";"INTERVAL";"PROBE";4;63;0x00001d2a;205;1947661;772837;435190;1110561;1132870;16;0;NOSTRESS
138716690674;16890;"NEAR_P1";"INTERVAL";"PROBE";4;63;0x00001d2a;205;1951967;774934;437579;1117385;1133207;473;0;NOSTRESS
138716707586;48955;"TRAJ_R1";"INTERVAL";"PROBE";4;63;0x00001d2a;205;5086847;2086754;1324495;3215783;3213194;545;0;NOSTRESS
138717969875;390276;"MAF";"INTERVAL";"PROBE";4;63;0x00001d2a;206;44491188;17732921;10153446;25764768;26116792;7492;0;NOSTRESS
138717969898;74;"SENS_C1";"INTERVAL";"PROBE";4;63;0x00001d2a;206;726;620;432;1003;0;121;0;NOSTRESS
138717969977;91;"LOC_C1";"INTERVAL";"PROBE";4;63;0x00001d2a;206;3691;1807;1239;3091;1776;156;0;NOSTRESS
138717970073;19;"LOC_C2";"INTERVAL";"PROBE";4;63;0x00001d2a;206;344;292;195;592;17;19;0;NOSTRESS
138717970097;91;"LOC_C3";"INTERVAL";"PROBE";4;63;0x00001d2a;206;8738;2385;1692;7567;3812;62;0;NOSTRESS
138717970192;22;"LOC_C4";"INTERVAL";"PROBE";4;63;0x00001d2a;206;344;277;210;582;0;33;0;NOSTRESS
138717970218;17085;"NEAR_P1";"INTERVAL";"PROBE";4;63;0x00001d2a;206;1955750;777606;438418;1121697;1133959;853;0;NOSTRESS
138717987308;16804;"NEAR_P1";"INTERVAL";"PROBE";4;63;0x00001d2a;206;1948562;773497;435323;1111761;1132953;15;0;NOSTRESS
138718004116;16957;"NEAR_P1";"INTERVAL";"PROBE";4;63;0x00001d2a;206;1954296;775919;438151;1119705;1133930;669;0;NOSTRESS
138718021078;16799;"NEAR_P1";"INTERVAL";"PROBE";4;63;0x00001d2a;206;1948938;773344;435262;1111292;1133502;12;0;NOSTRESS
138718037881;16911;"NEAR_P1";"INTERVAL";"PROBE";4;63;0x00001d2a;206;1955267;776070;437692;1118216;1135226;519;0;NOSTRESS
138718054796;16801;"NEAR_P1";"INTERVAL";"PROBE";4;63;0x00001d2a;206;1950694;773629;435262;1111052;1134827;8;0;NOSTRESS
138718071601;16939;"NEAR_P1";"INTERVAL";"PROBE";4;63;0x00001d2a;206;1954257;775854;437620;1118101;1134744;482;0;NOSTRESS
138718088544;16804;"NEAR_P1";"INTERVAL";"PROBE";4;63;0x00001d2a;206;1950619;773764;435254;1111389;1134772;8;0;NOSTRESS
138718105352;16936;"NEAR_P1";"INTERVAL";"PROBE";4;63;0x00001d2a;206;1955878;776291;437761;1118408;1135754;487;0;NOSTRESS
138718122292;16900;"NEAR_P1";"INTERVAL";"PROBE";4;63;0x00001d2a;206;1953084;775387;437718;1118338;1133938;470;0;NOSTRESS
138718139196;16808;"NEAR_P1";"INTERVAL";"PROBE";4;63;0x00001d2a;206;1950759;773857;435278;1111406;1134743;20;0;NOSTRESS
138718156009;16899;"NEAR_P1";"INTERVAL";"PROBE";4;63;0x00001d2a;206;1954241;775736;437637;1118267;1134686;461;0;NOSTRESS
138718172913;16803;"NEAR_P1";"INTERVAL";"PROBE";4;63;0x00001d2a;206;1949354;773563;435268;1111405;1133784;19;0;NOSTRESS
138718189720;16940;"NEAR_P1";"INTERVAL";"PROBE";4;63;0x00001d2a;206;1954777;775877;437678;1118192;1135043;418;0;NOSTRESS
138718206665;16963;"NEAR_P1";"INTERVAL";"PROBE";4;63;0x00001d2a;206;1951572;774110;435298;1111609;1135082;41;0;NOSTRESS
138718223632;16943;"NEAR_P1";"INTERVAL";"PROBE";4;63;0x00001d2a;206;1954836;775985;437631;1118280;1135005;575;0;NOSTRESS
138718240580;16810;"NEAR_P1";"INTERVAL";"PROBE";4;63;0x00001d2a;206;1951851;774151;435283;1111586;1135360;15;0;NOSTRESS
138718257394;16893;"NEAR_P1";"INTERVAL";"PROBE";4;63;0x00001d2a;206;1953444;775391;437534;1117862;1134189;463;0;NOSTRESS
138718274291;16816;"NEAR_P1";"INTERVAL";"PROBE";4;63;0x00001d2a;206;1952942;774579;435276;1111720;1136214;15;0;NOSTRESS
138718291111;16917;"NEAR_P1";"INTERVAL";"PROBE";4;63;0x00001d2a;206;1957554;776834;437751;1118844;1136754;474;0;NOSTRESS
138718308049;52098;"TRAJ_R1";"INTERVAL";"PROBE";4;63;0x00001d2a;206;5408397;2218687;1410091;3422369;3416722;630;0;NOSTRESS
138719569878;393505;"MAF";"INTERVAL";"PROBE";4;63;0x00001d2a;207;44828208;17874018;10251343;25997747;26331604;7314;0;NOSTRESS
138719569901;74;"SENS_C1";"INTERVAL";"PROBE";4;63;0x00001d2a;207;768;632;435;1071;0;118;0;NOSTRESS
138719569979;92;"LOC_C1";"INTERVAL";"PROBE";4;63;0x00001d2a;207;3758;1823;1244;3116;1803;166;0;NOSTRESS
138719570075;18;"LOC_C2";"INTERVAL";"PROBE";4;63;0x00001d2a;207;349;294;197;607;17;21;0;NOSTRESS
138719570097;94;"LOC_C3";"INTERVAL";"PROBE";4;63;0x00001d2a;207;8780;2439;1705;7583;3822;62;0;NOSTRESS
138719570195;22;"LOC_C4";"INTERVAL";"PROBE";4;63;0x00001d2a;207;351;282;213;604;0;28;0;NOSTRESS
138719570221;17103;"NEAR_P1";"INTERVAL";"PROBE";4;63;0x00001d2a;207;1956526;777805;438546;1122458;1134339;854;0;NOSTRESS
138719587329;16819;"NEAR_P1";"INTERVAL";"PROBE";4;63;0x00001d2a;207;1950975;774383;435525;1112447;1134613;15;0;NOSTRESS
138719604152;16910;"NEAR_P1";"INTERVAL";"PROBE";4;63;0x00001d2a;207;1953095;775377;437795;1118465;1133889;519;0;NOSTRESS
138719621066;16795;"NEAR_P1";"INTERVAL";"PROBE";4;63;0x00001d2a;207;1947529;772863;435255;1111255;1132858;10;0;NOSTRESS
138719637865;16899;"NEAR_P1";"INTERVAL";"PROBE";4;63;0x00001d2a;207;1952227;775071;437643;1117909;1133412;482;0;NOSTRESS
138719654769;16803;"NEAR_P1";"INTERVAL";"PROBE";4;63;0x00001d2a;207;1949533;773430;435364;1111473;1134037;9;0;NOSTRESS
138719671577;16925;"NEAR_P1";"INTERVAL";"PROBE";4;63;0x00001d2a;207;1953295;775523;438118;1119242;1133715;607;0;NOSTRESS
138719688507;16798;"NEAR_P1";"INTERVAL";"PROBE";4;63;0x00001d2a;207;1948607;773177;435283;1111296;1133452;9;0;NOSTRESS
138719705309;16899;"NEAR_P1";"INTERVAL";"PROBE";4;63;0x00001d2a;207;1953511;775301;437716;1117861;1134294;505;0;NOSTRESS
138719722212;16896;"NEAR_P1";"INTERVAL";"PROBE";4;63;0x00001d2a;207;1952616;775266;437742;1117917;1133961;461;0;NOSTRESS
138719739112;16810;"NEAR_P1";"INTERVAL";"PROBE";4;63;0x00001d2a;207;1951069;773912;435352;1111540;1134955;19;0;NOSTRESS
138719755926;16893;"NEAR_P1";"INTERVAL";"PROBE";4;63;0x00001d2a;207;1952328;775176;437667;1117859;1133608;454;0;NOSTRESS
138719772823;16799;"NEAR_P1";"INTERVAL";"PROBE";4;63;0x00001d2a;207;1948832;773201;435220;1111078;1133852;20;0;NOSTRESS
138719789627;16899;"NEAR_P1";"INTERVAL";"PROBE";4;63;0x00001d2a;207;1953224;775393;437678;1118165;1134126;460;0;NOSTRESS
138719806531;16791;"NEAR_P1";"INTERVAL";"PROBE";4;63;0x00001d2a;207;1947662;772794;435205;1110755;1132984;18;0;NOSTRESS
138719823326;16901;"NEAR_P1";"INTERVAL";"PROBE";4;63;0x00001d2a;207;1953686;775545;437701;1118210;1134533;467;0;NOSTRESS
138719840232;16790;"NEAR_P1";"INTERVAL";"PROBE";4;63;0x00001d2a;207;1947501;772713;435190;1110802;1132881;16;0;NOSTRESS
138719857026;16917;"NEAR_P1";"INTERVAL";"PROBE";4;63;0x00001d2a;207;1951418;774636;437396;1117050;1133354;415;0;NOSTRESS
138719873948;16808;"NEAR_P1";"INTERVAL";"PROBE";4;63;0x00001d2a;207;1949580;773566;435341;1111634;1133975;14;0;NOSTRESS
138719890760;16925;"NEAR_P1";"INTERVAL";"PROBE";4;63;0x00001d2a;207;1953636;775476;437709;1118062;1134367;467;0;NOSTRESS
138719907707;55671;"TRAJ_R1";"INTERVAL";"PROBE";4;63;0x00001d2a;207;5777743;2370844;1508062;3660047;3648757;869;0;NOSTRESS
138721169897;397334;"MAF";"INTERVAL";"PROBE";4;63;0x00001d2a;208;45231947;18037566;10359908;26255317;26584273;7261;0;NOSTRESS
138721169918;72;"SENS_C1";"INTERVAL";"PROBE";4;63;0x00001d2a;208;782;645;438;1079;0;119;0;NOSTRESS
138721169995;91;"LOC_C1";"INTERVAL";"PROBE";4;63;0x00001d2a;208;3849;1866;1245;3136;1861;159;0;NOSTRESS
138721170090;19;"LOC_C2";"INTERVAL";"PROBE";4;63;0x00001d2a;208;342;292;195;591;17;19;0;NOSTRESS
138721170113;93;"LOC_C3";"INTERVAL";"PROBE";4;63;0x00001d2a;208;8630;2369;1695;7520;3750;61;0;NOSTRESS
138721170210;23;"LOC_C4";"INTERVAL";"PROBE";4;63;0x00001d2a;208;347;277;210;590;0;30;0;NOSTRESS
138721170237;17038;"NEAR_P1";"INTERVAL";"PROBE";4;63;0x00001d2a;208;1955938;776812;438347;1121300;1134268;769;0;NOSTRESS
138721187279;16803;"NEAR_P1";"INTERVAL";"PROBE";4;63;0x00001d2a;208;1949929;773516;435384;1111828;1133884;17;0;NOSTRESS
138721204086;16910;"NEAR_P1";"INTERVAL";"PROBE";4;63;0x00001d2a;208;1952953;775206;437668;1117984;1133837;531;0;NOSTRESS
138721221000;16799;"NEAR_P1";"INTERVAL";"PROBE";4;63;0x00001d2a;208;1949859;773341;435247;1111299;1134119;9;0;NOSTRESS
138721237803;16899;"NEAR_P1";"INTERVAL";"PROBE";4;63;0x00001d2a;208;1952857;775337;437687;1117949;1133579;486;0;NOSTRESS
138721254706;16792;"NEAR_P1";"INTERVAL";"PROBE";4;63;0x00001d2a;208;1949363;773270;435202;1110999;1133897;9;0;NOSTRESS
138721271502;16905;"NEAR_P1";"INTERVAL";"PROBE";4;63;0x00001d2a;208;1952638;775037;437564;1117538;1133694;463;0;NOSTRESS
138721288411;16804;"NEAR_P1";"INTERVAL";"PROBE";4;63;0x00001d2a;208;1950457;773650;435316;1111556;1134454;9;0;NOSTRESS
138721305220;16900;"NEAR_P1";"INTERVAL";"PROBE";4;63;0x00001d2a;208;1953438;775368;437693;1118119;1134059;484;0;NOSTRESS
138721322124;16917;"NEAR_P1";"INTERVAL";"PROBE";4;63;0x00001d2a;208;1952023;774865;437925;1118605;1132974;598;0;NOSTRESS
138721339046;16795;"NEAR_P1";"INTERVAL";"PROBE";4;63;0x00001d2a;208;1949362;773152;435217;1111070;1133848;19;0;NOSTRESS
138721355845;16903;"NEAR_P1";"INTERVAL";"PROBE";4;63;0x00001d2a;208;1954511;775659;437768;1118162;1134705;494;0;NOSTRESS
138721372753;16784;"NEAR_P1";"INTERVAL";"PROBE";4;63;0x00001d2a;208;1948143;772641;435200;1110466;1133269;17;0;NOSTRESS
138721389541;16895;"NEAR_P1";"INTERVAL";"PROBE";4;63;0x00001d2a;208;1953787;775394;437622;1117982;1134323;460;0;NOSTRESS
138721406440;16802;"NEAR_P1";"INTERVAL";"PROBE";4;63;0x00001d2a;208;1950095;773584;435310;1111350;1134150;18;0;NOSTRESS
138721423247;16884;"NEAR_P1";"INTERVAL";"PROBE";4;63;0x00001d2a;208;1951587;774733;437603;1117467;1132882;462;0;NOSTRESS
138721440135;16800;"NEAR_P1";"INTERVAL";"PROBE";4;63;0x00001d2a;208;1948869;773278;435324;1111211;1133321;17;0;NOSTRESS
138721456940;16893;"NEAR_P1";"INTERVAL";"PROBE";4;63;0x00001d2a;208;1952346;775087;437692;1117701;1133335;461;0;NOSTRESS
138721473837;16786;"NEAR_P1";"INTERVAL";"PROBE";4;63;0x00001d2a;208;1947087;772500;435240;1110544;1132271;16;0;NOSTRESS
138721490628;16901;"NEAR_P1";"INTERVAL";"PROBE";4;63;0x00001d2a;208;1954131;775664;437743;1118224;1134279;466;0;NOSTRESS
138721507534;59692;"TRAJ_R1";"INTERVAL";"PROBE";4;63;0x00001d2a;208;6179034;2536945;1617333;3921825;3903497;833;0;NOSTRESS
138722769854;401653;"MAF";"INTERVAL";"PROBE";4;63;0x00001d2a;209;45599157;18205367;10479903;26537079;26811745;7665;0;NOSTRESS
138722769873;81;"SENS_C1";"INTERVAL";"PROBE";4;63;0x00001d2a;209;757;627;438;1047;0;118;0;NOSTRESS
138722769958;91;"LOC_C1";"INTERVAL";"PROBE";4;63;0x00001d2a;209;3730;1824;1245;3113;1768;158;0;NOSTRESS
138722770053;151;"LOC_C2";"INTERVAL";"PROBE";4;63;0x00001d2a;209;340;297;195;620;17;31;0;NOSTRESS
138722770208;97;"LOC_C3";"INTERVAL";"PROBE";4;63;0x00001d2a;209;8690;2356;1687;7562;3759;69;0;NOSTRESS
138722770309;22;"LOC_C4";"INTERVAL";"PROBE";4;63;0x00001d2a;209;347;279;208;589;0;33;0;NOSTRESS
138722770335;17066;"NEAR_P1";"INTERVAL";"PROBE";4;63;0x00001d2a;209;1953599;777093;438499;1121779;1132031;891;0;NOSTRESS
138722787405;16792;"NEAR_P1";"INTERVAL";"PROBE";4;63;0x00001d2a;209;1946785;772818;435269;1111252;1131807;15;0;NOSTRESS
138722804201;16898;"NEAR_P1";"INTERVAL";"PROBE";4;63;0x00001d2a;209;1950323;774788;437718;1117950;1131665;521;0;NOSTRESS
138722821103;16788;"NEAR_P1";"INTERVAL";"PROBE";4;63;0x00001d2a;209;1945759;772545;435229;1110756;1131221;10;0;NOSTRESS
138722837896;16891;"NEAR_P1";"INTERVAL";"PROBE";4;63;0x00001d2a;209;1948232;774189;437582;1117269;1130646;490;0;NOSTRESS
138722854791;16777;"NEAR_P1";"INTERVAL";"PROBE";4;63;0x00001d2a;209;1943787;771777;435126;1110293;1130118;7;0;NOSTRESS
138722871572;16904;"NEAR_P1";"INTERVAL";"PROBE";4;63;0x00001d2a;209;1950172;774531;437590;1117385;1131799;471;0;NOSTRESS
138722888480;16779;"NEAR_P1";"INTERVAL";"PROBE";4;63;0x00001d2a;209;1944127;771916;435160;1110400;1130304;8;0;NOSTRESS
138722905263;16905;"NEAR_P1";"INTERVAL";"PROBE";4;63;0x00001d2a;209;1949506;774504;437644;1117601;1131307;485;0;NOSTRESS
138722922173;16916;"NEAR_P1";"INTERVAL";"PROBE";4;63;0x00001d2a;209;1947209;773803;437547;1116985;1130023;419;0;NOSTRESS
138722939093;16796;"NEAR_P1";"INTERVAL";"PROBE";4;63;0x00001d2a;209;1947710;773002;435287;1111312;1132439;16;0;NOSTRESS
138722955894;16910;"NEAR_P1";"INTERVAL";"PROBE";4;63;0x00001d2a;209;1949950;774444;437584;1117360;1131543;474;0;NOSTRESS
138722972808;16798;"NEAR_P1";"INTERVAL";"PROBE";4;63;0x00001d2a;209;1947778;773194;435312;1111260;1132413;20;0;NOSTRESS
138722989610;16930;"NEAR_P1";"INTERVAL";"PROBE";4;63;0x00001d2a;209;1951452;775231;438171;1119303;1132116;601;0;NOSTRESS
138723006544;16791;"NEAR_P1";"INTERVAL";"PROBE";4;63;0x00001d2a;209;1945822;772652;435293;1110775;1131303;19;0;NOSTRESS
138723023339;16886;"NEAR_P1";"INTERVAL";"PROBE";4;63;0x00001d2a;209;1949525;774456;437651;1117483;1131374;506;0;NOSTRESS
138723040229;16788;"NEAR_P1";"INTERVAL";"PROBE";4;63;0x00001d2a;209;1945510;772379;435266;1110778;1131074;16;0;NOSTRESS
138723057021;16886;"NEAR_P1";"INTERVAL";"PROBE";4;63;0x00001d2a;209;1949974;774691;437668;1117547;1131569;475;0;NOSTRESS
138723073911;16782;"NEAR_P1";"INTERVAL";"PROBE";4;63;0x00001d2a;209;1944374;772056;435171;1110597;1130369;15;0;NOSTRESS
138723090697;16878;"NEAR_P1";"INTERVAL";"PROBE";4;63;0x00001d2a;209;1948520;774162;437615;1117268;1130698;463;0;NOSTRESS
138723107580;63923;"TRAJ_R1";"INTERVAL";"PROBE";4;63;0x00001d2a;209;6614901;2718364;1737247;4208314;4180382;877;0;NOSTRESS
138724369859;406530;"MAF";"INTERVAL";"PROBE";4;63;0x00001d2a;210;46097753;18416565;10618538;26875397;27129808;7382;0;NOSTRESS
138724369879;75;"SENS_C1";"INTERVAL";"PROBE";4;63;0x00001d2a;210;787;641;439;1093;0;126;0;NOSTRESS
138724369959;94;"LOC_C1";"INTERVAL";"PROBE";4;63;0x00001d2a;210;3723;1818;1239;3106;1773;163;0;NOSTRESS
138724370057;18;"LOC_C2";"INTERVAL";"PROBE";4;63;0x00001d2a;210;344;292;195;592;17;20;0;NOSTRESS
138724370080;96;"LOC_C3";"INTERVAL";"PROBE";4;63;0x00001d2a;210;8699;2358;1686;7543;3791;61;0;NOSTRESS
138724370180;23;"LOC_C4";"INTERVAL";"PROBE";4;63;0x00001d2a;210;349;277;210;589;0;30;0;NOSTRESS
138724370208;17041;"NEAR_P1";"INTERVAL";"PROBE";4;63;0x00001d2a;210;1952744;776914;438614;1122238;1131800;782;0;NOSTRESS
138724387254;16793;"NEAR_P1";"INTERVAL";"PROBE";4;63;0x00001d2a;210;1945445;772630;435458;1111870;1130848;12;0;NOSTRESS
138724404051;16900;"NEAR_P1";"INTERVAL";"PROBE";4;63;0x00001d2a;210;1947046;773660;437622;1117457;1129929;527;0;NOSTRESS
138724420955;16785;"NEAR_P1";"INTERVAL";"PROBE";4;63;0x00001d2a;210;1944115;772099;435344;1111019;1130366;9;0;NOSTRESS
138724437744;16922;"NEAR_P1";"INTERVAL";"PROBE";4;63;0x00001d2a;210;1951173;775232;437832;1118603;1132363;492;0;NOSTRESS
138724454670;16796;"NEAR_P1";"INTERVAL";"PROBE";4;63;0x00001d2a;210;1946279;772872;435419;1111539;1131614;6;0;NOSTRESS
138724471470;16879;"NEAR_P1";"INTERVAL";"PROBE";4;63;0x00001d2a;210;1947241;773952;437727;1117589;1130093;490;0;NOSTRESS
138724488353;16786;"NEAR_P1";"INTERVAL";"PROBE";4;63;0x00001d2a;210;1944448;772240;435353;1111201;1130446;7;0;NOSTRESS
138724505144;16895;"NEAR_P1";"INTERVAL";"PROBE";4;63;0x00001d2a;210;1950826;774964;437765;1118349;1132307;485;0;NOSTRESS
138724522043;16898;"NEAR_P1";"INTERVAL";"PROBE";4;63;0x00001d2a;210;1948284;774547;437834;1118292;1130624;466;0;NOSTRESS
138724538945;16791;"NEAR_P1";"INTERVAL";"PROBE";4;63;0x00001d2a;210;1944370;772317;435384;1111284;1130493;16;0;NOSTRESS
138724555741;16884;"NEAR_P1";"INTERVAL";"PROBE";4;63;0x00001d2a;210;1948264;774371;437684;1117906;1130746;469;0;NOSTRESS
138724572630;16777;"NEAR_P1";"INTERVAL";"PROBE";4;63;0x00001d2a;210;1942523;771662;435237;1110679;1129483;17;0;NOSTRESS
138724589411;16914;"NEAR_P1";"INTERVAL";"PROBE";4;63;0x00001d2a;210;1948004;774214;437737;1117781;1130554;459;0;NOSTRESS
138724606330;16787;"NEAR_P1";"INTERVAL";"PROBE";4;63;0x00001d2a;210;1943909;772221;435363;1110991;1130188;16;0;NOSTRESS
138724623121;16905;"NEAR_P1";"INTERVAL";"PROBE";4;63;0x00001d2a;210;1947978;774274;437764;1117757;1130546;468;0;NOSTRESS
138724640031;16784;"NEAR_P1";"INTERVAL";"PROBE";4;63;0x00001d2a;210;1943183;771985;435356;1110854;1129738;15;0;NOSTRESS
138724656819;16899;"NEAR_P1";"INTERVAL";"PROBE";4;63;0x00001d2a;210;1947434;774133;438063;1118976;1129926;604;0;NOSTRESS
138724673722;16777;"NEAR_P1";"INTERVAL";"PROBE";4;63;0x00001d2a;210;1942480;771527;435196;1110518;1129458;16;0;NOSTRESS
138724690503;16874;"NEAR_P1";"INTERVAL";"PROBE";4;63;0x00001d2a;210;1946204;773585;437631;1117076;1129514;494;0;NOSTRESS
138724707398;68986;"TRAJ_R1";"INTERVAL";"PROBE";4;63;0x00001d2a;210;7142296;2934682;1874349;4541255;4513191;885;0;NOSTRESS
138725969845;412353;"MAF";"INTERVAL";"PROBE";4;63;0x00001d2a;211;46724124;18660738;10769168;27250795;27522784;7383;0;NOSTRESS
138725969865;77;"SENS_C1";"INTERVAL";"PROBE";4;63;0x00001d2a;211;772;642;438;1062;0;118;0;NOSTRESS
138725969946;92;"LOC_C1";"INTERVAL";"PROBE";4;63;0x00001d2a;211;3950;1897;1241;3152;1924;157;0;NOSTRESS
138725970042;20;"LOC_C2";"INTERVAL";"PROBE";4;63;0x00001d2a;211;344;292;195;592;17;20;0;NOSTRESS
138725970067;96;"LOC_C3";"INTERVAL";"PROBE";4;63;0x00001d2a;211;8754;2388;1707;7646;3782;60;0;NOSTRESS
138725970167;22;"LOC_C4";"INTERVAL";"PROBE";4;63;0x00001d2a;211;346;275;210;585;0;28;0;NOSTRESS
138725970194;17074;"NEAR_P1";"INTERVAL";"PROBE";4;63;0x00001d2a;211;1954565;777392;438780;1123217;1132609;756;0;NOSTRESS
138725987272;16837;"NEAR_P1";"INTERVAL";"PROBE";4;63;0x00001d2a;211;1952829;775073;436004;1114309;1134983;12;0;NOSTRESS
138726004113;16908;"NEAR_P1";"INTERVAL";"PROBE";4;63;0x00001d2a;211;1951232;774977;438014;1119360;1132231;540;0;NOSTRESS
138726021025;16815;"NEAR_P1";"INTERVAL";"PROBE";4;63;0x00001d2a;211;1950735;773852;435750;1112900;1134253;12;0;NOSTRESS
138726037844;16910;"NEAR_P1";"INTERVAL";"PROBE";4;63;0x00001d2a;211;1953605;775734;438030;1119338;1133909;483;0;NOSTRESS
138726054759;16800;"NEAR_P1";"INTERVAL";"PROBE";4;63;0x00001d2a;211;1947943;773154;435577;1112405;1132597;10;0;NOSTRESS
138726071564;16919;"NEAR_P1";"INTERVAL";"PROBE";4;63;0x00001d2a;211;1951141;774699;437856;1118493;1132359;466;0;NOSTRESS
138726088488;16949;"NEAR_P1";"INTERVAL";"PROBE";4;63;0x00001d2a;211;1948031;773200;435676;1112256;1132587;34;0;NOSTRESS
138726105441;16920;"NEAR_P1";"INTERVAL";"PROBE";4;63;0x00001d2a;211;1953962;775469;438085;1119393;1134123;593;0;NOSTRESS
138726122365;16911;"NEAR_P1";"INTERVAL";"PROBE";4;63;0x00001d2a;211;1955051;776033;438153;1119580;1134616;456;0;NOSTRESS
138726139280;16808;"NEAR_P1";"INTERVAL";"PROBE";4;63;0x00001d2a;211;1949822;773737;435614;1112683;1133678;17;0;NOSTRESS
138726156092;16912;"NEAR_P1";"INTERVAL";"PROBE";4;63;0x00001d2a;211;1954967;775984;438155;1119559;1134659;467;0;NOSTRESS
138726173008;16824;"NEAR_P1";"INTERVAL";"PROBE";4;63;0x00001d2a;211;1951810;774394;435744;1113530;1134821;18;0;NOSTRESS
138726189836;16937;"NEAR_P1";"INTERVAL";"PROBE";4;63;0x00001d2a;211;1952317;775190;438059;1119022;1133090;400;0;NOSTRESS
138726206778;16800;"NEAR_P1";"INTERVAL";"PROBE";4;63;0x00001d2a;211;1948300;773177;435608;1112376;1132677;15;0;NOSTRESS
138726223582;16943;"NEAR_P1";"INTERVAL";"PROBE";4;63;0x00001d2a;211;1952391;775236;438013;1119172;1133025;456;0;NOSTRESS
138726240529;16807;"NEAR_P1";"INTERVAL";"PROBE";4;63;0x00001d2a;211;1948964;773471;435666;1112651;1133040;15;0;NOSTRESS
138726257340;16926;"NEAR_P1";"INTERVAL";"PROBE";4;63;0x00001d2a;211;1951868;775118;437954;1119029;1132910;453;0;NOSTRESS
138726274270;16806;"NEAR_P1";"INTERVAL";"PROBE";4;63;0x00001d2a;211;1949445;773548;435597;1112505;1133596;15;0;NOSTRESS
138726291080;16923;"NEAR_P1";"INTERVAL";"PROBE";4;63;0x00001d2a;211;1952872;775369;438002;1119172;1133365;457;0;NOSTRESS
138726308025;74169;"TRAJ_R1";"INTERVAL";"PROBE";4;63;0x00001d2a;211;7667864;3153030;2018547;4886353;4847933;871;0;NOSTRESS
138727569881;417510;"MAF";"INTERVAL";"PROBE";4;63;0x00001d2a;212;47243796;18874419;10920088;27603581;27852921;7792;0;NOSTRESS
138727569901;74;"SENS_C1";"INTERVAL";"PROBE";4;63;0x00001d2a;212;811;645;437;1128;0;116;0;NOSTRESS
138727569980;94;"LOC_C1";"INTERVAL";"PROBE";4;63;0x00001d2a;212;3866;1861;1245;3128;1874;160;0;NOSTRESS
138727570078;19;"LOC_C2";"INTERVAL";"PROBE";4;63;0x00001d2a;212;347;293;195;600;17;20;0;NOSTRESS
138727570101;97;"LOC_C3";"INTERVAL";"PROBE";4;63;0x00001d2a;212;8972;2463;1717;7749;3875;59;0;NOSTRESS
138727570202;24;"LOC_C4";"INTERVAL";"PROBE";4;63;0x00001d2a;212;355;277;212;609;0;27;0;NOSTRESS
138727570231;17111;"NEAR_P1";"INTERVAL";"PROBE";4;63;0x00001d2a;212;1954479;777022;439490;1124448;1131789;980;0;NOSTRESS
138727587347;16809;"NEAR_P1";"INTERVAL";"PROBE";4;63;0x00001d2a;212;1949440;773445;435728;1113011;1133164;13;0;NOSTRESS
138727604161;16973;"NEAR_P1";"INTERVAL";"PROBE";4;63;0x00001d2a;212;1951396;775054;438773;1121346;1131485;750;0;NOSTRESS
138727621138;16805;"NEAR_P1";"INTERVAL";"PROBE";4;63;0x00001d2a;212;1949078;773313;435663;1112459;1133196;16;0;NOSTRESS
138727637947;16933;"NEAR_P1";"INTERVAL";"PROBE";4;63;0x00001d2a;212;1949617;774238;437898;1118520;1131295;545;0;NOSTRESS
138727654884;16794;"NEAR_P1";"INTERVAL";"PROBE";4;63;0x00001d2a;212;1946799;772691;435614;1111921;1131876;9;0;NOSTRESS
138727671682;16909;"NEAR_P1";"INTERVAL";"PROBE";4;63;0x00001d2a;212;1951498;774789;437977;1118579;1132556;474;0;NOSTRESS
138727688595;16799;"NEAR_P1";"INTERVAL";"PROBE";4;63;0x00001d2a;212;1947853;772906;435551;1112025;1132407;8;0;NOSTRESS
138727705398;16929;"NEAR_P1";"INTERVAL";"PROBE";4;63;0x00001d2a;212;1950101;774632;438680;1120631;1131058;681;0;NOSTRESS
138727722332;16897;"NEAR_P1";"INTERVAL";"PROBE";4;63;0x00001d2a;212;1950575;774707;437974;1118923;1131800;512;0;NOSTRESS
138727739233;16796;"NEAR_P1";"INTERVAL";"PROBE";4;63;0x00001d2a;212;1946744;772718;435561;1111970;1131862;20;0;NOSTRESS
138727756033;16900;"NEAR_P1";"INTERVAL";"PROBE";4;63;0x00001d2a;212;1952529;775015;438056;1118834;1133144;468;0;NOSTRESS
138727772938;16795;"NEAR_P1";"INTERVAL";"PROBE";4;63;0x00001d2a;212;1949051;773052;435567;1111890;1133372;18;0;NOSTRESS
138727789738;16892;"NEAR_P1";"INTERVAL";"PROBE";4;63;0x00001d2a;212;1952105;774805;437935;1118754;1132911;459;0;NOSTRESS
138727806634;16791;"NEAR_P1";"INTERVAL";"PROBE";4;63;0x00001d2a;212;1947797;772701;435506;1111584;1132586;18;0;NOSTRESS
138727823430;16881;"NEAR_P1";"INTERVAL";"PROBE";4;63;0x00001d2a;212;1950974;774445;437899;1118307;1132350;462;0;NOSTRESS
138727840315;16791;"NEAR_P1";"INTERVAL";"PROBE";4;63;0x00001d2a;212;1948261;772779;435445;1111664;1132933;16;0;NOSTRESS
138727857111;16916;"NEAR_P1";"INTERVAL";"PROBE";4;63;0x00001d2a;212;1950478;773937;437969;1118033;1132084;408;0;NOSTRESS
138727874031;16791;"NEAR_P1";"INTERVAL";"PROBE";4;63;0x00001d2a;212;1948289;772818;435441;1111811;1132928;14;0;NOSTRESS
138727890827;16908;"NEAR_P1";"INTERVAL";"PROBE";4;63;0x00001d2a;212;1950852;774422;437822;1118186;1132357;453;0;NOSTRESS
138727907740;79647;"TRAJ_R1";"INTERVAL";"PROBE";4;63;0x00001d2a;212;8221961;3382270;2169671;5248135;5200002;874;0;NOSTRESS
138729169855;423406;"MAF";"INTERVAL";"PROBE";4;63;0x00001d2a;213;47919748;19139705;11072266;27977168;28280370;7455;0;NOSTRESS
138729169874;81;"SENS_C1";"INTERVAL";"PROBE";4;63;0x00001d2a;213;773;635;438;1076;0;117;0;NOSTRESS
138729169961;92;"LOC_C1";"INTERVAL";"PROBE";4;63;0x00001d2a;213;3652;1810;1231;3098;1755;157;0;NOSTRESS
138729170058;18;"LOC_C2";"INTERVAL";"PROBE";4;63;0x00001d2a;213;342;292;195;591;17;21;0;NOSTRESS
138729170080;97;"LOC_C3";"INTERVAL";"PROBE";4;63;0x00001d2a;213;9015;2475;1721;7778;3907;62;0;NOSTRESS
138729170181;22;"LOC_C4";"INTERVAL";"PROBE";4;63;0x00001d2a;213;350;276;210;592;0;28;0;NOSTRESS
138729170208;17113;"NEAR_P1";"INTERVAL";"PROBE";4;63;0x00001d2a;213;1961700;779474;438742;1123682;1136821;819;0;NOSTRESS
138729187326;16833;"NEAR_P1";"INTERVAL";"PROBE";4;63;0x00001d2a;213;1956494;775668;435873;1114074;1137437;15;0;NOSTRESS
138729204164;16939;"NEAR_P1";"INTERVAL";"PROBE";4;63;0x00001d2a;213;1958454;776783;438143;1119918;1136667;514;0;NOSTRESS
138729221107;16808;"NEAR_P1";"INTERVAL";"PROBE";4;63;0x00001d2a;213;1952236;773989;435732;1112618;1135078;13;0;NOSTRESS
138729237919;16898;"NEAR_P1";"INTERVAL";"PROBE";4;63;0x00001d2a;213;1954391;775454;437966;1118735;1134341;489;0;NOSTRESS
138729254822;16804;"NEAR_P1";"INTERVAL";"PROBE";4;63;0x00001d2a;213;1950843;773654;435669;1112237;1134231;8;0;NOSTRESS
138729271630;16909;"NEAR_P1";"INTERVAL";"PROBE";4;63;0x00001d2a;213;1956607;776209;438128;1119312;1135665;478;0;NOSTRESS
138729288543;16819;"NEAR_P1";"INTERVAL";"PROBE";4;63;0x00001d2a;213;1953364;774594;435723;1113012;1135875;8;0;NOSTRESS
138729305366;16928;"NEAR_P1";"INTERVAL";"PROBE";4;63;0x00001d2a;213;1958017;776662;438064;1119323;1136753;384;0;NOSTRESS
138729322299;16905;"NEAR_P1";"INTERVAL";"PROBE";4;63;0x00001d2a;213;1957106;776246;438027;1119269;1136200;453;0;NOSTRESS
138729339208;16817;"NEAR_P1";"INTERVAL";"PROBE";4;63;0x00001d2a;213;1954362;774556;435715;1112686;1136630;19;0;NOSTRESS
138729356029;16909;"NEAR_P1";"INTERVAL";"PROBE";4;63;0x00001d2a;213;1957243;776363;438088;1119241;1136139;462;0;NOSTRESS
138729372943;16823;"NEAR_P1";"INTERVAL";"PROBE";4;63;0x00001d2a;213;1955137;774912;435795;1112964;1137062;19;0;NOSTRESS
138729389770;16937;"NEAR_P1";"INTERVAL";"PROBE";4;63;0x00001d2a;213;1957086;776172;438020;1119163;1136099;458;0;NOSTRESS
138729406712;16813;"NEAR_P1";"INTERVAL";"PROBE";4;63;0x00001d2a;213;1953637;774337;435697;1112445;1136200;19;0;NOSTRESS
138729423529;16920;"NEAR_P1";"INTERVAL";"PROBE";4;63;0x00001d2a;213;1954884;775648;437917;1118839;1134879;465;0;NOSTRESS
138729440453;16818;"NEAR_P1";"INTERVAL";"PROBE";4;63;0x00001d2a;213;1953718;774446;435738;1112856;1136045;17;0;NOSTRESS
138729457275;17107;"NEAR_P1";"INTERVAL";"PROBE";4;63;0x00001d2a;213;1958722;777075;438239;1120259;1136800;608;0;NOSTRESS
138729474386;16820;"NEAR_P1";"INTERVAL";"PROBE";4;63;0x00001d2a;213;1954013;774630;435789;1112827;1136277;14;0;NOSTRESS
138729491210;16908;"NEAR_P1";"INTERVAL";"PROBE";4;63;0x00001d2a;213;1956705;776304;438071;1119349;1135791;469;0;NOSTRESS
138729508123;85133;"TRAJ_R1";"INTERVAL";"PROBE";4;63;0x00001d2a;213;8780653;3613660;2320839;5610796;5553701;885;0;NOSTRESS
138730769913;427623;"MAF";"INTERVAL";"PROBE";4;63;0x00001d2a;214;48294197;19308907;11200485;28275458;28517871;8160;0;NOSTRESS
138730769934;80;"SENS_C1";"INTERVAL";"PROBE";4;63;0x00001d2a;214;770;624;438;1069;0;115;0;NOSTRESS
138730770019;94;"LOC_C1";"INTERVAL";"PROBE";4;63;0x00001d2a;214;3865;1862;1244;3111;1874;158;0;NOSTRESS
138730770117;20;"LOC_C2";"INTERVAL";"PROBE";4;63;0x00001d2a;214;344;292;195;592;17;22;0;NOSTRESS
138730770141;94;"LOC_C3";"INTERVAL";"PROBE";4;63;0x00001d2a;214;8860;2427;1715;7705;3818;62;0;NOSTRESS
138730770239;22;"LOC_C4";"INTERVAL";"PROBE";4;63;0x00001d2a;214;344;277;210;582;0;31;0;NOSTRESS
138730770265;17159;"NEAR_P1";"INTERVAL";"PROBE";4;63;0x00001d2a;214;1957478;778426;439711;1125864;1133532;1047;0;NOSTRESS
138730787429;16805;"NEAR_P1";"INTERVAL";"PROBE";4;63;0x00001d2a;214;1948412;773434;435704;1112877;1132379;19;0;NOSTRESS
138730804238;16954;"NEAR_P1";"INTERVAL";"PROBE";4;63;0x00001d2a;214;1954175;776100;439062;1121898;1132896;666;0;NOSTRESS
138730821196;16818;"NEAR_P1";"INTERVAL";"PROBE";4;63;0x00001d2a;214;1952759;774376;435759;1112871;1135580;12;0;NOSTRESS
138730838018;16902;"NEAR_P1";"INTERVAL";"PROBE";4;63;0x00001d2a;214;1953686;775488;438029;1118834;1133905;504;0;NOSTRESS
138730854924;16804;"NEAR_P1";"INTERVAL";"PROBE";4;63;0x00001d2a;214;1950031;773564;435605;1112292;1134032;7;0;NOSTRESS
138730871732;16901;"NEAR_P1";"INTERVAL";"PROBE";4;63;0x00001d2a;214;1953837;775512;438026;1118906;1134042;481;0;NOSTRESS
138730888637;16810;"NEAR_P1";"INTERVAL";"PROBE";4;63;0x00001d2a;214;1951509;774033;435625;1112562;1134933;8;0;NOSTRESS
138730905451;16898;"NEAR_P1";"INTERVAL";"PROBE";4;63;0x00001d2a;214;1952713;775075;438008;1118596;1133361;483;0;NOSTRESS
138730922353;16899;"NEAR_P1";"INTERVAL";"PROBE";4;63;0x00001d2a;214;1954282;775518;438026;1118771;1134312;459;0;NOSTRESS
138730939257;16794;"NEAR_P1";"INTERVAL";"PROBE";4;63;0x00001d2a;214;1948968;773052;435550;1111589;1133503;19;0;NOSTRESS
138730956056;16931;"NEAR_P1";"INTERVAL";"PROBE";4;63;0x00001d2a;214;1953138;775520;438351;1119936;1133298;609;0;NOSTRESS
138730972992;16799;"NEAR_P1";"INTERVAL";"PROBE";4;63;0x00001d2a;214;1949162;773207;435554;1111747;1133545;18;0;NOSTRESS
138730989795;16883;"NEAR_P1";"INTERVAL";"PROBE";4;63;0x00001d2a;214;1950034;774414;437866;1117941;1131803;501;0;NOSTRESS
138731006683;16797;"NEAR_P1";"INTERVAL";"PROBE";4;63;0x00001d2a;214;1949544;773181;435582;1111717;1133703;19;0;NOSTRESS
138731023485;16888;"NEAR_P1";"INTERVAL";"PROBE";4;63;0x00001d2a;214;1952265;774935;437908;1118240;1133171;478;0;NOSTRESS
138731040377;16780;"NEAR_P1";"INTERVAL";"PROBE";4;63;0x00001d2a;214;1945923;772092;435387;1110999;1131533;18;0;NOSTRESS
138731057161;16905;"NEAR_P1";"INTERVAL";"PROBE";4;63;0x00001d2a;214;1952348;774991;437871;1118106;1133411;465;0;NOSTRESS
138731074070;16799;"NEAR_P1";"INTERVAL";"PROBE";4;63;0x00001d2a;214;1949325;773354;435521;1111916;1133620;17;0;NOSTRESS
138731090873;16901;"NEAR_P1";"INTERVAL";"PROBE";4;63;0x00001d2a;214;1953073;775317;438013;1118860;1133538;492;0;NOSTRESS
138731107779;89753;"TRAJ_R1";"INTERVAL";"PROBE";4;63;0x00001d2a;214;9237742;3804768;2449483;5918651;5842065;1203;0;NOSTRESS
138732369885;430842;"MAF";"INTERVAL";"PROBE";4;63;0x00001d2a;215;48593718;19440051;11287874;28493522;28700675;7801;0;NOSTRESS
138732369907;82;"SENS_C1";"INTERVAL";"PROBE";4;63;0x00001d2a;215;777;630;439;1094;0;119;0;NOSTRESS
138732369993;97;"LOC_C1";"INTERVAL";"PROBE";4;63;0x00001d2a;215;3909;1873;1244;3126;1892;160;0;NOSTRESS
138732370094;20;"LOC_C2";"INTERVAL";"PROBE";4;63;0x00001d2a;215;348;292;195;600;17;19;0;NOSTRESS
138732370118;98;"LOC_C3";"INTERVAL";"PROBE";4;63;0x00001d2a;215;9097;2506;1729;7772;3953;61;0;NOSTRESS
138732370220;24;"LOC_C4";"INTERVAL";"PROBE";4;63;0x00001d2a;215;344;273;208;582;0;27;0;NOSTRESS
138732370248;17114;"NEAR_P1";"INTERVAL";"PROBE";4;63;0x00001d2a;215;1952546;776888;438853;1123319;1131084;846;0;NOSTRESS
138732387367;16809;"NEAR_P1";"INTERVAL";"PROBE";4;63;0x00001d2a;215;1947962;773375;435716;1112913;1132015;16;0;NOSTRESS
138732404181;16903;"NEAR_P1";"INTERVAL";"PROBE";4;63;0x00001d2a;215;1950320;774747;438093;1119228;1131398;532;0;NOSTRESS
138732421089;16814;"NEAR_P1";"INTERVAL";"PROBE";4;63;0x00001d2a;215;1949799;773728;435727;1113047;1133483;10;0;NOSTRESS
138732437907;16906;"NEAR_P1";"INTERVAL";"PROBE";4;63;0x00001d2a;215;1952773;775296;438080;1119240;1132952;476;0;NOSTRESS
138732454817;16807;"NEAR_P1";"INTERVAL";"PROBE";4;63;0x00001d2a;215;1948576;773258;435653;1112531;1132753;8;0;NOSTRESS
138732471629;16967;"NEAR_P1";"INTERVAL";"PROBE";4;63;0x00001d2a;215;1953153;775759;438942;1121720;1132303;573;0;NOSTRESS
138732488601;16804;"NEAR_P1";"INTERVAL";"PROBE";4;63;0x00001d2a;215;1948313;773285;435644;1112562;1132438;7;0;NOSTRESS
138732505410;16903;"NEAR_P1";"INTERVAL";"PROBE";4;63;0x00001d2a;215;1951644;775087;438068;1119326;1132276;488;0;NOSTRESS
138732522317;16911;"NEAR_P1";"INTERVAL";"PROBE";4;63;0x00001d2a;215;1953675;775843;438125;1119581;1133494;467;0;NOSTRESS
138732539233;16805;"NEAR_P1";"INTERVAL";"PROBE";4;63;0x00001d2a;215;1947970;773145;435640;1112399;1132307;19;0;NOSTRESS
138732556043;16911;"NEAR_P1";"INTERVAL";"PROBE";4;63;0x00001d2a;215;1953978;775905;438128;1119950;1133837;468;0;NOSTRESS
138732572958;16819;"NEAR_P1";"INTERVAL";"PROBE";4;63;0x00001d2a;215;1950100;773878;435759;1112908;1133560;18;0;NOSTRESS
138732589781;16900;"NEAR_P1";"INTERVAL";"PROBE";4;63;0x00001d2a;215;1952839;775183;438018;1119107;1133067;466;0;NOSTRESS
138732606685;16811;"NEAR_P1";"INTERVAL";"PROBE";4;63;0x00001d2a;215;1948955;773422;435692;1112491;1132968;17;0;NOSTRESS
138732623500;16925;"NEAR_P1";"INTERVAL";"PROBE";4;63;0x00001d2a;215;1952562;775183;438039;1119290;1133110;422;0;NOSTRESS
138732640430;16799;"NEAR_P1";"INTERVAL";"PROBE";4;63;0x00001d2a;215;1946852;772820;435534;1112172;1131728;16;0;NOSTRESS
138732657233;16932;"NEAR_P1";"INTERVAL";"PROBE";4;63;0x00001d2a;215;1952675;775613;438514;1120792;1132533;610;0;NOSTRESS
138732674169;16809;"NEAR_P1";"INTERVAL";"PROBE";4;63;0x00001d2a;215;1948897;773227;435711;1112507;1132975;17;0;NOSTRESS
138732690982;16910;"NEAR_P1";"INTERVAL";"PROBE";4;63;0x00001d2a;215;1952834;775363;438067;1119587;1133002;505;0;NOSTRESS
138732707897;92826;"TRAJ_R1";"INTERVAL";"PROBE";4;63;0x00001d2a;215;9553188;3936399;2536008;6126398;6041530;1195;0;NOSTRESS
138733969897;431500;"MAF";"INTERVAL";"PROBE";4;63;0x00001d2a;216;48681347;19470225;11307757;28535106;28758620;7966;0;NOSTRESS
138733969918;79;"SENS_C1";"INTERVAL";"PROBE";4;63;0x00001d2a;216;758;638;437;1034;0;118;0;NOSTRESS
138733970001;94;"LOC_C1";"INTERVAL";"PROBE";4;63;0x00001d2a;216;3772;1836;1246;3135;1788;157;0;NOSTRESS
138733970099;20;"LOC_C2";"INTERVAL";"PROBE";4;63;0x00001d2a;216;342;292;195;591;17;18;0;NOSTRESS
138733970123;93;"LOC_C3";"INTERVAL";"PROBE";4;63;0x00001d2a;216;8714;2366;1694;7579;3786;60;0;NOSTRESS
138733970220;23;"LOC_C4";"INTERVAL";"PROBE";4;63;0x00001d2a;216;344;281;209;587;0;31;0;NOSTRESS
138733970247;17217;"NEAR_P1";"INTERVAL";"PROBE";4;63;0x00001d2a;216;1956896;777991;438901;1123857;1133677;838;0;NOSTRESS
138733987469;16803;"NEAR_P1";"INTERVAL";"PROBE";4;63;0x00001d2a;216;1949296;773555;435644;1112810;1132969;17;0;NOSTRESS
138734004276;16922;"NEAR_P1";"INTERVAL";"PROBE";4;63;0x00001d2a;216;1952823;775148;437839;1118650;1133253;461;0;NOSTRESS
138734021202;16793;"NEAR_P1";"INTERVAL";"PROBE";4;63;0x00001d2a;216;1948202;772876;435605;1111808;1132629;11;0;NOSTRESS
138734037999;16924;"NEAR_P1";"INTERVAL";"PROBE";4;63;0x00001d2a;216;1953434;775335;437952;1118904;1133658;520;0;NOSTRESS
138734054928;16797;"NEAR_P1";"INTERVAL";"PROBE";4;63;0x00001d2a;216;1949023;773282;435638;1112177;1133047;8;0;NOSTRESS
138734071730;16906;"NEAR_P1";"INTERVAL";"PROBE";4;63;0x00001d2a;216;1954749;775922;438137;1119507;1134289;473;0;NOSTRESS
138734088640;16799;"NEAR_P1";"INTERVAL";"PROBE";4;63;0x00001d2a;216;1949937;773312;435627;1112219;1133615;7;0;NOSTRESS
138734105444;16891;"NEAR_P1";"INTERVAL";"PROBE";4;63;0x00001d2a;216;1951829;775001;438044;1118750;1132475;480;0;NOSTRESS
138734122339;16968;"NEAR_P1";"INTERVAL";"PROBE";4;63;0x00001d2a;216;1954277;775970;438944;1121399;1133321;557;0;NOSTRESS
138734139311;16799;"NEAR_P1";"INTERVAL";"PROBE";4;63;0x00001d2a;216;1948636;773186;435547;1112235;1132795;21;0;NOSTRESS
138734156114;16894;"NEAR_P1";"INTERVAL";"PROBE";4;63;0x00001d2a;216;1951860;774938;438016;1118761;1132565;487;0;NOSTRESS
138734173012;16795;"NEAR_P1";"INTERVAL";"PROBE";4;63;0x00001d2a;216;1948620;772986;435547;1111927;1132842;19;0;NOSTRESS
138734189811;16890;"NEAR_P1";"INTERVAL";"PROBE";4;63;0x00001d2a;216;1952287;775001;437988;1118857;1132710;464;0;NOSTRESS
138734206705;16805;"NEAR_P1";"INTERVAL";"PROBE";4;63;0x00001d2a;216;1949342;773468;435722;1112328;1133158;18;0;NOSTRESS
138734223514;16897;"NEAR_P1";"INTERVAL";"PROBE";4;63;0x00001d2a;216;1953262;775431;438012;1118902;1133529;463;0;NOSTRESS
138734240415;16803;"NEAR_P1";"INTERVAL";"PROBE";4;63;0x00001d2a;216;1949450;773414;435675;1112325;1133329;17;0;NOSTRESS
138734257222;16899;"NEAR_P1";"INTERVAL";"PROBE";4;63;0x00001d2a;216;1953797;775559;438092;1119041;1133714;460;0;NOSTRESS
138734274125;16810;"NEAR_P1";"INTERVAL";"PROBE";4;63;0x00001d2a;216;1951044;773824;435729;1112626;1134292;14;0;NOSTRESS
138734290939;16912;"NEAR_P1";"INTERVAL";"PROBE";4;63;0x00001d2a;216;1951221;774703;437994;1118788;1132213;422;0;NOSTRESS
138734307855;93538;"TRAJ_R1";"INTERVAL";"PROBE";4;63;0x00001d2a;216;9627165;3966510;2556821;6175802;6088949;1370;0;NOSTRESS
138735569906;429817;"MAF";"INTERVAL";"PROBE";4;63;0x00001d2a;217;48497442;19398985;11263728;28424801;28643575;7703;0;NOSTRESS
138735569928;75;"SENS_C1";"INTERVAL";"PROBE";4;63;0x00001d2a;217;755;635;437;1040;0;118;0;NOSTRESS
138735570007;91;"LOC_C1";"INTERVAL";"PROBE";4;63;0x00001d2a;217;3758;1836;1243;3135;1807;153;0;NOSTRESS
138735570102;20;"LOC_C2";"INTERVAL";"PROBE";4;63;0x00001d2a;217;345;294;197;599;17;21;0;NOSTRESS
138735570126;95;"LOC_C3";"INTERVAL";"PROBE";4;63;0x00001d2a;217;8872;2438;1693;7623;3865;61;0;NOSTRESS
138735570225;21;"LOC_C4";"INTERVAL";"PROBE";4;63;0x00001d2a;217;338;275;209;582;0;32;0;NOSTRESS
138735570250;17113;"NEAR_P1";"INTERVAL";"PROBE";4;63;0x00001d2a;217;1955058;777454;438960;1123283;1132664;851;0;NOSTRESS
138735587367;16807;"NEAR_P1";"INTERVAL";"PROBE";4;63;0x00001d2a;217;1949855;773709;435720;1112676;1133405;15;0;NOSTRESS
138735604179;16910;"NEAR_P1";"INTERVAL";"PROBE";4;63;0x00001d2a;217;1953195;775487;438120;1119194;1133369;542;0;NOSTRESS
138735621093;16806;"NEAR_P1";"INTERVAL";"PROBE";4;63;0x00001d2a;217;1949582;773553;435721;1112596;1133380;10;0;NOSTRESS
138735637903;16897;"NEAR_P1";"INTERVAL";"PROBE";4;63;0x00001d2a;217;1952746;775201;437975;1118845;1133328;494;0;NOSTRESS
138735654804;16797;"NEAR_P1";"INTERVAL";"PROBE";4;63;0x00001d2a;217;1948195;773036;435671;1112001;1132643;10;0;NOSTRESS
138735671606;16922;"NEAR_P1";"INTERVAL";"PROBE";4;63;0x00001d2a;217;1951063;774627;437901;1118141;1132433;481;0;NOSTRESS
138735688532;16801;"NEAR_P1";"INTERVAL";"PROBE";4;63;0x00001d2a;217;1949480;773349;435622;1112294;1133382;7;0;NOSTRESS
138735705338;16905;"NEAR_P1";"INTERVAL";"PROBE";4;63;0x00001d2a;217;1952164;775245;438121;1119060;1132795;494;0;NOSTRESS
138735722247;16904;"NEAR_P1";"INTERVAL";"PROBE";4;63;0x00001d2a;217;1953095;775559;438130;1119231;1133362;475;0;NOSTRESS
138735739156;16800;"NEAR_P1";"INTERVAL";"PROBE";4;63;0x00001d2a;217;1947937;773090;435708;1111961;1132285;20;0;NOSTRESS
138735755960;16891;"NEAR_P1";"INTERVAL";"PROBE";4;63;0x00001d2a;217;1950945;774698;438077;1118639;1131989;475;0;NOSTRESS
138735772856;16789;"NEAR_P1";"INTERVAL";"PROBE";4;63;0x00001d2a;217;1946314;772522;435543;1111720;1131471;18;0;NOSTRESS
138735789649;16972;"NEAR_P1";"INTERVAL";"PROBE";4;63;0x00001d2a;217;1952978;775908;438997;1121458;1132391;550;0;NOSTRESS
138735806625;16793;"NEAR_P1";"INTERVAL";"PROBE";4;63;0x00001d2a;217;1946635;772622;435604;1111845;1131540;20;0;NOSTRESS
138735823422;16898;"NEAR_P1";"INTERVAL";"PROBE";4;63;0x00001d2a;217;1952418;775196;438045;1118983;1132817;475;0;NOSTRESS
138735840324;16798;"NEAR_P1";"INTERVAL";"PROBE";4;63;0x00001d2a;217;1948174;773085;435622;1111869;1132507;17;0;NOSTRESS
138735857126;16891;"NEAR_P1";"INTERVAL";"PROBE";4;63;0x00001d2a;217;1950727;774741;438046;1118576;1131922;472;0;NOSTRESS
138735874021;16808;"NEAR_P1";"INTERVAL";"PROBE";4;63;0x00001d2a;217;1949167;773480;435747;1112471;1133150;16;0;NOSTRESS
138735890834;16909;"NEAR_P1";"INTERVAL";"PROBE";4;63;0x00001d2a;217;1951345;774887;438100;1118670;1132315;465;0;NOSTRESS
138735907747;91972;"TRAJ_R1";"INTERVAL";"PROBE";4;63;0x00001d2a;217;9462692;3898975;2512479;6069080;5984738;1182;0;NOSTRESS
138737169901;426291;"MAF";"INTERVAL";"PROBE";4;63;0x00001d2a;218;48147850;19247706;11161732;28183477;28426588;8029;0;NOSTRESS
138737169922;74;"SENS_C1";"INTERVAL";"PROBE";4;63;0x00001d2a;218;731;614;436;1002;0;116;0;NOSTRESS
138737170001;93;"LOC_C1";"INTERVAL";"PROBE";4;63;0x00001d2a;218;3756;1819;1240;3091;1805;153;0;NOSTRESS
138737170098;22;"LOC_C2";"INTERVAL";"PROBE";4;63;0x00001d2a;218;344;292;195;592;17;19;0;NOSTRESS
138737170124;93;"LOC_C3";"INTERVAL";"PROBE";4;63;0x00001d2a;218;8792;2422;1708;7639;3809;60;0;NOSTRESS
138737170221;25;"LOC_C4";"INTERVAL";"PROBE";4;63;0x00001d2a;218;347;280;210;592;0;30;0;NOSTRESS
138737170250;17086;"NEAR_P1";"INTERVAL";"PROBE";4;63;0x00001d2a;218;1955072;777397;438881;1123255;1132882;826;0;NOSTRESS
138737187341;16799;"NEAR_P1";"INTERVAL";"PROBE";4;63;0x00001d2a;218;1948366;773245;435707;1112284;1132635;14;0;NOSTRESS
138737204144;16902;"NEAR_P1";"INTERVAL";"PROBE";4;63;0x00001d2a;218;1952037;774897;438040;1119054;1132841;544;0;NOSTRESS
138737221050;16805;"NEAR_P1";"INTERVAL";"PROBE";4;63;0x00001d2a;218;1949505;773416;435749;1112413;1133685;12;0;NOSTRESS
138737237859;16892;"NEAR_P1";"INTERVAL";"PROBE";4;63;0x00001d2a;218;1952579;774796;438011;1118287;1133276;488;0;NOSTRESS
138737254755;16806;"NEAR_P1";"INTERVAL";"PROBE";4;63;0x00001d2a;218;1950106;773598;435696;1112505;1134025;9;0;NOSTRESS
138737271566;16909;"NEAR_P1";"INTERVAL";"PROBE";4;63;0x00001d2a;218;1955307;775844;438189;1119324;1134972;489;0;NOSTRESS
138737288479;16804;"NEAR_P1";"INTERVAL";"PROBE";4;63;0x00001d2a;218;1950282;773515;435690;1112291;1134015;9;0;NOSTRESS
138737305287;16892;"NEAR_P1";"INTERVAL";"PROBE";4;63;0x00001d2a;218;1953105;775077;438030;1118609;1133716;485;0;NOSTRESS
138737322184;16920;"NEAR_P1";"INTERVAL";"PROBE";4;63;0x00001d2a;218;1951957;774788;437971;1118488;1132926;458;0;NOSTRESS
138737339108;16949;"NEAR_P1";"INTERVAL";"PROBE";4;63;0x00001d2a;218;1949690;773392;435691;1112399;1133596;47;0;NOSTRESS
138737356061;16922;"NEAR_P1";"INTERVAL";"PROBE";4;63;0x00001d2a;218;1952098;774738;438022;1118484;1133151;584;0;NOSTRESS
138737372987;16814;"NEAR_P1";"INTERVAL";"PROBE";4;63;0x00001d2a;218;1950820;773843;435757;1112750;1134528;17;0;NOSTRESS
138737389805;16900;"NEAR_P1";"INTERVAL";"PROBE";4;63;0x00001d2a;218;1952727;775297;438070;1119192;1133464;459;0;NOSTRESS
138737406709;16805;"NEAR_P1";"INTERVAL";"PROBE";4;63;0x00001d2a;218;1948835;773141;435646;1112144;1133322;16;0;NOSTRESS
138737423518;16908;"NEAR_P1";"INTERVAL";"PROBE";4;63;0x00001d2a;218;1954858;775759;438138;1119390;1134694;471;0;NOSTRESS
138737440431;16811;"NEAR_P1";"INTERVAL";"PROBE";4;63;0x00001d2a;218;1950033;773607;435682;1112504;1133982;15;0;NOSTRESS
138737457246;16950;"NEAR_P1";"INTERVAL";"PROBE";4;63;0x00001d2a;218;1953607;775968;438945;1121594;1133036;558;0;NOSTRESS
138737474200;16812;"NEAR_P1";"INTERVAL";"PROBE";4;63;0x00001d2a;218;1949769;773674;435801;1112592;1133730;11;0;NOSTRESS
138737491016;16912;"NEAR_P1";"INTERVAL";"PROBE";4;63;0x00001d2a;218;1955233;775886;438207;1119452;1134923;482;0;NOSTRESS
138737507950;88238;"TRAJ_R1";"INTERVAL";"PROBE";4;63;0x00001d2a;218;9087641;3742992;2409517;5823067;5747558;1211;0;NOSTRESS
138738769866;420897;"MAF";"INTERVAL";"PROBE";4;63;0x00001d2a;219;47605730;19022600;11019466;27842979;28083636;7535;0;NOSTRESS
138738769886;75;"SENS_C1";"INTERVAL";"PROBE";4;63;0x00001d2a;219;754;636;439;1034;0;119;0;NOSTRESS
138738769965;98;"LOC_C1";"INTERVAL";"PROBE";4;63;0x00001d2a;219;3887;1895;1254;3193;1853;158;0;NOSTRESS
138738770067;20;"LOC_C2";"INTERVAL";"PROBE";4;63;0x00001d2a;219;345;294;197;599;17;22;0;NOSTRESS
138738770091;94;"LOC_C3";"INTERVAL";"PROBE";4;63;0x00001d2a;219;8810;2425;1691;7616;3821;64;0;NOSTRESS
138738770190;23;"LOC_C4";"INTERVAL";"PROBE";4;63;0x00001d2a;219;345;281;210;590;0;31;0;NOSTRESS
138738770217;17096;"NEAR_P1";"INTERVAL";"PROBE";4;63;0x00001d2a;219;1955686;777332;438861;1123634;1133020;844;0;NOSTRESS
138738787318;16807;"NEAR_P1";"INTERVAL";"PROBE";4;63;0x00001d2a;219;1949250;773404;435771;1113332;1133045;16;0;NOSTRESS
138738804130;16938;"NEAR_P1";"INTERVAL";"PROBE";4;63;0x00001d2a;219;1952146;774962;438529;1120594;1132374;642;0;NOSTRESS
138738821073;16792;"NEAR_P1";"INTERVAL";"PROBE";4;63;0x00001d2a;219;1947958;772498;435645;1112241;1132479;11;0;NOSTRESS
138738837869;16895;"NEAR_P1";"INTERVAL";"PROBE";4;63;0x00001d2a;219;1951937;774658;438011;1118758;1133014;520;0;NOSTRESS
138738854768;16800;"NEAR_P1";"INTERVAL";"PROBE";4;63;0x00001d2a;219;1948687;773008;435624;1112326;1133043;10;0;NOSTRESS
138738871572;16897;"NEAR_P1";"INTERVAL";"PROBE";4;63;0x00001d2a;219;1953577;775135;438089;1119198;1133819;480;0;NOSTRESS
138738888473;16792;"NEAR_P1";"INTERVAL";"PROBE";4;63;0x00001d2a;219;1948109;772642;435496;1112088;1132806;9;0;NOSTRESS
138738905269;16895;"NEAR_P1";"INTERVAL";"PROBE";4;63;0x00001d2a;219;1953188;775146;438076;1119055;1133807;478;0;NOSTRESS
138738922168;16882;"NEAR_P1";"INTERVAL";"PROBE";4;63;0x00001d2a;219;1950213;774081;437928;1118333;1131899;469;0;NOSTRESS
138738939054;16783;"NEAR_P1";"INTERVAL";"PROBE";4;63;0x00001d2a;219;1945676;771912;435469;1111673;1131366;19;0;NOSTRESS
138738955841;16882;"NEAR_P1";"INTERVAL";"PROBE";4;63;0x00001d2a;219;1950396;774176;437943;1118468;1131980;469;0;NOSTRESS
138738972727;16793;"NEAR_P1";"INTERVAL";"PROBE";4;63;0x00001d2a;219;1947622;772611;435621;1112213;1132599;18;0;NOSTRESS
138738989525;16920;"NEAR_P1";"INTERVAL";"PROBE";4;63;0x00001d2a;219;1952062;774814;437980;1118776;1132979;460;0;NOSTRESS
138739006450;16803;"NEAR_P1";"INTERVAL";"PROBE";4;63;0x00001d2a;219;1949891;773182;435710;1112424;1133832;17;0;NOSTRESS
138739023257;16910;"NEAR_P1";"INTERVAL";"PROBE";4;63;0x00001d2a;219;1951601;774606;437963;1118749;1132749;466;0;NOSTRESS
138739040171;16799;"NEAR_P1";"INTERVAL";"PROBE";4;63;0x00001d2a;219;1948766;772957;435680;1112314;1133218;17;0;NOSTRESS
138739056974;16880;"NEAR_P1";"INTERVAL";"PROBE";4;63;0x00001d2a;219;1950152;774223;437938;1118608;1131705;470;0;NOSTRESS
138739073858;16795;"NEAR_P1";"INTERVAL";"PROBE";4;63;0x00001d2a;219;1948409;772847;435585;1112294;1132923;16;0;NOSTRESS
138739090657;16884;"NEAR_P1";"INTERVAL";"PROBE";4;63;0x00001d2a;219;1950935;774400;438007;1118601;1132146;478;0;NOSTRESS
138739107563;83195;"TRAJ_R1";"INTERVAL";"PROBE";4;63;0x00001d2a;219;8575716;3531381;2269707;5487042;5423142;986;0;NOSTRESS
138740369890;415452;"MAF";"INTERVAL";"PROBE";4;63;0x00001d2a;220;46993342;18778113;10869984;27476151;27695801;8187;0;NOSTRESS
138740369911;76;"SENS_C1";"INTERVAL";"PROBE";4;63;0x00001d2a;220;736;619;434;1009;0;113;0;NOSTRESS
138740369992;94;"LOC_C1";"INTERVAL";"PROBE";4;63;0x00001d2a;220;3870;1849;1253;3150;1852;156;0;NOSTRESS
138740370091;20;"LOC_C2";"INTERVAL";"PROBE";4;63;0x00001d2a;220;344;292;195;592;17;22;0;NOSTRESS
138740370115;97;"LOC_C3";"INTERVAL";"PROBE";4;63;0x00001d2a;220;8991;2479;1713;7713;3921;60;0;NOSTRESS
138740370217;23;"LOC_C4";"INTERVAL";"PROBE";4;63;0x00001d2a;220;346;278;209;585;0;31;0;NOSTRESS
138740370244;17110;"NEAR_P1";"INTERVAL";"PROBE";4;63;0x00001d2a;220;1952192;776398;439149;1123570;1131058;932;0;NOSTRESS
138740387359;16808;"NEAR_P1";"INTERVAL";"PROBE";4;63;0x00001d2a;220;1948034;773264;435960;1113120;1132273;14;0;NOSTRESS
138740404171;16917;"NEAR_P1";"INTERVAL";"PROBE";4;63;0x00001d2a;220;1949928;774421;438147;1119247;1131345;534;0;NOSTRESS
138740421092;16792;"NEAR_P1";"INTERVAL";"PROBE";4;63;0x00001d2a;220;1945314;772319;435799;1112400;1130813;10;0;NOSTRESS
138740437888;16898;"NEAR_P1";"INTERVAL";"PROBE";4;63;0x00001d2a;220;1947661;773655;438007;1118634;1130186;492;0;NOSTRESS
138740454790;16781;"NEAR_P1";"INTERVAL";"PROBE";4;63;0x00001d2a;220;1944824;771904;435626;1111786;1130784;9;0;NOSTRESS
138740471575;16879;"NEAR_P1";"INTERVAL";"PROBE";4;63;0x00001d2a;220;1947707;773861;438103;1118762;1130336;479;0;NOSTRESS
138740488458;16796;"NEAR_P1";"INTERVAL";"PROBE";4;63;0x00001d2a;220;1948056;772841;435804;1112408;1132701;7;0;NOSTRESS
138740505258;16880;"NEAR_P1";"INTERVAL";"PROBE";4;63;0x00001d2a;220;1949173;774078;438134;1118702;1131097;479;0;NOSTRESS
138740522143;16882;"NEAR_P1";"INTERVAL";"PROBE";4;63;0x00001d2a;220;1948764;774059;438140;1118756;1130989;465;0;NOSTRESS
138740539029;16788;"NEAR_P1";"INTERVAL";"PROBE";4;63;0x00001d2a;220;1946273;772437;435740;1112038;1131694;18;0;NOSTRESS
138740555821;16874;"NEAR_P1";"INTERVAL";"PROBE";4;63;0x00001d2a;220;1948090;773776;438082;1118513;1130524;459;0;NOSTRESS
138740572699;16777;"NEAR_P1";"INTERVAL";"PROBE";4;63;0x00001d2a;220;1944169;771669;435638;1111477;1130537;18;0;NOSTRESS
138740589481;16882;"NEAR_P1";"INTERVAL";"PROBE";4;63;0x00001d2a;220;1949932;774202;438169;1118797;1131544;473;0;NOSTRESS
138740606367;16792;"NEAR_P1";"INTERVAL";"PROBE";4;63;0x00001d2a;220;1947303;772597;435780;1112228;1132225;19;0;NOSTRESS
138740623163;16881;"NEAR_P1";"INTERVAL";"PROBE";4;63;0x00001d2a;220;1950719;774352;438146;1118724;1132222;469;0;NOSTRESS
138740640048;16799;"NEAR_P1";"INTERVAL";"PROBE";4;63;0x00001d2a;220;1948527;772908;435867;1112578;1133013;19;0;NOSTRESS
138740656851;16898;"NEAR_P1";"INTERVAL";"PROBE";4;63;0x00001d2a;220;1950441;774300;438072;1118561;1132091;465;0;NOSTRESS
138740673753;16782;"NEAR_P1";"INTERVAL";"PROBE";4;63;0x00001d2a;220;1946235;772006;435719;1111831;1131602;16;0;NOSTRESS
138740690540;16904;"NEAR_P1";"INTERVAL";"PROBE";4;63;0x00001d2a;220;1950307;774308;438078;1118774;1132035;472;0;NOSTRESS
138740707466;77872;"TRAJ_R1";"INTERVAL";"PROBE";4;63;0x00001d2a;220;8005121;3295812;2117508;5121645;5060942;1503;0;NOSTRESS
138741969906;410006;"MAF";"INTERVAL";"PROBE";4;63;0x00001d2a;221;46457449;18556631;10717077;27120134;27347682;7439;0;NOSTRESS
138741969929;81;"SENS_C1";"INTERVAL";"PROBE";4;63;0x00001d2a;221;758;623;438;1064;0;116;0;NOSTRESS
138741970014;96;"LOC_C1";"INTERVAL";"PROBE";4;63;0x00001d2a;221;3920;1895;1248;3175;1899;161;0;NOSTRESS
138741970114;20;"LOC_C2";"INTERVAL";"PROBE";4;63;0x00001d2a;221;342;292;195;591;17;21;0;NOSTRESS
138741970138;95;"LOC_C3";"INTERVAL";"PROBE";4;63;0x00001d2a;221;8987;2482;1714;7699;3917;62;0;NOSTRESS
138741970237;23;"LOC_C4";"INTERVAL";"PROBE";4;63;0x00001d2a;221;346;277;210;586;0;31;0;NOSTRESS
138741970265;17071;"NEAR_P1";"INTERVAL";"PROBE";4;63;0x00001d2a;221;1954499;777583;439095;1124124;1132101;788;0;NOSTRESS
138741987341;16807;"NEAR_P1";"INTERVAL";"PROBE";4;63;0x00001d2a;221;1946986;772986;435938;1113371;1131270;12;0;NOSTRESS
138742004152;16921;"NEAR_P1";"INTERVAL";"PROBE";4;63;0x00001d2a;221;1950150;774602;438181;1119693;1130941;543;0;NOSTRESS
138742021078;16815;"NEAR_P1";"INTERVAL";"PROBE";4;63;0x00001d2a;221;1949299;773662;435927;1113574;1132705;10;0;NOSTRESS
138742037897;16917;"NEAR_P1";"INTERVAL";"PROBE";4;63;0x00001d2a;221;1949790;774352;438092;1119266;1131062;510;0;NOSTRESS
138742054818;16798;"NEAR_P1";"INTERVAL";"PROBE";4;63;0x00001d2a;221;1946565;772573;435780;1112789;1131360;11;0;NOSTRESS
138742071621;16914;"NEAR_P1";"INTERVAL";"PROBE";4;63;0x00001d2a;221;1950442;774592;438001;1119128;1131727;440;0;NOSTRESS
138742088539;16803;"NEAR_P1";"INTERVAL";"PROBE";4;63;0x00001d2a;221;1947469;772917;435834;1112854;1132015;9;0;NOSTRESS
138742105346;16933;"NEAR_P1";"INTERVAL";"PROBE";4;63;0x00001d2a;221;1952516;775214;438225;1119794;1132918;498;0;NOSTRESS
138742122283;16927;"NEAR_P1";"INTERVAL";"PROBE";4;63;0x00001d2a;221;1952718;775428;438748;1121359;1132394;617;0;NOSTRESS
138742139214;16811;"NEAR_P1";"INTERVAL";"PROBE";4;63;0x00001d2a;221;1949892;773444;435925;1113089;1133428;20;0;NOSTRESS
138742156029;16902;"NEAR_P1";"INTERVAL";"PROBE";4;63;0x00001d2a;221;1951112;774851;438224;1119566;1131930;514;0;NOSTRESS
138742172935;16799;"NEAR_P1";"INTERVAL";"PROBE";4;63;0x00001d2a;221;1946216;772657;435824;1112663;1131113;18;0;NOSTRESS
138742189738;16892;"NEAR_P1";"INTERVAL";"PROBE";4;63;0x00001d2a;221;1950493;774595;438188;1119430;1131548;480;0;NOSTRESS
138742206635;16801;"NEAR_P1";"INTERVAL";"PROBE";4;63;0x00001d2a;221;1946893;772751;435805;1112751;1131600;18;0;NOSTRESS
138742223440;16897;"NEAR_P1";"INTERVAL";"PROBE";4;63;0x00001d2a;221;1949977;774538;438200;1119535;1131203;475;0;NOSTRESS
138742240341;16802;"NEAR_P1";"INTERVAL";"PROBE";4;63;0x00001d2a;221;1946368;772670;435847;1112779;1131283;16;0;NOSTRESS
138742257148;16899;"NEAR_P1";"INTERVAL";"PROBE";4;63;0x00001d2a;221;1951344;774869;438195;1119396;1132188;476;0;NOSTRESS
138742274051;16806;"NEAR_P1";"INTERVAL";"PROBE";4;63;0x00001d2a;221;1948313;773112;435888;1112940;1132432;15;0;NOSTRESS
138742290861;16882;"NEAR_P1";"INTERVAL";"PROBE";4;63;0x00001d2a;221;1947994;773830;438069;1118830;1130152;466;0;NOSTRESS
138742307765;72143;"TRAJ_R1";"INTERVAL";"PROBE";4;63;0x00001d2a;221;7444421;3062737;1963242;4750825;4706479;867;0;NOSTRESS
138743569853;404974;"MAF";"INTERVAL";"PROBE";4;63;0x00001d2a;222;45990594;18354835;10575538;26784424;27055129;7415;0;NOSTRESS
138743569877;80;"SENS_C1";"INTERVAL";"PROBE";4;63;0x00001d2a;222;725;612;433;996;0;108;0;NOSTRESS
138743569961;94;"LOC_C1";"INTERVAL";"PROBE";4;63;0x00001d2a;222;3729;1811;1237;3072;1807;158;0;NOSTRESS
138743570059;20;"LOC_C2";"INTERVAL";"PROBE";4;63;0x00001d2a;222;342;292;195;591;17;20;0;NOSTRESS
138743570084;96;"LOC_C3";"INTERVAL";"PROBE";4;63;0x00001d2a;222;8828;2434;1696;7600;3846;59;0;NOSTRESS
138743570184;23;"LOC_C4";"INTERVAL";"PROBE";4;63;0x00001d2a;222;340;274;207;575;0;29;0;NOSTRESS
138743570211;17085;"NEAR_P1";"INTERVAL";"PROBE";4;63;0x00001d2a;222;1954567;776998;438980;1123693;1132576;818;0;NOSTRESS
138743587300;16797;"NEAR_P1";"INTERVAL";"PROBE";4;63;0x00001d2a;222;1946896;772784;435821;1113126;1131568;15;0;NOSTRESS
138743604102;16915;"NEAR_P1";"INTERVAL";"PROBE";4;63;0x00001d2a;222;1954141;775605;438280;1120109;1133993;526;0;NOSTRESS
138743621021;16806;"NEAR_P1";"INTERVAL";"PROBE";4;63;0x00001d2a;222;1949649;773429;435847;1113031;1133580;10;0;NOSTRESS
138743637832;16913;"NEAR_P1";"INTERVAL";"PROBE";4;63;0x00001d2a;222;1954044;775837;438270;1120203;1133817;489;0;NOSTRESS
138743654750;16814;"NEAR_P1";"INTERVAL";"PROBE";4;63;0x00001d2a;222;1951263;773829;435925;1113451;1134449;8;0;NOSTRESS
138743671569;16931;"NEAR_P1";"INTERVAL";"PROBE";4;63;0x00001d2a;222;1952737;775198;438199;1119579;1133001;479;0;NOSTRESS
138743688504;16800;"NEAR_P1";"INTERVAL";"PROBE";4;63;0x00001d2a;222;1948076;772954;435818;1112662;1132630;9;0;NOSTRESS
138743705308;16911;"NEAR_P1";"INTERVAL";"PROBE";4;63;0x00001d2a;222;1953665;775541;438274;1120085;1133682;486;0;NOSTRESS
138743722223;16921;"NEAR_P1";"INTERVAL";"PROBE";4;63;0x00001d2a;222;1952416;775102;438141;1119476;1133142;465;0;NOSTRESS
138743739148;16810;"NEAR_P1";"INTERVAL";"PROBE";4;63;0x00001d2a;222;1949937;773605;435841;1113215;1133614;20;0;NOSTRESS
138743755962;16916;"NEAR_P1";"INTERVAL";"PROBE";4;63;0x00001d2a;222;1952123;775014;438118;1119396;1132909;472;0;NOSTRESS
138743772882;16804;"NEAR_P1";"INTERVAL";"PROBE";4;63;0x00001d2a;222;1949265;773309;435758;1112830;1133303;17;0;NOSTRESS
138743789691;16926;"NEAR_P1";"INTERVAL";"PROBE";4;63;0x00001d2a;222;1954274;775815;438642;1121083;1133763;600;0;NOSTRESS
138743806621;16819;"NEAR_P1";"INTERVAL";"PROBE";4;63;0x00001d2a;222;1951226;774004;435947;1113333;1134350;19;0;NOSTRESS
138743823444;16910;"NEAR_P1";"INTERVAL";"PROBE";4;63;0x00001d2a;222;1954089;775668;438284;1119765;1134086;504;0;NOSTRESS
138743840358;16813;"NEAR_P1";"INTERVAL";"PROBE";4;63;0x00001d2a;222;1950424;773751;435857;1113119;1133988;17;0;NOSTRESS
138743857176;16899;"NEAR_P1";"INTERVAL";"PROBE";4;63;0x00001d2a;222;1952645;775178;438220;1119238;1133195;473;0;NOSTRESS
138743874079;16805;"NEAR_P1";"INTERVAL";"PROBE";4;63;0x00001d2a;222;1949660;773472;435724;1112733;1133631;16;0;NOSTRESS
138743890888;16904;"NEAR_P1";"INTERVAL";"PROBE";4;63;0x00001d2a;222;1953384;775435;438238;1119560;1133705;472;0;NOSTRESS
138743907797;67025;"TRAJ_R1";"INTERVAL";"PROBE";4;63;0x00001d2a;222;6932513;2849794;1821539;4412642;4380477;885;0;NOSTRESS
138745169846;400835;"MAF";"INTERVAL";"PROBE";4;63;0x00001d2a;223;45547338;18173578;10449046;26490455;26767382;7761;0;NOSTRESS
138745169867;83;"SENS_C1";"INTERVAL";"PROBE";4;63;0x00001d2a;223;780;627;439;1102;0;118;0;NOSTRESS
138745169954;95;"LOC_C1";"INTERVAL";"PROBE";4;63;0x00001d2a;223;3779;1828;1236;3082;1823;161;0;NOSTRESS
138745170054;19;"LOC_C2";"INTERVAL";"PROBE";4;63;0x00001d2a;223;342;292;195;591;17;21;0;NOSTRESS
138745170078;97;"LOC_C3";"INTERVAL";"PROBE";4;63;0x00001d2a;223;8931;2438;1700;7668;3904;58;0;NOSTRESS
138745170180;23;"LOC_C4";"INTERVAL";"PROBE";4;63;0x00001d2a;223;347;277;210;588;0;31;0;NOSTRESS
138745170207;17084;"NEAR_P1";"INTERVAL";"PROBE";4;63;0x00001d2a;223;1956057;777829;438914;1123977;1133451;766;0;NOSTRESS
138745187295;16842;"NEAR_P1";"INTERVAL";"PROBE";4;63;0x00001d2a;223;1953076;775105;436195;1115041;1134953;16;0;NOSTRESS
138745204141;16938;"NEAR_P1";"INTERVAL";"PROBE";4;63;0x00001d2a;223;1952925;775648;438316;1120439;1132946;537;0;NOSTRESS
138745221083;16974;"NEAR_P1";"INTERVAL";"PROBE";4;63;0x00001d2a;223;1949694;773893;435964;1113574;1133244;34;0;NOSTRESS
138745238061;16934;"NEAR_P1";"INTERVAL";"PROBE";4;63;0x00001d2a;223;1953627;775783;438363;1120325;1133473;605;0;NOSTRESS
138745255000;16820;"NEAR_P1";"INTERVAL";"PROBE";4;63;0x00001d2a;223;1949564;773867;435987;1113615;1133327;9;0;NOSTRESS
138745271824;16924;"NEAR_P1";"INTERVAL";"PROBE";4;63;0x00001d2a;223;1955321;776358;438397;1120592;1134610;486;0;NOSTRESS
138745288752;16932;"NEAR_P1";"INTERVAL";"PROBE";4;63;0x00001d2a;223;1956456;776863;438451;1121080;1135091;479;0;NOSTRESS
138745305688;16816;"NEAR_P1";"INTERVAL";"PROBE";4;63;0x00001d2a;223;1949176;773692;435878;1113309;1133121;18;0;NOSTRESS
138745322508;16943;"NEAR_P1";"INTERVAL";"PROBE";4;63;0x00001d2a;223;1951239;775122;438346;1119633;1132175;425;0;NOSTRESS
138745339455;16817;"NEAR_P1";"INTERVAL";"PROBE";4;63;0x00001d2a;223;1948640;773651;435914;1113479;1132631;17;0;NOSTRESS
138745356276;16963;"NEAR_P1";"INTERVAL";"PROBE";4;63;0x00001d2a;223;1955100;776358;438372;1120810;1134314;478;0;NOSTRESS
138745373244;16820;"NEAR_P1";"INTERVAL";"PROBE";4;63;0x00001d2a;223;1950021;773992;435978;1113537;1133493;20;0;NOSTRESS
138745390068;16950;"NEAR_P1";"INTERVAL";"PROBE";4;63;0x00001d2a;223;1954312;776053;438306;1120394;1133916;467;0;NOSTRESS
138745407023;16814;"NEAR_P1";"INTERVAL";"PROBE";4;63;0x00001d2a;223;1949172;773632;435864;1113329;1133005;19;0;NOSTRESS
138745423841;16938;"NEAR_P1";"INTERVAL";"PROBE";4;63;0x00001d2a;223;1955038;776142;438287;1120439;1134371;468;0;NOSTRESS
138745440783;16816;"NEAR_P1";"INTERVAL";"PROBE";4;63;0x00001d2a;223;1951606;774068;435874;1113520;1134359;15;0;NOSTRESS
138745457603;16939;"NEAR_P1";"INTERVAL";"PROBE";4;63;0x00001d2a;223;1956612;776482;438720;1121870;1134739;619;0;NOSTRESS
138745474546;16821;"NEAR_P1";"INTERVAL";"PROBE";4;63;0x00001d2a;223;1952645;774342;435927;1113593;1135112;14;0;NOSTRESS
138745491371;16927;"NEAR_P1";"INTERVAL";"PROBE";4;63;0x00001d2a;223;1957411;776626;438427;1120696;1135785;519;0;NOSTRESS
138745508303;62374;"TRAJ_R1";"INTERVAL";"PROBE";4;63;0x00001d2a;223;6465225;2655205;1692282;4103667;4083522;888;0;NOSTRESS
138746769838;396114;"MAF";"INTERVAL";"PROBE";4;63;0x00001d2a;224;45070661;17979374;10327399;26192757;26467716;7109;0;NOSTRESS
138746769860;73;"SENS_C1";"INTERVAL";"PROBE";4;63;0x00001d2a;224;762;637;437;1037;0;117;0;NOSTRESS
138746769938;93;"LOC_C1";"INTERVAL";"PROBE";4;63;0x00001d2a;224;3883;1862;1238;3129;1874;157;0;NOSTRESS
138746770036;18;"LOC_C2";"INTERVAL";"PROBE";4;63;0x00001d2a;224;344;292;195;592;17;21;0;NOSTRESS
138746770058;97;"LOC_C3";"INTERVAL";"PROBE";4;63;0x00001d2a;224;8812;2383;1700;7680;3798;62;0;NOSTRESS
138746770159;22;"LOC_C4";"INTERVAL";"PROBE";4;63;0x00001d2a;224;340;274;208;573;0;29;0;NOSTRESS
138746770185;17039;"NEAR_P1";"INTERVAL";"PROBE";4;63;0x00001d2a;224;1952965;776602;438829;1123351;1131355;755;0;NOSTRESS
138746787229;16812;"NEAR_P1";"INTERVAL";"PROBE";4;63;0x00001d2a;224;1948828;773571;435899;1113851;1132409;11;0;NOSTRESS
138746804045;16918;"NEAR_P1";"INTERVAL";"PROBE";4;63;0x00001d2a;224;1954624;775930;438253;1120485;1133723;548;0;NOSTRESS
138746820968;16804;"NEAR_P1";"INTERVAL";"PROBE";4;63;0x00001d2a;224;1949048;773366;435820;1112902;1132883;11;0;NOSTRESS
138746837776;16895;"NEAR_P1";"INTERVAL";"PROBE";4;63;0x00001d2a;224;1950467;774788;438065;1119111;1131585;493;0;NOSTRESS
138746854676;16805;"NEAR_P1";"INTERVAL";"PROBE";4;63;0x00001d2a;224;1948735;773369;435770;1112890;1132795;10;0;NOSTRESS
138746871485;16942;"NEAR_P1";"INTERVAL";"PROBE";4;63;0x00001d2a;224;1952581;775354;438134;1119402;1133150;425;0;NOSTRESS
138746888431;16804;"NEAR_P1";"INTERVAL";"PROBE";4;63;0x00001d2a;224;1948137;773233;435764;1112751;1132434;7;0;NOSTRESS
138746905240;16921;"NEAR_P1";"INTERVAL";"PROBE";4;63;0x00001d2a;224;1950305;774654;438068;1119186;1131630;479;0;NOSTRESS
138746922166;16896;"NEAR_P1";"INTERVAL";"PROBE";4;63;0x00001d2a;224;1950804;774833;438144;1119394;1131980;472;0;NOSTRESS
138746939067;16811;"NEAR_P1";"INTERVAL";"PROBE";4;63;0x00001d2a;224;1949428;773568;435835;1113077;1133252;19;0;NOSTRESS
138746955883;16905;"NEAR_P1";"INTERVAL";"PROBE";4;63;0x00001d2a;224;1952916;775499;438240;1119840;1133049;472;0;NOSTRESS
138746972792;16800;"NEAR_P1";"INTERVAL";"PROBE";4;63;0x00001d2a;224;1947067;772840;435704;1112549;1131830;19;0;NOSTRESS
138746989596;16905;"NEAR_P1";"INTERVAL";"PROBE";4;63;0x00001d2a;224;1949254;774309;437954;1118782;1130983;456;0;NOSTRESS
138747006505;16816;"NEAR_P1";"INTERVAL";"PROBE";4;63;0x00001d2a;224;1949890;773918;435806;1113501;1133338;19;0;NOSTRESS
138747023325;16942;"NEAR_P1";"INTERVAL";"PROBE";4;63;0x00001d2a;224;1953217;775514;438217;1119899;1133234;472;0;NOSTRESS
138747040271;16810;"NEAR_P1";"INTERVAL";"PROBE";4;63;0x00001d2a;224;1948729;773498;435782;1113144;1132600;17;0;NOSTRESS
138747057085;16908;"NEAR_P1";"INTERVAL";"PROBE";4;63;0x00001d2a;224;1948243;774202;438001;1118940;1130345;413;0;NOSTRESS
138747073998;16803;"NEAR_P1";"INTERVAL";"PROBE";4;63;0x00001d2a;224;1947123;773086;435792;1112802;1131584;14;0;NOSTRESS
138747090805;16943;"NEAR_P1";"INTERVAL";"PROBE";4;63;0x00001d2a;224;1953216;775931;438290;1120364;1132956;479;0;NOSTRESS
138747107770;58178;"TRAJ_R1";"INTERVAL";"PROBE";4;63;0x00001d2a;224;6041347;2478781;1575217;3824299;3814912;892;0;NOSTRESS
138748369921;392610;"MAF";"INTERVAL";"PROBE";4;63;0x00001d2a;225;44656934;17809375;10227262;25945163;26199850;8071;0;NOSTRESS
138748369950;77;"SENS_C1";"INTERVAL";"PROBE";4;63;0x00001d2a;225;751;623;438;1040;0;117;0;NOSTRESS
138748370031;98;"LOC_C1";"INTERVAL";"PROBE";4;63;0x00001d2a;225;3825;1849;1250;3144;1818;161;0;NOSTRESS
138748370133;21;"LOC_C2";"INTERVAL";"PROBE";4;63;0x00001d2a;225;347;294;197;600;17;23;0;NOSTRESS
138748370158;97;"LOC_C3";"INTERVAL";"PROBE";4;63;0x00001d2a;225;9004;2490;1707;7713;3928;60;0;NOSTRESS
138748370259;23;"LOC_C4";"INTERVAL";"PROBE";4;63;0x00001d2a;225;347;278;210;587;0;31;0;NOSTRESS
138748370287;17113;"NEAR_P1";"INTERVAL";"PROBE";4;63;0x00001d2a;225;1953149;776952;439602;1124974;1130574;1016;0;NOSTRESS
138748387405;16801;"NEAR_P1";"INTERVAL";"PROBE";4;63;0x00001d2a;225;1945269;772575;435883;1113093;1130125;16;0;NOSTRESS
138748404210;16960;"NEAR_P1";"INTERVAL";"PROBE";4;63;0x00001d2a;225;1952267;775368;439069;1122141;1131423;791;0;NOSTRESS
138748421175;16807;"NEAR_P1";"INTERVAL";"PROBE";4;63;0x00001d2a;225;1947151;773016;435866;1113200;1131458;13;0;NOSTRESS
138748437987;16920;"NEAR_P1";"INTERVAL";"PROBE";4;63;0x00001d2a;225;1950387;774735;438311;1119696;1131123;542;0;NOSTRESS
138748454911;16791;"NEAR_P1";"INTERVAL";"PROBE";4;63;0x00001d2a;225;1944536;772132;435738;1112381;1129998;8;0;NOSTRESS
138748471706;16913;"NEAR_P1";"INTERVAL";"PROBE";4;63;0x00001d2a;225;1951618;775302;438349;1120121;1131944;481;0;NOSTRESS
138748488623;16799;"NEAR_P1";"INTERVAL";"PROBE";4;63;0x00001d2a;225;1946303;772682;435829;1112718;1131062;7;0;NOSTRESS
138748505426;16898;"NEAR_P1";"INTERVAL";"PROBE";4;63;0x00001d2a;225;1949892;774732;438230;1119692;1130885;476;0;NOSTRESS
138748522328;16931;"NEAR_P1";"INTERVAL";"PROBE";4;63;0x00001d2a;225;1951420;774921;438216;1119586;1131955;464;0;NOSTRESS
138748539263;16788;"NEAR_P1";"INTERVAL";"PROBE";4;63;0x00001d2a;225;1944811;771994;435731;1112263;1129985;19;0;NOSTRESS
138748556055;16913;"NEAR_P1";"INTERVAL";"PROBE";4;63;0x00001d2a;225;1949594;774413;438211;1119417;1130694;469;0;NOSTRESS
138748572973;16795;"NEAR_P1";"INTERVAL";"PROBE";4;63;0x00001d2a;225;1946319;772364;435834;1112257;1131138;18;0;NOSTRESS
138748589772;17089;"NEAR_P1";"INTERVAL";"PROBE";4;63;0x00001d2a;225;1949658;774221;438217;1119166;1130937;610;0;NOSTRESS
138748606866;16794;"NEAR_P1";"INTERVAL";"PROBE";4;63;0x00001d2a;225;1946517;772348;435739;1112196;1131370;17;0;NOSTRESS
138748623664;16884;"NEAR_P1";"INTERVAL";"PROBE";4;63;0x00001d2a;225;1949354;774049;438130;1118924;1130832;473;0;NOSTRESS
138748640552;16804;"NEAR_P1";"INTERVAL";"PROBE";4;63;0x00001d2a;225;1948071;773015;435878;1112845;1131981;15;0;NOSTRESS
138748657360;16919;"NEAR_P1";"INTERVAL";"PROBE";4;63;0x00001d2a;225;1948518;773944;438114;1118852;1130159;473;0;NOSTRESS
138748674283;16796;"NEAR_P1";"INTERVAL";"PROBE";4;63;0x00001d2a;225;1946402;772414;435787;1112227;1131154;14;0;NOSTRESS
138748691083;16905;"NEAR_P1";"INTERVAL";"PROBE";4;63;0x00001d2a;225;1948816;774036;438085;1119128;1130322;469;0;NOSTRESS
138748708010;54516;"TRAJ_R1";"INTERVAL";"PROBE";4;63;0x00001d2a;225;5662334;2321211;1472128;3576682;3574968;840;0;NOSTRESS
138749969861;389278;"MAF";"INTERVAL";"PROBE";4;63;0x00001d2a;226;44394605;17691762;10133406;25731808;26035693;6793;0;NOSTRESS
138749969887;85;"SENS_C1";"INTERVAL";"PROBE";4;63;0x00001d2a;226;751;619;438;1056;0;117;0;NOSTRESS
138749969976;98;"LOC_C1";"INTERVAL";"PROBE";4;63;0x00001d2a;226;3747;1819;1240;3089;1795;159;0;NOSTRESS
138749970079;21;"LOC_C2";"INTERVAL";"PROBE";4;63;0x00001d2a;226;347;294;197;600;17;23;0;NOSTRESS
138749970104;93;"LOC_C3";"INTERVAL";"PROBE";4;63;0x00001d2a;226;8791;2397;1679;7576;3833;62;0;NOSTRESS
138749970201;24;"LOC_C4";"INTERVAL";"PROBE";4;63;0x00001d2a;226;346;278;210;587;0;31;0;NOSTRESS
138749970229;17096;"NEAR_P1";"INTERVAL";"PROBE";4;63;0x00001d2a;226;1955550;777482;438897;1123391;1132745;820;0;NOSTRESS
138749987329;16826;"NEAR_P1";"INTERVAL";"PROBE";4;63;0x00001d2a;226;1951595;774549;436068;1114358;1133985;13;0;NOSTRESS
138750004160;16942;"NEAR_P1";"INTERVAL";"PROBE";4;63;0x00001d2a;226;1955349;776378;438329;1120941;1134113;515;0;NOSTRESS
138750021106;16816;"NEAR_P1";"INTERVAL";"PROBE";4;63;0x00001d2a;226;1950976;774045;435965;1113694;1133894;10;0;NOSTRESS
138750037927;16902;"NEAR_P1";"INTERVAL";"PROBE";4;63;0x00001d2a;226;1951876;775025;438142;1119707;1132203;481;0;NOSTRESS
138750054834;16818;"NEAR_P1";"INTERVAL";"PROBE";4;63;0x00001d2a;226;1950628;773938;435975;1113609;1133666;7;0;NOSTRESS
138750071656;16939;"NEAR_P1";"INTERVAL";"PROBE";4;63;0x00001d2a;226;1953490;775646;438206;1120089;1133184;473;0;NOSTRESS
138750088599;16820;"NEAR_P1";"INTERVAL";"PROBE";4;63;0x00001d2a;226;1951573;774108;435928;1113734;1134221;8;0;NOSTRESS
138750105423;16924;"NEAR_P1";"INTERVAL";"PROBE";4;63;0x00001d2a;226;1953525;775520;438248;1120018;1133147;476;0;NOSTRESS
138750122352;16904;"NEAR_P1";"INTERVAL";"PROBE";4;63;0x00001d2a;226;1953206;775419;438248;1119836;1133102;462;0;NOSTRESS
138750139261;16821;"NEAR_P1";"INTERVAL";"PROBE";4;63;0x00001d2a;226;1951632;774108;435927;1113773;1134161;19;0;NOSTRESS
138750156086;16925;"NEAR_P1";"INTERVAL";"PROBE";4;63;0x00001d2a;226;1954191;775854;438339;1120298;1133645;459;0;NOSTRESS
138750173015;16803;"NEAR_P1";"INTERVAL";"PROBE";4;63;0x00001d2a;226;1948444;772988;435744;1112973;1132424;18;0;NOSTRESS
138750189823;16936;"NEAR_P1";"INTERVAL";"PROBE";4;63;0x00001d2a;226;1952697;775171;438126;1119799;1132866;456;0;NOSTRESS
138750206763;16812;"NEAR_P1";"INTERVAL";"PROBE";4;63;0x00001d2a;226;1949577;773462;435807;1113460;1133007;18;0;NOSTRESS
138750223579;16930;"NEAR_P1";"INTERVAL";"PROBE";4;63;0x00001d2a;226;1953124;775518;438252;1120192;1132963;465;0;NOSTRESS
138750240514;16829;"NEAR_P1";"INTERVAL";"PROBE";4;63;0x00001d2a;226;1952133;774551;436005;1114086;1134568;19;0;NOSTRESS
138750257348;16907;"NEAR_P1";"INTERVAL";"PROBE";4;63;0x00001d2a;226;1952935;775499;438367;1120182;1132678;468;0;NOSTRESS
138750274260;16821;"NEAR_P1";"INTERVAL";"PROBE";4;63;0x00001d2a;226;1950947;774070;435967;1113838;1133821;15;0;NOSTRESS
138750291085;16911;"NEAR_P1";"INTERVAL";"PROBE";4;63;0x00001d2a;226;1953680;775623;438271;1120308;1133446;468;0;NOSTRESS
138750308017;51117;"TRAJ_R1";"INTERVAL";"PROBE";4;63;0x00001d2a;226;5323898;2180325;1378789;3351415;3362209;491;0;NOSTRESS
138751569886;370190;"MAF";"INTERVAL";"PROBE";4;63;0x00001d2a;227;42395295;16866878;9621192;24474480;24773136;7793;0;NOSTRESS
138751569911;77;"SENS_C1";"INTERVAL";"PROBE";4;63;0x00001d2a;227;756;623;438;1052;0;116;0;NOSTRESS
138751569993;100;"LOC_C1";"INTERVAL";"PROBE";4;63;0x00001d2a;227;3853;1846;1248;3118;1856;161;0;NOSTRESS
138751570097;20;"LOC_C2";"INTERVAL";"PROBE";4;63;0x00001d2a;227;342;292;195;591;17;22;0;NOSTRESS
138751570121;91;"LOC_C3";"INTERVAL";"PROBE";4;63;0x00001d2a;227;8844;2443;1711;7659;3825;58;0;NOSTRESS
138751570217;22;"LOC_C4";"INTERVAL";"PROBE";4;63;0x00001d2a;227;338;276;208;576;0;32;0;NOSTRESS
138751570243;17207;"NEAR_P1";"INTERVAL";"PROBE";4;63;0x00001d2a;227;1958253;777921;440467;1127184;1133736;1046;0;NOSTRESS
138751587454;16819;"NEAR_P1";"INTERVAL";"PROBE";4;63;0x00001d2a;227;1951363;773958;436109;1113968;1134058;19;0;NOSTRESS
138751604277;16956;"NEAR_P1";"INTERVAL";"PROBE";4;63;0x00001d2a;227;1955365;775806;438769;1121070;1134233;615;0;NOSTRESS
138751621237;16812;"NEAR_P1";"INTERVAL";"PROBE";4;63;0x00001d2a;227;1950944;773591;436023;1113498;1134098;12;0;NOSTRESS
138751638053;17009;"NEAR_P1";"INTERVAL";"PROBE";4;63;0x00001d2a;227;1958622;777301;440215;1125423;1134830;735;0;NOSTRESS
138751655067;16817;"NEAR_P1";"INTERVAL";"PROBE";4;63;0x00001d2a;227;1951695;773950;436097;1113656;1134404;11;0;NOSTRESS
138751671888;16922;"NEAR_P1";"INTERVAL";"PROBE";4;63;0x00001d2a;227;1954425;775283;438264;1119296;1134291;573;0;NOSTRESS
138751688815;16904;"NEAR_P1";"INTERVAL";"PROBE";4;63;0x00001d2a;227;1953165;775014;438950;1119980;1133039;453;0;NOSTRESS
138751705723;16815;"NEAR_P1";"INTERVAL";"PROBE";4;63;0x00001d2a;227;1952078;774053;436052;1113319;1134829;19;0;NOSTRESS
138751722543;16866;"NEAR_P1";"INTERVAL";"PROBE";4;63;0x00001d2a;227;1952792;774420;438083;1116808;1133933;200;0;NOSTRESS
138751739413;16811;"NEAR_P1";"INTERVAL";"PROBE";4;63;0x00001d2a;227;1951411;773698;436036;1113140;1134302;10;0;NOSTRESS
138751756228;16986;"NEAR_P1";"INTERVAL";"PROBE";4;63;0x00001d2a;227;1957446;776789;439253;1122851;1135360;548;0;NOSTRESS
138751773218;16804;"NEAR_P1";"INTERVAL";"PROBE";4;63;0x00001d2a;227;1948093;773139;435956;1112993;1132387;22;0;NOSTRESS
138751790026;16982;"NEAR_P1";"INTERVAL";"PROBE";4;63;0x00001d2a;227;1956265;776548;439896;1123348;1134103;720;0;NOSTRESS
138751807013;16815;"NEAR_P1";"INTERVAL";"PROBE";4;63;0x00001d2a;227;1951012;773923;436035;1113359;1134180;23;0;NOSTRESS
138751823833;16951;"NEAR_P1";"INTERVAL";"PROBE";4;63;0x00001d2a;227;1954744;775975;439111;1121767;1133692;656;0;NOSTRESS
138751840788;16805;"NEAR_P1";"INTERVAL";"PROBE";4;63;0x00001d2a;227;1948449;773216;435967;1112772;1132509;21;0;NOSTRESS
138751857597;16915;"NEAR_P1";"INTERVAL";"PROBE";4;63;0x00001d2a;227;1952431;774877;438199;1119253;1133270;531;0;NOSTRESS
138751874517;16810;"NEAR_P1";"INTERVAL";"PROBE";4;63;0x00001d2a;227;1949490;773457;436002;1113178;1133271;16;0;NOSTRESS
138751891332;16904;"NEAR_P1";"INTERVAL";"PROBE";4;63;0x00001d2a;227;1953003;775333;438346;1120005;1133265;436;0;NOSTRESS
138751908272;31800;"TRAJ_R1";"INTERVAL";"PROBE";4;63;0x00001d2a;227;3310485;1356031;857504;2085244;2089648;484;0;NOSTRESS
138753169899;357730;"MAF";"INTERVAL";"PROBE";4;63;0x00001d2a;228;41095182;16337239;9286033;23670078;23951524;6870;0;NOSTRESS
138753169923;73;"SENS_C1";"INTERVAL";"PROBE";4;63;0x00001d2a;228;785;626;443;1118;0;117;0;NOSTRESS
138753170001;224;"LOC_C1";"INTERVAL";"PROBE";4;63;0x00001d2a;228;3895;1877;1253;3220;1881;178;0;NOSTRESS
138753170229;18;"LOC_C2";"INTERVAL";"PROBE";4;63;0x00001d2a;228;347;292;196;597;17;22;0;NOSTRESS
138753170251;94;"LOC_C3";"INTERVAL";"PROBE";4;63;0x00001d2a;228;8732;2387;1688;7594;3771;61;0;NOSTRESS
138753170350;24;"LOC_C4";"INTERVAL";"PROBE";4;63;0x00001d2a;228;347;277;210;589;0;31;0;NOSTRESS
138753170378;17092;"NEAR_P1";"INTERVAL";"PROBE";4;63;0x00001d2a;228;1951797;775723;438945;1123510;1130615;892;0;NOSTRESS
138753187475;16803;"NEAR_P1";"INTERVAL";"PROBE";4;63;0x00001d2a;228;1947555;772846;435970;1113742;1131588;17;0;NOSTRESS
138753204283;16890;"NEAR_P1";"INTERVAL";"PROBE";4;63;0x00001d2a;228;1949617;774185;438233;1119765;1130668;520;0;NOSTRESS
138753221178;16797;"NEAR_P1";"INTERVAL";"PROBE";4;63;0x00001d2a;228;1946984;772534;435904;1113188;1131436;10;0;NOSTRESS
138753237980;16891;"NEAR_P1";"INTERVAL";"PROBE";4;63;0x00001d2a;228;1951233;774385;438316;1119790;1131680;495;0;NOSTRESS
138753254875;16784;"NEAR_P1";"INTERVAL";"PROBE";4;63;0x00001d2a;228;1944063;771648;435807;1112583;1129624;8;0;NOSTRESS
138753271663;16887;"NEAR_P1";"INTERVAL";"PROBE";4;63;0x00001d2a;228;1949755;774124;438168;1119364;1130991;489;0;NOSTRESS
138753288554;16789;"NEAR_P1";"INTERVAL";"PROBE";4;63;0x00001d2a;228;1945520;771978;435785;1112767;1130579;8;0;NOSTRESS
138753305347;16950;"NEAR_P1";"INTERVAL";"PROBE";4;63;0x00001d2a;228;1951540;775188;439196;1122329;1131090;578;0;NOSTRESS
138753322302;16889;"NEAR_P1";"INTERVAL";"PROBE";4;63;0x00001d2a;228;1949940;774290;438207;1119636;1131000;484;0;NOSTRESS
138753339196;16793;"NEAR_P1";"INTERVAL";"PROBE";4;63;0x00001d2a;228;1946469;772350;435879;1112798;1131242;18;0;NOSTRESS
138753355993;16884;"NEAR_P1";"INTERVAL";"PROBE";4;63;0x00001d2a;228;1949377;774084;438233;1119373;1130599;470;0;NOSTRESS
138753372881;16783;"NEAR_P1";"INTERVAL";"PROBE";4;63;0x00001d2a;228;1944167;771656;435725;1112519;1129689;19;0;NOSTRESS
138753389669;16909;"NEAR_P1";"INTERVAL";"PROBE";4;63;0x00001d2a;228;1947747;773621;438082;1118996;1129740;463;0;NOSTRESS
138753406582;16794;"NEAR_P1";"INTERVAL";"PROBE";4;63;0x00001d2a;228;1946571;772306;435862;1112895;1131109;19;0;NOSTRESS
138753423380;16909;"NEAR_P1";"INTERVAL";"PROBE";4;63;0x00001d2a;228;1947922;773623;438108;1119158;1129803;461;0;NOSTRESS
138753440293;16788;"NEAR_P1";"INTERVAL";"PROBE";4;63;0x00001d2a;228;1945281;772027;435858;1112520;1130401;19;0;NOSTRESS
138753457085;16891;"NEAR_P1";"INTERVAL";"PROBE";4;63;0x00001d2a;228;1950990;774624;438269;1119758;1131554;463;0;NOSTRESS
138753473980;16807;"NEAR_P1";"INTERVAL";"PROBE";4;63;0x00001d2a;228;1949355;773275;435935;1113500;1132864;15;0;NOSTRESS
138753490792;16896;"NEAR_P1";"INTERVAL";"PROBE";4;63;0x00001d2a;228;1951439;774773;438321;1120006;1131873;469;0;NOSTRESS
138753507692;19933;"TRAJ_R1";"INTERVAL";"PROBE";4;63;0x00001d2a;228;2103485;855159;530946;1298337;1327710;80;0;NOSTRESS
138754769915;358206;"MAF";"INTERVAL";"PROBE";4;63;0x00001d2a;229;41193590;16368815;9300222;23705469;24020659;6449;0;NOSTRESS
138754769938;72;"SENS_C1";"INTERVAL";"PROBE";4;63;0x00001d2a;229;775;628;439;1090;0;118;0;NOSTRESS
138754770014;95;"LOC_C1";"INTERVAL";"PROBE";4;63;0x00001d2a;229;3803;1842;1244;3145;1827;160;0;NOSTRESS
138754770114;19;"LOC_C2";"INTERVAL";"PROBE";4;63;0x00001d2a;229;345;293;195;599;17;17;0;NOSTRESS
138754770137;92;"LOC_C3";"INTERVAL";"PROBE";4;63;0x00001d2a;229;8833;2428;1692;7631;3825;63;0;NOSTRESS
138754770234;22;"LOC_C4";"INTERVAL";"PROBE";4;63;0x00001d2a;229;337;272;209;572;0;26;0;NOSTRESS
138754770260;17064;"NEAR_P1";"INTERVAL";"PROBE";4;63;0x00001d2a;229;1953730;775718;438900;1122815;1132873;775;0;NOSTRESS
138754787329;16791;"NEAR_P1";"INTERVAL";"PROBE";4;63;0x00001d2a;229;1946835;772378;435840;1113313;1131359;15;0;NOSTRESS
138754804124;16932;"NEAR_P1";"INTERVAL";"PROBE";4;63;0x00001d2a;229;1952512;774584;438241;1119765;1132916;528;0;NOSTRESS
138754821060;16805;"NEAR_P1";"INTERVAL";"PROBE";4;63;0x00001d2a;229;1949328;773102;435919;1113564;1133118;10;0;NOSTRESS
138754837869;16924;"NEAR_P1";"INTERVAL";"PROBE";4;63;0x00001d2a;229;1953858;775118;438232;1119949;1133977;497;0;NOSTRESS
138754854797;16806;"NEAR_P1";"INTERVAL";"PROBE";4;63;0x00001d2a;229;1950086;773238;436005;1113216;1133606;9;0;NOSTRESS
138754871607;16910;"NEAR_P1";"INTERVAL";"PROBE";4;63;0x00001d2a;229;1952616;774789;438289;1119876;1132993;494;0;NOSTRESS
138754888521;16792;"NEAR_P1";"INTERVAL";"PROBE";4;63;0x00001d2a;229;1947651;772462;435851;1112812;1132285;9;0;NOSTRESS
138754905317;16895;"NEAR_P1";"INTERVAL";"PROBE";4;63;0x00001d2a;229;1952738;774961;438243;1119816;1133131;474;0;NOSTRESS
138754922217;16891;"NEAR_P1";"INTERVAL";"PROBE";4;63;0x00001d2a;229;1951910;774569;438260;1119702;1132525;472;0;NOSTRESS
138754939112;16793;"NEAR_P1";"INTERVAL";"PROBE";4;63;0x00001d2a;229;1947398;772574;435858;1112766;1132057;18;0;NOSTRESS
138754955909;16928;"NEAR_P1";"INTERVAL";"PROBE";4;63;0x00001d2a;229;1953400;775245;439156;1121986;1132680;550;0;NOSTRESS
138754972842;16801;"NEAR_P1";"INTERVAL";"PROBE";4;63;0x00001d2a;229;1949560;772898;435900;1113300;1133287;21;0;NOSTRESS
138754989647;16908;"NEAR_P1";"INTERVAL";"PROBE";4;63;0x00001d2a;229;1955336;775727;438451;1120489;1134575;467;0;NOSTRESS
138755006560;16799;"NEAR_P1";"INTERVAL";"PROBE";4;63;0x00001d2a;229;1948625;772902;435892;1113034;1132851;18;0;NOSTRESS
138755023364;16901;"NEAR_P1";"INTERVAL";"PROBE";4;63;0x00001d2a;229;1952810;775142;438339;1120147;1132954;472;0;NOSTRESS
138755040269;16803;"NEAR_P1";"INTERVAL";"PROBE";4;63;0x00001d2a;229;1948506;772972;435938;1113212;1132500;19;0;NOSTRESS
138755057076;16890;"NEAR_P1";"INTERVAL";"PROBE";4;63;0x00001d2a;229;1950800;774488;438282;1119661;1131717;459;0;NOSTRESS
138755073971;16792;"NEAR_P1";"INTERVAL";"PROBE";4;63;0x00001d2a;229;1946311;772245;435910;1112707;1131072;16;0;NOSTRESS
138755090767;16918;"NEAR_P1";"INTERVAL";"PROBE";4;63;0x00001d2a;229;1951022;774612;438253;1119901;1131974;420;0;NOSTRESS
138755107690;20427;"TRAJ_R1";"INTERVAL";"PROBE";4;63;0x00001d2a;229;2154896;876563;544649;1331205;1360540;73;0;NOSTRESS
138756369900;359364;"MAF";"INTERVAL";"PROBE";4;63;0x00001d2a;230;41277739;16412900;9320283;23757014;24068333;6998;0;NOSTRESS
138756369919;78;"SENS_C1";"INTERVAL";"PROBE";4;63;0x00001d2a;230;749;621;437;1045;0;116;0;NOSTRESS
138756370001;95;"LOC_C1";"INTERVAL";"PROBE";4;63;0x00001d2a;230;3757;1815;1244;3111;1800;158;0;NOSTRESS
138756370100;20;"LOC_C2";"INTERVAL";"PROBE";4;63;0x00001d2a;230;344;292;195;592;17;20;0;NOSTRESS
138756370124;93;"LOC_C3";"INTERVAL";"PROBE";4;63;0x00001d2a;230;8695;2373;1679;7520;3779;59;0;NOSTRESS
138756370221;23;"LOC_C4";"INTERVAL";"PROBE";4;63;0x00001d2a;230;346;281;210;589;0;31;0;NOSTRESS
138756370248;17079;"NEAR_P1";"INTERVAL";"PROBE";4;63;0x00001d2a;230;1954242;776548;439180;1123475;1132937;768;0;NOSTRESS
138756387331;16825;"NEAR_P1";"INTERVAL";"PROBE";4;63;0x00001d2a;230;1949336;773965;436194;1114320;1132798;14;0;NOSTRESS
138756404160;16922;"NEAR_P1";"INTERVAL";"PROBE";4;63;0x00001d2a;230;1952632;775624;438553;1120681;1132633;536;0;NOSTRESS
138756421086;16825;"NEAR_P1";"INTERVAL";"PROBE";4;63;0x00001d2a;230;1950281;774071;436190;1114363;1133411;9;0;NOSTRESS
138756437915;16923;"NEAR_P1";"INTERVAL";"PROBE";4;63;0x00001d2a;230;1955315;776262;438596;1120638;1134327;490;0;NOSTRESS
138756454842;16812;"NEAR_P1";"INTERVAL";"PROBE";4;63;0x00001d2a;230;1948578;773491;436061;1113636;1132509;10;0;NOSTRESS
138756471658;17160;"NEAR_P1";"INTERVAL";"PROBE";4;63;0x00001d2a;230;1955262;776589;439031;1122321;1133938;765;0;NOSTRESS
138756488822;16942;"NEAR_P1";"INTERVAL";"PROBE";4;63;0x00001d2a;230;1954593;776098;438559;1120872;1134021;497;0;NOSTRESS
138756505768;16818;"NEAR_P1";"INTERVAL";"PROBE";4;63;0x00001d2a;230;1949398;773653;436167;1113682;1133015;21;0;NOSTRESS
138756522590;16923;"NEAR_P1";"INTERVAL";"PROBE";4;63;0x00001d2a;230;1955598;776390;438645;1120948;1134562;476;0;NOSTRESS
138756539518;16826;"NEAR_P1";"INTERVAL";"PROBE";4;63;0x00001d2a;230;1951694;774156;436268;1114075;1134454;18;0;NOSTRESS
138756556348;16915;"NEAR_P1";"INTERVAL";"PROBE";4;63;0x00001d2a;230;1953850;775869;438556;1120520;1133590;465;0;NOSTRESS
138756573267;16814;"NEAR_P1";"INTERVAL";"PROBE";4;63;0x00001d2a;230;1949444;773611;436120;1113517;1133169;19;0;NOSTRESS
138756590085;16924;"NEAR_P1";"INTERVAL";"PROBE";4;63;0x00001d2a;230;1955139;776377;438702;1120923;1134266;458;0;NOSTRESS
138756607013;16830;"NEAR_P1";"INTERVAL";"PROBE";4;63;0x00001d2a;230;1951600;774473;436271;1114235;1134394;19;0;NOSTRESS
138756623847;16993;"NEAR_P1";"INTERVAL";"PROBE";4;63;0x00001d2a;230;1957468;777238;439513;1123549;1135069;550;0;NOSTRESS
138756640845;16818;"NEAR_P1";"INTERVAL";"PROBE";4;63;0x00001d2a;230;1949143;773648;436167;1113817;1132839;16;0;NOSTRESS
138756657667;16919;"NEAR_P1";"INTERVAL";"PROBE";4;63;0x00001d2a;230;1954002;775933;438613;1120673;1133583;485;0;NOSTRESS
138756674590;16815;"NEAR_P1";"INTERVAL";"PROBE";4;63;0x00001d2a;230;1949699;773690;436122;1113674;1133246;14;0;NOSTRESS
138756691410;16905;"NEAR_P1";"INTERVAL";"PROBE";4;63;0x00001d2a;230;1951713;775173;438530;1120214;1132291;464;0;NOSTRESS
138756708336;20924;"TRAJ_R1";"INTERVAL";"PROBE";4;63;0x00001d2a;230;2204645;897247;557992;1363538;1391685;75;0;NOSTRESS
138757969908;359675;"MAF";"INTERVAL";"PROBE";4;63;0x00001d2a;231;41354219;16437038;9333768;23792889;24113841;6983;0;NOSTRESS
138757969927;75;"SENS_C1";"INTERVAL";"PROBE";4;63;0x00001d2a;231;787;645;438;1087;0;117;0;NOSTRESS
138757970007;97;"LOC_C1";"INTERVAL";"PROBE";4;63;0x00001d2a;231;3650;1792;1228;3062;1726;160;0;NOSTRESS
138757970109;20;"LOC_C2";"INTERVAL";"PROBE";4;63;0x00001d2a;231;347;293;195;600;17;21;0;NOSTRESS
138757970133;93;"LOC_C3";"INTERVAL";"PROBE";4;63;0x00001d2a;231;8743;2406;1692;7555;3800;57;0;NOSTRESS
138757970230;23;"LOC_C4";"INTERVAL";"PROBE";4;63;0x00001d2a;231;349;279;211;599;0;28;0;NOSTRESS
138757970257;17094;"NEAR_P1";"INTERVAL";"PROBE";4;63;0x00001d2a;231;1956504;777188;439342;1124234;1133907;845;0;NOSTRESS
138757987356;16818;"NEAR_P1";"INTERVAL";"PROBE";4;63;0x00001d2a;231;1951254;774103;436126;1114202;1133827;15;0;NOSTRESS
138758004179;16924;"NEAR_P1";"INTERVAL";"PROBE";4;63;0x00001d2a;231;1955058;776246;438521;1120915;1134084;536;0;NOSTRESS
138758021107;16811;"NEAR_P1";"INTERVAL";"PROBE";4;63;0x00001d2a;231;1950003;773552;436034;1113582;1133373;10;0;NOSTRESS
138758037922;16909;"NEAR_P1";"INTERVAL";"PROBE";4;63;0x00001d2a;231;1954179;775704;438425;1120247;1133708;482;0;NOSTRESS
138758054835;16814;"NEAR_P1";"INTERVAL";"PROBE";4;63;0x00001d2a;231;1950610;773888;436040;1113686;1133678;10;0;NOSTRESS
138758071654;16901;"NEAR_P1";"INTERVAL";"PROBE";4;63;0x00001d2a;231;1952581;775284;438324;1120050;1132738;481;0;NOSTRESS
138758088559;16829;"NEAR_P1";"INTERVAL";"PROBE";4;63;0x00001d2a;231;1953546;774717;436145;1114292;1135447;8;0;NOSTRESS
138758105392;16907;"NEAR_P1";"INTERVAL";"PROBE";4;63;0x00001d2a;231;1954442;775830;438423;1120232;1133776;474;0;NOSTRESS
138758122303;16942;"NEAR_P1";"INTERVAL";"PROBE";4;63;0x00001d2a;231;1955528;775996;438401;1120292;1134596;458;0;NOSTRESS
138758139249;16809;"NEAR_P1";"INTERVAL";"PROBE";4;63;0x00001d2a;231;1949618;773495;435956;1113387;1133039;17;0;NOSTRESS
138758156062;16935;"NEAR_P1";"INTERVAL";"PROBE";4;63;0x00001d2a;231;1955133;775894;438376;1120479;1134267;474;0;NOSTRESS
138758173001;16807;"NEAR_P1";"INTERVAL";"PROBE";4;63;0x00001d2a;231;1949554;773407;435960;1113228;1133152;20;0;NOSTRESS
138758189813;16914;"NEAR_P1";"INTERVAL";"PROBE";4;63;0x00001d2a;231;1956028;776282;438427;1120651;1134869;474;0;NOSTRESS
138758206731;16821;"NEAR_P1";"INTERVAL";"PROBE";4;63;0x00001d2a;231;1951706;774302;436102;1113938;1134291;17;0;NOSTRESS
138758223556;16910;"NEAR_P1";"INTERVAL";"PROBE";4;63;0x00001d2a;231;1954923;775935;438409;1120494;1134178;466;0;NOSTRESS
138758240471;16825;"NEAR_P1";"INTERVAL";"PROBE";4;63;0x00001d2a;231;1953128;774536;436126;1114103;1135161;16;0;NOSTRESS
138758257300;16937;"NEAR_P1";"INTERVAL";"PROBE";4;63;0x00001d2a;231;1953869;775541;438328;1120227;1133511;458;0;NOSTRESS
138758274241;16817;"NEAR_P1";"INTERVAL";"PROBE";4;63;0x00001d2a;231;1951141;773954;436076;1113844;1133978;15;0;NOSTRESS
138758291063;16971;"NEAR_P1";"INTERVAL";"PROBE";4;63;0x00001d2a;231;1955069;776384;439333;1123017;1133267;557;0;NOSTRESS
138758308038;21541;"TRAJ_R1";"INTERVAL";"PROBE";4;63;0x00001d2a;231;2266895;922302;575092;1405638;1429451;530;0;NOSTRESS
138759569898;360001;"MAF";"INTERVAL";"PROBE";4;63;0x00001d2a;232;41351300;16436801;9346990;23811180;24114471;7441;0;NOSTRESS
138759569916;77;"SENS_C1";"INTERVAL";"PROBE";4;63;0x00001d2a;232;743;631;437;1030;0;117;0;NOSTRESS
138759569997;97;"LOC_C1";"INTERVAL";"PROBE";4;63;0x00001d2a;232;3622;1771;1238;3068;1719;160;0;NOSTRESS
138759570099;21;"LOC_C2";"INTERVAL";"PROBE";4;63;0x00001d2a;232;347;294;197;600;17;23;0;NOSTRESS
138759570124;94;"LOC_C3";"INTERVAL";"PROBE";4;63;0x00001d2a;232;8747;2400;1695;7594;3788;60;0;NOSTRESS
138759570223;23;"LOC_C4";"INTERVAL";"PROBE";4;63;0x00001d2a;232;347;281;210;593;0;33;0;NOSTRESS
138759570250;17089;"NEAR_P1";"INTERVAL";"PROBE";4;63;0x00001d2a;232;1954473;776213;439020;1123027;1132813;835;0;NOSTRESS
138759587344;16792;"NEAR_P1";"INTERVAL";"PROBE";4;63;0x00001d2a;232;1946669;772384;435925;1113033;1131280;17;0;NOSTRESS
138759604140;16893;"NEAR_P1";"INTERVAL";"PROBE";4;63;0x00001d2a;232;1950942;774422;438306;1119514;1131801;521;0;NOSTRESS
138759621038;16799;"NEAR_P1";"INTERVAL";"PROBE";4;63;0x00001d2a;232;1948481;772911;436033;1112979;1132431;10;0;NOSTRESS
138759637841;16940;"NEAR_P1";"INTERVAL";"PROBE";4;63;0x00001d2a;232;1952145;775007;438776;1120742;1132077;614;0;NOSTRESS
138759654785;16802;"NEAR_P1";"INTERVAL";"PROBE";4;63;0x00001d2a;232;1949598;773183;436016;1113175;1133163;11;0;NOSTRESS
138759671591;16905;"NEAR_P1";"INTERVAL";"PROBE";4;63;0x00001d2a;232;1953937;775321;438427;1119972;1133522;520;0;NOSTRESS
138759688501;16797;"NEAR_P1";"INTERVAL";"PROBE";4;63;0x00001d2a;232;1948305;772790;436006;1113036;1132275;8;0;NOSTRESS
138759705302;16889;"NEAR_P1";"INTERVAL";"PROBE";4;63;0x00001d2a;232;1951929;774616;438379;1119515;1132352;479;0;NOSTRESS
138759722196;16889;"NEAR_P1";"INTERVAL";"PROBE";4;63;0x00001d2a;232;1951415;774612;438370;1119429;1132095;461;0;NOSTRESS
138759739090;16802;"NEAR_P1";"INTERVAL";"PROBE";4;63;0x00001d2a;232;1949820;773273;436041;1113086;1133428;21;0;NOSTRESS
138759755896;16886;"NEAR_P1";"INTERVAL";"PROBE";4;63;0x00001d2a;232;1951487;774533;438301;1119166;1132228;468;0;NOSTRESS
138759772786;16798;"NEAR_P1";"INTERVAL";"PROBE";4;63;0x00001d2a;232;1948701;772862;436013;1112772;1132648;19;0;NOSTRESS
138759789589;16929;"NEAR_P1";"INTERVAL";"PROBE";4;63;0x00001d2a;232;1952421;774926;438362;1119542;1132650;459;0;NOSTRESS
138759806522;16795;"NEAR_P1";"INTERVAL";"PROBE";4;63;0x00001d2a;232;1947471;772532;435998;1112906;1131894;19;0;NOSTRESS
138759823321;16917;"NEAR_P1";"INTERVAL";"PROBE";4;63;0x00001d2a;232;1951923;774914;438443;1119992;1132167;473;0;NOSTRESS
138759840242;16955;"NEAR_P1";"INTERVAL";"PROBE";4;63;0x00001d2a;232;1946801;772461;435967;1112781;1131405;39;0;NOSTRESS
138759857202;16908;"NEAR_P1";"INTERVAL";"PROBE";4;63;0x00001d2a;232;1952834;774998;438476;1120031;1132899;583;0;NOSTRESS
138759874114;16796;"NEAR_P1";"INTERVAL";"PROBE";4;63;0x00001d2a;232;1947616;772662;436007;1112864;1131851;16;0;NOSTRESS
138759890914;16896;"NEAR_P1";"INTERVAL";"PROBE";4;63;0x00001d2a;232;1951602;774838;438359;1119798;1132132;469;0;NOSTRESS
138759907831;22064;"TRAJ_R1";"INTERVAL";"PROBE";4;63;0x00001d2a;232;2318713;944556;589495;1440447;1461836;541;0;NOSTRESS
138761169879;361052;"MAF";"INTERVAL";"PROBE";4;63;0x00001d2a;233;41421224;16485792;9366441;23877941;24151627;7043;0;NOSTRESS
138761169899;76;"SENS_C1";"INTERVAL";"PROBE";4;63;0x00001d2a;233;753;624;436;1037;0;114;0;NOSTRESS
138761169979;94;"LOC_C1";"INTERVAL";"PROBE";4;63;0x00001d2a;233;3724;1817;1241;3067;1789;153;0;NOSTRESS
138761170077;20;"LOC_C2";"INTERVAL";"PROBE";4;63;0x00001d2a;233;345;294;197;599;17;22;0;NOSTRESS
138761170101;96;"LOC_C3";"INTERVAL";"PROBE";4;63;0x00001d2a;233;8931;2465;1709;7657;3916;61;0;NOSTRESS
138761170202;23;"LOC_C4";"INTERVAL";"PROBE";4;63;0x00001d2a;233;338;277;208;586;0;31;0;NOSTRESS
138761170229;17131;"NEAR_P1";"INTERVAL";"PROBE";4;63;0x00001d2a;233;1956101;777665;439409;1125271;1133276;824;0;NOSTRESS
138761187364;16831;"NEAR_P1";"INTERVAL";"PROBE";4;63;0x00001d2a;233;1948729;774253;436251;1114910;1131954;15;0;NOSTRESS
138761204199;16952;"NEAR_P1";"INTERVAL";"PROBE";4;63;0x00001d2a;233;1951274;775596;438475;1120841;1131556;511;0;NOSTRESS
138761221155;16822;"NEAR_P1";"INTERVAL";"PROBE";4;63;0x00001d2a;233;1948114;773828;436171;1114216;1131840;10;0;NOSTRESS
138761237982;16949;"NEAR_P1";"INTERVAL";"PROBE";4;63;0x00001d2a;233;1953679;776367;438607;1121440;1133110;481;0;NOSTRESS
138761254935;16822;"NEAR_P1";"INTERVAL";"PROBE";4;63;0x00001d2a;233;1948023;773775;436193;1114131;1131869;9;0;NOSTRESS
138761271761;16925;"NEAR_P1";"INTERVAL";"PROBE";4;63;0x00001d2a;233;1952753;776021;438575;1121133;1132525;479;0;NOSTRESS
138761288690;16954;"NEAR_P1";"INTERVAL";"PROBE";4;63;0x00001d2a;233;1951675;775905;438918;1122225;1131327;605;0;NOSTRESS
138761305648;16819;"NEAR_P1";"INTERVAL";"PROBE";4;63;0x00001d2a;233;1947463;773600;436031;1114030;1131436;20;0;NOSTRESS
138761322471;16923;"NEAR_P1";"INTERVAL";"PROBE";4;63;0x00001d2a;233;1952070;775753;438571;1120909;1132097;503;0;NOSTRESS
138761339399;16819;"NEAR_P1";"INTERVAL";"PROBE";4;63;0x00001d2a;233;1947232;773530;436121;1113922;1131404;19;0;NOSTRESS
138761356222;16912;"NEAR_P1";"INTERVAL";"PROBE";4;63;0x00001d2a;233;1950574;775462;438483;1120520;1131297;468;0;NOSTRESS
138761373138;16831;"NEAR_P1";"INTERVAL";"PROBE";4;63;0x00001d2a;233;1949427;774249;436241;1114555;1132615;19;0;NOSTRESS
138761389974;16914;"NEAR_P1";"INTERVAL";"PROBE";4;63;0x00001d2a;233;1951370;775552;438490;1120728;1131596;463;0;NOSTRESS
138761406892;16833;"NEAR_P1";"INTERVAL";"PROBE";4;63;0x00001d2a;233;1949528;774329;436220;1114622;1132823;17;0;NOSTRESS
138761423730;16918;"NEAR_P1";"INTERVAL";"PROBE";4;63;0x00001d2a;233;1951353;775630;438553;1120687;1131661;471;0;NOSTRESS
138761440652;16836;"NEAR_P1";"INTERVAL";"PROBE";4;63;0x00001d2a;233;1950392;774557;436274;1114711;1133302;16;0;NOSTRESS
138761457492;16963;"NEAR_P1";"INTERVAL";"PROBE";4;63;0x00001d2a;233;1954511;776659;438572;1121415;1133688;464;0;NOSTRESS
138761474459;16820;"NEAR_P1";"INTERVAL";"PROBE";4;63;0x00001d2a;233;1947257;773605;436097;1113931;1131530;15;0;NOSTRESS
138761491283;16944;"NEAR_P1";"INTERVAL";"PROBE";4;63;0x00001d2a;233;1952359;775959;438576;1121057;1132203;466;0;NOSTRESS
138761508232;22695;"TRAJ_R1";"INTERVAL";"PROBE";4;63;0x00001d2a;233;2383686;970941;605786;1480513;1502796;550;0;NOSTRESS
138762769902;361369;"MAF";"INTERVAL";"PROBE";4;63;0x00001d2a;234;41525841;16506628;9381777;23904656;24221596;7004;0;NOSTRESS
138762769928;79;"SENS_C1";"INTERVAL";"PROBE";4;63;0x00001d2a;234;756;628;437;1043;0;116;0;NOSTRESS
138762770011;91;"LOC_C1";"INTERVAL";"PROBE";4;63;0x00001d2a;234;3698;1795;1239;3084;1772;156;0;NOSTRESS
138762770106;20;"LOC_C2";"INTERVAL";"PROBE";4;63;0x00001d2a;234;344;292;195;592;17;21;0;NOSTRESS
138762770130;96;"LOC_C3";"INTERVAL";"PROBE";4;63;0x00001d2a;234;8920;2442;1704;7623;3903;62;0;NOSTRESS
138762770231;22;"LOC_C4";"INTERVAL";"PROBE";4;63;0x00001d2a;234;347;278;210;587;0;32;0;NOSTRESS
138762770258;17074;"NEAR_P1";"INTERVAL";"PROBE";4;63;0x00001d2a;234;1958486;777411;439208;1123913;1135316;768;0;NOSTRESS
138762787336;16819;"NEAR_P1";"INTERVAL";"PROBE";4;63;0x00001d2a;234;1951285;774010;436185;1114266;1133770;13;0;NOSTRESS
138762804159;16949;"NEAR_P1";"INTERVAL";"PROBE";4;63;0x00001d2a;234;1954477;775811;438459;1120689;1133591;528;0;NOSTRESS
138762821112;16817;"NEAR_P1";"INTERVAL";"PROBE";4;63;0x00001d2a;234;1951725;774050;436223;1114036;1134304;11;0;NOSTRESS
138762837933;16927;"NEAR_P1";"INTERVAL";"PROBE";4;63;0x00001d2a;234;1954094;775502;438464;1119938;1133782;483;0;NOSTRESS
138762854865;16816;"NEAR_P1";"INTERVAL";"PROBE";4;63;0x00001d2a;234;1952073;774001;436139;1113806;1134480;9;0;NOSTRESS
138762871686;16945;"NEAR_P1";"INTERVAL";"PROBE";4;63;0x00001d2a;234;1955152;775940;438397;1120448;1134181;479;0;NOSTRESS
138762888635;16809;"NEAR_P1";"INTERVAL";"PROBE";4;63;0x00001d2a;234;1949821;773584;436065;1113486;1133179;10;0;NOSTRESS
138762905449;16916;"NEAR_P1";"INTERVAL";"PROBE";4;63;0x00001d2a;234;1952505;775025;438360;1119703;1132669;479;0;NOSTRESS
138762922369;16904;"NEAR_P1";"INTERVAL";"PROBE";4;63;0x00001d2a;234;1953361;775450;438496;1120264;1133178;465;0;NOSTRESS
138762939278;16801;"NEAR_P1";"INTERVAL";"PROBE";4;63;0x00001d2a;234;1948575;773024;435951;1113135;1132428;17;0;NOSTRESS
138762956084;16946;"NEAR_P1";"INTERVAL";"PROBE";4;63;0x00001d2a;234;1954942;776054;438929;1121845;1133591;593;0;NOSTRESS
138762973035;16811;"NEAR_P1";"INTERVAL";"PROBE";4;63;0x00001d2a;234;1950140;773583;436022;1113570;1133259;20;0;NOSTRESS
138762989850;16913;"NEAR_P1";"INTERVAL";"PROBE";4;63;0x00001d2a;234;1954694;775827;438543;1120365;1134007;498;0;NOSTRESS
138763006767;16806;"NEAR_P1";"INTERVAL";"PROBE";4;63;0x00001d2a;234;1949454;773298;436007;1113270;1132978;18;0;NOSTRESS
138763023577;16919;"NEAR_P1";"INTERVAL";"PROBE";4;63;0x00001d2a;234;1956692;776456;438604;1120900;1135050;469;0;NOSTRESS
138763040500;16822;"NEAR_P1";"INTERVAL";"PROBE";4;63;0x00001d2a;234;1952650;774378;436132;1114134;1134876;15;0;NOSTRESS
138763057326;16892;"NEAR_P1";"INTERVAL";"PROBE";4;63;0x00001d2a;234;1951708;774818;438403;1119622;1132060;472;0;NOSTRESS
138763074222;16805;"NEAR_P1";"INTERVAL";"PROBE";4;63;0x00001d2a;234;1949973;773454;435989;1113314;1133232;16;0;NOSTRESS
138763091032;16912;"NEAR_P1";"INTERVAL";"PROBE";4;63;0x00001d2a;234;1955801;776037;438541;1120623;1134518;468;0;NOSTRESS
138763107949;23318;"TRAJ_R1";"INTERVAL";"PROBE";4;63;0x00001d2a;234;2444561;996398;622838;1521155;1541455;544;0;NOSTRESS
138764369882;362020;"MAF";"INTERVAL";"PROBE";4;63;0x00001d2a;235;41502755;16510799;9400757;23943624;24206125;7575;0;NOSTRESS
138764369906;77;"SENS_C1";"INTERVAL";"PROBE";4;63;0x00001d2a;235;767;627;437;1069;0;117;0;NOSTRESS
138764369987;97;"LOC_C1";"INTERVAL";"PROBE";4;63;0x00001d2a;235;3851;1863;1254;3153;1848;166;0;NOSTRESS
138764370089;18;"LOC_C2";"INTERVAL";"PROBE";4;63;0x00001d2a;235;342;292;195;591;17;21;0;NOSTRESS
138764370111;97;"LOC_C3";"INTERVAL";"PROBE";4;63;0x00001d2a;235;8830;2414;1695;7635;3838;62;0;NOSTRESS
138764370212;157;"LOC_C4";"INTERVAL";"PROBE";4;63;0x00001d2a;235;353;284;214;608;0;34;0;NOSTRESS
138764370373;17126;"NEAR_P1";"INTERVAL";"PROBE";4;63;0x00001d2a;235;1954093;776684;440080;1126205;1131688;1127;0;NOSTRESS
138764387504;16803;"NEAR_P1";"INTERVAL";"PROBE";4;63;0x00001d2a;235;1946807;772698;436124;1113566;1131078;19;0;NOSTRESS
138764404311;16903;"NEAR_P1";"INTERVAL";"PROBE";4;63;0x00001d2a;235;1948658;774123;438506;1120055;1129956;553;0;NOSTRESS
138764421218;16800;"NEAR_P1";"INTERVAL";"PROBE";4;63;0x00001d2a;235;1946410;772528;436067;1113268;1131014;12;0;NOSTRESS
138764438023;16913;"NEAR_P1";"INTERVAL";"PROBE";4;63;0x00001d2a;235;1950711;774773;438558;1120237;1131130;485;0;NOSTRESS
138764454941;16794;"NEAR_P1";"INTERVAL";"PROBE";4;63;0x00001d2a;235;1944661;772031;436023;1112948;1129959;8;0;NOSTRESS
138764471739;16916;"NEAR_P1";"INTERVAL";"PROBE";4;63;0x00001d2a;235;1949780;774516;438428;1119887;1130854;466;0;NOSTRESS
138764488660;16805;"NEAR_P1";"INTERVAL";"PROBE";4;63;0x00001d2a;235;1946908;772952;436133;1113534;1131275;8;0;NOSTRESS
138764505469;16922;"NEAR_P1";"INTERVAL";"PROBE";4;63;0x00001d2a;235;1947033;772751;436181;1113451;1131310;107;0;NOSTRESS
138764522396;16937;"NEAR_P1";"INTERVAL";"PROBE";4;63;0x00001d2a;235;1950981;774837;438460;1120108;1131664;420;0;NOSTRESS
138764539337;16793;"NEAR_P1";"INTERVAL";"PROBE";4;63;0x00001d2a;235;1944551;771959;436012;1112704;1129983;17;0;NOSTRESS
138764556134;16945;"NEAR_P1";"INTERVAL";"PROBE";4;63;0x00001d2a;235;1951529;775041;438512;1120369;1131996;466;0;NOSTRESS
138764573083;16807;"NEAR_P1";"INTERVAL";"PROBE";4;63;0x00001d2a;235;1947838;773075;436158;1113486;1131877;18;0;NOSTRESS
138764589894;16943;"NEAR_P1";"INTERVAL";"PROBE";4;63;0x00001d2a;235;1951968;775115;438988;1121593;1131688;602;0;NOSTRESS
138764606841;16802;"NEAR_P1";"INTERVAL";"PROBE";4;63;0x00001d2a;235;1945958;772514;436080;1113218;1130767;18;0;NOSTRESS
138764623647;16882;"NEAR_P1";"INTERVAL";"PROBE";4;63;0x00001d2a;235;1946851;773501;438381;1119211;1129208;505;0;NOSTRESS
138764640534;16802;"NEAR_P1";"INTERVAL";"PROBE";4;63;0x00001d2a;235;1946052;772602;436078;1113428;1130755;17;0;NOSTRESS
138764657341;16895;"NEAR_P1";"INTERVAL";"PROBE";4;63;0x00001d2a;235;1950328;774524;438542;1120014;1131110;467;0;NOSTRESS
138764674241;16799;"NEAR_P1";"INTERVAL";"PROBE";4;63;0x00001d2a;235;1945533;772396;436048;1113201;1130413;16;0;NOSTRESS
138764691044;16895;"NEAR_P1";"INTERVAL";"PROBE";4;63;0x00001d2a;235;1950383;774474;438483;1119829;1131236;467;0;NOSTRESS
138764707944;23953;"TRAJ_R1";"INTERVAL";"PROBE";4;63;0x00001d2a;235;2507699;1022918;640265;1562899;1581461;544;0;NOSTRESS
138765969852;362735;"MAF";"INTERVAL";"PROBE";4;63;0x00001d2a;236;41662474;16562455;9419309;23992222;24309400;6824;0;NOSTRESS
138765969878;80;"SENS_C1";"INTERVAL";"PROBE";4;63;0x00001d2a;236;766;642;441;1076;0;119;0;NOSTRESS
138765969963;94;"LOC_C1";"INTERVAL";"PROBE";4;63;0x00001d2a;236;3762;1814;1237;3104;1788;162;0;NOSTRESS
138765970061;18;"LOC_C2";"INTERVAL";"PROBE";4;63;0x00001d2a;236;347;293;195;600;17;19;0;NOSTRESS
138765970083;94;"LOC_C3";"INTERVAL";"PROBE";4;63;0x00001d2a;236;8936;2461;1709;7673;3903;62;0;NOSTRESS
138765970182;20;"LOC_C4";"INTERVAL";"PROBE";4;63;0x00001d2a;236;349;279;212;600;0;28;0;NOSTRESS
138765970206;17060;"NEAR_P1";"INTERVAL";"PROBE";4;63;0x00001d2a;236;1957413;777274;439349;1124104;1134446;758;0;NOSTRESS
138765987271;16817;"NEAR_P1";"INTERVAL";"PROBE";4;63;0x00001d2a;236;1950469;773890;436265;1114299;1133298;15;0;NOSTRESS
138766004092;16952;"NEAR_P1";"INTERVAL";"PROBE";4;63;0x00001d2a;236;1955011;776025;438622;1120836;1133983;515;0;NOSTRESS
138766021049;16824;"NEAR_P1";"INTERVAL";"PROBE";4;63;0x00001d2a;236;1952551;774352;436314;1114428;1134714;10;0;NOSTRESS
138766037877;16931;"NEAR_P1";"INTERVAL";"PROBE";4;63;0x00001d2a;236;1954380;775596;438566;1120402;1133757;483;0;NOSTRESS
138766054813;16806;"NEAR_P1";"INTERVAL";"PROBE";4;63;0x00001d2a;236;1948894;773144;436162;1113393;1132621;9;0;NOSTRESS
138766071624;16906;"NEAR_P1";"INTERVAL";"PROBE";4;63;0x00001d2a;236;1954211;775525;438599;1120304;1133772;483;0;NOSTRESS
138766088534;16809;"NEAR_P1";"INTERVAL";"PROBE";4;63;0x00001d2a;236;1949602;773369;436146;1113706;1133084;9;0;NOSTRESS
138766105347;16908;"NEAR_P1";"INTERVAL";"PROBE";4;63;0x00001d2a;236;1954479;775679;438614;1120384;1133862;476;0;NOSTRESS
138766122259;16931;"NEAR_P1";"INTERVAL";"PROBE";4;63;0x00001d2a;236;1953034;775139;438479;1119886;1133221;465;0;NOSTRESS
138766139195;16814;"NEAR_P1";"INTERVAL";"PROBE";4;63;0x00001d2a;236;1950698;773642;436149;1113652;1133897;19;0;NOSTRESS
138766156013;16935;"NEAR_P1";"INTERVAL";"PROBE";4;63;0x00001d2a;236;1955326;775961;438667;1120636;1134416;468;0;NOSTRESS
138766172953;16817;"NEAR_P1";"INTERVAL";"PROBE";4;63;0x00001d2a;236;1951228;773878;436210;1113879;1134076;19;0;NOSTRESS
138766189774;16936;"NEAR_P1";"INTERVAL";"PROBE";4;63;0x00001d2a;236;1954046;775488;438516;1120125;1133630;470;0;NOSTRESS
138766206714;16810;"NEAR_P1";"INTERVAL";"PROBE";4;63;0x00001d2a;236;1950095;773374;436168;1113434;1133466;18;0;NOSTRESS
138766223528;16934;"NEAR_P1";"INTERVAL";"PROBE";4;63;0x00001d2a;236;1955174;775906;438617;1120485;1134276;464;0;NOSTRESS
138766240466;16812;"NEAR_P1";"INTERVAL";"PROBE";4;63;0x00001d2a;236;1949907;773493;436194;1113685;1133262;18;0;NOSTRESS
138766257282;16916;"NEAR_P1";"INTERVAL";"PROBE";4;63;0x00001d2a;236;1955554;776143;438681;1120829;1134513;473;0;NOSTRESS
138766274202;16824;"NEAR_P1";"INTERVAL";"PROBE";4;63;0x00001d2a;236;1952773;774377;436299;1114100;1134950;14;0;NOSTRESS
138766291030;16921;"NEAR_P1";"INTERVAL";"PROBE";4;63;0x00001d2a;236;1954610;775702;438615;1120488;1133822;462;0;NOSTRESS
138766307972;24610;"TRAJ_R1";"INTERVAL";"PROBE";4;63;0x00001d2a;236;2579293;1051936;658245;1606919;1626626;544;0;NOSTRESS
138767569846;363871;"MAF";"INTERVAL";"PROBE";4;63;0x00001d2a;237;41741000;16601634;9441335;24054065;24354298;7080;0;NOSTRESS
138767569869;79;"SENS_C1";"INTERVAL";"PROBE";4;63;0x00001d2a;237;776;642;438;1070;0;120;0;NOSTRESS
138767569952;92;"LOC_C1";"INTERVAL";"PROBE";4;63;0x00001d2a;237;3764;1819;1238;3086;1803;157;0;NOSTRESS
138767570048;19;"LOC_C2";"INTERVAL";"PROBE";4;63;0x00001d2a;237;344;292;195;592;17;20;0;NOSTRESS
138767570072;94;"LOC_C3";"INTERVAL";"PROBE";4;63;0x00001d2a;237;8903;2475;1709;7671;3874;61;0;NOSTRESS
138767570170;23;"LOC_C4";"INTERVAL";"PROBE";4;63;0x00001d2a;237;355;281;213;603;0;31;0;NOSTRESS
138767570197;17083;"NEAR_P1";"INTERVAL";"PROBE";4;63;0x00001d2a;237;1955400;777152;439308;1124076;1133176;735;0;NOSTRESS
138767587285;16818;"NEAR_P1";"INTERVAL";"PROBE";4;63;0x00001d2a;237;1950358;773842;436259;1114341;1133313;12;0;NOSTRESS
138767604107;16925;"NEAR_P1";"INTERVAL";"PROBE";4;63;0x00001d2a;237;1953461;775813;438666;1121136;1133040;531;0;NOSTRESS
138767621036;16821;"NEAR_P1";"INTERVAL";"PROBE";4;63;0x00001d2a;237;1949336;773742;436296;1114297;1132499;10;0;NOSTRESS
138767637861;16931;"NEAR_P1";"INTERVAL";"PROBE";4;63;0x00001d2a;237;1956614;776595;438716;1121546;1134953;476;0;NOSTRESS
138767654796;16831;"NEAR_P1";"INTERVAL";"PROBE";4;63;0x00001d2a;237;1951366;774322;436399;1114706;1133855;8;0;NOSTRESS
138767671631;16953;"NEAR_P1";"INTERVAL";"PROBE";4;63;0x00001d2a;237;1956128;776412;438618;1121224;1134614;470;0;NOSTRESS
138767688588;16830;"NEAR_P1";"INTERVAL";"PROBE";4;63;0x00001d2a;237;1951990;774346;436360;1114526;1134254;9;0;NOSTRESS
138767705423;16922;"NEAR_P1";"INTERVAL";"PROBE";4;63;0x00001d2a;237;1953795;775857;438719;1121095;1133199;486;0;NOSTRESS
138767722349;17077;"NEAR_P1";"INTERVAL";"PROBE";4;63;0x00001d2a;237;1951979;775183;438596;1120339;1132209;603;0;NOSTRESS
138767739431;16813;"NEAR_P1";"INTERVAL";"PROBE";4;63;0x00001d2a;237;1948860;773409;436237;1113767;1132487;19;0;NOSTRESS
138767756248;16936;"NEAR_P1";"INTERVAL";"PROBE";4;63;0x00001d2a;237;1956969;776970;438819;1121911;1135013;461;0;NOSTRESS
138767773188;16828;"NEAR_P1";"INTERVAL";"PROBE";4;63;0x00001d2a;237;1951312;774225;436318;1114367;1133912;19;0;NOSTRESS
138767790020;16958;"NEAR_P1";"INTERVAL";"PROBE";4;63;0x00001d2a;237;1956066;776467;438733;1121175;1134614;463;0;NOSTRESS
138767806982;16829;"NEAR_P1";"INTERVAL";"PROBE";4;63;0x00001d2a;237;1950811;774175;436314;1114397;1133524;19;0;NOSTRESS
138767823815;16943;"NEAR_P1";"INTERVAL";"PROBE";4;63;0x00001d2a;237;1955163;776272;438599;1121109;1134228;465;0;NOSTRESS
138767840763;16831;"NEAR_P1";"INTERVAL";"PROBE";4;63;0x00001d2a;237;1951704;774428;436316;1114583;1134144;17;0;NOSTRESS
138767857598;16960;"NEAR_P1";"INTERVAL";"PROBE";4;63;0x00001d2a;237;1955321;776267;438606;1121200;1134290;418;0;NOSTRESS
138767874562;16830;"NEAR_P1";"INTERVAL";"PROBE";4;63;0x00001d2a;237;1951348;774416;436309;1114649;1133845;12;0;NOSTRESS
138767891396;16967;"NEAR_P1";"INTERVAL";"PROBE";4;63;0x00001d2a;237;1955231;776306;438675;1121320;1134045;463;0;NOSTRESS
138767908384;25329;"TRAJ_R1";"INTERVAL";"PROBE";4;63;0x00001d2a;237;2653398;1082520;678192;1654858;1673390;549;0;NOSTRESS
138769169853;363582;"MAF";"INTERVAL";"PROBE";4;63;0x00001d2a;238;41674314;16587843;9453936;24068051;24320275;6767;0;NOSTRESS
138769169873;82;"SENS_C1";"INTERVAL";"PROBE";4;63;0x00001d2a;238;762;628;438;1067;0;121;0;NOSTRESS
138769169959;93;"LOC_C1";"INTERVAL";"PROBE";4;63;0x00001d2a;238;3782;1831;1238;3103;1820;159;0;NOSTRESS
138769170056;19;"LOC_C2";"INTERVAL";"PROBE";4;63;0x00001d2a;238;344;292;195;592;17;19;0;NOSTRESS
138769170080;94;"LOC_C3";"INTERVAL";"PROBE";4;63;0x00001d2a;238;8989;2496;1728;7743;3895;63;0;NOSTRESS
138769170179;23;"LOC_C4";"INTERVAL";"PROBE";4;63;0x00001d2a;238;351;278;211;598;0;29;0;NOSTRESS
138769170206;17048;"NEAR_P1";"INTERVAL";"PROBE";4;63;0x00001d2a;238;1948726;774947;438780;1121862;1129257;750;0;NOSTRESS
138769187258;16791;"NEAR_P1";"INTERVAL";"PROBE";4;63;0x00001d2a;238;1942529;771933;436037;1113193;1128509;13;0;NOSTRESS
138769204053;16890;"NEAR_P1";"INTERVAL";"PROBE";4;63;0x00001d2a;238;1946733;773788;438375;1119645;1129189;515;0;NOSTRESS
138769220948;16789;"NEAR_P1";"INTERVAL";"PROBE";4;63;0x00001d2a;238;1944273;772044;435954;1113154;1129722;12;0;NOSTRESS
138769237742;16899;"NEAR_P1";"INTERVAL";"PROBE";4;63;0x00001d2a;238;1946854;773590;438357;1119399;1129231;480;0;NOSTRESS
138769254646;16785;"NEAR_P1";"INTERVAL";"PROBE";4;63;0x00001d2a;238;1943291;771692;435964;1112650;1129151;9;0;NOSTRESS
138769271435;16887;"NEAR_P1";"INTERVAL";"PROBE";4;63;0x00001d2a;238;1948398;773944;438397;1119449;1130248;481;0;NOSTRESS
138769288326;16786;"NEAR_P1";"INTERVAL";"PROBE";4;63;0x00001d2a;238;1943697;771853;435950;1112814;1129553;7;0;NOSTRESS
138769305116;16884;"NEAR_P1";"INTERVAL";"PROBE";4;63;0x00001d2a;238;1947607;773896;438377;1119402;1129634;475;0;NOSTRESS
138769322004;16887;"NEAR_P1";"INTERVAL";"PROBE";4;63;0x00001d2a;238;1945645;773186;438171;1118865;1128630;458;0;NOSTRESS
138769338895;16778;"NEAR_P1";"INTERVAL";"PROBE";4;63;0x00001d2a;238;1942539;771345;435865;1112289;1128729;18;0;NOSTRESS
138769355677;16897;"NEAR_P1";"INTERVAL";"PROBE";4;63;0x00001d2a;238;1946749;773626;438231;1119179;1129232;460;0;NOSTRESS
138769372578;16786;"NEAR_P1";"INTERVAL";"PROBE";4;63;0x00001d2a;238;1943832;771809;435948;1112640;1129538;17;0;NOSTRESS
138769389368;16902;"NEAR_P1";"INTERVAL";"PROBE";4;63;0x00001d2a;238;1950833;774926;438566;1120449;1131437;465;0;NOSTRESS
138769406274;16801;"NEAR_P1";"INTERVAL";"PROBE";4;63;0x00001d2a;238;1946219;772702;436048;1113310;1130965;18;0;NOSTRESS
138769423079;16890;"NEAR_P1";"INTERVAL";"PROBE";4;63;0x00001d2a;238;1949078;774317;438385;1119811;1130540;461;0;NOSTRESS
138769439973;16777;"NEAR_P1";"INTERVAL";"PROBE";4;63;0x00001d2a;238;1942130;771360;435884;1112295;1128548;19;0;NOSTRESS
138769456755;16892;"NEAR_P1";"INTERVAL";"PROBE";4;63;0x00001d2a;238;1948446;774235;438378;1119670;1130169;456;0;NOSTRESS
138769473652;16799;"NEAR_P1";"INTERVAL";"PROBE";4;63;0x00001d2a;238;1946394;772702;436082;1113326;1131053;15;0;NOSTRESS
138769490455;16887;"NEAR_P1";"INTERVAL";"PROBE";4;63;0x00001d2a;238;1948212;774008;438423;1119700;1129938;463;0;NOSTRESS
138769507347;26084;"TRAJ_R1";"INTERVAL";"PROBE";4;63;0x00001d2a;238;2728321;1113347;697916;1702638;1721270;543;0;NOSTRESS
138770769904;364948;"MAF";"INTERVAL";"PROBE";4;63;0x00001d2a;239;41861641;16650302;9478797;24134223;24433848;7317;0;NOSTRESS
138770769927;77;"SENS_C1";"INTERVAL";"PROBE";4;63;0x00001d2a;239;727;617;436;1008;0;113;0;NOSTRESS
138770770008;95;"LOC_C1";"INTERVAL";"PROBE";4;63;0x00001d2a;239;3843;1870;1246;3152;1854;154;0;NOSTRESS
138770770108;19;"LOC_C2";"INTERVAL";"PROBE";4;63;0x00001d2a;239;345;294;197;599;17;22;0;NOSTRESS
138770770132;91;"LOC_C3";"INTERVAL";"PROBE";4;63;0x00001d2a;239;8785;2401;1711;7646;3818;62;0;NOSTRESS
138770770227;22;"LOC_C4";"INTERVAL";"PROBE";4;63;0x00001d2a;239;344;277;210;584;0;29;0;NOSTRESS
138770770254;17125;"NEAR_P1";"INTERVAL";"PROBE";4;63;0x00001d2a;239;1957840;778033;440131;1126687;1133642;847;0;NOSTRESS
138770787383;16809;"NEAR_P1";"INTERVAL";"PROBE";4;63;0x00001d2a;239;1949984;773607;436112;1113937;1133088;14;0;NOSTRESS
138770804197;16904;"NEAR_P1";"INTERVAL";"PROBE";4;63;0x00001d2a;239;1952711;775142;438399;1120031;1132524;545;0;NOSTRESS
138770821105;16801;"NEAR_P1";"INTERVAL";"PROBE";4;63;0x00001d2a;239;1948797;773183;436014;1113303;1132529;11;0;NOSTRESS
138770837910;16910;"NEAR_P1";"INTERVAL";"PROBE";4;63;0x00001d2a;239;1954286;775803;438498;1120339;1133676;468;0;NOSTRESS
138770854824;16790;"NEAR_P1";"INTERVAL";"PROBE";4;63;0x00001d2a;239;1946672;772522;435867;1112521;1131448;10;0;NOSTRESS
138770871618;16906;"NEAR_P1";"INTERVAL";"PROBE";4;63;0x00001d2a;239;1954444;775740;438466;1120149;1133954;470;0;NOSTRESS
138770888529;16802;"NEAR_P1";"INTERVAL";"PROBE";4;63;0x00001d2a;239;1949755;773296;436045;1113227;1133296;8;0;NOSTRESS
138770905336;16919;"NEAR_P1";"INTERVAL";"PROBE";4;63;0x00001d2a;239;1953572;775348;438402;1119910;1133425;425;0;NOSTRESS
138770922260;16900;"NEAR_P1";"INTERVAL";"PROBE";4;63;0x00001d2a;239;1952557;775217;438354;1119742;1132892;472;0;NOSTRESS
138770939165;16798;"NEAR_P1";"INTERVAL";"PROBE";4;63;0x00001d2a;239;1948308;773006;435961;1112893;1132386;20;0;NOSTRESS
138770955967;16931;"NEAR_P1";"INTERVAL";"PROBE";4;63;0x00001d2a;239;1952762;775160;438740;1120990;1132459;595;0;NOSTRESS
138770972902;16817;"NEAR_P1";"INTERVAL";"PROBE";4;63;0x00001d2a;239;1950625;773774;436148;1113584;1133541;19;0;NOSTRESS
138770989723;16936;"NEAR_P1";"INTERVAL";"PROBE";4;63;0x00001d2a;239;1952086;775123;438387;1119761;1132257;496;0;NOSTRESS
138771006663;16813;"NEAR_P1";"INTERVAL";"PROBE";4;63;0x00001d2a;239;1950055;773757;436107;1113502;1133241;19;0;NOSTRESS
138771023481;16922;"NEAR_P1";"INTERVAL";"PROBE";4;63;0x00001d2a;239;1951990;775242;438455;1119987;1132081;472;0;NOSTRESS
138771040407;16813;"NEAR_P1";"INTERVAL";"PROBE";4;63;0x00001d2a;239;1949210;773642;436140;1113554;1132620;17;0;NOSTRESS
138771057224;16903;"NEAR_P1";"INTERVAL";"PROBE";4;63;0x00001d2a;239;1952458;775414;438514;1120032;1132291;475;0;NOSTRESS
138771074132;16787;"NEAR_P1";"INTERVAL";"PROBE";4;63;0x00001d2a;239;1945832;772263;435834;1112480;1130780;16;0;NOSTRESS
138771090923;17065;"NEAR_P1";"INTERVAL";"PROBE";4;63;0x00001d2a;239;1953665;775716;438542;1120225;1133235;597;0;NOSTRESS
138771107992;26856;"TRAJ_R1";"INTERVAL";"PROBE";4;63;0x00001d2a;239;2809758;1146480;719397;1754003;1772794;497;0;NOSTRESS
138772369860;365525;"MAF";"INTERVAL";"PROBE";4;63;0x00001d2a;240;41898242;16675987;9499783;24189943;24453717;6889;0;NOSTRESS
138772369884;78;"SENS_C1";"INTERVAL";"PROBE";4;63;0x00001d2a;240;781;646;441;1095;0;114;0;NOSTRESS
138772369966;97;"LOC_C1";"INTERVAL";"PROBE";4;63;0x00001d2a;240;3816;1833;1248;3122;1826;161;0;NOSTRESS
138772370067;20;"LOC_C2";"INTERVAL";"PROBE";4;63;0x00001d2a;240;349;294;197;607;17;20;0;NOSTRESS
138772370091;99;"LOC_C3";"INTERVAL";"PROBE";4;63;0x00001d2a;240;8914;2432;1710;7701;3883;58;0;NOSTRESS
138772370194;23;"LOC_C4";"INTERVAL";"PROBE";4;63;0x00001d2a;240;351;278;211;597;0;28;0;NOSTRESS
138772370222;17076;"NEAR_P1";"INTERVAL";"PROBE";4;63;0x00001d2a;240;1953684;776736;439023;1123530;1131698;835;0;NOSTRESS
138772387303;16811;"NEAR_P1";"INTERVAL";"PROBE";4;63;0x00001d2a;240;1947173;773331;436164;1114201;1131120;16;0;NOSTRESS
138772404118;16904;"NEAR_P1";"INTERVAL";"PROBE";4;63;0x00001d2a;240;1949276;774481;438453;1120323;1130219;525;0;NOSTRESS
138772421026;16803;"NEAR_P1";"INTERVAL";"PROBE";4;63;0x00001d2a;240;1946520;772876;436088;1113493;1130791;10;0;NOSTRESS
138772437833;16974;"NEAR_P1";"INTERVAL";"PROBE";4;63;0x00001d2a;240;1952085;775683;439312;1122889;1131124;574;0;NOSTRESS
138772454811;16816;"NEAR_P1";"INTERVAL";"PROBE";4;63;0x00001d2a;240;1949192;773637;436159;1114008;1132603;8;0;NOSTRESS
138772471631;16898;"NEAR_P1";"INTERVAL";"PROBE";4;63;0x00001d2a;240;1950319;774680;438364;1120146;1131019;487;0;NOSTRESS
138772488534;16821;"NEAR_P1";"INTERVAL";"PROBE";4;63;0x00001d2a;240;1950027;773880;436226;1114269;1132944;8;0;NOSTRESS
138772505359;16896;"NEAR_P1";"INTERVAL";"PROBE";4;63;0x00001d2a;240;1949589;774638;438378;1120043;1130628;476;0;NOSTRESS
138772522260;16899;"NEAR_P1";"INTERVAL";"PROBE";4;63;0x00001d2a;240;1950548;775021;438478;1120137;1131274;463;0;NOSTRESS
138772539164;16801;"NEAR_P1";"INTERVAL";"PROBE";4;63;0x00001d2a;240;1946108;772563;436023;1113247;1130750;19;0;NOSTRESS
138772555969;16885;"NEAR_P1";"INTERVAL";"PROBE";4;63;0x00001d2a;240;1949307;774325;438222;1119460;1130708;373;0;NOSTRESS
138772572858;16806;"NEAR_P1";"INTERVAL";"PROBE";4;63;0x00001d2a;240;1946758;772906;436013;1113543;1131117;17;0;NOSTRESS
138772589669;16899;"NEAR_P1";"INTERVAL";"PROBE";4;63;0x00001d2a;240;1950077;774701;438447;1120124;1130935;462;0;NOSTRESS
138772606572;16807;"NEAR_P1";"INTERVAL";"PROBE";4;63;0x00001d2a;240;1947264;773113;436063;1113606;1131453;17;0;NOSTRESS
138772623384;16902;"NEAR_P1";"INTERVAL";"PROBE";4;63;0x00001d2a;240;1951082;774972;438424;1120247;1131620;463;0;NOSTRESS
138772640290;16795;"NEAR_P1";"INTERVAL";"PROBE";4;63;0x00001d2a;240;1944529;772140;435955;1112976;1129689;16;0;NOSTRESS
138772657089;16912;"NEAR_P1";"INTERVAL";"PROBE";4;63;0x00001d2a;240;1950656;774807;438439;1120136;1131373;466;0;NOSTRESS
138772674005;16813;"NEAR_P1";"INTERVAL";"PROBE";4;63;0x00001d2a;240;1948222;773316;436080;1113836;1131903;15;0;NOSTRESS
138772690822;16920;"NEAR_P1";"INTERVAL";"PROBE";4;63;0x00001d2a;240;1953812;775855;438598;1120962;1133038;477;0;NOSTRESS
138772707764;27617;"TRAJ_R1";"INTERVAL";"PROBE";4;63;0x00001d2a;240;2888176;1179755;741016;1806360;1821985;542;0;NOSTRESS
138773969887;366881;"MAF";"INTERVAL";"PROBE";4;63;0x00001d2a;241;42065523;16736605;9528682;24266625;24558148;7231;0;NOSTRESS
138773969909;86;"SENS_C1";"INTERVAL";"PROBE";4;63;0x00001d2a;241;751;636;436;1025;0;116;0;NOSTRESS
138773969999;99;"LOC_C1";"INTERVAL";"PROBE";4;63;0x00001d2a;241;3856;1844;1237;3143;1834;155;0;NOSTRESS
138773970102;21;"LOC_C2";"INTERVAL";"PROBE";4;63;0x00001d2a;241;347;293;195;600;17;20;0;NOSTRESS
138773970127;92;"LOC_C3";"INTERVAL";"PROBE";4;63;0x00001d2a;241;8831;2446;1719;7646;3835;61;0;NOSTRESS
138773970223;24;"LOC_C4";"INTERVAL";"PROBE";4;63;0x00001d2a;241;348;278;210;597;0;29;0;NOSTRESS
138773970251;17126;"NEAR_P1";"INTERVAL";"PROBE";4;63;0x00001d2a;241;1957532;777924;439477;1124989;1134292;832;0;NOSTRESS
138773987382;16829;"NEAR_P1";"INTERVAL";"PROBE";4;63;0x00001d2a;241;1952120;774358;436326;1114827;1134439;18;0;NOSTRESS
138774004215;16918;"NEAR_P1";"INTERVAL";"PROBE";4;63;0x00001d2a;241;1953704;775632;438583;1120764;1133214;529;0;NOSTRESS
138774021137;16838;"NEAR_P1";"INTERVAL";"PROBE";4;63;0x00001d2a;241;1954188;774980;436412;1115009;1135741;10;0;NOSTRESS
138774037979;16921;"NEAR_P1";"INTERVAL";"PROBE";4;63;0x00001d2a;241;1955519;776249;438622;1121143;1134515;488;0;NOSTRESS
138774054905;16829;"NEAR_P1";"INTERVAL";"PROBE";4;63;0x00001d2a;241;1952406;774434;436295;1114469;1134808;8;0;NOSTRESS
138774071738;16925;"NEAR_P1";"INTERVAL";"PROBE";4;63;0x00001d2a;241;1956084;776392;438681;1121189;1134852;477;0;NOSTRESS
138774088667;16981;"NEAR_P1";"INTERVAL";"PROBE";4;63;0x00001d2a;241;1955287;776486;439481;1123302;1133463;535;0;NOSTRESS
138774105652;16825;"NEAR_P1";"INTERVAL";"PROBE";4;63;0x00001d2a;241;1949648;773863;436272;1114361;1132720;46;0;NOSTRESS
138774122481;16935;"NEAR_P1";"INTERVAL";"PROBE";4;63;0x00001d2a;241;1955989;776674;438876;1121688;1134376;480;0;NOSTRESS
138774139420;16822;"NEAR_P1";"INTERVAL";"PROBE";4;63;0x00001d2a;241;1950118;773803;436283;1114188;1133086;19;0;NOSTRESS
138774156246;16922;"NEAR_P1";"INTERVAL";"PROBE";4;63;0x00001d2a;241;1954050;776031;438737;1121064;1133318;465;0;NOSTRESS
138774173172;16831;"NEAR_P1";"INTERVAL";"PROBE";4;63;0x00001d2a;241;1950415;774262;436359;1114803;1133182;19;0;NOSTRESS
138774190008;16912;"NEAR_P1";"INTERVAL";"PROBE";4;63;0x00001d2a;241;1952746;775647;438582;1120774;1132521;462;0;NOSTRESS
138774206925;16824;"NEAR_P1";"INTERVAL";"PROBE";4;63;0x00001d2a;241;1950182;773911;436359;1114241;1133130;19;0;NOSTRESS
138774223753;16933;"NEAR_P1";"INTERVAL";"PROBE";4;63;0x00001d2a;241;1954189;776042;438768;1121593;1133188;514;0;NOSTRESS
138774240690;16837;"NEAR_P1";"INTERVAL";"PROBE";4;63;0x00001d2a;241;1951776;774605;436382;1114981;1134039;17;0;NOSTRESS
138774257531;16928;"NEAR_P1";"INTERVAL";"PROBE";4;63;0x00001d2a;241;1954617;776273;438720;1121386;1133592;469;0;NOSTRESS
138774274464;16826;"NEAR_P1";"INTERVAL";"PROBE";4;63;0x00001d2a;241;1949963;773984;436343;1114613;1132808;15;0;NOSTRESS
138774291295;16968;"NEAR_P1";"INTERVAL";"PROBE";4;63;0x00001d2a;241;1955900;776708;439198;1122872;1133907;612;0;NOSTRESS
138774308268;28496;"TRAJ_R1";"INTERVAL";"PROBE";4;63;0x00001d2a;241;2975375;1215781;764089;1862107;1877271;575;0;NOSTRESS
138775569911;367074;"MAF";"INTERVAL";"PROBE";4;63;0x00001d2a;242;42066887;16737516;9545885;24290264;24568169;7093;0;NOSTRESS
138775569934;73;"SENS_C1";"INTERVAL";"PROBE";4;63;0x00001d2a;242;741;635;436;996;0;113;0;NOSTRESS
138775570012;100;"LOC_C1";"INTERVAL";"PROBE";4;63;0x00001d2a;242;3645;1784;1230;3060;1740;152;0;NOSTRESS
138775570116;20;"LOC_C2";"INTERVAL";"PROBE";4;63;0x00001d2a;242;344;292;195;592;17;20;0;NOSTRESS
138775570141;93;"LOC_C3";"INTERVAL";"PROBE";4;63;0x00001d2a;242;8894;2459;1708;7621;3873;59;0;NOSTRESS
138775570239;24;"LOC_C4";"INTERVAL";"PROBE";4;63;0x00001d2a;242;346;281;210;589;0;29;0;NOSTRESS
138775570268;17053;"NEAR_P1";"INTERVAL";"PROBE";4;63;0x00001d2a;242;1951767;775567;439128;1123082;1130998;772;0;NOSTRESS
138775587326;16782;"NEAR_P1";"INTERVAL";"PROBE";4;63;0x00001d2a;242;1944408;771821;435954;1112896;1129839;15;0;NOSTRESS
138775604112;17099;"NEAR_P1";"INTERVAL";"PROBE";4;63;0x00001d2a;242;1953119;775231;438374;1120098;1133105;565;0;NOSTRESS
138775621215;16785;"NEAR_P1";"INTERVAL";"PROBE";4;63;0x00001d2a;242;1945752;772005;435846;1112548;1130928;11;0;NOSTRESS
138775638004;16919;"NEAR_P1";"INTERVAL";"PROBE";4;63;0x00001d2a;242;1951409;774643;438288;1119711;1132100;497;0;NOSTRESS
138775654928;16784;"NEAR_P1";"INTERVAL";"PROBE";4;63;0x00001d2a;242;1945707;772151;435972;1112527;1130842;9;0;NOSTRESS
138775671716;16884;"NEAR_P1";"INTERVAL";"PROBE";4;63;0x00001d2a;242;1949266;774122;438379;1119642;1130662;476;0;NOSTRESS
138775688604;16790;"NEAR_P1";"INTERVAL";"PROBE";4;63;0x00001d2a;242;1946467;772370;435980;1112752;1131282;8;0;NOSTRESS
138775705398;16886;"NEAR_P1";"INTERVAL";"PROBE";4;63;0x00001d2a;242;1951072;774470;438316;1119515;1131892;479;0;NOSTRESS
138775722288;16875;"NEAR_P1";"INTERVAL";"PROBE";4;63;0x00001d2a;242;1948813;773804;438186;1119047;1130577;461;0;NOSTRESS
138775739167;16791;"NEAR_P1";"INTERVAL";"PROBE";4;63;0x00001d2a;242;1947014;772450;435961;1112586;1131800;20;0;NOSTRESS
138775755962;16949;"NEAR_P1";"INTERVAL";"PROBE";4;63;0x00001d2a;242;1953895;775655;439340;1122402;1132830;546;0;NOSTRESS
138775772915;16780;"NEAR_P1";"INTERVAL";"PROBE";4;63;0x00001d2a;242;1944917;771745;435794;1112396;1130371;20;0;NOSTRESS
138775789700;16884;"NEAR_P1";"INTERVAL";"PROBE";4;63;0x00001d2a;242;1950372;774227;438317;1119387;1131426;476;0;NOSTRESS
138775806588;16795;"NEAR_P1";"INTERVAL";"PROBE";4;63;0x00001d2a;242;1947452;772623;436030;1112974;1131775;20;0;NOSTRESS
138775823387;16881;"NEAR_P1";"INTERVAL";"PROBE";4;63;0x00001d2a;242;1948869;773943;438311;1119219;1130483;464;0;NOSTRESS
138775840272;16805;"NEAR_P1";"INTERVAL";"PROBE";4;63;0x00001d2a;242;1948176;773138;436026;1113389;1132187;16;0;NOSTRESS
138775857081;16891;"NEAR_P1";"INTERVAL";"PROBE";4;63;0x00001d2a;242;1951098;774769;438418;1119761;1131777;469;0;NOSTRESS
138775873977;16792;"NEAR_P1";"INTERVAL";"PROBE";4;63;0x00001d2a;242;1945670;772309;435998;1112839;1130631;16;0;NOSTRESS
138775890773;16892;"NEAR_P1";"INTERVAL";"PROBE";4;63;0x00001d2a;242;1951448;774900;438717;1120067;1131890;380;0;NOSTRESS
138775907670;29310;"TRAJ_R1";"INTERVAL";"PROBE";4;63;0x00001d2a;242;3065979;1252742;788290;1920110;1935144;544;0;NOSTRESS
138777169895;368421;"MAF";"INTERVAL";"PROBE";4;63;0x00001d2a;243;42240565;16803294;9577946;24382863;24665571;6895;0;NOSTRESS
138777169918;82;"SENS_C1";"INTERVAL";"PROBE";4;63;0x00001d2a;243;723;617;436;996;0;113;0;NOSTRESS
138777170004;95;"LOC_C1";"INTERVAL";"PROBE";4;63;0x00001d2a;243;3726;1825;1239;3083;1800;155;0;NOSTRESS
138777170103;22;"LOC_C2";"INTERVAL";"PROBE";4;63;0x00001d2a;243;345;294;197;599;17;21;0;NOSTRESS
138777170129;96;"LOC_C3";"INTERVAL";"PROBE";4;63;0x00001d2a;243;8804;2447;1714;7638;3824;60;0;NOSTRESS
138777170229;26;"LOC_C4";"INTERVAL";"PROBE";4;63;0x00001d2a;243;337;279;210;580;0;32;0;NOSTRESS
138777170259;17075;"NEAR_P1";"INTERVAL";"PROBE";4;63;0x00001d2a;243;1956965;777145;439354;1124412;1133980;759;0;NOSTRESS
138777187338;16827;"NEAR_P1";"INTERVAL";"PROBE";4;63;0x00001d2a;243;1950834;774099;436497;1115421;1133035;15;0;NOSTRESS
138777204169;16917;"NEAR_P1";"INTERVAL";"PROBE";4;63;0x00001d2a;243;1953562;775486;438768;1121362;1132793;522;0;NOSTRESS
138777221091;16812;"NEAR_P1";"INTERVAL";"PROBE";4;63;0x00001d2a;243;1949285;773396;436371;1114447;1132390;11;0;NOSTRESS
138777237907;16912;"NEAR_P1";"INTERVAL";"PROBE";4;63;0x00001d2a;243;1952992;775372;438726;1120979;1132422;495;0;NOSTRESS
138777254823;16818;"NEAR_P1";"INTERVAL";"PROBE";4;63;0x00001d2a;243;1951039;773863;436361;1114694;1133427;8;0;NOSTRESS
138777271646;16952;"NEAR_P1";"INTERVAL";"PROBE";4;63;0x00001d2a;243;1955272;775819;438706;1121158;1134087;480;0;NOSTRESS
138777288602;16810;"NEAR_P1";"INTERVAL";"PROBE";4;63;0x00001d2a;243;1948472;773166;436303;1114200;1131887;8;0;NOSTRESS
138777305416;16936;"NEAR_P1";"INTERVAL";"PROBE";4;63;0x00001d2a;243;1954457;775743;438786;1121274;1133352;474;0;NOSTRESS
138777322356;16909;"NEAR_P1";"INTERVAL";"PROBE";4;63;0x00001d2a;243;1951553;774710;438608;1120411;1131745;469;0;NOSTRESS
138777339269;16818;"NEAR_P1";"INTERVAL";"PROBE";4;63;0x00001d2a;243;1950906;773767;436363;1114376;1133536;18;0;NOSTRESS
138777356091;16908;"NEAR_P1";"INTERVAL";"PROBE";4;63;0x00001d2a;243;1953333;775597;438728;1121074;1132604;469;0;NOSTRESS
138777373004;16820;"NEAR_P1";"INTERVAL";"PROBE";4;63;0x00001d2a;243;1951316;773885;436384;1114568;1133672;19;0;NOSTRESS
138777389829;16912;"NEAR_P1";"INTERVAL";"PROBE";4;63;0x00001d2a;243;1954434;775767;438751;1121289;1133380;461;0;NOSTRESS
138777406745;16829;"NEAR_P1";"INTERVAL";"PROBE";4;63;0x00001d2a;243;1952477;774444;436447;1115016;1134304;19;0;NOSTRESS
138777423578;16966;"NEAR_P1";"INTERVAL";"PROBE";4;63;0x00001d2a;243;1955755;776385;439622;1123661;1133410;536;0;NOSTRESS
138777440548;16820;"NEAR_P1";"INTERVAL";"PROBE";4;63;0x00001d2a;243;1950905;773943;436313;1114615;1133485;19;0;NOSTRESS
138777457372;16923;"NEAR_P1";"INTERVAL";"PROBE";4;63;0x00001d2a;243;1956569;776342;438856;1121554;1134566;473;0;NOSTRESS
138777474299;16816;"NEAR_P1";"INTERVAL";"PROBE";4;63;0x00001d2a;243;1950186;773614;436345;1114262;1132990;14;0;NOSTRESS
138777491120;16916;"NEAR_P1";"INTERVAL";"PROBE";4;63;0x00001d2a;243;1954950;775985;438745;1121250;1133739;463;0;NOSTRESS
138777508058;30254;"TRAJ_R1";"INTERVAL";"PROBE";4;63;0x00001d2a;243;3161760;1292221;813071;1980701;1995126;541;0;NOSTRESS
138778769923;369416;"MAF";"INTERVAL";"PROBE";4;63;0x00001d2a;244;42330883;16840536;9602579;24439210;24727278;7351;0;NOSTRESS
138778769946;79;"SENS_C1";"INTERVAL";"PROBE";4;63;0x00001d2a;244;747;633;436;1025;0;118;0;NOSTRESS
138778770029;97;"LOC_C1";"INTERVAL";"PROBE";4;63;0x00001d2a;244;3836;1847;1239;3100;1847;157;0;NOSTRESS
138778770130;20;"LOC_C2";"INTERVAL";"PROBE";4;63;0x00001d2a;244;342;292;195;591;17;19;0;NOSTRESS
138778770155;94;"LOC_C3";"INTERVAL";"PROBE";4;63;0x00001d2a;244;8838;2433;1707;7612;3845;62;0;NOSTRESS
138778770253;24;"LOC_C4";"INTERVAL";"PROBE";4;63;0x00001d2a;244;350;278;211;598;0;29;0;NOSTRESS
138778770281;17081;"NEAR_P1";"INTERVAL";"PROBE";4;63;0x00001d2a;244;1956230;777363;439649;1125670;1133004;849;0;NOSTRESS
138778787366;16827;"NEAR_P1";"INTERVAL";"PROBE";4;63;0x00001d2a;244;1951389;774252;436550;1115323;1133601;13;0;NOSTRESS
138778804197;16923;"NEAR_P1";"INTERVAL";"PROBE";4;63;0x00001d2a;244;1954435;775856;438882;1121417;1133487;536;0;NOSTRESS
138778821125;16806;"NEAR_P1";"INTERVAL";"PROBE";4;63;0x00001d2a;244;1948019;773067;436350;1113959;1131844;11;0;NOSTRESS
138778837935;16913;"NEAR_P1";"INTERVAL";"PROBE";4;63;0x00001d2a;244;1954434;775683;438709;1120926;1133676;490;0;NOSTRESS
138778854853;16818;"NEAR_P1";"INTERVAL";"PROBE";4;63;0x00001d2a;244;1950667;773904;436427;1114442;1133517;10;0;NOSTRESS
138778871675;16909;"NEAR_P1";"INTERVAL";"PROBE";4;63;0x00001d2a;244;1953837;775522;438719;1121074;1133079;476;0;NOSTRESS
138778888588;16799;"NEAR_P1";"INTERVAL";"PROBE";4;63;0x00001d2a;244;1947649;772695;436201;1113705;1131738;8;0;NOSTRESS
138778905392;16907;"NEAR_P1";"INTERVAL";"PROBE";4;63;0x00001d2a;244;1953708;775571;438734;1120852;1133173;474;0;NOSTRESS
138778922303;16932;"NEAR_P1";"INTERVAL";"PROBE";4;63;0x00001d2a;244;1952785;775080;438552;1120450;1132795;460;0;NOSTRESS
138778939240;16802;"NEAR_P1";"INTERVAL";"PROBE";4;63;0x00001d2a;244;1948171;772870;436277;1113597;1132085;19;0;NOSTRESS
138778956046;16920;"NEAR_P1";"INTERVAL";"PROBE";4;63;0x00001d2a;244;1951789;774947;438667;1120414;1132067;459;0;NOSTRESS
138778972970;16975;"NEAR_P1";"INTERVAL";"PROBE";4;63;0x00001d2a;244;1949535;773421;436346;1113903;1132800;43;0;NOSTRESS
138778989950;16915;"NEAR_P1";"INTERVAL";"PROBE";4;63;0x00001d2a;244;1953035;775227;438723;1120828;1132763;573;0;NOSTRESS
138779006869;16807;"NEAR_P1";"INTERVAL";"PROBE";4;63;0x00001d2a;244;1948365;773144;436290;1113813;1132237;20;0;NOSTRESS
138779023680;16909;"NEAR_P1";"INTERVAL";"PROBE";4;63;0x00001d2a;244;1953751;775571;438746;1120942;1133214;471;0;NOSTRESS
138779040594;16817;"NEAR_P1";"INTERVAL";"PROBE";4;63;0x00001d2a;244;1950719;773784;436382;1114338;1133532;15;0;NOSTRESS
138779057415;16902;"NEAR_P1";"INTERVAL";"PROBE";4;63;0x00001d2a;244;1953617;775369;438674;1120559;1133344;466;0;NOSTRESS
138779074321;16807;"NEAR_P1";"INTERVAL";"PROBE";4;63;0x00001d2a;244;1949708;773401;436216;1113935;1133220;14;0;NOSTRESS
138779091132;16977;"NEAR_P1";"INTERVAL";"PROBE";4;63;0x00001d2a;244;1957661;776758;439699;1123764;1134838;558;0;NOSTRESS
138779108113;31222;"TRAJ_R1";"INTERVAL";"PROBE";4;63;0x00001d2a;244;3266996;1334141;837498;2041812;2061555;554;0;NOSTRESS
138780369884;370581;"MAF";"INTERVAL";"PROBE";4;63;0x00001d2a;245;42408521;16883195;9631962;24516462;24769327;7354;0;NOSTRESS
138780369905;80;"SENS_C1";"INTERVAL";"PROBE";4;63;0x00001d2a;245;766;625;437;1072;0;115;0;NOSTRESS
138780369989;91;"LOC_C1";"INTERVAL";"PROBE";4;63;0x00001d2a;245;3759;1830;1233;3100;1824;158;0;NOSTRESS
138780370085;22;"LOC_C2";"INTERVAL";"PROBE";4;63;0x00001d2a;245;345;294;197;599;17;20;0;NOSTRESS
138780370112;92;"LOC_C3";"INTERVAL";"PROBE";4;63;0x00001d2a;245;8769;2409;1700;7568;3830;62;0;NOSTRESS
138780370208;26;"LOC_C4";"INTERVAL";"PROBE";4;63;0x00001d2a;245;348;278;211;595;0;28;0;NOSTRESS
138780370238;17107;"NEAR_P1";"INTERVAL";"PROBE";4;63;0x00001d2a;245;1950993;776155;439653;1124997;1129778;847;0;NOSTRESS
138780387349;16823;"NEAR_P1";"INTERVAL";"PROBE";4;63;0x00001d2a;245;1946570;773328;436522;1115229;1130298;17;0;NOSTRESS
138780404176;16913;"NEAR_P1";"INTERVAL";"PROBE";4;63;0x00001d2a;245;1949294;774780;438813;1121125;1130218;523;0;NOSTRESS
138780421094;16821;"NEAR_P1";"INTERVAL";"PROBE";4;63;0x00001d2a;245;1948654;773564;436490;1115052;1132043;9;0;NOSTRESS
138780437919;16968;"NEAR_P1";"INTERVAL";"PROBE";4;63;0x00001d2a;245;1951266;775285;439194;1122299;1131067;620;0;NOSTRESS
138780454891;16815;"NEAR_P1";"INTERVAL";"PROBE";4;63;0x00001d2a;245;1947800;773115;436442;1114464;1131633;9;0;NOSTRESS
138780471710;16911;"NEAR_P1";"INTERVAL";"PROBE";4;63;0x00001d2a;245;1951231;774983;438750;1120984;1131451;505;0;NOSTRESS
138780488625;16822;"NEAR_P1";"INTERVAL";"PROBE";4;63;0x00001d2a;245;1949185;773651;436527;1114760;1132382;9;0;NOSTRESS
138780505451;16913;"NEAR_P1";"INTERVAL";"PROBE";4;63;0x00001d2a;245;1951790;775205;438891;1121024;1131755;480;0;NOSTRESS
138780522368;17055;"NEAR_P1";"INTERVAL";"PROBE";4;63;0x00001d2a;245;1955032;776640;440267;1125791;1132386;694;0;NOSTRESS
138780539428;16824;"NEAR_P1";"INTERVAL";"PROBE";4;63;0x00001d2a;245;1948725;773546;436577;1114841;1131899;23;0;NOSTRESS
138780556256;16924;"NEAR_P1";"INTERVAL";"PROBE";4;63;0x00001d2a;245;1951922;775469;438986;1121730;1131720;514;0;NOSTRESS
138780573184;16819;"NEAR_P1";"INTERVAL";"PROBE";4;63;0x00001d2a;245;1947908;773268;436487;1114669;1131314;19;0;NOSTRESS
138780590007;16935;"NEAR_P1";"INTERVAL";"PROBE";4;63;0x00001d2a;245;1953082;775723;438893;1121573;1132421;462;0;NOSTRESS
138780606947;16825;"NEAR_P1";"INTERVAL";"PROBE";4;63;0x00001d2a;245;1948754;773679;436544;1114919;1131904;18;0;NOSTRESS
138780623776;16938;"NEAR_P1";"INTERVAL";"PROBE";4;63;0x00001d2a;245;1952051;775400;438840;1121495;1131793;477;0;NOSTRESS
138780640718;16826;"NEAR_P1";"INTERVAL";"PROBE";4;63;0x00001d2a;245;1948613;773621;436545;1114814;1131935;16;0;NOSTRESS
138780657548;16921;"NEAR_P1";"INTERVAL";"PROBE";4;63;0x00001d2a;245;1953195;775815;438938;1121810;1132531;465;0;NOSTRESS
138780674473;16816;"NEAR_P1";"INTERVAL";"PROBE";4;63;0x00001d2a;245;1947767;773273;436435;1114542;1131419;15;0;NOSTRESS
138780691293;16905;"NEAR_P1";"INTERVAL";"PROBE";4;63;0x00001d2a;245;1949563;774683;438752;1120849;1130234;466;0;NOSTRESS
138780708219;32241;"TRAJ_R1";"INTERVAL";"PROBE";4;63;0x00001d2a;245;3381557;1379482;863596;2107353;2133475;549;0;NOSTRESS
138781969880;370918;"MAF";"INTERVAL";"PROBE";4;63;0x00001d2a;246;42436109;16898249;9652309;24554989;24793464;7000;0;NOSTRESS
138781969900;74;"SENS_C1";"INTERVAL";"PROBE";4;63;0x00001d2a;246;736;619;436;1023;0;114;0;NOSTRESS
138781969978;97;"LOC_C1";"INTERVAL";"PROBE";4;63;0x00001d2a;246;3824;1851;1238;3141;1851;156;0;NOSTRESS
138781970079;19;"LOC_C2";"INTERVAL";"PROBE";4;63;0x00001d2a;246;342;292;195;591;17;19;0;NOSTRESS
138781970103;93;"LOC_C3";"INTERVAL";"PROBE";4;63;0x00001d2a;246;8564;2334;1694;7528;3704;62;0;NOSTRESS
138781970200;22;"LOC_C4";"INTERVAL";"PROBE";4;63;0x00001d2a;246;342;273;207;579;0;27;0;NOSTRESS
138781970226;17074;"NEAR_P1";"INTERVAL";"PROBE";4;63;0x00001d2a;246;1951513;775744;439373;1124029;1130560;822;0;NOSTRESS
138781987305;16821;"NEAR_P1";"INTERVAL";"PROBE";4;63;0x00001d2a;246;1948724;773605;436535;1115056;1131912;14;0;NOSTRESS
138782004131;16928;"NEAR_P1";"INTERVAL";"PROBE";4;63;0x00001d2a;246;1949448;774732;438737;1120896;1130313;535;0;NOSTRESS
138782021064;16791;"NEAR_P1";"INTERVAL";"PROBE";4;63;0x00001d2a;246;1944073;771883;436301;1113530;1129253;11;0;NOSTRESS
138782037859;16906;"NEAR_P1";"INTERVAL";"PROBE";4;63;0x00001d2a;246;1947019;773517;438528;1120032;1129096;485;0;NOSTRESS
138782054769;16796;"NEAR_P1";"INTERVAL";"PROBE";4;63;0x00001d2a;246;1944494;772241;436269;1113713;1129711;9;0;NOSTRESS
138782071569;16895;"NEAR_P1";"INTERVAL";"PROBE";4;63;0x00001d2a;246;1949192;774432;438764;1120531;1130330;470;0;NOSTRESS
138782088468;16811;"NEAR_P1";"INTERVAL";"PROBE";4;63;0x00001d2a;246;1947817;773080;436414;1114493;1131606;9;0;NOSTRESS
138782105283;16909;"NEAR_P1";"INTERVAL";"PROBE";4;63;0x00001d2a;246;1947069;774059;439027;1121630;1128509;599;0;NOSTRESS
138782122197;16895;"NEAR_P1";"INTERVAL";"PROBE";4;63;0x00001d2a;246;1948104;774145;438664;1120449;1129607;496;0;NOSTRESS
138782139096;16805;"NEAR_P1";"INTERVAL";"PROBE";4;63;0x00001d2a;246;1946359;772728;436368;1114096;1130757;19;0;NOSTRESS
138782155905;16884;"NEAR_P1";"INTERVAL";"PROBE";4;63;0x00001d2a;246;1946902;773667;438665;1120055;1128876;459;0;NOSTRESS
138782172793;16788;"NEAR_P1";"INTERVAL";"PROBE";4;63;0x00001d2a;246;1942516;771576;436165;1113302;1128380;20;0;NOSTRESS
138782189585;16884;"NEAR_P1";"INTERVAL";"PROBE";4;63;0x00001d2a;246;1947031;773686;438640;1120116;1129005;463;0;NOSTRESS
138782206473;16797;"NEAR_P1";"INTERVAL";"PROBE";4;63;0x00001d2a;246;1944734;772061;436268;1113697;1129743;19;0;NOSTRESS
138782223274;16886;"NEAR_P1";"INTERVAL";"PROBE";4;63;0x00001d2a;246;1947546;773959;438623;1120351;1129334;456;0;NOSTRESS
138782240165;16795;"NEAR_P1";"INTERVAL";"PROBE";4;63;0x00001d2a;246;1944962;772197;436319;1113676;1129827;16;0;NOSTRESS
138782256964;16926;"NEAR_P1";"INTERVAL";"PROBE";4;63;0x00001d2a;246;1949849;774470;438663;1120529;1130744;456;0;NOSTRESS
138782273895;16790;"NEAR_P1";"INTERVAL";"PROBE";4;63;0x00001d2a;246;1943837;771889;436300;1113470;1129200;16;0;NOSTRESS
138782290689;16910;"NEAR_P1";"INTERVAL";"PROBE";4;63;0x00001d2a;246;1947131;773883;438677;1120518;1128985;470;0;NOSTRESS
138782307621;33173;"TRAJ_R1";"INTERVAL";"PROBE";4;63;0x00001d2a;246;3474391;1418232;889200;2168717;2192144;549;0;NOSTRESS
138783569885;372596;"MAF";"INTERVAL";"PROBE";4;63;0x00001d2a;247;42677514;16977566;9681690;24642043;24941373;7220;0;NOSTRESS
138783569906;207;"SENS_C1";"INTERVAL";"PROBE";4;63;0x00001d2a;247;774;636;445;1105;0;123;0;NOSTRESS
138783570117;93;"LOC_C1";"INTERVAL";"PROBE";4;63;0x00001d2a;247;3803;1824;1240;3104;1821;159;0;NOSTRESS
138783570215;18;"LOC_C2";"INTERVAL";"PROBE";4;63;0x00001d2a;247;348;292;195;600;17;20;0;NOSTRESS
138783570237;93;"LOC_C3";"INTERVAL";"PROBE";4;63;0x00001d2a;247;8767;2388;1686;7523;3838;60;0;NOSTRESS
138783570335;21;"LOC_C4";"INTERVAL";"PROBE";4;63;0x00001d2a;247;353;279;210;602;0;29;0;NOSTRESS
138783570361;17088;"NEAR_P1";"INTERVAL";"PROBE";4;63;0x00001d2a;247;1959248;777922;439551;1125515;1135128;824;0;NOSTRESS
138783587454;16834;"NEAR_P1";"INTERVAL";"PROBE";4;63;0x00001d2a;247;1953485;774717;436613;1115928;1134802;16;0;NOSTRESS
138783604292;16956;"NEAR_P1";"INTERVAL";"PROBE";4;63;0x00001d2a;247;1958036;777090;438946;1122724;1135426;533;0;NOSTRESS
138783621253;16820;"NEAR_P1";"INTERVAL";"PROBE";4;63;0x00001d2a;247;1951087;773937;436522;1115020;1133462;10;0;NOSTRESS
138783638077;16946;"NEAR_P1";"INTERVAL";"PROBE";4;63;0x00001d2a;247;1955576;776199;438834;1121918;1134094;491;0;NOSTRESS
138783655028;16823;"NEAR_P1";"INTERVAL";"PROBE";4;63;0x00001d2a;247;1952118;774208;436427;1114950;1134215;8;0;NOSTRESS
138783671855;16939;"NEAR_P1";"INTERVAL";"PROBE";4;63;0x00001d2a;247;1955388;776187;438787;1121509;1134034;425;0;NOSTRESS
138783688798;16938;"NEAR_P1";"INTERVAL";"PROBE";4;63;0x00001d2a;247;1953368;775410;438762;1121126;1132853;471;0;NOSTRESS
138783705740;16818;"NEAR_P1";"INTERVAL";"PROBE";4;63;0x00001d2a;247;1950701;773792;436403;1114722;1133408;18;0;NOSTRESS
138783722562;16927;"NEAR_P1";"INTERVAL";"PROBE";4;63;0x00001d2a;247;1955058;775932;438895;1121587;1133728;466;0;NOSTRESS
138783739493;16813;"NEAR_P1";"INTERVAL";"PROBE";4;63;0x00001d2a;247;1949609;773511;436437;1114466;1132658;18;0;NOSTRESS
138783756310;16949;"NEAR_P1";"INTERVAL";"PROBE";4;63;0x00001d2a;247;1957488;776816;439361;1123333;1134753;597;0;NOSTRESS
138783773264;16828;"NEAR_P1";"INTERVAL";"PROBE";4;63;0x00001d2a;247;1952542;774448;436473;1115150;1134463;18;0;NOSTRESS
138783790096;16922;"NEAR_P1";"INTERVAL";"PROBE";4;63;0x00001d2a;247;1956012;776125;438814;1121507;1134435;488;0;NOSTRESS
138783807022;16813;"NEAR_P1";"INTERVAL";"PROBE";4;63;0x00001d2a;247;1949636;773478;436352;1114552;1132749;19;0;NOSTRESS
138783823839;16912;"NEAR_P1";"INTERVAL";"PROBE";4;63;0x00001d2a;247;1954775;775731;438832;1121230;1133638;462;0;NOSTRESS
138783840755;16825;"NEAR_P1";"INTERVAL";"PROBE";4;63;0x00001d2a;247;1951924;774183;436482;1114863;1134088;15;0;NOSTRESS
138783857584;16954;"NEAR_P1";"INTERVAL";"PROBE";4;63;0x00001d2a;247;1956347;776283;438833;1121577;1134669;465;0;NOSTRESS
138783874542;16819;"NEAR_P1";"INTERVAL";"PROBE";4;63;0x00001d2a;247;1951397;773961;436442;1114693;1133776;14;0;NOSTRESS
138783891366;16943;"NEAR_P1";"INTERVAL";"PROBE";4;63;0x00001d2a;247;1953248;775447;438813;1121067;1132632;462;0;NOSTRESS
138783908330;34147;"TRAJ_R1";"INTERVAL";"PROBE";4;63;0x00001d2a;247;3576135;1459354;914840;2231135;2256686;551;0;NOSTRESS
138785169905;373414;"MAF";"INTERVAL";"PROBE";4;63;0x00001d2a;248;42777815;17017903;9709887;24716135;25001297;7296;0;NOSTRESS
138785169932;75;"SENS_C1";"INTERVAL";"PROBE";4;63;0x00001d2a;248;846;669;448;1241;0;145;0;NOSTRESS
138785170011;94;"LOC_C1";"INTERVAL";"PROBE";4;63;0x00001d2a;248;3888;1892;1283;3286;1822;168;0;NOSTRESS
138785170109;19;"LOC_C2";"INTERVAL";"PROBE";4;63;0x00001d2a;248;355;302;199;627;17;21;0;NOSTRESS
138785170132;97;"LOC_C3";"INTERVAL";"PROBE";4;63;0x00001d2a;248;9054;2436;1699;7814;3984;66;0;NOSTRESS
138785170233;26;"LOC_C4";"INTERVAL";"PROBE";4;63;0x00001d2a;248;381;288;213;638;0;30;0;NOSTRESS
138785170263;17112;"NEAR_P1";"INTERVAL";"PROBE";4;63;0x00001d2a;248;1957675;777864;440019;1127620;1133249;1042;0;NOSTRESS
138785187379;16832;"NEAR_P1";"INTERVAL";"PROBE";4;63;0x00001d2a;248;1952186;774321;436698;1115955;1134070;16;0;NOSTRESS
138785204215;16939;"NEAR_P1";"INTERVAL";"PROBE";4;63;0x00001d2a;248;1957520;776937;439090;1123252;1134746;521;0;NOSTRESS
138785221159;16829;"NEAR_P1";"INTERVAL";"PROBE";4;63;0x00001d2a;248;1952395;774353;436629;1115579;1134323;11;0;NOSTRESS
138785237992;16912;"NEAR_P1";"INTERVAL";"PROBE";4;63;0x00001d2a;248;1953233;775357;438910;1121668;1132461;479;0;NOSTRESS
138785254909;16830;"NEAR_P1";"INTERVAL";"PROBE";4;63;0x00001d2a;248;1952683;774398;436625;1115548;1134522;9;0;NOSTRESS
138785271744;16948;"NEAR_P1";"INTERVAL";"PROBE";4;63;0x00001d2a;248;1955952;776099;439023;1122073;1134355;429;0;NOSTRESS
138785288696;16948;"NEAR_P1";"INTERVAL";"PROBE";4;63;0x00001d2a;248;1955758;776177;438970;1122092;1134114;465;0;NOSTRESS
138785305648;16824;"NEAR_P1";"INTERVAL";"PROBE";4;63;0x00001d2a;248;1951727;774021;436531;1115177;1133873;19;0;NOSTRESS
138785322476;16956;"NEAR_P1";"INTERVAL";"PROBE";4;63;0x00001d2a;248;1955283;776040;438921;1122147;1133973;463;0;NOSTRESS
138785339436;16821;"NEAR_P1";"INTERVAL";"PROBE";4;63;0x00001d2a;248;1950803;773854;436525;1115251;1133380;18;0;NOSTRESS
138785356261;16940;"NEAR_P1";"INTERVAL";"PROBE";4;63;0x00001d2a;248;1955707;775962;438947;1122254;1134024;465;0;NOSTRESS
138785373205;16830;"NEAR_P1";"INTERVAL";"PROBE";4;63;0x00001d2a;248;1951614;774208;436650;1115551;1133515;18;0;NOSTRESS
138785390039;16920;"NEAR_P1";"INTERVAL";"PROBE";4;63;0x00001d2a;248;1955446;776000;439049;1122207;1133813;468;0;NOSTRESS
138785406964;16827;"NEAR_P1";"INTERVAL";"PROBE";4;63;0x00001d2a;248;1952282;774218;436594;1115508;1134227;17;0;NOSTRESS
138785423795;16960;"NEAR_P1";"INTERVAL";"PROBE";4;63;0x00001d2a;248;1958383;777075;439595;1124656;1134956;611;0;NOSTRESS
138785440760;16826;"NEAR_P1";"INTERVAL";"PROBE";4;63;0x00001d2a;248;1952647;774213;436569;1115314;1134539;16;0;NOSTRESS
138785457591;16927;"NEAR_P1";"INTERVAL";"PROBE";4;63;0x00001d2a;248;1957203;776405;439020;1122357;1134998;501;0;NOSTRESS
138785474523;16811;"NEAR_P1";"INTERVAL";"PROBE";4;63;0x00001d2a;248;1949415;773175;436487;1114672;1132510;17;0;NOSTRESS
138785491338;16922;"NEAR_P1";"INTERVAL";"PROBE";4;63;0x00001d2a;248;1956009;776091;439033;1122190;1134307;471;0;NOSTRESS
138785508284;35031;"TRAJ_R1";"INTERVAL";"PROBE";4;63;0x00001d2a;248;3669722;1498439;940106;2292120;2315519;561;0;NOSTRESS
138786769878;374122;"MAF";"INTERVAL";"PROBE";4;63;0x00001d2a;249;42766163;17025966;9730176;24751960;24997936;7228;0;NOSTRESS
138786769900;85;"SENS_C1";"INTERVAL";"PROBE";4;63;0x00001d2a;249;733;620;438;1018;0;109;0;NOSTRESS
138786769990;95;"LOC_C1";"INTERVAL";"PROBE";4;63;0x00001d2a;249;3836;1843;1243;3104;1853;159;0;NOSTRESS
138786770089;23;"LOC_C2";"INTERVAL";"PROBE";4;63;0x00001d2a;249;342;292;195;591;17;21;0;NOSTRESS
138786770117;95;"LOC_C3";"INTERVAL";"PROBE";4;63;0x00001d2a;249;8781;2415;1701;7569;3822;63;0;NOSTRESS
138786770216;23;"LOC_C4";"INTERVAL";"PROBE";4;63;0x00001d2a;249;339;275;208;575;0;31;0;NOSTRESS
138786770243;17069;"NEAR_P1";"INTERVAL";"PROBE";4;63;0x00001d2a;249;1950381;775589;439480;1124548;1129617;760;0;NOSTRESS
138786787317;16813;"NEAR_P1";"INTERVAL";"PROBE";4;63;0x00001d2a;249;1946067;772675;436615;1115169;1129981;16;0;NOSTRESS
138786804134;16944;"NEAR_P1";"INTERVAL";"PROBE";4;63;0x00001d2a;249;1950644;774695;438822;1121503;1130808;531;0;NOSTRESS
138786821083;16807;"NEAR_P1";"INTERVAL";"PROBE";4;63;0x00001d2a;249;1946596;772694;436461;1114614;1130676;10;0;NOSTRESS
138786837894;16934;"NEAR_P1";"INTERVAL";"PROBE";4;63;0x00001d2a;249;1952578;775198;438895;1121420;1132371;476;0;NOSTRESS
138786854832;16962;"NEAR_P1";"INTERVAL";"PROBE";4;63;0x00001d2a;249;1948103;773128;436584;1114600;1131866;38;0;NOSTRESS
138786871799;16920;"NEAR_P1";"INTERVAL";"PROBE";4;63;0x00001d2a;249;1950604;774684;438901;1121582;1130992;602;0;NOSTRESS
138786888723;16893;"NEAR_P1";"INTERVAL";"PROBE";4;63;0x00001d2a;249;1949291;774191;438739;1120901;1130371;474;0;NOSTRESS
138786905620;16808;"NEAR_P1";"INTERVAL";"PROBE";4;63;0x00001d2a;249;1946467;772636;436473;1114642;1130482;19;0;NOSTRESS
138786922432;16939;"NEAR_P1";"INTERVAL";"PROBE";4;63;0x00001d2a;249;1950295;774482;438770;1121189;1130885;430;0;NOSTRESS
138786939376;16817;"NEAR_P1";"INTERVAL";"PROBE";4;63;0x00001d2a;249;1948208;773166;436535;1114945;1131664;17;0;NOSTRESS
138786956198;16941;"NEAR_P1";"INTERVAL";"PROBE";4;63;0x00001d2a;249;1949976;774476;438815;1121216;1130659;473;0;NOSTRESS
138786973144;16807;"NEAR_P1";"INTERVAL";"PROBE";4;63;0x00001d2a;249;1947126;772688;436498;1114338;1131129;18;0;NOSTRESS
138786989955;16916;"NEAR_P1";"INTERVAL";"PROBE";4;63;0x00001d2a;249;1949457;774174;438758;1120867;1130402;488;0;NOSTRESS
138787006875;16794;"NEAR_P1";"INTERVAL";"PROBE";4;63;0x00001d2a;249;1943005;771564;436381;1113753;1128471;18;0;NOSTRESS
138787023673;16920;"NEAR_P1";"INTERVAL";"PROBE";4;63;0x00001d2a;249;1949991;774460;438817;1121070;1130689;455;0;NOSTRESS
138787040597;16818;"NEAR_P1";"INTERVAL";"PROBE";4;63;0x00001d2a;249;1948553;773294;436585;1114965;1131821;16;0;NOSTRESS
138787057419;16908;"NEAR_P1";"INTERVAL";"PROBE";4;63;0x00001d2a;249;1950609;774759;438981;1121392;1130794;475;0;NOSTRESS
138787074331;16822;"NEAR_P1";"INTERVAL";"PROBE";4;63;0x00001d2a;249;1948648;773405;436598;1114898;1132026;15;0;NOSTRESS
138787091158;16911;"NEAR_P1";"INTERVAL";"PROBE";4;63;0x00001d2a;249;1953048;775199;438900;1121744;1132504;466;0;NOSTRESS
138787108091;35905;"TRAJ_R1";"INTERVAL";"PROBE";4;63;0x00001d2a;249;3762071;1535848;963205;2348736;2374036;544;0;NOSTRESS
138788369874;370470;"MAF";"INTERVAL";"PROBE";4;63;0x00001d2a;250;42363077;16864672;9631496;24515382;24737020;7702;0;NOSTRESS
138788369896;75;"SENS_C1";"INTERVAL";"PROBE";4;63;0x00001d2a;250;759;623;437;1069;0;113;0;NOSTRESS
138788369975;98;"LOC_C1";"INTERVAL";"PROBE";4;63;0x00001d2a;250;3763;1819;1239;3104;1801;159;0;NOSTRESS
138788370077;20;"LOC_C2";"INTERVAL";"PROBE";4;63;0x00001d2a;250;347;294;197;600;17;21;0;NOSTRESS
138788370102;92;"LOC_C3";"INTERVAL";"PROBE";4;63;0x00001d2a;250;8807;2425;1710;7597;3837;59;0;NOSTRESS
138788370199;24;"LOC_C4";"INTERVAL";"PROBE";4;63;0x00001d2a;250;353;287;212;603;0;33;0;NOSTRESS
138788370227;17124;"NEAR_P1";"INTERVAL";"PROBE";4;63;0x00001d2a;250;1955669;777391;440855;1128165;1131863;1017;0;NOSTRESS
138788387355;16816;"NEAR_P1";"INTERVAL";"PROBE";4;63;0x00001d2a;250;1948127;773360;436660;1115611;1131359;16;0;NOSTRESS
138788404176;16987;"NEAR_P1";"INTERVAL";"PROBE";4;63;0x00001d2a;250;1956335;776690;439893;1124799;1133722;683;0;NOSTRESS
138788421168;16822;"NEAR_P1";"INTERVAL";"PROBE";4;63;0x00001d2a;250;1950077;773634;436686;1115316;1132838;12;0;NOSTRESS
138788437994;16997;"NEAR_P1";"INTERVAL";"PROBE";4;63;0x00001d2a;250;1953450;775861;439771;1124457;1132047;767;0;NOSTRESS
138788454995;16817;"NEAR_P1";"INTERVAL";"PROBE";4;63;0x00001d2a;250;1949089;773393;436620;1115146;1132289;11;0;NOSTRESS
138788471817;16938;"NEAR_P1";"INTERVAL";"PROBE";4;63;0x00001d2a;250;1952704;775235;438959;1122176;1132063;530;0;NOSTRESS
138788488760;16926;"NEAR_P1";"INTERVAL";"PROBE";4;63;0x00001d2a;250;1950340;774629;438954;1121572;1130776;473;0;NOSTRESS
138788505690;16816;"NEAR_P1";"INTERVAL";"PROBE";4;63;0x00001d2a;250;1947419;773127;436612;1115036;1131049;19;0;NOSTRESS
138788522510;16911;"NEAR_P1";"INTERVAL";"PROBE";4;63;0x00001d2a;250;1950934;775030;439030;1121842;1130882;458;0;NOSTRESS
138788539426;16803;"NEAR_P1";"INTERVAL";"PROBE";4;63;0x00001d2a;250;1944164;772206;436543;1114466;1128991;19;0;NOSTRESS
138788556233;16906;"NEAR_P1";"INTERVAL";"PROBE";4;63;0x00001d2a;250;1949756;774574;439033;1121651;1130150;458;0;NOSTRESS
138788573143;16809;"NEAR_P1";"INTERVAL";"PROBE";4;63;0x00001d2a;250;1945705;772468;436569;1114827;1129930;19;0;NOSTRESS
138788589956;16938;"NEAR_P1";"INTERVAL";"PROBE";4;63;0x00001d2a;250;1952712;775530;439125;1122331;1132089;456;0;NOSTRESS
138788606898;16819;"NEAR_P1";"INTERVAL";"PROBE";4;63;0x00001d2a;250;1947191;773086;436621;1115189;1130892;18;0;NOSTRESS
138788623721;16924;"NEAR_P1";"INTERVAL";"PROBE";4;63;0x00001d2a;250;1949541;774538;438899;1121593;1130199;457;0;NOSTRESS
138788640649;16810;"NEAR_P1";"INTERVAL";"PROBE";4;63;0x00001d2a;250;1945968;772656;436505;1114844;1130208;16;0;NOSTRESS
138788657463;16920;"NEAR_P1";"INTERVAL";"PROBE";4;63;0x00001d2a;250;1948566;774224;438918;1121332;1129478;450;0;NOSTRESS
138788674388;16813;"NEAR_P1";"INTERVAL";"PROBE";4;63;0x00001d2a;250;1946656;772720;436589;1114973;1130647;14;0;NOSTRESS
138788691205;16944;"NEAR_P1";"INTERVAL";"PROBE";4;63;0x00001d2a;250;1950716;774842;438986;1121810;1130928;458;0;NOSTRESS
138788708154;32186;"TRAJ_R1";"INTERVAL";"PROBE";4;63;0x00001d2a;250;3344326;1366942;859822;2095991;2108965;722;0;NOSTRESS
138789969925;371490;"MAF";"INTERVAL";"PROBE";4;63;0x00001d2a;251;42507697;16916338;9661562;24583151;24834274;7383;0;NOSTRESS
138789969953;86;"SENS_C1";"INTERVAL";"PROBE";4;63;0x00001d2a;251;840;655;455;1226;0;141;0;NOSTRESS
138789970043;105;"LOC_C1";"INTERVAL";"PROBE";4;63;0x00001d2a;251;3937;1890;1278;3247;1857;172;0;NOSTRESS
138789970153;21;"LOC_C2";"INTERVAL";"PROBE";4;63;0x00001d2a;251;351;302;199;619;17;23;0;NOSTRESS
138789970179;102;"LOC_C3";"INTERVAL";"PROBE";4;63;0x00001d2a;251;8932;2425;1694;7735;3895;70;0;NOSTRESS
138789970286;27;"LOC_C4";"INTERVAL";"PROBE";4;63;0x00001d2a;251;374;286;216;630;0;31;0;NOSTRESS
138789970317;17080;"NEAR_P1";"INTERVAL";"PROBE";4;63;0x00001d2a;251;1951119;775869;439515;1125015;1129503;949;0;NOSTRESS
138789987402;16812;"NEAR_P1";"INTERVAL";"PROBE";4;63;0x00001d2a;251;1946731;772895;436636;1114886;1130590;14;0;NOSTRESS
138790004218;16919;"NEAR_P1";"INTERVAL";"PROBE";4;63;0x00001d2a;251;1951367;774915;439090;1121947;1131308;543;0;NOSTRESS
138790021141;16832;"NEAR_P1";"INTERVAL";"PROBE";4;63;0x00001d2a;251;1951752;774135;436753;1115687;1134023;10;0;NOSTRESS
138790037977;16915;"NEAR_P1";"INTERVAL";"PROBE";4;63;0x00001d2a;251;1951549;774689;438833;1121240;1131593;386;0;NOSTRESS
138790054896;16819;"NEAR_P1";"INTERVAL";"PROBE";4;63;0x00001d2a;251;1949642;773480;436671;1115057;1132612;7;0;NOSTRESS
138790071719;16909;"NEAR_P1";"INTERVAL";"PROBE";4;63;0x00001d2a;251;1952589;775139;438994;1121639;1132137;472;0;NOSTRESS
138790088632;16809;"NEAR_P1";"INTERVAL";"PROBE";4;63;0x00001d2a;251;1948670;773035;436586;1114665;1132064;8;0;NOSTRESS
138790105445;16903;"NEAR_P1";"INTERVAL";"PROBE";4;63;0x00001d2a;251;1952007;774961;438927;1121410;1131938;475;0;NOSTRESS
138790122352;16916;"NEAR_P1";"INTERVAL";"PROBE";4;63;0x00001d2a;251;1953192;775409;439018;1121835;1132610;462;0;NOSTRESS
138790139272;16810;"NEAR_P1";"INTERVAL";"PROBE";4;63;0x00001d2a;251;1948877;773087;436591;1114766;1132170;19;0;NOSTRESS
138790156087;16902;"NEAR_P1";"INTERVAL";"PROBE";4;63;0x00001d2a;251;1950736;774667;438863;1121378;1131073;473;0;NOSTRESS
138790172993;16803;"NEAR_P1";"INTERVAL";"PROBE";4;63;0x00001d2a;251;1946901;772642;436537;1114390;1130964;18;0;NOSTRESS
138790189801;16897;"NEAR_P1";"INTERVAL";"PROBE";4;63;0x00001d2a;251;1950387;774575;438904;1121220;1130851;455;0;NOSTRESS
138790206702;16819;"NEAR_P1";"INTERVAL";"PROBE";4;63;0x00001d2a;251;1949757;773545;436625;1115081;1132630;17;0;NOSTRESS
138790223525;17102;"NEAR_P1";"INTERVAL";"PROBE";4;63;0x00001d2a;251;1952870;775236;438971;1121643;1132440;603;0;NOSTRESS
138790240632;16810;"NEAR_P1";"INTERVAL";"PROBE";4;63;0x00001d2a;251;1948639;772898;436572;1114595;1132082;15;0;NOSTRESS
138790257446;16933;"NEAR_P1";"INTERVAL";"PROBE";4;63;0x00001d2a;251;1952205;774942;438884;1121363;1132062;466;0;NOSTRESS
138790274383;16815;"NEAR_P1";"INTERVAL";"PROBE";4;63;0x00001d2a;251;1949579;773349;436576;1114822;1132693;16;0;NOSTRESS
138790291202;16924;"NEAR_P1";"INTERVAL";"PROBE";4;63;0x00001d2a;251;1951531;774804;438917;1121342;1131485;480;0;NOSTRESS
138790308148;33262;"TRAJ_R1";"INTERVAL";"PROBE";4;63;0x00001d2a;251;3472730;1419000;892679;2174866;2191677;558;0;NOSTRESS
138791569890;372967;"MAF";"INTERVAL";"PROBE";4;63;0x00001d2a;252;42664373;16981175;9703838;24688095;24925282;7896;0;NOSTRESS
138791569912;83;"SENS_C1";"INTERVAL";"PROBE";4;63;0x00001d2a;252;764;628;444;1090;0;116;0;NOSTRESS
138791569999;100;"LOC_C1";"INTERVAL";"PROBE";4;63;0x00001d2a;252;3727;1816;1238;3070;1786;156;0;NOSTRESS
138791570103;22;"LOC_C2";"INTERVAL";"PROBE";4;63;0x00001d2a;252;347;294;197;600;17;22;0;NOSTRESS
138791570129;100;"LOC_C3";"INTERVAL";"PROBE";4;63;0x00001d2a;252;8741;2404;1699;7583;3802;63;0;NOSTRESS
138791570233;22;"LOC_C4";"INTERVAL";"PROBE";4;63;0x00001d2a;252;346;275;211;584;0;31;0;NOSTRESS
138791570259;17261;"NEAR_P1";"INTERVAL";"PROBE";4;63;0x00001d2a;252;1960969;779473;441863;1132170;1133614;1172;0;NOSTRESS
138791587525;16821;"NEAR_P1";"INTERVAL";"PROBE";4;63;0x00001d2a;252;1949648;773510;436718;1115771;1132121;15;0;NOSTRESS
138791604350;17027;"NEAR_P1";"INTERVAL";"PROBE";4;63;0x00001d2a;252;1954657;776273;439988;1125209;1132335;807;0;NOSTRESS
138791621382;16816;"NEAR_P1";"INTERVAL";"PROBE";4;63;0x00001d2a;252;1949234;773344;436753;1115237;1132071;14;0;NOSTRESS
138791638203;16934;"NEAR_P1";"INTERVAL";"PROBE";4;63;0x00001d2a;252;1953466;775406;439195;1122083;1132368;565;0;NOSTRESS
138791655142;16816;"NEAR_P1";"INTERVAL";"PROBE";4;63;0x00001d2a;252;1949937;773466;436738;1115253;1132456;9;0;NOSTRESS
138791671962;16968;"NEAR_P1";"INTERVAL";"PROBE";4;63;0x00001d2a;252;1953491;775863;439937;1124401;1131773;715;0;NOSTRESS
138791688934;16944;"NEAR_P1";"INTERVAL";"PROBE";4;63;0x00001d2a;252;1951395;774766;439060;1121644;1131231;517;0;NOSTRESS
138791705882;16830;"NEAR_P1";"INTERVAL";"PROBE";4;63;0x00001d2a;252;1951650;774081;436812;1115728;1133538;20;0;NOSTRESS
138791722716;16914;"NEAR_P1";"INTERVAL";"PROBE";4;63;0x00001d2a;252;1952998;775316;439116;1121909;1132293;462;0;NOSTRESS
138791739634;16811;"NEAR_P1";"INTERVAL";"PROBE";4;63;0x00001d2a;252;1948271;773104;436626;1114847;1131638;18;0;NOSTRESS
138791756449;16912;"NEAR_P1";"INTERVAL";"PROBE";4;63;0x00001d2a;252;1953552;775548;439091;1122100;1132653;466;0;NOSTRESS
138791773366;16813;"NEAR_P1";"INTERVAL";"PROBE";4;63;0x00001d2a;252;1949661;773347;436644;1115005;1132421;18;0;NOSTRESS
138791790183;16917;"NEAR_P1";"INTERVAL";"PROBE";4;63;0x00001d2a;252;1953041;775533;439096;1122049;1132226;465;0;NOSTRESS
138791807105;16812;"NEAR_P1";"INTERVAL";"PROBE";4;63;0x00001d2a;252;1949171;773247;436626;1115079;1132101;17;0;NOSTRESS
138791823921;16917;"NEAR_P1";"INTERVAL";"PROBE";4;63;0x00001d2a;252;1952921;775430;439088;1121875;1132108;468;0;NOSTRESS
138791840842;16817;"NEAR_P1";"INTERVAL";"PROBE";4;63;0x00001d2a;252;1949972;773624;436717;1115309;1132574;16;0;NOSTRESS
138791857663;16913;"NEAR_P1";"INTERVAL";"PROBE";4;63;0x00001d2a;252;1953822;775636;439100;1122044;1132762;464;0;NOSTRESS
138791874580;16808;"NEAR_P1";"INTERVAL";"PROBE";4;63;0x00001d2a;252;1947967;772922;436592;1114804;1131370;14;0;NOSTRESS
138791891392;16927;"NEAR_P1";"INTERVAL";"PROBE";4;63;0x00001d2a;252;1953544;775595;439117;1122157;1132626;464;0;NOSTRESS
138791908324;34529;"TRAJ_R1";"INTERVAL";"PROBE";4;63;0x00001d2a;252;3601437;1473194;929123;2261200;2273398;554;0;NOSTRESS
138793169914;374600;"MAF";"INTERVAL";"PROBE";4;63;0x00001d2a;253;42892106;17066646;9747057;24805799;25067971;7168;0;NOSTRESS
138793169936;76;"SENS_C1";"INTERVAL";"PROBE";4;63;0x00001d2a;253;759;635;436;1044;0;112;0;NOSTRESS
138793170016;102;"LOC_C1";"INTERVAL";"PROBE";4;63;0x00001d2a;253;3760;1824;1236;3115;1801;159;0;NOSTRESS
138793170122;18;"LOC_C2";"INTERVAL";"PROBE";4;63;0x00001d2a;253;342;292;195;591;17;18;0;NOSTRESS
138793170144;93;"LOC_C3";"INTERVAL";"PROBE";4;63;0x00001d2a;253;8758;2401;1706;7597;3801;58;0;NOSTRESS
138793170241;24;"LOC_C4";"INTERVAL";"PROBE";4;63;0x00001d2a;253;339;271;208;574;0;27;0;NOSTRESS
138793170269;17094;"NEAR_P1";"INTERVAL";"PROBE";4;63;0x00001d2a;253;1955258;776868;439890;1126005;1131978;793;0;NOSTRESS
138793187368;16840;"NEAR_P1";"INTERVAL";"PROBE";4;63;0x00001d2a;253;1953250;774869;437004;1117087;1133966;12;0;NOSTRESS
138793204212;16941;"NEAR_P1";"INTERVAL";"PROBE";4;63;0x00001d2a;253;1956776;776635;439371;1123584;1134187;536;0;NOSTRESS
138793221157;16843;"NEAR_P1";"INTERVAL";"PROBE";4;63;0x00001d2a;253;1953898;774971;437039;1116949;1134605;9;0;NOSTRESS
138793238005;17013;"NEAR_P1";"INTERVAL";"PROBE";4;63;0x00001d2a;253;1958977;777709;440351;1126077;1134623;560;0;NOSTRESS
138793255022;16820;"NEAR_P1";"INTERVAL";"PROBE";4;63;0x00001d2a;253;1949596;773485;436860;1115911;1132072;8;0;NOSTRESS
138793271847;16931;"NEAR_P1";"INTERVAL";"PROBE";4;63;0x00001d2a;253;1955814;776402;439323;1123441;1133614;492;0;NOSTRESS
138793288782;16925;"NEAR_P1";"INTERVAL";"PROBE";4;63;0x00001d2a;253;1955397;776254;439337;1123186;1133356;465;0;NOSTRESS
138793305711;16827;"NEAR_P1";"INTERVAL";"PROBE";4;63;0x00001d2a;253;1952011;774182;436808;1116121;1133789;20;0;NOSTRESS
138793322542;16948;"NEAR_P1";"INTERVAL";"PROBE";4;63;0x00001d2a;253;1958059;776921;439295;1123364;1135265;465;0;NOSTRESS
138793339494;16842;"NEAR_P1";"INTERVAL";"PROBE";4;63;0x00001d2a;253;1955552;775208;436961;1116881;1136018;19;0;NOSTRESS
138793356341;16947;"NEAR_P1";"INTERVAL";"PROBE";4;63;0x00001d2a;253;1955888;775997;439285;1123012;1133959;513;0;NOSTRESS
138793373292;16832;"NEAR_P1";"INTERVAL";"PROBE";4;63;0x00001d2a;253;1953746;774584;436814;1116432;1134894;19;0;NOSTRESS
138793390129;16925;"NEAR_P1";"INTERVAL";"PROBE";4;63;0x00001d2a;253;1956134;776223;439254;1122828;1134108;474;0;NOSTRESS
138793407058;16820;"NEAR_P1";"INTERVAL";"PROBE";4;63;0x00001d2a;253;1950834;773817;436770;1115795;1133142;16;0;NOSTRESS
138793423883;16948;"NEAR_P1";"INTERVAL";"PROBE";4;63;0x00001d2a;253;1957192;776506;439710;1124164;1134388;612;0;NOSTRESS
138793440835;16826;"NEAR_P1";"INTERVAL";"PROBE";4;63;0x00001d2a;253;1952384;774194;436867;1116000;1134130;17;0;NOSTRESS
138793457665;16969;"NEAR_P1";"INTERVAL";"PROBE";4;63;0x00001d2a;253;1958959;776956;439222;1123250;1136122;493;0;NOSTRESS
138793474638;16830;"NEAR_P1";"INTERVAL";"PROBE";4;63;0x00001d2a;253;1953182;774488;436820;1116309;1134592;15;0;NOSTRESS
138793491473;16943;"NEAR_P1";"INTERVAL";"PROBE";4;63;0x00001d2a;253;1955772;776298;439181;1123162;1133948;469;0;NOSTRESS
138793508421;36089;"TRAJ_R1";"INTERVAL";"PROBE";4;63;0x00001d2a;253;3769829;1541576;971059;2364016;2379596;545;0;NOSTRESS
138794769894;376117;"MAF";"INTERVAL";"PROBE";4;63;0x00001d2a;254;42996122;17117456;9790415;24897154;25134668;7394;0;NOSTRESS
138794769911;79;"SENS_C1";"INTERVAL";"PROBE";4;63;0x00001d2a;254;756;628;437;1049;0;116;0;NOSTRESS
138794769994;96;"LOC_C1";"INTERVAL";"PROBE";4;63;0x00001d2a;254;3659;1796;1237;3061;1746;156;0;NOSTRESS
138794770094;20;"LOC_C2";"INTERVAL";"PROBE";4;63;0x00001d2a;254;347;294;197;600;17;22;0;NOSTRESS
138794770118;237;"LOC_C3";"INTERVAL";"PROBE";4;63;0x00001d2a;254;8805;2430;1711;7665;3813;72;0;NOSTRESS
138794770359;26;"LOC_C4";"INTERVAL";"PROBE";4;63;0x00001d2a;254;340;272;208;578;0;29;0;NOSTRESS
138794770390;17105;"NEAR_P1";"INTERVAL";"PROBE";4;63;0x00001d2a;254;1954490;776572;439953;1126208;1131483;886;0;NOSTRESS
138794787500;16825;"NEAR_P1";"INTERVAL";"PROBE";4;63;0x00001d2a;254;1950232;773823;436895;1116074;1132333;15;0;NOSTRESS
138794804329;16945;"NEAR_P1";"INTERVAL";"PROBE";4;63;0x00001d2a;254;1953350;775686;439301;1122877;1132099;526;0;NOSTRESS
138794821278;16823;"NEAR_P1";"INTERVAL";"PROBE";4;63;0x00001d2a;254;1949580;773763;436809;1115986;1132047;10;0;NOSTRESS
138794838105;16931;"NEAR_P1";"INTERVAL";"PROBE";4;63;0x00001d2a;254;1955564;776351;439316;1122765;1133580;485;0;NOSTRESS
138794855040;16820;"NEAR_P1";"INTERVAL";"PROBE";4;63;0x00001d2a;254;1949262;773578;436737;1115571;1131987;8;0;NOSTRESS
138794871864;16921;"NEAR_P1";"INTERVAL";"PROBE";4;63;0x00001d2a;254;1954147;775914;439287;1122486;1132879;482;0;NOSTRESS
138794888789;16967;"NEAR_P1";"INTERVAL";"PROBE";4;63;0x00001d2a;254;1953490;775923;440029;1124597;1131678;552;0;NOSTRESS
138794905760;16835;"NEAR_P1";"INTERVAL";"PROBE";4;63;0x00001d2a;254;1952212;774419;436953;1116121;1133724;20;0;NOSTRESS
138794922600;16925;"NEAR_P1";"INTERVAL";"PROBE";4;63;0x00001d2a;254;1955312;776054;439230;1122491;1133528;480;0;NOSTRESS
138794939529;16832;"NEAR_P1";"INTERVAL";"PROBE";4;63;0x00001d2a;254;1952292;774307;436922;1115992;1133845;20;0;NOSTRESS
138794956366;16924;"NEAR_P1";"INTERVAL";"PROBE";4;63;0x00001d2a;254;1955591;776330;439249;1122714;1133539;466;0;NOSTRESS
138794973295;16813;"NEAR_P1";"INTERVAL";"PROBE";4;63;0x00001d2a;254;1949068;773257;436757;1115080;1131920;19;0;NOSTRESS
138794990113;16915;"NEAR_P1";"INTERVAL";"PROBE";4;63;0x00001d2a;254;1954063;775637;439179;1122359;1132858;469;0;NOSTRESS
138795007032;16810;"NEAR_P1";"INTERVAL";"PROBE";4;63;0x00001d2a;254;1948260;773046;436748;1114938;1131575;19;0;NOSTRESS
138795023846;16940;"NEAR_P1";"INTERVAL";"PROBE";4;63;0x00001d2a;254;1954139;775676;439216;1122348;1133034;419;0;NOSTRESS
138795040790;16822;"NEAR_P1";"INTERVAL";"PROBE";4;63;0x00001d2a;254;1949434;773508;436837;1115433;1132103;15;0;NOSTRESS
138795057616;16917;"NEAR_P1";"INTERVAL";"PROBE";4;63;0x00001d2a;254;1952970;775442;439190;1122141;1132074;475;0;NOSTRESS
138795074538;16816;"NEAR_P1";"INTERVAL";"PROBE";4;63;0x00001d2a;254;1949323;773327;436778;1115262;1132188;14;0;NOSTRESS
138795091358;16961;"NEAR_P1";"INTERVAL";"PROBE";4;63;0x00001d2a;254;1954477;776189;439616;1123939;1132396;612;0;NOSTRESS
138795108324;37682;"TRAJ_R1";"INTERVAL";"PROBE";4;63;0x00001d2a;254;3924640;1605818;1015102;2468252;2478222;535;0;NOSTRESS
138796369901;377763;"MAF";"INTERVAL";"PROBE";4;63;0x00001d2a;255;43217264;17199820;9838300;25020424;25272687;6892;0;NOSTRESS
138796369922;78;"SENS_C1";"INTERVAL";"PROBE";4;63;0x00001d2a;255;751;635;435;1031;0;115;0;NOSTRESS
138796370004;96;"LOC_C1";"INTERVAL";"PROBE";4;63;0x00001d2a;255;3784;1823;1236;3084;1816;162;0;NOSTRESS
138796370105;23;"LOC_C2";"INTERVAL";"PROBE";4;63;0x00001d2a;255;341;294;197;598;17;24;0;NOSTRESS
138796370132;98;"LOC_C3";"INTERVAL";"PROBE";4;63;0x00001d2a;255;8782;2398;1685;7582;3817;58;0;NOSTRESS
138796370234;22;"LOC_C4";"INTERVAL";"PROBE";4;63;0x00001d2a;255;354;283;213;608;0;29;0;NOSTRESS
138796370260;17110;"NEAR_P1";"INTERVAL";"PROBE";4;63;0x00001d2a;255;1959637;778206;440098;1127138;1134633;789;0;NOSTRESS
138796387375;16829;"NEAR_P1";"INTERVAL";"PROBE";4;63;0x00001d2a;255;1951319;774161;436934;1116613;1132916;15;0;NOSTRESS
138796404208;16964;"NEAR_P1";"INTERVAL";"PROBE";4;63;0x00001d2a;255;1956033;776174;439366;1123325;1133717;538;0;NOSTRESS
138796421176;16828;"NEAR_P1";"INTERVAL";"PROBE";4;63;0x00001d2a;255;1951869;774051;436940;1116405;1133448;12;0;NOSTRESS
138796438008;16943;"NEAR_P1";"INTERVAL";"PROBE";4;63;0x00001d2a;255;1955522;775905;439307;1123003;1133445;483;0;NOSTRESS
138796454955;16838;"NEAR_P1";"INTERVAL";"PROBE";4;63;0x00001d2a;255;1953614;774591;437058;1116647;1134584;8;0;NOSTRESS
138796471797;16927;"NEAR_P1";"INTERVAL";"PROBE";4;63;0x00001d2a;255;1956418;776347;439327;1123225;1134213;479;0;NOSTRESS
138796488728;16921;"NEAR_P1";"INTERVAL";"PROBE";4;63;0x00001d2a;255;1955846;775934;439326;1122917;1133810;465;0;NOSTRESS
138796505654;16840;"NEAR_P1";"INTERVAL";"PROBE";4;63;0x00001d2a;255;1953824;774842;436989;1116874;1134627;20;0;NOSTRESS
138796522498;16931;"NEAR_P1";"INTERVAL";"PROBE";4;63;0x00001d2a;255;1957292;776520;439423;1123171;1134690;464;0;NOSTRESS
138796539433;16832;"NEAR_P1";"INTERVAL";"PROBE";4;63;0x00001d2a;255;1952390;774228;436942;1116425;1133818;18;0;NOSTRESS
138796556269;16977;"NEAR_P1";"INTERVAL";"PROBE";4;63;0x00001d2a;255;1956848;776656;440171;1125410;1133448;543;0;NOSTRESS
138796573250;16832;"NEAR_P1";"INTERVAL";"PROBE";4;63;0x00001d2a;255;1952097;774233;436951;1116457;1133660;21;0;NOSTRESS
138796590086;16939;"NEAR_P1";"INTERVAL";"PROBE";4;63;0x00001d2a;255;1958282;776928;439444;1123701;1135198;477;0;NOSTRESS
138796607030;16820;"NEAR_P1";"INTERVAL";"PROBE";4;63;0x00001d2a;255;1950982;773512;436939;1115752;1132950;17;0;NOSTRESS
138796623854;16932;"NEAR_P1";"INTERVAL";"PROBE";4;63;0x00001d2a;255;1957904;776660;439401;1123343;1135044;475;0;NOSTRESS
138796640791;16835;"NEAR_P1";"INTERVAL";"PROBE";4;63;0x00001d2a;255;1953237;774555;437017;1116445;1134279;16;0;NOSTRESS
138796657630;16928;"NEAR_P1";"INTERVAL";"PROBE";4;63;0x00001d2a;255;1957202;776395;439389;1123247;1134644;464;0;NOSTRESS
138796674562;16841;"NEAR_P1";"INTERVAL";"PROBE";4;63;0x00001d2a;255;1954623;774903;437056;1116819;1135172;14;0;NOSTRESS
138796691408;16927;"NEAR_P1";"INTERVAL";"PROBE";4;63;0x00001d2a;255;1956230;776305;439322;1123009;1134000;388;0;NOSTRESS
138796708357;39302;"TRAJ_R1";"INTERVAL";"PROBE";4;63;0x00001d2a;255;4092494;1676197;1061088;2578351;2584741;545;0;NOSTRESS
138797969900;379256;"MAF";"INTERVAL";"PROBE";4;63;0x00001d2a;256;43237120;17233721;9885379;25113927;25291285;7402;0;NOSTRESS
138797969920;77;"SENS_C1";"INTERVAL";"PROBE";4;63;0x00001d2a;256;740;620;438;1027;0;114;0;NOSTRESS
138797970001;98;"LOC_C1";"INTERVAL";"PROBE";4;63;0x00001d2a;256;3873;1863;1255;3139;1854;164;0;NOSTRESS
138797970103;21;"LOC_C2";"INTERVAL";"PROBE";4;63;0x00001d2a;256;344;292;195;592;17;22;0;NOSTRESS
138797970128;93;"LOC_C3";"INTERVAL";"PROBE";4;63;0x00001d2a;256;8754;2402;1700;7581;3801;60;0;NOSTRESS
138797970226;21;"LOC_C4";"INTERVAL";"PROBE";4;63;0x00001d2a;256;350;278;210;592;0;30;0;NOSTRESS
138797970251;17110;"NEAR_P1";"INTERVAL";"PROBE";4;63;0x00001d2a;256;1951843;776538;440127;1126474;1129596;846;0;NOSTRESS
138797987366;16804;"NEAR_P1";"INTERVAL";"PROBE";4;63;0x00001d2a;256;1944377;772229;436740;1115321;1128824;15;0;NOSTRESS
138798004174;16925;"NEAR_P1";"INTERVAL";"PROBE";4;63;0x00001d2a;256;1948553;774148;439190;1122082;1129128;537;0;NOSTRESS
138798021104;16797;"NEAR_P1";"INTERVAL";"PROBE";4;63;0x00001d2a;256;1943900;771919;436683;1114808;1128747;10;0;NOSTRESS
138798037906;16897;"NEAR_P1";"INTERVAL";"PROBE";4;63;0x00001d2a;256;1947954;774058;439048;1121574;1129136;486;0;NOSTRESS
138798054807;16790;"NEAR_P1";"INTERVAL";"PROBE";4;63;0x00001d2a;256;1942383;771388;436600;1114311;1128022;8;0;NOSTRESS
138798071601;16917;"NEAR_P1";"INTERVAL";"PROBE";4;63;0x00001d2a;256;1946876;773446;438845;1120644;1128751;427;0;NOSTRESS
138798088523;16780;"NEAR_P1";"INTERVAL";"PROBE";4;63;0x00001d2a;256;1941200;770968;436508;1113905;1127240;10;0;NOSTRESS
138798105307;17111;"NEAR_P1";"INTERVAL";"PROBE";4;63;0x00001d2a;256;1945543;772378;436745;1115023;1129800;149;0;NOSTRESS
138798122422;16895;"NEAR_P1";"INTERVAL";"PROBE";4;63;0x00001d2a;256;1946773;773608;439100;1121134;1128428;515;0;NOSTRESS
138798139322;16798;"NEAR_P1";"INTERVAL";"PROBE";4;63;0x00001d2a;256;1943845;771868;436761;1114565;1128783;19;0;NOSTRESS
138798156125;16910;"NEAR_P1";"INTERVAL";"PROBE";4;63;0x00001d2a;256;1947499;773849;439079;1121389;1128691;469;0;NOSTRESS
138798173039;16800;"NEAR_P1";"INTERVAL";"PROBE";4;63;0x00001d2a;256;1943750;771984;436756;1114719;1128652;19;0;NOSTRESS
138798189843;16901;"NEAR_P1";"INTERVAL";"PROBE";4;63;0x00001d2a;256;1948230;774255;439167;1121868;1129208;458;0;NOSTRESS
138798206748;16792;"NEAR_P1";"INTERVAL";"PROBE";4;63;0x00001d2a;256;1941880;771378;436688;1114362;1127510;18;0;NOSTRESS
138798223544;16978;"NEAR_P1";"INTERVAL";"PROBE";4;63;0x00001d2a;256;1950415;775280;440062;1124429;1129698;548;0;NOSTRESS
138798240526;16793;"NEAR_P1";"INTERVAL";"PROBE";4;63;0x00001d2a;256;1942563;771528;436723;1114445;1127830;16;0;NOSTRESS
138798257324;16910;"NEAR_P1";"INTERVAL";"PROBE";4;63;0x00001d2a;256;1950235;774880;439294;1122341;1130287;471;0;NOSTRESS
138798274238;16810;"NEAR_P1";"INTERVAL";"PROBE";4;63;0x00001d2a;256;1945469;772509;436745;1115134;1129723;14;0;NOSTRESS
138798291052;16902;"NEAR_P1";"INTERVAL";"PROBE";4;63;0x00001d2a;256;1948939;774366;439161;1121744;1129665;447;0;NOSTRESS
138798307958;41194;"TRAJ_R1";"INTERVAL";"PROBE";4;63;0x00001d2a;256;4286663;1756212;1112571;2703086;2707894;541;0;NOSTRESS
138799569890;381631;"MAF";"INTERVAL";"PROBE";4;63;0x00001d2a;257;43580082;17359659;9945864;25281349;25502966;6991;0;NOSTRESS
138799569912;72;"SENS_C1";"INTERVAL";"PROBE";4;63;0x00001d2a;257;729;612;438;1010;0;114;0;NOSTRESS
138799569988;100;"LOC_C1";"INTERVAL";"PROBE";4;63;0x00001d2a;257;3816;1851;1245;3099;1852;153;0;NOSTRESS
138799570093;20;"LOC_C2";"INTERVAL";"PROBE";4;63;0x00001d2a;257;345;294;197;599;17;21;0;NOSTRESS
138799570118;93;"LOC_C3";"INTERVAL";"PROBE";4;63;0x00001d2a;257;8918;2464;1707;7652;3885;60;0;NOSTRESS
138799570215;23;"LOC_C4";"INTERVAL";"PROBE";4;63;0x00001d2a;257;344;279;210;584;0;31;0;NOSTRESS
138799570242;17103;"NEAR_P1";"INTERVAL";"PROBE";4;63;0x00001d2a;257;1955254;777101;440096;1127042;1132048;835;0;NOSTRESS
138799587350;16833;"NEAR_P1";"INTERVAL";"PROBE";4;63;0x00001d2a;257;1952235;774428;437035;1117135;1133675;13;0;NOSTRESS
138799604187;16950;"NEAR_P1";"INTERVAL";"PROBE";4;63;0x00001d2a;257;1955418;776296;439436;1123409;1133553;528;0;NOSTRESS
138799621142;16821;"NEAR_P1";"INTERVAL";"PROBE";4;63;0x00001d2a;257;1950826;773889;436894;1116434;1133081;11;0;NOSTRESS
138799637967;16919;"NEAR_P1";"INTERVAL";"PROBE";4;63;0x00001d2a;257;1953875;775741;439293;1123084;1132497;487;0;NOSTRESS
138799654890;16837;"NEAR_P1";"INTERVAL";"PROBE";4;63;0x00001d2a;257;1952970;774696;437059;1117073;1133961;8;0;NOSTRESS
138799671731;16916;"NEAR_P1";"INTERVAL";"PROBE";4;63;0x00001d2a;257;1953399;775478;439308;1122942;1132270;476;0;NOSTRESS
138799688651;16927;"NEAR_P1";"INTERVAL";"PROBE";4;63;0x00001d2a;257;1955853;776414;439418;1123498;1133912;445;0;NOSTRESS
138799705583;16826;"NEAR_P1";"INTERVAL";"PROBE";4;63;0x00001d2a;257;1949958;773868;436988;1116425;1132394;38;0;NOSTRESS
138799722414;16952;"NEAR_P1";"INTERVAL";"PROBE";4;63;0x00001d2a;257;1955050;776138;439310;1123163;1133376;458;0;NOSTRESS
138799739371;16832;"NEAR_P1";"INTERVAL";"PROBE";4;63;0x00001d2a;257;1951465;774162;437109;1116813;1133065;19;0;NOSTRESS
138799756208;16962;"NEAR_P1";"INTERVAL";"PROBE";4;63;0x00001d2a;257;1956451;776769;439470;1123874;1134052;475;0;NOSTRESS
138799773174;16827;"NEAR_P1";"INTERVAL";"PROBE";4;63;0x00001d2a;257;1950319;773970;436949;1116592;1132451;18;0;NOSTRESS
138799790005;16919;"NEAR_P1";"INTERVAL";"PROBE";4;63;0x00001d2a;257;1954000;775813;439378;1123157;1132451;469;0;NOSTRESS
138799806929;16816;"NEAR_P1";"INTERVAL";"PROBE";4;63;0x00001d2a;257;1948262;773295;436934;1116020;1131206;18;0;NOSTRESS
138799823750;16924;"NEAR_P1";"INTERVAL";"PROBE";4;63;0x00001d2a;257;1953676;775817;439449;1123102;1132270;471;0;NOSTRESS
138799840678;16831;"NEAR_P1";"INTERVAL";"PROBE";4;63;0x00001d2a;257;1951322;774154;437095;1116541;1133125;14;0;NOSTRESS
138799857513;16920;"NEAR_P1";"INTERVAL";"PROBE";4;63;0x00001d2a;257;1953618;775783;439403;1123323;1132185;459;0;NOSTRESS
138799874437;16834;"NEAR_P1";"INTERVAL";"PROBE";4;63;0x00001d2a;257;1951951;774305;437023;1116704;1133617;15;0;NOSTRESS
138799891275;16999;"NEAR_P1";"INTERVAL";"PROBE";4;63;0x00001d2a;257;1956284;776701;440263;1125806;1133245;559;0;NOSTRESS
138799908279;43238;"TRAJ_R1";"INTERVAL";"PROBE";4;63;0x00001d2a;257;4494133;1842254;1168116;2837019;2838778;558;0;NOSTRESS
138801169901;383598;"MAF";"INTERVAL";"PROBE";4;63;0x00001d2a;258;43758028;17429759;10005401;25412906;25616957;7752;0;NOSTRESS
138801169933;85;"SENS_C1";"INTERVAL";"PROBE";4;63;0x00001d2a;258;851;664;450;1242;0;140;0;NOSTRESS
138801170022;101;"LOC_C1";"INTERVAL";"PROBE";4;63;0x00001d2a;258;3790;1861;1282;3276;1740;173;0;NOSTRESS
138801170127;19;"LOC_C2";"INTERVAL";"PROBE";4;63;0x00001d2a;258;355;302;199;627;17;22;0;NOSTRESS
138801170150;98;"LOC_C3";"INTERVAL";"PROBE";4;63;0x00001d2a;258;9019;2473;1702;7737;3923;78;0;NOSTRESS
138801170252;25;"LOC_C4";"INTERVAL";"PROBE";4;63;0x00001d2a;258;379;289;213;640;0;32;0;NOSTRESS
138801170281;17096;"NEAR_P1";"INTERVAL";"PROBE";4;63;0x00001d2a;258;1953727;776380;440307;1127575;1130588;1043;0;NOSTRESS
138801187382;16805;"NEAR_P1";"INTERVAL";"PROBE";4;63;0x00001d2a;258;1947387;772587;436999;1116090;1130640;17;0;NOSTRESS
138801204191;16916;"NEAR_P1";"INTERVAL";"PROBE";4;63;0x00001d2a;258;1953136;775227;439473;1123214;1131919;544;0;NOSTRESS
138801221111;16814;"NEAR_P1";"INTERVAL";"PROBE";4;63;0x00001d2a;258;1949855;773247;436995;1116034;1132385;11;0;NOSTRESS
138801237929;16908;"NEAR_P1";"INTERVAL";"PROBE";4;63;0x00001d2a;258;1952412;775016;439359;1122709;1131654;481;0;NOSTRESS
138801254841;16804;"NEAR_P1";"INTERVAL";"PROBE";4;63;0x00001d2a;258;1948749;772821;436958;1115450;1131891;9;0;NOSTRESS
138801271650;16910;"NEAR_P1";"INTERVAL";"PROBE";4;63;0x00001d2a;258;1953249;775082;439419;1122746;1132312;472;0;NOSTRESS
138801288564;16813;"NEAR_P1";"INTERVAL";"PROBE";4;63;0x00001d2a;258;1948767;772993;437036;1115865;1131610;7;0;NOSTRESS
138801305381;16907;"NEAR_P1";"INTERVAL";"PROBE";4;63;0x00001d2a;258;1952026;774952;439427;1122827;1131443;474;0;NOSTRESS
138801322292;16899;"NEAR_P1";"INTERVAL";"PROBE";4;63;0x00001d2a;258;1951582;774607;439339;1122486;1131139;457;0;NOSTRESS
138801339196;16812;"NEAR_P1";"INTERVAL";"PROBE";4;63;0x00001d2a;258;1948707;773012;436992;1115860;1131522;20;0;NOSTRESS
138801356012;16896;"NEAR_P1";"INTERVAL";"PROBE";4;63;0x00001d2a;258;1950632;774441;439357;1122277;1130487;458;0;NOSTRESS
138801372913;16819;"NEAR_P1";"INTERVAL";"PROBE";4;63;0x00001d2a;258;1950037;773481;437144;1116198;1132244;19;0;NOSTRESS
138801389737;16932;"NEAR_P1";"INTERVAL";"PROBE";4;63;0x00001d2a;258;1953087;775395;439406;1122967;1132119;463;0;NOSTRESS
138801406673;16806;"NEAR_P1";"INTERVAL";"PROBE";4;63;0x00001d2a;258;1949045;772824;436928;1115612;1131866;19;0;NOSTRESS
138801423483;16958;"NEAR_P1";"INTERVAL";"PROBE";4;63;0x00001d2a;258;1952623;775181;439874;1124369;1131088;618;0;NOSTRESS
138801440445;16791;"NEAR_P1";"INTERVAL";"PROBE";4;63;0x00001d2a;258;1945281;771807;436867;1114850;1129499;17;0;NOSTRESS
138801457241;16914;"NEAR_P1";"INTERVAL";"PROBE";4;63;0x00001d2a;258;1953281;775166;439430;1122863;1132156;499;0;NOSTRESS
138801474159;17010;"NEAR_P1";"INTERVAL";"PROBE";4;63;0x00001d2a;258;1952024;774328;437212;1116848;1133500;37;0;NOSTRESS
138801491181;16928;"NEAR_P1";"INTERVAL";"PROBE";4;63;0x00001d2a;258;1953442;775525;439484;1123095;1132145;578;0;NOSTRESS
138801508131;45363;"TRAJ_R1";"INTERVAL";"PROBE";4;63;0x00001d2a;258;4714227;1932605;1226985;2978660;2979070;554;0;NOSTRESS
138802769909;386475;"MAF";"INTERVAL";"PROBE";4;63;0x00001d2a;259;44110112;17567958;10073961;25596713;25829118;7334;0;NOSTRESS
138802769935;80;"SENS_C1";"INTERVAL";"PROBE";4;63;0x00001d2a;259;843;663;449;1226;0;139;0;NOSTRESS
138802770019;101;"LOC_C1";"INTERVAL";"PROBE";4;63;0x00001d2a;259;3855;1896;1283;3300;1779;171;0;NOSTRESS
138802770124;18;"LOC_C2";"INTERVAL";"PROBE";4;63;0x00001d2a;259;355;302;199;627;17;21;0;NOSTRESS
138802770147;97;"LOC_C3";"INTERVAL";"PROBE";4;63;0x00001d2a;259;8904;2422;1693;7696;3872;67;0;NOSTRESS
138802770249;23;"LOC_C4";"INTERVAL";"PROBE";4;63;0x00001d2a;259;384;288;214;645;0;29;0;NOSTRESS
138802770277;17147;"NEAR_P1";"INTERVAL";"PROBE";4;63;0x00001d2a;259;1960414;778995;440753;1129599;1133992;1030;0;NOSTRESS
138802787429;16854;"NEAR_P1";"INTERVAL";"PROBE";4;63;0x00001d2a;259;1955006;775424;437426;1118087;1134884;15;0;NOSTRESS
138802804287;16976;"NEAR_P1";"INTERVAL";"PROBE";4;63;0x00001d2a;259;1957262;776738;439620;1124227;1134085;527;0;NOSTRESS
138802821267;16851;"NEAR_P1";"INTERVAL";"PROBE";4;63;0x00001d2a;259;1955350;775305;437425;1117848;1135132;10;0;NOSTRESS
138802838123;16970;"NEAR_P1";"INTERVAL";"PROBE";4;63;0x00001d2a;259;1958767;777325;439790;1124576;1135114;483;0;NOSTRESS
138802855097;16851;"NEAR_P1";"INTERVAL";"PROBE";4;63;0x00001d2a;259;1955683;775289;437352;1117784;1135452;8;0;NOSTRESS
138802871952;16937;"NEAR_P1";"INTERVAL";"PROBE";4;63;0x00001d2a;259;1957296;776610;439675;1124103;1134281;476;0;NOSTRESS
138802888894;16982;"NEAR_P1";"INTERVAL";"PROBE";4;63;0x00001d2a;259;1958834;777218;440224;1126012;1134431;606;0;NOSTRESS
138802905880;16843;"NEAR_P1";"INTERVAL";"PROBE";4;63;0x00001d2a;259;1953281;774759;437309;1117342;1133999;19;0;NOSTRESS
138802922728;16945;"NEAR_P1";"INTERVAL";"PROBE";4;63;0x00001d2a;259;1958635;777160;439684;1124386;1135105;502;0;NOSTRESS
138802939677;16840;"NEAR_P1";"INTERVAL";"PROBE";4;63;0x00001d2a;259;1952731;774527;437284;1117194;1133705;19;0;NOSTRESS
138802956521;16942;"NEAR_P1";"INTERVAL";"PROBE";4;63;0x00001d2a;259;1958081;777029;439780;1124339;1134716;471;0;NOSTRESS
138802973467;16849;"NEAR_P1";"INTERVAL";"PROBE";4;63;0x00001d2a;259;1954943;775156;437340;1117676;1135078;17;0;NOSTRESS
138802990320;16942;"NEAR_P1";"INTERVAL";"PROBE";4;63;0x00001d2a;259;1957634;776902;439803;1124370;1134329;465;0;NOSTRESS
138803007267;16849;"NEAR_P1";"INTERVAL";"PROBE";4;63;0x00001d2a;259;1955467;775323;437305;1117774;1135461;17;0;NOSTRESS
138803024120;16947;"NEAR_P1";"INTERVAL";"PROBE";4;63;0x00001d2a;259;1959391;777262;439766;1124627;1135521;463;0;NOSTRESS
138803041071;16855;"NEAR_P1";"INTERVAL";"PROBE";4;63;0x00001d2a;259;1955665;775347;437407;1117921;1135437;15;0;NOSTRESS
138803057930;16980;"NEAR_P1";"INTERVAL";"PROBE";4;63;0x00001d2a;259;1960216;777552;439751;1124811;1136094;464;0;NOSTRESS
138803074914;16841;"NEAR_P1";"INTERVAL";"PROBE";4;63;0x00001d2a;259;1954034;774835;437238;1117492;1134445;15;0;NOSTRESS
138803091759;16963;"NEAR_P1";"INTERVAL";"PROBE";4;63;0x00001d2a;259;1959044;777180;439646;1124578;1135370;477;0;NOSTRESS
138803108743;47637;"TRAJ_R1";"INTERVAL";"PROBE";4;63;0x00001d2a;259;4948402;2029341;1289493;3129139;3126819;567;0;NOSTRESS
138804369941;388552;"MAF";"INTERVAL";"PROBE";4;63;0x00001d2a;260;44326256;17656534;10133778;25732386;25975777;7255;0;NOSTRESS
138804369964;83;"SENS_C1";"INTERVAL";"PROBE";4;63;0x00001d2a;260;831;659;447;1195;0;137;0;NOSTRESS
138804370051;102;"LOC_C1";"INTERVAL";"PROBE";4;63;0x00001d2a;260;4075;1959;1296;3310;1932;172;0;NOSTRESS
138804370157;18;"LOC_C2";"INTERVAL";"PROBE";4;63;0x00001d2a;260;351;302;199;619;17;22;0;NOSTRESS
138804370179;91;"LOC_C3";"INTERVAL";"PROBE";4;63;0x00001d2a;260;8910;2428;1688;7673;3890;67;0;NOSTRESS
138804370275;22;"LOC_C4";"INTERVAL";"PROBE";4;63;0x00001d2a;260;363;279;212;619;0;31;0;NOSTRESS
138804370301;17112;"NEAR_P1";"INTERVAL";"PROBE";4;63;0x00001d2a;260;1962347;779351;440668;1129411;1135576;961;0;NOSTRESS
138804387418;16835;"NEAR_P1";"INTERVAL";"PROBE";4;63;0x00001d2a;260;1952742;774550;437303;1117291;1133922;17;0;NOSTRESS
138804404257;16965;"NEAR_P1";"INTERVAL";"PROBE";4;63;0x00001d2a;260;1956792;776739;439702;1124185;1134058;559;0;NOSTRESS
138804421226;16842;"NEAR_P1";"INTERVAL";"PROBE";4;63;0x00001d2a;260;1954733;774920;437296;1117278;1135235;11;0;NOSTRESS
138804438073;16943;"NEAR_P1";"INTERVAL";"PROBE";4;63;0x00001d2a;260;1954473;775804;439483;1123050;1132891;487;0;NOSTRESS
138804455020;16821;"NEAR_P1";"INTERVAL";"PROBE";4;63;0x00001d2a;260;1950077;773520;437115;1116108;1132383;9;0;NOSTRESS
138804471846;16963;"NEAR_P1";"INTERVAL";"PROBE";4;63;0x00001d2a;260;1955384;776150;439510;1123205;1133591;415;0;NOSTRESS
138804488813;16957;"NEAR_P1";"INTERVAL";"PROBE";4;63;0x00001d2a;260;1953421;775597;439549;1123085;1132147;477;0;NOSTRESS
138804505775;16841;"NEAR_P1";"INTERVAL";"PROBE";4;63;0x00001d2a;260;1953683;774896;437286;1117035;1134685;19;0;NOSTRESS
138804522620;16924;"NEAR_P1";"INTERVAL";"PROBE";4;63;0x00001d2a;260;1955005;775926;439626;1123289;1133074;468;0;NOSTRESS
138804539549;16828;"NEAR_P1";"INTERVAL";"PROBE";4;63;0x00001d2a;260;1952581;774186;437192;1116439;1134110;19;0;NOSTRESS
138804556382;16968;"NEAR_P1";"INTERVAL";"PROBE";4;63;0x00001d2a;260;1957478;776810;440163;1125392;1134174;600;0;NOSTRESS
138804573354;16828;"NEAR_P1";"INTERVAL";"PROBE";4;63;0x00001d2a;260;1952503;773986;437126;1116466;1134144;18;0;NOSTRESS
138804590187;16933;"NEAR_P1";"INTERVAL";"PROBE";4;63;0x00001d2a;260;1956796;776502;439562;1123683;1134481;502;0;NOSTRESS
138804607124;16837;"NEAR_P1";"INTERVAL";"PROBE";4;63;0x00001d2a;260;1953455;774644;437198;1116887;1134638;20;0;NOSTRESS
138804623965;16923;"NEAR_P1";"INTERVAL";"PROBE";4;63;0x00001d2a;260;1954924;775950;439522;1123343;1133333;471;0;NOSTRESS
138804640893;16817;"NEAR_P1";"INTERVAL";"PROBE";4;63;0x00001d2a;260;1950961;773554;437111;1115785;1133310;16;0;NOSTRESS
138804657714;16929;"NEAR_P1";"INTERVAL";"PROBE";4;63;0x00001d2a;260;1956625;776224;439585;1123546;1134412;460;0;NOSTRESS
138804674647;16836;"NEAR_P1";"INTERVAL";"PROBE";4;63;0x00001d2a;260;1954549;774784;437185;1116804;1135373;16;0;NOSTRESS
138804691488;16924;"NEAR_P1";"INTERVAL";"PROBE";4;63;0x00001d2a;260;1956319;776225;439578;1123274;1134248;471;0;NOSTRESS
138804708417;50072;"TRAJ_R1";"INTERVAL";"PROBE";4;63;0x00001d2a;260;5207222;2133493;1352123;3284051;3290153;551;0;NOSTRESS
138805969930;391314;"MAF";"INTERVAL";"PROBE";4;63;0x00001d2a;261;44580474;17766671;10203453;25907536;26131960;7718;0;NOSTRESS
138805969954;77;"SENS_C1";"INTERVAL";"PROBE";4;63;0x00001d2a;261;857;676;450;1242;0;143;0;NOSTRESS
138805970036;102;"LOC_C1";"INTERVAL";"PROBE";4;63;0x00001d2a;261;3902;1895;1282;3283;1818;168;0;NOSTRESS
138805970142;18;"LOC_C2";"INTERVAL";"PROBE";4;63;0x00001d2a;261;355;302;199;627;17;19;0;NOSTRESS
138805970164;96;"LOC_C3";"INTERVAL";"PROBE";4;63;0x00001d2a;261;8918;2445;1693;7729;3863;68;0;NOSTRESS
138805970264;24;"LOC_C4";"INTERVAL";"PROBE";4;63;0x00001d2a;261;376;287;214;633;0;30;0;NOSTRESS
138805970292;17125;"NEAR_P1";"INTERVAL";"PROBE";4;63;0x00001d2a;261;1958134;777915;440599;1128834;1133236;1038;0;NOSTRESS
138805987422;17007;"NEAR_P1";"INTERVAL";"PROBE";4;63;0x00001d2a;261;1954487;775142;437386;1118015;1134865;43;0;NOSTRESS
138806004433;16949;"NEAR_P1";"INTERVAL";"PROBE";4;63;0x00001d2a;261;1956355;776403;439810;1124198;1133775;643;0;NOSTRESS
138806021387;16845;"NEAR_P1";"INTERVAL";"PROBE";4;63;0x00001d2a;261;1954146;774853;437383;1117646;1134924;9;0;NOSTRESS
138806038236;16918;"NEAR_P1";"INTERVAL";"PROBE";4;63;0x00001d2a;261;1953048;775425;439482;1122963;1132084;485;0;NOSTRESS
138806055159;16828;"NEAR_P1";"INTERVAL";"PROBE";4;63;0x00001d2a;261;1951219;773983;437180;1116685;1133235;8;0;NOSTRESS
138806071991;16972;"NEAR_P1";"INTERVAL";"PROBE";4;63;0x00001d2a;261;1958486;777087;439691;1124182;1135370;484;0;NOSTRESS
138806088967;16956;"NEAR_P1";"INTERVAL";"PROBE";4;63;0x00001d2a;261;1956261;776497;439681;1123821;1134016;467;0;NOSTRESS
138806105928;16835;"NEAR_P1";"INTERVAL";"PROBE";4;63;0x00001d2a;261;1950783;774019;437333;1116869;1132701;20;0;NOSTRESS
138806122767;16951;"NEAR_P1";"INTERVAL";"PROBE";4;63;0x00001d2a;261;1954989;776126;439610;1123494;1133239;421;0;NOSTRESS
138806139722;16842;"NEAR_P1";"INTERVAL";"PROBE";4;63;0x00001d2a;261;1953527;774743;437318;1117396;1134554;18;0;NOSTRESS
138806156568;16959;"NEAR_P1";"INTERVAL";"PROBE";4;63;0x00001d2a;261;1956647;776464;439653;1123874;1134303;467;0;NOSTRESS
138806173531;16830;"NEAR_P1";"INTERVAL";"PROBE";4;63;0x00001d2a;261;1950849;773984;437192;1116918;1133014;18;0;NOSTRESS
138806190366;16928;"NEAR_P1";"INTERVAL";"PROBE";4;63;0x00001d2a;261;1955122;776088;439706;1123963;1133194;473;0;NOSTRESS
138806207298;16843;"NEAR_P1";"INTERVAL";"PROBE";4;63;0x00001d2a;261;1952508;774750;437426;1117481;1133612;19;0;NOSTRESS
138806224145;16969;"NEAR_P1";"INTERVAL";"PROBE";4;63;0x00001d2a;261;1956145;776752;440163;1125974;1133038;604;0;NOSTRESS
138806241119;16848;"NEAR_P1";"INTERVAL";"PROBE";4;63;0x00001d2a;261;1952387;774890;437393;1117651;1133536;16;0;NOSTRESS
138806257971;16938;"NEAR_P1";"INTERVAL";"PROBE";4;63;0x00001d2a;261;1955436;776485;439722;1123969;1133232;497;0;NOSTRESS
138806274913;16847;"NEAR_P1";"INTERVAL";"PROBE";4;63;0x00001d2a;261;1952995;775040;437451;1117650;1133838;17;0;NOSTRESS
138806291764;16938;"NEAR_P1";"INTERVAL";"PROBE";4;63;0x00001d2a;261;1956349;776826;439771;1124248;1133637;478;0;NOSTRESS
138806308724;52515;"TRAJ_R1";"INTERVAL";"PROBE";4;63;0x00001d2a;261;5465818;2240127;1419101;3447406;3452859;563;0;NOSTRESS
138807569886;395255;"MAF";"INTERVAL";"PROBE";4;63;0x00001d2a;262;44807874;17868653;10283957;26107417;26259714;12042;0;NOSTRESS
138807569908;83;"SENS_C1";"INTERVAL";"PROBE";4;63;0x00001d2a;262;841;666;448;1206;0;139;0;NOSTRESS
138807569995;100;"LOC_C1";"INTERVAL";"PROBE";4;63;0x00001d2a;262;4056;1957;1294;3329;1889;168;0;NOSTRESS
138807570099;18;"LOC_C2";"INTERVAL";"PROBE";4;63;0x00001d2a;262;353;302;199;620;17;22;0;NOSTRESS
138807570121;95;"LOC_C3";"INTERVAL";"PROBE";4;63;0x00001d2a;262;8854;2413;1691;7675;3844;69;0;NOSTRESS
138807570221;23;"LOC_C4";"INTERVAL";"PROBE";4;63;0x00001d2a;262;374;285;213;629;0;30;0;NOSTRESS
138807570248;17112;"NEAR_P1";"INTERVAL";"PROBE";4;63;0x00001d2a;262;1956207;777678;440444;1128254;1131823;951;0;NOSTRESS
138807587365;16850;"NEAR_P1";"INTERVAL";"PROBE";4;63;0x00001d2a;262;1953331;775084;437387;1118023;1133962;17;0;NOSTRESS
138807604219;16958;"NEAR_P1";"INTERVAL";"PROBE";4;63;0x00001d2a;262;1953678;775910;439646;1123995;1132033;561;0;NOSTRESS
138807621181;16830;"NEAR_P1";"INTERVAL";"PROBE";4;63;0x00001d2a;262;1949359;773666;437254;1116863;1131540;13;0;NOSTRESS
138807638016;16941;"NEAR_P1";"INTERVAL";"PROBE";4;63;0x00001d2a;262;1952119;775340;439550;1123300;1131164;487;0;NOSTRESS
138807654962;16827;"NEAR_P1";"INTERVAL";"PROBE";4;63;0x00001d2a;262;1949818;773680;437262;1116668;1132069;9;0;NOSTRESS
138807671793;16915;"NEAR_P1";"INTERVAL";"PROBE";4;63;0x00001d2a;262;1951831;775138;439489;1123006;1131278;498;0;NOSTRESS
138807688712;16918;"NEAR_P1";"INTERVAL";"PROBE";4;63;0x00001d2a;262;1953571;775627;439552;1123329;1132346;468;0;NOSTRESS
138807705634;16838;"NEAR_P1";"INTERVAL";"PROBE";4;63;0x00001d2a;262;1952203;774353;437256;1117196;1133789;20;0;NOSTRESS
138807722476;16954;"NEAR_P1";"INTERVAL";"PROBE";4;63;0x00001d2a;262;1955416;775946;439738;1123431;1133525;411;0;NOSTRESS
138807739434;16821;"NEAR_P1";"INTERVAL";"PROBE";4;63;0x00001d2a;262;1948855;773343;437137;1116382;1131679;16;0;NOSTRESS
138807756259;16955;"NEAR_P1";"INTERVAL";"PROBE";4;63;0x00001d2a;262;1954442;775856;439573;1123585;1132792;465;0;NOSTRESS
138807773218;16824;"NEAR_P1";"INTERVAL";"PROBE";4;63;0x00001d2a;262;1949271;773470;437093;1116591;1131958;18;0;NOSTRESS
138807790046;16951;"NEAR_P1";"INTERVAL";"PROBE";4;63;0x00001d2a;262;1953060;775600;439506;1123254;1132054;481;0;NOSTRESS
138807807001;16831;"NEAR_P1";"INTERVAL";"PROBE";4;63;0x00001d2a;262;1950915;773853;437193;1116718;1132991;17;0;NOSTRESS
138807823836;16944;"NEAR_P1";"INTERVAL";"PROBE";4;63;0x00001d2a;262;1954136;775869;439505;1123523;1132681;457;0;NOSTRESS
138807840785;16824;"NEAR_P1";"INTERVAL";"PROBE";4;63;0x00001d2a;262;1949848;773599;437143;1116590;1132458;18;0;NOSTRESS
138807857614;16920;"NEAR_P1";"INTERVAL";"PROBE";4;63;0x00001d2a;262;1953402;775594;439523;1123409;1132329;470;0;NOSTRESS
138807874539;16814;"NEAR_P1";"INTERVAL";"PROBE";4;63;0x00001d2a;262;1948397;773008;437061;1116016;1131484;15;0;NOSTRESS
138807891357;16920;"NEAR_P1";"INTERVAL";"PROBE";4;63;0x00001d2a;262;1953425;775535;439491;1123347;1132219;461;0;NOSTRESS
138807908281;56856;"TRAJ_R1";"INTERVAL";"PROBE";4;63;0x00001d2a;262;5740510;2357795;1503267;3661178;3607790;5513;0;NOSTRESS
138809169903;395797;"MAF";"INTERVAL";"PROBE";4;63;0x00001d2a;263;45017609;17951734;10329135;26207738;26402958;7761;0;NOSTRESS
138809169931;92;"SENS_C1";"INTERVAL";"PROBE";4;63;0x00001d2a;263;863;678;452;1262;0;145;0;NOSTRESS
138809170028;108;"LOC_C1";"INTERVAL";"PROBE";4;63;0x00001d2a;263;4071;1953;1286;3339;1915;168;0;NOSTRESS
138809170140;22;"LOC_C2";"INTERVAL";"PROBE";4;63;0x00001d2a;263;355;302;199;627;17;19;0;NOSTRESS
138809170166;98;"LOC_C3";"INTERVAL";"PROBE";4;63;0x00001d2a;263;9144;2489;1704;7876;3950;71;0;NOSTRESS
138809170268;28;"LOC_C4";"INTERVAL";"PROBE";4;63;0x00001d2a;263;386;288;215;660;0;27;0;NOSTRESS
138809170300;17134;"NEAR_P1";"INTERVAL";"PROBE";4;63;0x00001d2a;263;1960926;779128;440810;1130042;1134469;942;0;NOSTRESS
138809187439;16832;"NEAR_P1";"INTERVAL";"PROBE";4;63;0x00001d2a;263;1949051;774009;437241;1117270;1131230;14;0;NOSTRESS
138809204275;16945;"NEAR_P1";"INTERVAL";"PROBE";4;63;0x00001d2a;263;1955064;776580;439774;1124725;1132657;564;0;NOSTRESS
138809221224;16823;"NEAR_P1";"INTERVAL";"PROBE";4;63;0x00001d2a;263;1949599;773762;437233;1116903;1131696;9;0;NOSTRESS
138809238052;16934;"NEAR_P1";"INTERVAL";"PROBE";4;63;0x00001d2a;263;1956646;776684;439763;1124389;1133644;490;0;NOSTRESS
138809254990;16816;"NEAR_P1";"INTERVAL";"PROBE";4;63;0x00001d2a;263;1948468;773356;437102;1116427;1131157;6;0;NOSTRESS
138809271811;16938;"NEAR_P1";"INTERVAL";"PROBE";4;63;0x00001d2a;263;1953773;775853;439543;1123498;1132199;476;0;NOSTRESS
138809288753;16944;"NEAR_P1";"INTERVAL";"PROBE";4;63;0x00001d2a;263;1954896;776082;439621;1123699;1132742;461;0;NOSTRESS
138809305702;16828;"NEAR_P1";"INTERVAL";"PROBE";4;63;0x00001d2a;263;1950888;774056;437202;1116966;1132580;18;0;NOSTRESS
138809322534;16922;"NEAR_P1";"INTERVAL";"PROBE";4;63;0x00001d2a;263;1954926;775963;439658;1123526;1132932;463;0;NOSTRESS
138809339460;16825;"NEAR_P1";"INTERVAL";"PROBE";4;63;0x00001d2a;263;1950575;773915;437267;1116746;1132462;18;0;NOSTRESS
138809356290;17123;"NEAR_P1";"INTERVAL";"PROBE";4;63;0x00001d2a;263;1954113;775901;439652;1123769;1132363;607;0;NOSTRESS
138809373418;16835;"NEAR_P1";"INTERVAL";"PROBE";4;63;0x00001d2a;263;1952551;774474;437330;1117106;1133493;18;0;NOSTRESS
138809390257;16958;"NEAR_P1";"INTERVAL";"PROBE";4;63;0x00001d2a;263;1955517;776317;439638;1123780;1133147;460;0;NOSTRESS
138809407219;16826;"NEAR_P1";"INTERVAL";"PROBE";4;63;0x00001d2a;263;1950282;773917;437229;1116724;1132371;17;0;NOSTRESS
138809424050;16935;"NEAR_P1";"INTERVAL";"PROBE";4;63;0x00001d2a;263;1952785;775397;439548;1123325;1131594;462;0;NOSTRESS
138809440990;16830;"NEAR_P1";"INTERVAL";"PROBE";4;63;0x00001d2a;263;1951797;774359;437257;1116795;1133267;16;0;NOSTRESS
138809457824;16962;"NEAR_P1";"INTERVAL";"PROBE";4;63;0x00001d2a;263;1954561;776043;439574;1123446;1132642;426;0;NOSTRESS
138809474791;16830;"NEAR_P1";"INTERVAL";"PROBE";4;63;0x00001d2a;263;1951859;774239;437288;1116752;1133198;12;0;NOSTRESS
138809491625;16943;"NEAR_P1";"INTERVAL";"PROBE";4;63;0x00001d2a;263;1952705;775404;439563;1123002;1131530;469;0;NOSTRESS
138809508589;57106;"TRAJ_R1";"INTERVAL";"PROBE";4;63;0x00001d2a;263;5931380;2433089;1546418;3754243;3745703;887;0;NOSTRESS
138810769889;397620;"MAF";"INTERVAL";"PROBE";4;63;0x00001d2a;264;45242171;18038524;10381483;26336416;26552525;7339;0;NOSTRESS
138810769915;85;"SENS_C1";"INTERVAL";"PROBE";4;63;0x00001d2a;264;838;667;448;1214;0;140;0;NOSTRESS
138810770004;99;"LOC_C1";"INTERVAL";"PROBE";4;63;0x00001d2a;264;3965;1915;1285;3303;1844;166;0;NOSTRESS
138810770108;18;"LOC_C2";"INTERVAL";"PROBE";4;63;0x00001d2a;264;351;302;199;619;17;23;0;NOSTRESS
138810770130;94;"LOC_C3";"INTERVAL";"PROBE";4;63;0x00001d2a;264;8891;2412;1693;7719;3851;72;0;NOSTRESS
138810770228;26;"LOC_C4";"INTERVAL";"PROBE";4;63;0x00001d2a;264;375;286;214;632;0;31;0;NOSTRESS
138810770258;17104;"NEAR_P1";"INTERVAL";"PROBE";4;63;0x00001d2a;264;1955403;777411;440277;1127577;1131402;946;0;NOSTRESS
138810787367;16843;"NEAR_P1";"INTERVAL";"PROBE";4;63;0x00001d2a;264;1953205;774815;437328;1117689;1134114;16;0;NOSTRESS
138810804214;16944;"NEAR_P1";"INTERVAL";"PROBE";4;63;0x00001d2a;264;1956159;776477;439702;1124389;1133579;535;0;NOSTRESS
138810821162;16843;"NEAR_P1";"INTERVAL";"PROBE";4;63;0x00001d2a;264;1953935;774837;437260;1117475;1134771;13;0;NOSTRESS
138810838009;16941;"NEAR_P1";"INTERVAL";"PROBE";4;63;0x00001d2a;264;1954820;775805;439477;1123288;1133243;481;0;NOSTRESS
138810854955;16841;"NEAR_P1";"INTERVAL";"PROBE";4;63;0x00001d2a;264;1953166;774763;437252;1117482;1134260;8;0;NOSTRESS
138810871801;16928;"NEAR_P1";"INTERVAL";"PROBE";4;63;0x00001d2a;264;1955520;776224;439604;1123646;1133680;474;0;NOSTRESS
138810888733;16947;"NEAR_P1";"INTERVAL";"PROBE";4;63;0x00001d2a;264;1958331;777082;439759;1124367;1135222;461;0;NOSTRESS
138810905684;16827;"NEAR_P1";"INTERVAL";"PROBE";4;63;0x00001d2a;264;1950558;773879;437087;1116609;1132883;19;0;NOSTRESS
138810922515;16955;"NEAR_P1";"INTERVAL";"PROBE";4;63;0x00001d2a;264;1957488;776527;439536;1123830;1134975;469;0;NOSTRESS
138810939474;16820;"NEAR_P1";"INTERVAL";"PROBE";4;63;0x00001d2a;264;1950525;773553;437029;1116198;1132892;19;0;NOSTRESS
138810956298;16952;"NEAR_P1";"INTERVAL";"PROBE";4;63;0x00001d2a;264;1956849;776568;439565;1123959;1134451;459;0;NOSTRESS
138810973255;16833;"NEAR_P1";"INTERVAL";"PROBE";4;63;0x00001d2a;264;1951653;774195;437241;1117030;1133429;18;0;NOSTRESS
138810990093;16935;"NEAR_P1";"INTERVAL";"PROBE";4;63;0x00001d2a;264;1956854;776663;439693;1124186;1134314;456;0;NOSTRESS
138811007032;16835;"NEAR_P1";"INTERVAL";"PROBE";4;63;0x00001d2a;264;1952315;774429;437172;1116907;1133899;19;0;NOSTRESS
138811023871;16933;"NEAR_P1";"INTERVAL";"PROBE";4;63;0x00001d2a;264;1956709;776483;439609;1123931;1134176;452;0;NOSTRESS
138811040808;16836;"NEAR_P1";"INTERVAL";"PROBE";4;63;0x00001d2a;264;1951433;774193;437262;1117066;1133152;19;0;NOSTRESS
138811057648;16968;"NEAR_P1";"INTERVAL";"PROBE";4;63;0x00001d2a;264;1955769;776088;439804;1123914;1133700;419;0;NOSTRESS
138811074621;16838;"NEAR_P1";"INTERVAL";"PROBE";4;63;0x00001d2a;264;1953050;774634;437209;1117304;1134311;8;0;NOSTRESS
138811091463;16958;"NEAR_P1";"INTERVAL";"PROBE";4;63;0x00001d2a;264;1957323;776505;439525;1123876;1134699;474;0;NOSTRESS
138811108426;59079;"TRAJ_R1";"INTERVAL";"PROBE";4;63;0x00001d2a;264;6127076;2514722;1600210;3882919;3869661;895;0;NOSTRESS
138812369965;399017;"MAF";"INTERVAL";"PROBE";4;63;0x00001d2a;265;45313700;18074082;10424505;26421385;26601064;9752;0;NOSTRESS
138812369987;79;"SENS_C1";"INTERVAL";"PROBE";4;63;0x00001d2a;265;837;656;450;1210;0;136;0;NOSTRESS
138812370071;94;"LOC_C1";"INTERVAL";"PROBE";4;63;0x00001d2a;265;3855;1878;1276;3245;1800;169;0;NOSTRESS
138812370169;20;"LOC_C2";"INTERVAL";"PROBE";4;63;0x00001d2a;265;353;302;199;620;17;19;0;NOSTRESS
138812370193;94;"LOC_C3";"INTERVAL";"PROBE";4;63;0x00001d2a;265;8758;2372;1682;7660;3786;68;0;NOSTRESS
138812370291;26;"LOC_C4";"INTERVAL";"PROBE";4;63;0x00001d2a;265;382;285;215;640;0;30;0;NOSTRESS
138812370321;17147;"NEAR_P1";"INTERVAL";"PROBE";4;63;0x00001d2a;265;1957868;778383;441185;1130518;1132289;1080;0;NOSTRESS
138812387473;16814;"NEAR_P1";"INTERVAL";"PROBE";4;63;0x00001d2a;265;1949325;773372;437000;1116074;1132029;15;0;NOSTRESS
138812404292;16907;"NEAR_P1";"INTERVAL";"PROBE";4;63;0x00001d2a;265;1949884;774220;439233;1122029;1130313;577;0;NOSTRESS
138812421203;16816;"NEAR_P1";"INTERVAL";"PROBE";4;63;0x00001d2a;265;1949820;773434;436991;1115653;1132708;12;0;NOSTRESS
138812438023;17014;"NEAR_P1";"INTERVAL";"PROBE";4;63;0x00001d2a;265;1952293;775384;440097;1125013;1130910;822;0;NOSTRESS
138812455042;16802;"NEAR_P1";"INTERVAL";"PROBE";4;63;0x00001d2a;265;1947510;772581;436844;1115176;1131279;12;0;NOSTRESS
138812471848;16971;"NEAR_P1";"INTERVAL";"PROBE";4;63;0x00001d2a;265;1954762;776071;440195;1124909;1132794;744;0;NOSTRESS
138812488823;16952;"NEAR_P1";"INTERVAL";"PROBE";4;63;0x00001d2a;265;1951285;774852;439995;1123977;1130680;706;0;NOSTRESS
138812505779;16802;"NEAR_P1";"INTERVAL";"PROBE";4;63;0x00001d2a;265;1946783;772427;436753;1114993;1130896;21;0;NOSTRESS
138812522585;16953;"NEAR_P1";"INTERVAL";"PROBE";4;63;0x00001d2a;265;1954212;775775;440102;1124278;1132526;666;0;NOSTRESS
138812539542;16800;"NEAR_P1";"INTERVAL";"PROBE";4;63;0x00001d2a;265;1946893;772479;436809;1114811;1131063;19;0;NOSTRESS
138812556346;16980;"NEAR_P1";"INTERVAL";"PROBE";4;63;0x00001d2a;265;1953615;775740;440578;1126064;1131627;820;0;NOSTRESS
138812573331;16805;"NEAR_P1";"INTERVAL";"PROBE";4;63;0x00001d2a;265;1947952;772718;436853;1115109;1131602;21;0;NOSTRESS
138812590141;16950;"NEAR_P1";"INTERVAL";"PROBE";4;63;0x00001d2a;265;1951539;774917;440013;1123540;1130953;734;0;NOSTRESS
138812607095;16795;"NEAR_P1";"INTERVAL";"PROBE";4;63;0x00001d2a;265;1945806;772077;436722;1114578;1130444;21;0;NOSTRESS
138812623894;16904;"NEAR_P1";"INTERVAL";"PROBE";4;63;0x00001d2a;265;1949949;774278;439205;1121867;1130633;523;0;NOSTRESS
138812640802;16803;"NEAR_P1";"INTERVAL";"PROBE";4;63;0x00001d2a;265;1947738;772551;436875;1114929;1131500;15;0;NOSTRESS
138812657609;16926;"NEAR_P1";"INTERVAL";"PROBE";4;63;0x00001d2a;265;1950302;773895;440259;1121754;1130745;431;0;NOSTRESS
138812674539;16801;"NEAR_P1";"INTERVAL";"PROBE";4;63;0x00001d2a;265;1947315;772482;436803;1114942;1131309;13;0;NOSTRESS
138812691344;16977;"NEAR_P1";"INTERVAL";"PROBE";4;63;0x00001d2a;265;1951499;774867;439989;1123916;1130770;660;0;NOSTRESS
138812708325;60652;"TRAJ_R1";"INTERVAL";"PROBE";4;63;0x00001d2a;265;6283520;2578985;1642131;3984561;3968391;1162;0;NOSTRESS
138813969958;400241;"MAF";"INTERVAL";"PROBE";4;63;0x00001d2a;266;45435406;18131182;10448533;26491552;26667830;7862;0;NOSTRESS
138813970140;85;"SENS_C1";"INTERVAL";"PROBE";4;63;0x00001d2a;266;872;689;464;1252;0;142;0;NOSTRESS
138813970229;99;"LOC_C1";"INTERVAL";"PROBE";4;63;0x00001d2a;266;3875;1883;1282;3295;1801;175;0;NOSTRESS
138813970332;20;"LOC_C2";"INTERVAL";"PROBE";4;63;0x00001d2a;266;357;302;199;628;17;24;0;NOSTRESS
138813970356;97;"LOC_C3";"INTERVAL";"PROBE";4;63;0x00001d2a;266;8904;2424;1694;7696;3874;71;0;NOSTRESS
138813970457;24;"LOC_C4";"INTERVAL";"PROBE";4;63;0x00001d2a;266;382;288;214;640;0;31;0;NOSTRESS
138813970485;17139;"NEAR_P1";"INTERVAL";"PROBE";4;63;0x00001d2a;266;1958136;778669;440444;1128537;1132896;1004;0;NOSTRESS
138813987628;16834;"NEAR_P1";"INTERVAL";"PROBE";4;63;0x00001d2a;266;1948978;773833;437200;1117013;1131167;15;0;NOSTRESS
138814004466;16960;"NEAR_P1";"INTERVAL";"PROBE";4;63;0x00001d2a;266;1950820;775197;439467;1123446;1129802;562;0;NOSTRESS
138814021430;16827;"NEAR_P1";"INTERVAL";"PROBE";4;63;0x00001d2a;266;1948216;773480;437101;1116454;1130855;11;0;NOSTRESS
138814038261;17003;"NEAR_P1";"INTERVAL";"PROBE";4;63;0x00001d2a;266;1954660;776389;440411;1125901;1131724;610;0;NOSTRESS
138814055268;16839;"NEAR_P1";"INTERVAL";"PROBE";4;63;0x00001d2a;266;1951015;774247;437177;1116960;1132706;8;0;NOSTRESS
138814072111;16928;"NEAR_P1";"INTERVAL";"PROBE";4;63;0x00001d2a;266;1952733;775779;439563;1123453;1131455;494;0;NOSTRESS
138814089043;16915;"NEAR_P1";"INTERVAL";"PROBE";4;63;0x00001d2a;266;1951231;775174;439440;1122701;1130606;465;0;NOSTRESS
138814105963;16833;"NEAR_P1";"INTERVAL";"PROBE";4;63;0x00001d2a;266;1949718;773903;437178;1116487;1131836;19;0;NOSTRESS
138814122800;16946;"NEAR_P1";"INTERVAL";"PROBE";4;63;0x00001d2a;266;1953853;775910;439508;1123325;1132154;468;0;NOSTRESS
138814139750;16837;"NEAR_P1";"INTERVAL";"PROBE";4;63;0x00001d2a;266;1951663;774278;437116;1116575;1133156;19;0;NOSTRESS
138814156591;16954;"NEAR_P1";"INTERVAL";"PROBE";4;63;0x00001d2a;266;1954266;775926;439574;1123501;1132478;509;0;NOSTRESS
138814173549;16821;"NEAR_P1";"INTERVAL";"PROBE";4;63;0x00001d2a;266;1948684;773352;437006;1115809;1131525;19;0;NOSTRESS
138814190374;16936;"NEAR_P1";"INTERVAL";"PROBE";4;63;0x00001d2a;266;1952211;775404;439407;1122815;1131407;460;0;NOSTRESS
138814207314;16824;"NEAR_P1";"INTERVAL";"PROBE";4;63;0x00001d2a;266;1948615;773469;437055;1116082;1131165;19;0;NOSTRESS
138814224142;16928;"NEAR_P1";"INTERVAL";"PROBE";4;63;0x00001d2a;266;1952770;775705;439493;1123100;1131538;475;0;NOSTRESS
138814241074;16831;"NEAR_P1";"INTERVAL";"PROBE";4;63;0x00001d2a;266;1949178;773726;437163;1116335;1131600;16;0;NOSTRESS
138814257909;16945;"NEAR_P1";"INTERVAL";"PROBE";4;63;0x00001d2a;266;1953001;775640;439401;1122828;1131740;418;0;NOSTRESS
138814274858;16826;"NEAR_P1";"INTERVAL";"PROBE";4;63;0x00001d2a;266;1948280;773587;437030;1116341;1130940;12;0;NOSTRESS
138814291688;16955;"NEAR_P1";"INTERVAL";"PROBE";4;63;0x00001d2a;266;1953219;775762;439486;1123185;1131872;482;0;NOSTRESS
138814308647;61547;"TRAJ_R1";"INTERVAL";"PROBE";4;63;0x00001d2a;266;6380153;2619063;1668416;4047897;4029516;1072;0;NOSTRESS
138815569924;400048;"MAF";"INTERVAL";"PROBE";4;63;0x00001d2a;267;45426881;18127695;10450913;26490731;26667984;7723;0;NOSTRESS
138815569946;83;"SENS_C1";"INTERVAL";"PROBE";4;63;0x00001d2a;267;844;665;451;1226;0;141;0;NOSTRESS
138815570033;104;"LOC_C1";"INTERVAL";"PROBE";4;63;0x00001d2a;267;3856;1878;1276;3244;1809;171;0;NOSTRESS
138815570141;22;"LOC_C2";"INTERVAL";"PROBE";4;63;0x00001d2a;267;351;302;199;619;17;22;0;NOSTRESS
138815570167;97;"LOC_C3";"INTERVAL";"PROBE";4;63;0x00001d2a;267;8883;2421;1692;7673;3880;69;0;NOSTRESS
138815570268;23;"LOC_C4";"INTERVAL";"PROBE";4;63;0x00001d2a;267;376;286;213;629;0;31;0;NOSTRESS
138815570295;17137;"NEAR_P1";"INTERVAL";"PROBE";4;63;0x00001d2a;267;1955161;777420;440341;1127929;1131020;1028;0;NOSTRESS
138815587437;16819;"NEAR_P1";"INTERVAL";"PROBE";4;63;0x00001d2a;267;1949227;773375;436938;1116195;1131881;14;0;NOSTRESS
138815604260;16933;"NEAR_P1";"INTERVAL";"PROBE";4;63;0x00001d2a;267;1951595;774937;439189;1122360;1131083;474;0;NOSTRESS
138815621198;16822;"NEAR_P1";"INTERVAL";"PROBE";4;63;0x00001d2a;267;1949853;773575;436986;1116253;1132257;11;0;NOSTRESS
138815638025;16951;"NEAR_P1";"INTERVAL";"PROBE";4;63;0x00001d2a;267;1951767;775025;439263;1122427;1131227;491;0;NOSTRESS
138815654980;16808;"NEAR_P1";"INTERVAL";"PROBE";4;63;0x00001d2a;267;1946416;772722;436818;1115380;1130157;9;0;NOSTRESS
138815671792;16908;"NEAR_P1";"INTERVAL";"PROBE";4;63;0x00001d2a;267;1950841;774883;439224;1122340;1130577;478;0;NOSTRESS
138815688704;16976;"NEAR_P1";"INTERVAL";"PROBE";4;63;0x00001d2a;267;1952872;775919;440147;1125114;1130954;581;0;NOSTRESS
138815705685;16825;"NEAR_P1";"INTERVAL";"PROBE";4;63;0x00001d2a;267;1950660;773917;436957;1116085;1132743;22;0;NOSTRESS
138815722515;16919;"NEAR_P1";"INTERVAL";"PROBE";4;63;0x00001d2a;267;1953890;775803;439305;1122850;1132519;478;0;NOSTRESS
138815739438;16811;"NEAR_P1";"INTERVAL";"PROBE";4;63;0x00001d2a;267;1948102;773052;436851;1115359;1131305;19;0;NOSTRESS
138815756254;16898;"NEAR_P1";"INTERVAL";"PROBE";4;63;0x00001d2a;267;1950048;774497;439210;1121856;1130240;455;0;NOSTRESS
138815773157;16808;"NEAR_P1";"INTERVAL";"PROBE";4;63;0x00001d2a;267;1945451;772465;436901;1115103;1129408;19;0;NOSTRESS
138815789969;16907;"NEAR_P1";"INTERVAL";"PROBE";4;63;0x00001d2a;267;1950738;774972;439352;1122234;1130511;464;0;NOSTRESS
138815806880;16810;"NEAR_P1";"INTERVAL";"PROBE";4;63;0x00001d2a;267;1946427;772696;436861;1115200;1130028;18;0;NOSTRESS
138815823694;16925;"NEAR_P1";"INTERVAL";"PROBE";4;63;0x00001d2a;267;1951258;774971;439249;1122241;1130649;456;0;NOSTRESS
138815840623;16808;"NEAR_P1";"INTERVAL";"PROBE";4;63;0x00001d2a;267;1945984;772625;436827;1115208;1129954;14;0;NOSTRESS
138815857435;16896;"NEAR_P1";"INTERVAL";"PROBE";4;63;0x00001d2a;267;1948112;774049;439219;1121739;1128793;470;0;NOSTRESS
138815874336;16799;"NEAR_P1";"INTERVAL";"PROBE";4;63;0x00001d2a;267;1944294;772059;436738;1114955;1128659;13;0;NOSTRESS
138815891139;16941;"NEAR_P1";"INTERVAL";"PROBE";4;63;0x00001d2a;267;1948877;774618;439691;1123695;1128522;626;0;NOSTRESS
138815908085;61883;"TRAJ_R1";"INTERVAL";"PROBE";4;63;0x00001d2a;267;6411378;2631474;1674967;4063513;4049791;899;0;NOSTRESS
138817169952;399922;"MAF";"INTERVAL";"PROBE";4;63;0x00001d2a;268;45432851;18121122;10441700;26473789;26668929;8038;0;NOSTRESS
138817169978;87;"SENS_C1";"INTERVAL";"PROBE";4;63;0x00001d2a;268;830;656;447;1188;0;134;0;NOSTRESS
138817170069;106;"LOC_C1";"INTERVAL";"PROBE";4;63;0x00001d2a;268;3944;1904;1283;3268;1859;173;0;NOSTRESS
138817170179;23;"LOC_C2";"INTERVAL";"PROBE";4;63;0x00001d2a;268;351;302;199;619;17;23;0;NOSTRESS
138817170206;101;"LOC_C3";"INTERVAL";"PROBE";4;63;0x00001d2a;268;8817;2386;1681;7659;3843;67;0;NOSTRESS
138817170313;26;"LOC_C4";"INTERVAL";"PROBE";4;63;0x00001d2a;268;381;287;213;638;0;31;0;NOSTRESS
138817170343;17121;"NEAR_P1";"INTERVAL";"PROBE";4;63;0x00001d2a;268;1956963;777755;440345;1128046;1132307;951;0;NOSTRESS
138817187468;16823;"NEAR_P1";"INTERVAL";"PROBE";4;63;0x00001d2a;268;1949685;773551;437058;1116792;1131864;15;0;NOSTRESS
138817204295;16941;"NEAR_P1";"INTERVAL";"PROBE";4;63;0x00001d2a;268;1951866;774960;439501;1122797;1131104;476;0;NOSTRESS
138817221241;16819;"NEAR_P1";"INTERVAL";"PROBE";4;63;0x00001d2a;268;1949835;773448;436981;1116281;1132096;11;0;NOSTRESS
138817238064;17140;"NEAR_P1";"INTERVAL";"PROBE";4;63;0x00001d2a;268;1952351;775094;439335;1122579;1131447;652;0;NOSTRESS
138817255208;16831;"NEAR_P1";"INTERVAL";"PROBE";4;63;0x00001d2a;268;1951725;774168;437147;1116570;1133380;9;0;NOSTRESS
138817272043;16907;"NEAR_P1";"INTERVAL";"PROBE";4;63;0x00001d2a;268;1951543;774821;439321;1122389;1131106;489;0;NOSTRESS
138817288955;16916;"NEAR_P1";"INTERVAL";"PROBE";4;63;0x00001d2a;268;1954264;775587;439381;1122829;1132892;465;0;NOSTRESS
138817305875;16817;"NEAR_P1";"INTERVAL";"PROBE";4;63;0x00001d2a;268;1949034;773325;436937;1115795;1131852;20;0;NOSTRESS
138817322697;16906;"NEAR_P1";"INTERVAL";"PROBE";4;63;0x00001d2a;268;1952690;774988;439295;1122209;1132024;466;0;NOSTRESS
138817339607;16829;"NEAR_P1";"INTERVAL";"PROBE";4;63;0x00001d2a;268;1950626;773965;437065;1116436;1132562;20;0;NOSTRESS
138817356440;16967;"NEAR_P1";"INTERVAL";"PROBE";4;63;0x00001d2a;268;1951909;775345;440194;1124647;1130394;579;0;NOSTRESS
138817373411;16824;"NEAR_P1";"INTERVAL";"PROBE";4;63;0x00001d2a;268;1949506;773609;437033;1116253;1131819;20;0;NOSTRESS
138817390239;16927;"NEAR_P1";"INTERVAL";"PROBE";4;63;0x00001d2a;268;1955012;776068;439513;1123211;1132941;486;0;NOSTRESS
138817407171;16838;"NEAR_P1";"INTERVAL";"PROBE";4;63;0x00001d2a;268;1953068;774594;437162;1116828;1134072;20;0;NOSTRESS
138817424014;16907;"NEAR_P1";"INTERVAL";"PROBE";4;63;0x00001d2a;268;1951806;775079;439350;1122603;1131121;467;0;NOSTRESS
138817440925;16822;"NEAR_P1";"INTERVAL";"PROBE";4;63;0x00001d2a;268;1950071;773567;437086;1116068;1132278;16;0;NOSTRESS
138817457751;16927;"NEAR_P1";"INTERVAL";"PROBE";4;63;0x00001d2a;268;1955467;776136;439494;1123232;1133406;466;0;NOSTRESS
138817474682;16833;"NEAR_P1";"INTERVAL";"PROBE";4;63;0x00001d2a;268;1952065;774342;437149;1116510;1133408;14;0;NOSTRESS
138817491520;16938;"NEAR_P1";"INTERVAL";"PROBE";4;63;0x00001d2a;268;1953710;775560;439395;1123015;1132188;424;0;NOSTRESS
138817508479;61390;"TRAJ_R1";"INTERVAL";"PROBE";4;63;0x00001d2a;268;6364928;2612139;1662574;4034527;4018949;1041;0;NOSTRESS
138818769923;398557;"MAF";"INTERVAL";"PROBE";4;63;0x00001d2a;269;45306773;18072678;10412122;26399837;26589754;7312;0;NOSTRESS
138818769943;87;"SENS_C1";"INTERVAL";"PROBE";4;63;0x00001d2a;269;775;638;442;1067;0;110;0;NOSTRESS
138818770034;104;"LOC_C1";"INTERVAL";"PROBE";4;63;0x00001d2a;269;3749;1823;1243;3077;1798;158;0;NOSTRESS
138818770142;23;"LOC_C2";"INTERVAL";"PROBE";4;63;0x00001d2a;269;347;294;197;600;17;22;0;NOSTRESS
138818770169;94;"LOC_C3";"INTERVAL";"PROBE";4;63;0x00001d2a;269;9108;2501;1713;7836;4004;63;0;NOSTRESS
138818770267;25;"LOC_C4";"INTERVAL";"PROBE";4;63;0x00001d2a;269;343;276;211;593;0;34;0;NOSTRESS
138818770297;17138;"NEAR_P1";"INTERVAL";"PROBE";4;63;0x00001d2a;269;1959019;778606;440523;1128308;1133520;847;0;NOSTRESS
138818787440;16839;"NEAR_P1";"INTERVAL";"PROBE";4;63;0x00001d2a;269;1952877;774515;437247;1117251;1133737;15;0;NOSTRESS
138818804283;16950;"NEAR_P1";"INTERVAL";"PROBE";4;63;0x00001d2a;269;1953523;775793;439518;1123661;1131953;545;0;NOSTRESS
138818821238;16823;"NEAR_P1";"INTERVAL";"PROBE";4;63;0x00001d2a;269;1949659;773815;437099;1116427;1131992;10;0;NOSTRESS
138818838065;16928;"NEAR_P1";"INTERVAL";"PROBE";4;63;0x00001d2a;269;1954369;775933;439578;1123582;1132558;486;0;NOSTRESS
138818854997;16811;"NEAR_P1";"INTERVAL";"PROBE";4;63;0x00001d2a;269;1947368;772979;437029;1115797;1130665;9;0;NOSTRESS
138818871813;16930;"NEAR_P1";"INTERVAL";"PROBE";4;63;0x00001d2a;269;1952654;775249;439443;1122717;1131530;469;0;NOSTRESS
138818888747;16929;"NEAR_P1";"INTERVAL";"PROBE";4;63;0x00001d2a;269;1951887;775124;439394;1122692;1131212;469;0;NOSTRESS
138818905681;16818;"NEAR_P1";"INTERVAL";"PROBE";4;63;0x00001d2a;269;1949217;773410;437071;1116005;1131824;20;0;NOSTRESS
138818922503;16917;"NEAR_P1";"INTERVAL";"PROBE";4;63;0x00001d2a;269;1953573;775523;439478;1123199;1132155;461;0;NOSTRESS
138818939425;16825;"NEAR_P1";"INTERVAL";"PROBE";4;63;0x00001d2a;269;1950116;773786;437143;1116407;1132167;20;0;NOSTRESS
138818956254;16938;"NEAR_P1";"INTERVAL";"PROBE";4;63;0x00001d2a;269;1954679;775931;439596;1123406;1132688;460;0;NOSTRESS
138818973196;16821;"NEAR_P1";"INTERVAL";"PROBE";4;63;0x00001d2a;269;1949555;773657;437102;1116101;1131930;19;0;NOSTRESS
138818990021;16910;"NEAR_P1";"INTERVAL";"PROBE";4;63;0x00001d2a;269;1952649;775390;439416;1122794;1131798;459;0;NOSTRESS
138819006935;16825;"NEAR_P1";"INTERVAL";"PROBE";4;63;0x00001d2a;269;1950050;773837;437136;1116458;1132198;19;0;NOSTRESS
138819023765;16980;"NEAR_P1";"INTERVAL";"PROBE";4;63;0x00001d2a;269;1955817;776572;440454;1125773;1132700;549;0;NOSTRESS
138819040749;16819;"NEAR_P1";"INTERVAL";"PROBE";4;63;0x00001d2a;269;1948760;773376;437082;1116215;1131462;18;0;NOSTRESS
138819057572;16934;"NEAR_P1";"INTERVAL";"PROBE";4;63;0x00001d2a;269;1954510;775699;439607;1123163;1132654;477;0;NOSTRESS
138819074511;16818;"NEAR_P1";"INTERVAL";"PROBE";4;63;0x00001d2a;269;1949484;773405;437114;1116093;1131877;15;0;NOSTRESS
138819091333;16909;"NEAR_P1";"INTERVAL";"PROBE";4;63;0x00001d2a;269;1951429;775170;439431;1122776;1130761;456;0;NOSTRESS
138819108264;60212;"TRAJ_R1";"INTERVAL";"PROBE";4;63;0x00001d2a;269;6241635;2562271;1631805;3958504;3942554;862;0;NOSTRESS
138820369901;397183;"MAF";"INTERVAL";"PROBE";4;63;0x00001d2a;270;45165052;18012120;10367788;26298638;26498527;7695;0;NOSTRESS
138820369920;84;"SENS_C1";"INTERVAL";"PROBE";4;63;0x00001d2a;270;753;624;437;1023;0;117;0;NOSTRESS
138820370009;99;"LOC_C1";"INTERVAL";"PROBE";4;63;0x00001d2a;270;3804;1845;1243;3117;1838;159;0;NOSTRESS
138820370113;20;"LOC_C2";"INTERVAL";"PROBE";4;63;0x00001d2a;270;344;292;195;592;17;20;0;NOSTRESS
138820370137;96;"LOC_C3";"INTERVAL";"PROBE";4;63;0x00001d2a;270;9183;2505;1708;7845;4083;60;0;NOSTRESS
138820370237;22;"LOC_C4";"INTERVAL";"PROBE";4;63;0x00001d2a;270;348;279;211;591;0;34;0;NOSTRESS
138820370264;17109;"NEAR_P1";"INTERVAL";"PROBE";4;63;0x00001d2a;270;1961063;779120;440574;1128984;1134709;869;0;NOSTRESS
138820387378;16829;"NEAR_P1";"INTERVAL";"PROBE";4;63;0x00001d2a;270;1950222;774160;437105;1117138;1131953;16;0;NOSTRESS
138820404211;16933;"NEAR_P1";"INTERVAL";"PROBE";4;63;0x00001d2a;270;1954931;776136;439527;1123592;1132726;537;0;NOSTRESS
138820421148;16828;"NEAR_P1";"INTERVAL";"PROBE";4;63;0x00001d2a;270;1951227;774039;437072;1116677;1132889;10;0;NOSTRESS
138820437980;16924;"NEAR_P1";"INTERVAL";"PROBE";4;63;0x00001d2a;270;1955388;776295;439482;1123375;1133232;478;0;NOSTRESS
138820454909;16815;"NEAR_P1";"INTERVAL";"PROBE";4;63;0x00001d2a;270;1949105;773333;436967;1116047;1131838;7;0;NOSTRESS
138820471729;16922;"NEAR_P1";"INTERVAL";"PROBE";4;63;0x00001d2a;270;1953517;775744;439493;1123094;1132190;478;0;NOSTRESS
138820488655;16922;"NEAR_P1";"INTERVAL";"PROBE";4;63;0x00001d2a;270;1954433;775914;439506;1123296;1132608;450;0;NOSTRESS
138820505581;16828;"NEAR_P1";"INTERVAL";"PROBE";4;63;0x00001d2a;270;1949904;773796;437060;1116511;1132076;36;0;NOSTRESS
138820522414;16967;"NEAR_P1";"INTERVAL";"PROBE";4;63;0x00001d2a;270;1955773;776181;439578;1123261;1133542;410;0;NOSTRESS
138820539385;16814;"NEAR_P1";"INTERVAL";"PROBE";4;63;0x00001d2a;270;1947660;773008;437007;1115729;1130692;17;0;NOSTRESS
138820556204;16963;"NEAR_P1";"INTERVAL";"PROBE";4;63;0x00001d2a;270;1953384;775608;439423;1122852;1132153;454;0;NOSTRESS
138820573171;16832;"NEAR_P1";"INTERVAL";"PROBE";4;63;0x00001d2a;270;1951737;774258;437096;1116519;1133426;17;0;NOSTRESS
138820590007;16927;"NEAR_P1";"INTERVAL";"PROBE";4;63;0x00001d2a;270;1955355;776024;439550;1123463;1133203;468;0;NOSTRESS
138820606939;17005;"NEAR_P1";"INTERVAL";"PROBE";4;63;0x00001d2a;270;1951439;774060;437102;1116598;1133100;40;0;NOSTRESS
138820623949;16943;"NEAR_P1";"INTERVAL";"PROBE";4;63;0x00001d2a;270;1955472;776272;439567;1123458;1133335;580;0;NOSTRESS
138820640896;16829;"NEAR_P1";"INTERVAL";"PROBE";4;63;0x00001d2a;270;1950535;773903;437121;1116552;1132459;16;0;NOSTRESS
138820657730;16923;"NEAR_P1";"INTERVAL";"PROBE";4;63;0x00001d2a;270;1954249;775904;439546;1123099;1132626;468;0;NOSTRESS
138820674657;16832;"NEAR_P1";"INTERVAL";"PROBE";4;63;0x00001d2a;270;1951302;774271;437141;1116609;1132899;14;0;NOSTRESS
138820691493;16994;"NEAR_P1";"INTERVAL";"PROBE";4;63;0x00001d2a;270;1956526;776984;440455;1126311;1132917;556;0;NOSTRESS
138820708509;58570;"TRAJ_R1";"INTERVAL";"PROBE";4;63;0x00001d2a;270;6077044;2494105;1587093;3851682;3838016;917;0;NOSTRESS
138821969883;395305;"MAF";"INTERVAL";"PROBE";4;63;0x00001d2a;271;45010493;17941217;10314807;26179194;26402627;7514;0;NOSTRESS
138821969901;87;"SENS_C1";"INTERVAL";"PROBE";4;63;0x00001d2a;271;767;629;441;1091;0;116;0;NOSTRESS
138821969992;106;"LOC_C1";"INTERVAL";"PROBE";4;63;0x00001d2a;271;3740;1819;1234;3068;1800;160;0;NOSTRESS
138821970102;21;"LOC_C2";"INTERVAL";"PROBE";4;63;0x00001d2a;271;342;292;195;598;17;21;0;NOSTRESS
138821970128;95;"LOC_C3";"INTERVAL";"PROBE";4;63;0x00001d2a;271;8760;2406;1700;7634;3813;60;0;NOSTRESS
138821970227;23;"LOC_C4";"INTERVAL";"PROBE";4;63;0x00001d2a;271;349;278;211;595;0;29;0;NOSTRESS
138821970254;17141;"NEAR_P1";"INTERVAL";"PROBE";4;63;0x00001d2a;271;1961114;778971;440425;1128463;1135218;857;0;NOSTRESS
138821987400;16844;"NEAR_P1";"INTERVAL";"PROBE";4;63;0x00001d2a;271;1954992;775030;437322;1117561;1135308;16;0;NOSTRESS
138822004248;16967;"NEAR_P1";"INTERVAL";"PROBE";4;63;0x00001d2a;271;1959079;777061;439747;1124373;1135495;538;0;NOSTRESS
138822021219;16836;"NEAR_P1";"INTERVAL";"PROBE";4;63;0x00001d2a;271;1953467;774604;437239;1117034;1134603;10;0;NOSTRESS
138822038059;16978;"NEAR_P1";"INTERVAL";"PROBE";4;63;0x00001d2a;271;1955430;776365;440045;1124903;1132804;614;0;NOSTRESS
138822055042;16844;"NEAR_P1";"INTERVAL";"PROBE";4;63;0x00001d2a;271;1952027;774736;437319;1117715;1133280;9;0;NOSTRESS
138822071890;16936;"NEAR_P1";"INTERVAL";"PROBE";4;63;0x00001d2a;271;1955539;776504;439623;1124010;1133397;511;0;NOSTRESS
138822088831;16936;"NEAR_P1";"INTERVAL";"PROBE";4;63;0x00001d2a;271;1956843;776759;439681;1123967;1134226;469;0;NOSTRESS
138822105772;16832;"NEAR_P1";"INTERVAL";"PROBE";4;63;0x00001d2a;271;1950363;773804;437156;1116886;1132498;19;0;NOSTRESS
138822122608;16942;"NEAR_P1";"INTERVAL";"PROBE";4;63;0x00001d2a;271;1957307;776934;439677;1124453;1134499;463;0;NOSTRESS
138822139554;16843;"NEAR_P1";"INTERVAL";"PROBE";4;63;0x00001d2a;271;1952961;774774;437207;1117434;1134125;20;0;NOSTRESS
138822156401;16947;"NEAR_P1";"INTERVAL";"PROBE";4;63;0x00001d2a;271;1956584;776613;439611;1123970;1134138;463;0;NOSTRESS
138822173352;16846;"NEAR_P1";"INTERVAL";"PROBE";4;63;0x00001d2a;271;1952561;774738;437336;1117629;1133725;19;0;NOSTRESS
138822190202;16965;"NEAR_P1";"INTERVAL";"PROBE";4;63;0x00001d2a;271;1956267;776510;439546;1123922;1133933;458;0;NOSTRESS
138822207171;16846;"NEAR_P1";"INTERVAL";"PROBE";4;63;0x00001d2a;271;1954768;775056;437286;1117470;1135182;20;0;NOSTRESS
138822224021;16945;"NEAR_P1";"INTERVAL";"PROBE";4;63;0x00001d2a;271;1955191;775785;439439;1123418;1133366;470;0;NOSTRESS
138822240970;16837;"NEAR_P1";"INTERVAL";"PROBE";4;63;0x00001d2a;271;1953977;774652;437145;1117082;1134923;18;0;NOSTRESS
138822257811;16925;"NEAR_P1";"INTERVAL";"PROBE";4;63;0x00001d2a;271;1956477;776071;439549;1123622;1134276;471;0;NOSTRESS
138822274740;16825;"NEAR_P1";"INTERVAL";"PROBE";4;63;0x00001d2a;271;1951903;773923;437071;1116490;1133795;15;0;NOSTRESS
138822291569;16935;"NEAR_P1";"INTERVAL";"PROBE";4;63;0x00001d2a;271;1957602;776628;439666;1123699;1134930;474;0;NOSTRESS
138822308525;56658;"TRAJ_R1";"INTERVAL";"PROBE";4;63;0x00001d2a;271;5882464;2413179;1532895;3722864;3713276;961;0;NOSTRESS
138823569930;393101;"MAF";"INTERVAL";"PROBE";4;63;0x00001d2a;272;44724426;17835032;10253624;26038992;26218269;7602;0;NOSTRESS
138823569955;84;"SENS_C1";"INTERVAL";"PROBE";4;63;0x00001d2a;272;830;658;446;1193;0;136;0;NOSTRESS
138823570043;97;"LOC_C1";"INTERVAL";"PROBE";4;63;0x00001d2a;272;3750;1841;1276;3220;1750;175;0;NOSTRESS
138823570145;18;"LOC_C2";"INTERVAL";"PROBE";4;63;0x00001d2a;272;353;302;199;620;17;22;0;NOSTRESS
138823570168;100;"LOC_C3";"INTERVAL";"PROBE";4;63;0x00001d2a;272;8922;2438;1694;7708;3865;68;0;NOSTRESS
138823570272;22;"LOC_C4";"INTERVAL";"PROBE";4;63;0x00001d2a;272;364;280;211;619;0;31;0;NOSTRESS
138823570298;17170;"NEAR_P1";"INTERVAL";"PROBE";4;63;0x00001d2a;272;1960256;779390;440851;1130586;1133611;1038;0;NOSTRESS
138823587473;16849;"NEAR_P1";"INTERVAL";"PROBE";4;63;0x00001d2a;272;1951019;774634;437436;1118592;1132493;14;0;NOSTRESS
138823604326;16973;"NEAR_P1";"INTERVAL";"PROBE";4;63;0x00001d2a;272;1953092;775910;439672;1124506;1131656;477;0;NOSTRESS
138823621304;16830;"NEAR_P1";"INTERVAL";"PROBE";4;63;0x00001d2a;272;1947970;773430;437314;1117465;1130766;11;0;NOSTRESS
138823638138;16969;"NEAR_P1";"INTERVAL";"PROBE";4;63;0x00001d2a;272;1953470;776006;439720;1124514;1132070;481;0;NOSTRESS
138823655112;16833;"NEAR_P1";"INTERVAL";"PROBE";4;63;0x00001d2a;272;1949773;773845;437300;1117501;1131939;9;0;NOSTRESS
138823671949;16924;"NEAR_P1";"INTERVAL";"PROBE";4;63;0x00001d2a;272;1952553;775459;439665;1124059;1131440;480;0;NOSTRESS
138823688877;16970;"NEAR_P1";"INTERVAL";"PROBE";4;63;0x00001d2a;272;1956349;776951;440318;1126599;1133041;598;0;NOSTRESS
138823705851;16836;"NEAR_P1";"INTERVAL";"PROBE";4;63;0x00001d2a;272;1949974;773923;437288;1117392;1132167;20;0;NOSTRESS
138823722691;16947;"NEAR_P1";"INTERVAL";"PROBE";4;63;0x00001d2a;272;1952608;775570;439615;1124161;1131559;504;0;NOSTRESS
138823739642;16831;"NEAR_P1";"INTERVAL";"PROBE";4;63;0x00001d2a;272;1948991;773671;437267;1117242;1131529;18;0;NOSTRESS
138823756477;16933;"NEAR_P1";"INTERVAL";"PROBE";4;63;0x00001d2a;272;1953588;775988;439778;1124499;1132231;461;0;NOSTRESS
138823773414;16835;"NEAR_P1";"INTERVAL";"PROBE";4;63;0x00001d2a;272;1948673;773583;437249;1117508;1131421;19;0;NOSTRESS
138823790253;16953;"NEAR_P1";"INTERVAL";"PROBE";4;63;0x00001d2a;272;1950903;774987;439515;1123722;1130617;459;0;NOSTRESS
138823807210;16846;"NEAR_P1";"INTERVAL";"PROBE";4;63;0x00001d2a;272;1951328;774435;437405;1117989;1132905;16;0;NOSTRESS
138823824060;16959;"NEAR_P1";"INTERVAL";"PROBE";4;63;0x00001d2a;272;1954633;776208;439697;1124537;1132771;470;0;NOSTRESS
138823841023;16831;"NEAR_P1";"INTERVAL";"PROBE";4;63;0x00001d2a;272;1949947;773738;437253;1117323;1132211;15;0;NOSTRESS
138823857859;16959;"NEAR_P1";"INTERVAL";"PROBE";4;63;0x00001d2a;272;1953119;775628;439550;1124071;1131913;469;0;NOSTRESS
138823874822;16838;"NEAR_P1";"INTERVAL";"PROBE";4;63;0x00001d2a;272;1950535;774123;437361;1117784;1132359;14;0;NOSTRESS
138823891665;16961;"NEAR_P1";"INTERVAL";"PROBE";4;63;0x00001d2a;272;1954638;776190;439766;1124658;1132842;467;0;NOSTRESS
138823908648;54379;"TRAJ_R1";"INTERVAL";"PROBE";4;63;0x00001d2a;272;5657171;2318742;1469728;3571613;3571096;887;0;NOSTRESS
138825169977;390930;"MAF";"INTERVAL";"PROBE";4;63;0x00001d2a;273;44588843;17756747;10186633;25872921;26135622;7913;0;NOSTRESS
138825170007;83;"SENS_C1";"INTERVAL";"PROBE";4;63;0x00001d2a;273;837;668;451;1221;0;141;0;NOSTRESS
138825170094;110;"LOC_C1";"INTERVAL";"PROBE";4;63;0x00001d2a;273;3926;1902;1275;3256;1853;170;0;NOSTRESS
138825170208;182;"LOC_C2";"INTERVAL";"PROBE";4;63;0x00001d2a;273;350;306;201;626;17;36;0;NOSTRESS
138825170395;107;"LOC_C3";"INTERVAL";"PROBE";4;63;0x00001d2a;273;8865;2440;1701;7698;3832;82;0;NOSTRESS
138825170506;28;"LOC_C4";"INTERVAL";"PROBE";4;63;0x00001d2a;273;364;284;214;627;0;33;0;NOSTRESS
138825170539;17206;"NEAR_P1";"INTERVAL";"PROBE";4;63;0x00001d2a;273;1963995;779971;441659;1132197;1135844;1326;0;NOSTRESS
138825187749;16850;"NEAR_P1";"INTERVAL";"PROBE";4;63;0x00001d2a;273;1955667;775398;437430;1117895;1135439;22;0;NOSTRESS
138825204603;16980;"NEAR_P1";"INTERVAL";"PROBE";4;63;0x00001d2a;273;1960303;777443;439746;1125013;1136142;616;0;NOSTRESS
138825221588;16849;"NEAR_P1";"INTERVAL";"PROBE";4;63;0x00001d2a;273;1956138;775303;437335;1117868;1136037;12;0;NOSTRESS
138825238441;16985;"NEAR_P1";"INTERVAL";"PROBE";4;63;0x00001d2a;273;1960823;777653;439783;1124585;1136607;511;0;NOSTRESS
138825255430;16847;"NEAR_P1";"INTERVAL";"PROBE";4;63;0x00001d2a;273;1956138;775222;437307;1117509;1136229;8;0;NOSTRESS
138825272281;16965;"NEAR_P1";"INTERVAL";"PROBE";4;63;0x00001d2a;273;1960206;777456;439759;1124405;1136299;485;0;NOSTRESS
138825289250;16964;"NEAR_P1";"INTERVAL";"PROBE";4;63;0x00001d2a;273;1959625;777226;439707;1124345;1135978;468;0;NOSTRESS
138825306218;16855;"NEAR_P1";"INTERVAL";"PROBE";4;63;0x00001d2a;273;1957187;775685;437366;1117743;1136723;20;0;NOSTRESS
138825323077;16947;"NEAR_P1";"INTERVAL";"PROBE";4;63;0x00001d2a;273;1960190;777478;439802;1124596;1136225;468;0;NOSTRESS
138825340029;16842;"NEAR_P1";"INTERVAL";"PROBE";4;63;0x00001d2a;273;1954400;774949;437308;1117206;1135031;19;0;NOSTRESS
138825356875;16942;"NEAR_P1";"INTERVAL";"PROBE";4;63;0x00001d2a;273;1959811;777227;439729;1124336;1136156;467;0;NOSTRESS
138825373822;16842;"NEAR_P1";"INTERVAL";"PROBE";4;63;0x00001d2a;273;1955163;774992;437300;1117167;1135484;19;0;NOSTRESS
138825390668;16947;"NEAR_P1";"INTERVAL";"PROBE";4;63;0x00001d2a;273;1961016;777637;439734;1124306;1136958;469;0;NOSTRESS
138825407619;16851;"NEAR_P1";"INTERVAL";"PROBE";4;63;0x00001d2a;273;1956119;775388;437289;1117516;1136172;17;0;NOSTRESS
138825424474;16942;"NEAR_P1";"INTERVAL";"PROBE";4;63;0x00001d2a;273;1959783;777402;439688;1124322;1136120;471;0;NOSTRESS
138825441420;16850;"NEAR_P1";"INTERVAL";"PROBE";4;63;0x00001d2a;273;1956449;775492;437384;1117704;1136164;17;0;NOSTRESS
138825458275;16939;"NEAR_P1";"INTERVAL";"PROBE";4;63;0x00001d2a;273;1958405;776946;439719;1124048;1135234;479;0;NOSTRESS
138825475218;16859;"NEAR_P1";"INTERVAL";"PROBE";4;63;0x00001d2a;273;1957655;775884;437388;1118000;1137063;15;0;NOSTRESS
138825492082;16943;"NEAR_P1";"INTERVAL";"PROBE";4;63;0x00001d2a;273;1959497;777145;439739;1124011;1135965;476;0;NOSTRESS
138825509046;51857;"TRAJ_R1";"INTERVAL";"PROBE";4;63;0x00001d2a;273;5395471;2211702;1401023;3403769;3408050;543;0;NOSTRESS
138826769919;388075;"MAF";"INTERVAL";"PROBE";4;63;0x00001d2a;274;44289076;17636698;10122101;25713207;25943738;7249;0;NOSTRESS
138826769952;81;"SENS_C1";"INTERVAL";"PROBE";4;63;0x00001d2a;274;839;657;449;1222;0;134;0;NOSTRESS
138826770038;100;"LOC_C1";"INTERVAL";"PROBE";4;63;0x00001d2a;274;3957;1920;1291;3301;1843;178;0;NOSTRESS
138826770143;18;"LOC_C2";"INTERVAL";"PROBE";4;63;0x00001d2a;274;353;302;199;620;17;23;0;NOSTRESS
138826770167;96;"LOC_C3";"INTERVAL";"PROBE";4;63;0x00001d2a;274;8773;2399;1688;7621;3793;70;0;NOSTRESS
138826770267;26;"LOC_C4";"INTERVAL";"PROBE";4;63;0x00001d2a;274;355;279;210;608;0;30;0;NOSTRESS
138826770297;17152;"NEAR_P1";"INTERVAL";"PROBE";4;63;0x00001d2a;274;1960723;779063;440872;1130037;1134114;1033;0;NOSTRESS
138826787454;16838;"NEAR_P1";"INTERVAL";"PROBE";4;63;0x00001d2a;274;1953195;774521;437490;1118107;1133995;16;0;NOSTRESS
138826804296;16927;"NEAR_P1";"INTERVAL";"PROBE";4;63;0x00001d2a;274;1955106;775688;439767;1124091;1132949;537;0;NOSTRESS
138826821228;16832;"NEAR_P1";"INTERVAL";"PROBE";4;63;0x00001d2a;274;1951978;774040;437409;1117517;1133222;11;0;NOSTRESS
138826838064;16922;"NEAR_P1";"INTERVAL";"PROBE";4;63;0x00001d2a;274;1955288;775745;439758;1123664;1133344;480;0;NOSTRESS
138826854991;16830;"NEAR_P1";"INTERVAL";"PROBE";4;63;0x00001d2a;274;1953132;774233;437372;1117402;1134130;9;0;NOSTRESS
138826871825;16956;"NEAR_P1";"INTERVAL";"PROBE";4;63;0x00001d2a;274;1959551;777288;439964;1125161;1135633;466;0;NOSTRESS
138826888785;16931;"NEAR_P1";"INTERVAL";"PROBE";4;63;0x00001d2a;274;1957076;776340;439791;1124370;1134303;467;0;NOSTRESS
138826905720;16850;"NEAR_P1";"INTERVAL";"PROBE";4;63;0x00001d2a;274;1955848;775304;437581;1118096;1135616;19;0;NOSTRESS
138826922574;16957;"NEAR_P1";"INTERVAL";"PROBE";4;63;0x00001d2a;274;1958139;776722;439721;1124564;1134880;410;0;NOSTRESS
138826939536;16833;"NEAR_P1";"INTERVAL";"PROBE";4;63;0x00001d2a;274;1952711;774310;437433;1117364;1133675;16;0;NOSTRESS
138826956373;16971;"NEAR_P1";"INTERVAL";"PROBE";4;63;0x00001d2a;274;1956654;776102;439734;1124109;1134017;461;0;NOSTRESS
138826973348;16830;"NEAR_P1";"INTERVAL";"PROBE";4;63;0x00001d2a;274;1952220;774041;437381;1117196;1133556;18;0;NOSTRESS
138826990183;16916;"NEAR_P1";"INTERVAL";"PROBE";4;63;0x00001d2a;274;1953975;775476;439653;1123717;1132385;465;0;NOSTRESS
138827007103;16825;"NEAR_P1";"INTERVAL";"PROBE";4;63;0x00001d2a;274;1950520;773622;437323;1117186;1132382;16;0;NOSTRESS
138827023932;16953;"NEAR_P1";"INTERVAL";"PROBE";4;63;0x00001d2a;274;1957236;776382;440255;1125852;1133791;600;0;NOSTRESS
138827040889;16837;"NEAR_P1";"INTERVAL";"PROBE";4;63;0x00001d2a;274;1953588;774434;437409;1117578;1134217;16;0;NOSTRESS
138827057731;16942;"NEAR_P1";"INTERVAL";"PROBE";4;63;0x00001d2a;274;1958985;776901;439901;1124587;1135438;501;0;NOSTRESS
138827074677;16834;"NEAR_P1";"INTERVAL";"PROBE";4;63;0x00001d2a;274;1952231;774135;437406;1117455;1133462;16;0;NOSTRESS
138827091515;16929;"NEAR_P1";"INTERVAL";"PROBE";4;63;0x00001d2a;274;1957146;776389;439821;1124172;1134326;465;0;NOSTRESS
138827108466;49524;"TRAJ_R1";"INTERVAL";"PROBE";4;63;0x00001d2a;274;5159896;2113296;1336173;3248266;3258650;550;0;NOSTRESS
138828369902;385818;"MAF";"INTERVAL";"PROBE";4;63;0x00001d2a;275;43966474;17527207;10056353;25557277;25736202;7572;0;NOSTRESS
138828369929;81;"SENS_C1";"INTERVAL";"PROBE";4;63;0x00001d2a;275;839;658;451;1221;0;141;0;NOSTRESS
138828370015;99;"LOC_C1";"INTERVAL";"PROBE";4;63;0x00001d2a;275;3943;1904;1286;3265;1863;170;0;NOSTRESS
138828370118;19;"LOC_C2";"INTERVAL";"PROBE";4;63;0x00001d2a;275;351;304;199;621;17;22;0;NOSTRESS
138828370143;95;"LOC_C3";"INTERVAL";"PROBE";4;63;0x00001d2a;275;8738;2383;1682;7584;3794;74;0;NOSTRESS
138828370242;25;"LOC_C4";"INTERVAL";"PROBE";4;63;0x00001d2a;275;376;289;213;631;0;31;0;NOSTRESS
138828370271;17132;"NEAR_P1";"INTERVAL";"PROBE";4;63;0x00001d2a;275;1957638;778587;440826;1129960;1132190;966;0;NOSTRESS
138828387408;16836;"NEAR_P1";"INTERVAL";"PROBE";4;63;0x00001d2a;275;1949569;774056;437434;1117968;1131439;14;0;NOSTRESS
138828404248;16968;"NEAR_P1";"INTERVAL";"PROBE";4;63;0x00001d2a;275;1954419;776371;439755;1124716;1132393;563;0;NOSTRESS
138828421220;16837;"NEAR_P1";"INTERVAL";"PROBE";4;63;0x00001d2a;275;1949993;774256;437445;1117940;1131701;11;0;NOSTRESS
138828438061;16962;"NEAR_P1";"INTERVAL";"PROBE";4;63;0x00001d2a;275;1954673;776587;439867;1124905;1132383;491;0;NOSTRESS
138828455027;16828;"NEAR_P1";"INTERVAL";"PROBE";4;63;0x00001d2a;275;1947269;773557;437359;1117545;1129904;10;0;NOSTRESS
138828471859;16931;"NEAR_P1";"INTERVAL";"PROBE";4;63;0x00001d2a;275;1952189;775886;439866;1124430;1130718;483;0;NOSTRESS
138828488794;17107;"NEAR_P1";"INTERVAL";"PROBE";4;63;0x00001d2a;275;1951430;775553;439768;1124481;1130262;617;0;NOSTRESS
138828505905;16834;"NEAR_P1";"INTERVAL";"PROBE";4;63;0x00001d2a;275;1948905;773835;437285;1117548;1131165;19;0;NOSTRESS
138828522744;16942;"NEAR_P1";"INTERVAL";"PROBE";4;63;0x00001d2a;275;1953689;776211;439828;1124528;1131914;466;0;NOSTRESS
138828539690;16835;"NEAR_P1";"INTERVAL";"PROBE";4;63;0x00001d2a;275;1949853;773901;437382;1117690;1131803;18;0;NOSTRESS
138828556529;16927;"NEAR_P1";"INTERVAL";"PROBE";4;63;0x00001d2a;275;1952742;775643;439732;1124114;1131380;471;0;NOSTRESS
138828573460;16835;"NEAR_P1";"INTERVAL";"PROBE";4;63;0x00001d2a;275;1949502;773931;437373;1117567;1131594;17;0;NOSTRESS
138828590299;16951;"NEAR_P1";"INTERVAL";"PROBE";4;63;0x00001d2a;275;1951707;775279;439649;1123804;1130911;463;0;NOSTRESS
138828607254;16836;"NEAR_P1";"INTERVAL";"PROBE";4;63;0x00001d2a;275;1950373;774166;437379;1117474;1132204;16;0;NOSTRESS
138828624094;16947;"NEAR_P1";"INTERVAL";"PROBE";4;63;0x00001d2a;275;1952479;775675;439701;1124148;1131339;468;0;NOSTRESS
138828641046;16826;"NEAR_P1";"INTERVAL";"PROBE";4;63;0x00001d2a;275;1948054;773452;437290;1117203;1130853;17;0;NOSTRESS
138828657877;16927;"NEAR_P1";"INTERVAL";"PROBE";4;63;0x00001d2a;275;1953183;775773;439738;1124284;1131675;473;0;NOSTRESS
138828674808;16836;"NEAR_P1";"INTERVAL";"PROBE";4;63;0x00001d2a;275;1949714;774023;437401;1117487;1131754;15;0;NOSTRESS
138828691648;16921;"NEAR_P1";"INTERVAL";"PROBE";4;63;0x00001d2a;275;1952165;775510;439704;1124040;1131034;469;0;NOSTRESS
138828708591;47125;"TRAJ_R1";"INTERVAL";"PROBE";4;63;0x00001d2a;275;4912314;2011936;1271175;3091345;3101912;555;0;NOSTRESS
138829969913;383314;"MAF";"INTERVAL";"PROBE";4;63;0x00001d2a;276;43754001;17427619;9993505;25396789;25609543;7022;0;NOSTRESS
138829969940;82;"SENS_C1";"INTERVAL";"PROBE";4;63;0x00001d2a;276;837;662;448;1215;0;137;0;NOSTRESS
138829970026;99;"LOC_C1";"INTERVAL";"PROBE";4;63;0x00001d2a;276;3915;1890;1282;3261;1839;173;0;NOSTRESS
138829970129;22;"LOC_C2";"INTERVAL";"PROBE";4;63;0x00001d2a;276;351;302;199;619;17;20;0;NOSTRESS
138829970156;107;"LOC_C3";"INTERVAL";"PROBE";4;63;0x00001d2a;276;8881;2438;1690;7641;3869;70;0;NOSTRESS
138829970267;25;"LOC_C4";"INTERVAL";"PROBE";4;63;0x00001d2a;276;375;288;214;639;0;31;0;NOSTRESS
138829970296;17122;"NEAR_P1";"INTERVAL";"PROBE";4;63;0x00001d2a;276;1959502;778539;440690;1129289;1133953;927;0;NOSTRESS
138829987423;16823;"NEAR_P1";"INTERVAL";"PROBE";4;63;0x00001d2a;276;1949124;773673;437348;1117384;1131343;13;0;NOSTRESS
138830004250;16933;"NEAR_P1";"INTERVAL";"PROBE";4;63;0x00001d2a;276;1954815;775900;439796;1124355;1132744;563;0;NOSTRESS
138830021187;16822;"NEAR_P1";"INTERVAL";"PROBE";4;63;0x00001d2a;276;1950096;773521;437317;1116986;1132236;12;0;NOSTRESS
138830038014;16914;"NEAR_P1";"INTERVAL";"PROBE";4;63;0x00001d2a;276;1952774;775250;439624;1123282;1131864;493;0;NOSTRESS
138830054932;16828;"NEAR_P1";"INTERVAL";"PROBE";4;63;0x00001d2a;276;1950236;773826;437303;1117202;1132412;9;0;NOSTRESS
138830071764;16943;"NEAR_P1";"INTERVAL";"PROBE";4;63;0x00001d2a;276;1953493;775453;439569;1123599;1132205;491;0;NOSTRESS
138830088712;16933;"NEAR_P1";"INTERVAL";"PROBE";4;63;0x00001d2a;276;1953735;775435;439616;1123418;1132427;457;0;NOSTRESS
138830105650;16826;"NEAR_P1";"INTERVAL";"PROBE";4;63;0x00001d2a;276;1949260;773530;437256;1117024;1131721;19;0;NOSTRESS
138830122480;16925;"NEAR_P1";"INTERVAL";"PROBE";4;63;0x00001d2a;276;1954272;775908;439755;1123911;1132663;463;0;NOSTRESS
138830139410;16827;"NEAR_P1";"INTERVAL";"PROBE";4;63;0x00001d2a;276;1949779;773673;437310;1117155;1132069;19;0;NOSTRESS
138830156241;16925;"NEAR_P1";"INTERVAL";"PROBE";4;63;0x00001d2a;276;1954672;775874;439735;1123830;1132850;466;0;NOSTRESS
138830173170;16814;"NEAR_P1";"INTERVAL";"PROBE";4;63;0x00001d2a;276;1947827;772922;437200;1116392;1130849;19;0;NOSTRESS
138830189988;16946;"NEAR_P1";"INTERVAL";"PROBE";4;63;0x00001d2a;276;1953101;775292;439554;1123350;1132140;467;0;NOSTRESS
138830206939;16825;"NEAR_P1";"INTERVAL";"PROBE";4;63;0x00001d2a;276;1949979;773674;437320;1116834;1132300;19;0;NOSTRESS
138830223768;16934;"NEAR_P1";"INTERVAL";"PROBE";4;63;0x00001d2a;276;1951687;775084;439587;1123348;1131018;459;0;NOSTRESS
138830240706;16824;"NEAR_P1";"INTERVAL";"PROBE";4;63;0x00001d2a;276;1949701;773607;437296;1116913;1132005;16;0;NOSTRESS
138830257534;16965;"NEAR_P1";"INTERVAL";"PROBE";4;63;0x00001d2a;276;1954724;775956;439808;1123934;1132883;415;0;NOSTRESS
138830274504;16820;"NEAR_P1";"INTERVAL";"PROBE";4;63;0x00001d2a;276;1949106;773437;437274;1116747;1131697;13;0;NOSTRESS
138830291329;16940;"NEAR_P1";"INTERVAL";"PROBE";4;63;0x00001d2a;276;1951697;774937;439601;1123277;1131089;469;0;NOSTRESS
138830308291;44932;"TRAJ_R1";"INTERVAL";"PROBE";4;63;0x00001d2a;276;4690434;1919446;1210663;2945898;2961350;549;0;NOSTRESS
138831569854;381235;"MAF";"INTERVAL";"PROBE";4;63;0x00001d2a;277;43491611;17326245;9936617;25261932;25441405;7151;0;NOSTRESS
138831569879;82;"SENS_C1";"INTERVAL";"PROBE";4;63;0x00001d2a;277;732;616;438;1018;0;109;0;NOSTRESS
138831569965;97;"LOC_C1";"INTERVAL";"PROBE";4;63;0x00001d2a;277;3679;1801;1237;3073;1763;154;0;NOSTRESS
138831570066;21;"LOC_C2";"INTERVAL";"PROBE";4;63;0x00001d2a;277;342;292;195;591;17;21;0;NOSTRESS
138831570092;94;"LOC_C3";"INTERVAL";"PROBE";4;63;0x00001d2a;277;8812;2435;1696;7639;3846;64;0;NOSTRESS
138831570191;21;"LOC_C4";"INTERVAL";"PROBE";4;63;0x00001d2a;277;338;276;208;576;0;28;0;NOSTRESS
138831570217;17095;"NEAR_P1";"INTERVAL";"PROBE";4;63;0x00001d2a;277;1955228;776942;440286;1127490;1131328;784;0;NOSTRESS
138831587317;16831;"NEAR_P1";"INTERVAL";"PROBE";4;63;0x00001d2a;277;1950735;774054;437476;1118157;1132238;14;0;NOSTRESS
138831604153;16931;"NEAR_P1";"INTERVAL";"PROBE";4;63;0x00001d2a;277;1953682;775638;439835;1124834;1131799;532;0;NOSTRESS
138831621089;16817;"NEAR_P1";"INTERVAL";"PROBE";4;63;0x00001d2a;277;1948548;773149;437352;1117089;1131229;11;0;NOSTRESS
138831637911;16937;"NEAR_P1";"INTERVAL";"PROBE";4;63;0x00001d2a;277;1953421;775454;439715;1124292;1131950;482;0;NOSTRESS
138831654852;16815;"NEAR_P1";"INTERVAL";"PROBE";4;63;0x00001d2a;277;1948524;773122;437286;1117063;1131191;7;0;NOSTRESS
138831671671;16911;"NEAR_P1";"INTERVAL";"PROBE";4;63;0x00001d2a;277;1950618;774726;439708;1123707;1130358;474;0;NOSTRESS
138831688586;16825;"NEAR_P1";"INTERVAL";"PROBE";4;63;0x00001d2a;277;1948426;773395;437305;1117528;1131115;8;0;NOSTRESS
138831705416;16917;"NEAR_P1";"INTERVAL";"PROBE";4;63;0x00001d2a;277;1951442;775240;439769;1124197;1130700;472;0;NOSTRESS
138831722337;16932;"NEAR_P1";"INTERVAL";"PROBE";4;63;0x00001d2a;277;1949158;774361;439605;1123652;1129470;458;0;NOSTRESS
138831739273;16813;"NEAR_P1";"INTERVAL";"PROBE";4;63;0x00001d2a;277;1946323;772662;437273;1116948;1129837;19;0;NOSTRESS
138831756090;16936;"NEAR_P1";"INTERVAL";"PROBE";4;63;0x00001d2a;277;1951139;775066;439727;1124089;1130610;466;0;NOSTRESS
138831773031;16818;"NEAR_P1";"INTERVAL";"PROBE";4;63;0x00001d2a;277;1947028;772875;437308;1117086;1130314;18;0;NOSTRESS
138831789853;16924;"NEAR_P1";"INTERVAL";"PROBE";4;63;0x00001d2a;277;1952668;775616;439838;1124287;1131631;462;0;NOSTRESS
138831806782;16817;"NEAR_P1";"INTERVAL";"PROBE";4;63;0x00001d2a;277;1946716;772764;437286;1116945;1130168;18;0;NOSTRESS
138831823603;16911;"NEAR_P1";"INTERVAL";"PROBE";4;63;0x00001d2a;277;1950474;774747;439801;1123831;1130042;458;0;NOSTRESS
138831840518;16828;"NEAR_P1";"INTERVAL";"PROBE";4;63;0x00001d2a;277;1949454;773673;437327;1117645;1131804;15;0;NOSTRESS
138831857350;17155;"NEAR_P1";"INTERVAL";"PROBE";4;63;0x00001d2a;277;1951584;775085;439720;1124027;1130812;600;0;NOSTRESS
138831874509;16813;"NEAR_P1";"INTERVAL";"PROBE";4;63;0x00001d2a;277;1946048;772633;437287;1116930;1129651;15;0;NOSTRESS
138831891326;16939;"NEAR_P1";"INTERVAL";"PROBE";4;63;0x00001d2a;277;1952075;775262;439751;1124153;1131212;479;0;NOSTRESS
138831908287;42798;"TRAJ_R1";"INTERVAL";"PROBE";4;63;0x00001d2a;277;4464034;1826903;1152610;2804307;2818320;494;0;NOSTRESS
138833169943;379579;"MAF";"INTERVAL";"PROBE";4;63;0x00001d2a;278;43404094;17274688;9889138;25159916;25379112;7349;0;NOSTRESS
138833169968;88;"SENS_C1";"INTERVAL";"PROBE";4;63;0x00001d2a;278;854;667;448;1225;0;135;0;NOSTRESS
138833170061;102;"LOC_C1";"INTERVAL";"PROBE";4;63;0x00001d2a;278;3884;1884;1280;3238;1822;171;0;NOSTRESS
138833170167;21;"LOC_C2";"INTERVAL";"PROBE";4;63;0x00001d2a;278;347;302;199;618;17;22;0;NOSTRESS
138833170193;100;"LOC_C3";"INTERVAL";"PROBE";4;63;0x00001d2a;278;8974;2441;1692;7690;3943;69;0;NOSTRESS
138833170298;24;"LOC_C4";"INTERVAL";"PROBE";4;63;0x00001d2a;278;367;282;212;621;0;31;0;NOSTRESS
138833170326;17177;"NEAR_P1";"INTERVAL";"PROBE";4;63;0x00001d2a;278;1960989;778989;442006;1133741;1133314;1200;0;NOSTRESS
138833187508;16854;"NEAR_P1";"INTERVAL";"PROBE";4;63;0x00001d2a;278;1955013;775248;437790;1119599;1134622;10;0;NOSTRESS
138833204367;16957;"NEAR_P1";"INTERVAL";"PROBE";4;63;0x00001d2a;278;1958075;777055;440122;1126244;1134242;582;0;NOSTRESS
138833221329;16855;"NEAR_P1";"INTERVAL";"PROBE";4;63;0x00001d2a;278;1954793;775293;437765;1119121;1134577;11;0;NOSTRESS
138833238188;16935;"NEAR_P1";"INTERVAL";"PROBE";4;63;0x00001d2a;278;1955823;776165;439930;1124795;1133229;495;0;NOSTRESS
138833255127;16830;"NEAR_P1";"INTERVAL";"PROBE";4;63;0x00001d2a;278;1951858;773966;437511;1117774;1133309;8;0;NOSTRESS
138833271962;16942;"NEAR_P1";"INTERVAL";"PROBE";4;63;0x00001d2a;278;1957758;776883;440045;1125156;1134680;492;0;NOSTRESS
138833288908;16945;"NEAR_P1";"INTERVAL";"PROBE";4;63;0x00001d2a;278;1954232;775628;440262;1124833;1132255;431;0;NOSTRESS
138833305858;16839;"NEAR_P1";"INTERVAL";"PROBE";4;63;0x00001d2a;278;1953136;774534;437574;1118248;1133962;17;0;NOSTRESS
138833322702;16938;"NEAR_P1";"INTERVAL";"PROBE";4;63;0x00001d2a;278;1956804;776521;440001;1125121;1133868;473;0;NOSTRESS
138833339644;16845;"NEAR_P1";"INTERVAL";"PROBE";4;63;0x00001d2a;278;1954028;774761;437584;1118537;1134545;19;0;NOSTRESS
138833356493;16937;"NEAR_P1";"INTERVAL";"PROBE";4;63;0x00001d2a;278;1957325;776725;440006;1125239;1134268;451;0;NOSTRESS
138833373435;16826;"NEAR_P1";"INTERVAL";"PROBE";4;63;0x00001d2a;278;1950263;773641;437441;1117722;1132182;18;0;NOSTRESS
138833390265;16967;"NEAR_P1";"INTERVAL";"PROBE";4;63;0x00001d2a;278;1956258;776444;439948;1124924;1133673;460;0;NOSTRESS
138833407237;16846;"NEAR_P1";"INTERVAL";"PROBE";4;63;0x00001d2a;278;1954304;774733;437651;1118328;1134595;19;0;NOSTRESS
138833424087;16947;"NEAR_P1";"INTERVAL";"PROBE";4;63;0x00001d2a;278;1954650;775861;439926;1124723;1132675;463;0;NOSTRESS
138833441039;16839;"NEAR_P1";"INTERVAL";"PROBE";4;63;0x00001d2a;278;1952883;774504;437533;1118246;1133681;17;0;NOSTRESS
138833457882;16941;"NEAR_P1";"INTERVAL";"PROBE";4;63;0x00001d2a;278;1957795;776652;440059;1125329;1134514;469;0;NOSTRESS
138833474827;16837;"NEAR_P1";"INTERVAL";"PROBE";4;63;0x00001d2a;278;1952762;774285;437551;1117927;1133740;15;0;NOSTRESS
138833491668;16934;"NEAR_P1";"INTERVAL";"PROBE";4;63;0x00001d2a;278;1955811;776317;439945;1125069;1133244;468;0;NOSTRESS
138833508607;40910;"TRAJ_R1";"INTERVAL";"PROBE";4;63;0x00001d2a;278;4275517;1747820;1098611;2676583;2698155;550;0;NOSTRESS
138834769900;377665;"MAF";"INTERVAL";"PROBE";4;63;0x00001d2a;279;43102315;17164589;9839964;25030635;25180948;8320;0;NOSTRESS
138834769920;90;"SENS_C1";"INTERVAL";"PROBE";4;63;0x00001d2a;279;781;648;441;1084;0;116;0;NOSTRESS
138834770014;101;"LOC_C1";"INTERVAL";"PROBE";4;63;0x00001d2a;279;3734;1814;1235;3074;1803;159;0;NOSTRESS
138834770119;19;"LOC_C2";"INTERVAL";"PROBE";4;63;0x00001d2a;279;342;292;195;591;17;22;0;NOSTRESS
138834770143;97;"LOC_C3";"INTERVAL";"PROBE";4;63;0x00001d2a;279;8746;2408;1696;7606;3795;61;0;NOSTRESS
138834770244;24;"LOC_C4";"INTERVAL";"PROBE";4;63;0x00001d2a;279;346;277;211;588;0;32;0;NOSTRESS
138834770272;17210;"NEAR_P1";"INTERVAL";"PROBE";4;63;0x00001d2a;279;1953574;776970;441531;1131387;1129046;1099;0;NOSTRESS
138834787487;16816;"NEAR_P1";"INTERVAL";"PROBE";4;63;0x00001d2a;279;1945908;772419;437431;1117734;1128871;14;0;NOSTRESS
138834804308;17016;"NEAR_P1";"INTERVAL";"PROBE";4;63;0x00001d2a;279;1951907;775456;441786;1128424;1129002;744;0;NOSTRESS
138834821329;16832;"NEAR_P1";"INTERVAL";"PROBE";4;63;0x00001d2a;279;1947023;772872;437418;1117776;1129558;13;0;NOSTRESS
138834838165;16932;"NEAR_P1";"INTERVAL";"PROBE";4;63;0x00001d2a;279;1948808;774223;439603;1123633;1128793;572;0;NOSTRESS
138834855101;16803;"NEAR_P1";"INTERVAL";"PROBE";4;63;0x00001d2a;279;1943674;771855;437306;1116860;1127726;9;0;NOSTRESS
138834871908;17046;"NEAR_P1";"INTERVAL";"PROBE";4;63;0x00001d2a;279;1953152;776031;441518;1129250;1129631;839;0;NOSTRESS
138834888959;16999;"NEAR_P1";"INTERVAL";"PROBE";4;63;0x00001d2a;279;1952187;775491;440708;1126637;1129826;724;0;NOSTRESS
138834905962;16833;"NEAR_P1";"INTERVAL";"PROBE";4;63;0x00001d2a;279;1950264;773894;437611;1118161;1131621;22;0;NOSTRESS
138834922800;16918;"NEAR_P1";"INTERVAL";"PROBE";4;63;0x00001d2a;279;1950412;774733;439831;1124371;1129377;517;0;NOSTRESS
138834939722;16816;"NEAR_P1";"INTERVAL";"PROBE";4;63;0x00001d2a;279;1947578;772802;437410;1117391;1130082;19;0;NOSTRESS
138834956542;16927;"NEAR_P1";"INTERVAL";"PROBE";4;63;0x00001d2a;279;1950242;774607;439853;1124235;1129447;464;0;NOSTRESS
138834973473;16813;"NEAR_P1";"INTERVAL";"PROBE";4;63;0x00001d2a;279;1947396;772755;437417;1117183;1130199;17;0;NOSTRESS
138834990290;16916;"NEAR_P1";"INTERVAL";"PROBE";4;63;0x00001d2a;279;1952303;775033;439818;1124211;1131072;459;0;NOSTRESS
138835007210;16819;"NEAR_P1";"INTERVAL";"PROBE";4;63;0x00001d2a;279;1948645;773157;437390;1117507;1130820;17;0;NOSTRESS
138835024033;16942;"NEAR_P1";"INTERVAL";"PROBE";4;63;0x00001d2a;279;1950697;774634;440185;1125327;1129468;606;0;NOSTRESS
138835040979;16832;"NEAR_P1";"INTERVAL";"PROBE";4;63;0x00001d2a;279;1950259;773900;437551;1117941;1131875;16;0;NOSTRESS
138835057815;16937;"NEAR_P1";"INTERVAL";"PROBE";4;63;0x00001d2a;279;1949863;774290;439658;1123725;1129343;499;0;NOSTRESS
138835074756;16805;"NEAR_P1";"INTERVAL";"PROBE";4;63;0x00001d2a;279;1945993;772362;437324;1116865;1129235;14;0;NOSTRESS
138835091565;16933;"NEAR_P1";"INTERVAL";"PROBE";4;63;0x00001d2a;279;1952055;775103;439790;1124018;1130790;468;0;NOSTRESS
138835108503;39058;"TRAJ_R1";"INTERVAL";"PROBE";4;63;0x00001d2a;279;4086809;1669481;1048998;2555760;2579551;551;0;NOSTRESS
138836369925;376233;"MAF";"INTERVAL";"PROBE";4;63;0x00001d2a;280;43048114;17131217;9795029;24940657;25149967;7700;0;NOSTRESS
138836369945;82;"SENS_C1";"INTERVAL";"PROBE";4;63;0x00001d2a;280;826;654;446;1195;0;136;0;NOSTRESS
138836370031;100;"LOC_C1";"INTERVAL";"PROBE";4;63;0x00001d2a;280;4031;1939;1295;3299;1886;170;0;NOSTRESS
138836370135;20;"LOC_C2";"INTERVAL";"PROBE";4;63;0x00001d2a;280;351;302;199;619;17;20;0;NOSTRESS
138836370159;99;"LOC_C3";"INTERVAL";"PROBE";4;63;0x00001d2a;280;8904;2443;1694;7670;3884;74;0;NOSTRESS
138836370262;23;"LOC_C4";"INTERVAL";"PROBE";4;63;0x00001d2a;280;377;286;214;633;0;31;0;NOSTRESS
138836370289;17301;"NEAR_P1";"INTERVAL";"PROBE";4;63;0x00001d2a;280;1958539;778110;441087;1130327;1132949;1091;0;NOSTRESS
138836387595;16845;"NEAR_P1";"INTERVAL";"PROBE";4;63;0x00001d2a;280;1952612;774754;437653;1119279;1133127;17;0;NOSTRESS
138836404445;16953;"NEAR_P1";"INTERVAL";"PROBE";4;63;0x00001d2a;280;1957886;777168;440187;1126295;1134249;523;0;NOSTRESS
138836421402;16849;"NEAR_P1";"INTERVAL";"PROBE";4;63;0x00001d2a;280;1953446;774886;437719;1119152;1133763;11;0;NOSTRESS
138836438255;16956;"NEAR_P1";"INTERVAL";"PROBE";4;63;0x00001d2a;280;1960550;777741;440149;1126163;1136074;487;0;NOSTRESS
138836455215;16847;"NEAR_P1";"INTERVAL";"PROBE";4;63;0x00001d2a;280;1954207;774994;437634;1118914;1134381;8;0;NOSTRESS
138836472067;16949;"NEAR_P1";"INTERVAL";"PROBE";4;63;0x00001d2a;280;1959010;777302;440119;1125975;1135036;466;0;NOSTRESS
138836489020;16936;"NEAR_P1";"INTERVAL";"PROBE";4;63;0x00001d2a;280;1957160;776647;440045;1125383;1134033;460;0;NOSTRESS
138836505960;16847;"NEAR_P1";"INTERVAL";"PROBE";4;63;0x00001d2a;280;1954012;774871;437646;1118820;1134487;18;0;NOSTRESS
138836522811;16986;"NEAR_P1";"INTERVAL";"PROBE";4;63;0x00001d2a;280;1955267;776499;440848;1127683;1131841;574;0;NOSTRESS
138836539801;16845;"NEAR_P1";"INTERVAL";"PROBE";4;63;0x00001d2a;280;1953537;774768;437664;1118748;1134059;19;0;NOSTRESS
138836556650;16939;"NEAR_P1";"INTERVAL";"PROBE";4;63;0x00001d2a;280;1956414;776571;440037;1125564;1133362;482;0;NOSTRESS
138836573594;16854;"NEAR_P1";"INTERVAL";"PROBE";4;63;0x00001d2a;280;1953866;775138;437664;1119258;1134057;18;0;NOSTRESS
138836590452;16937;"NEAR_P1";"INTERVAL";"PROBE";4;63;0x00001d2a;280;1954552;776275;440079;1125584;1131991;469;0;NOSTRESS
138836607394;16848;"NEAR_P1";"INTERVAL";"PROBE";4;63;0x00001d2a;280;1952602;774707;437728;1118999;1133197;15;0;NOSTRESS
138836624246;16970;"NEAR_P1";"INTERVAL";"PROBE";4;63;0x00001d2a;280;1957820;777122;440157;1126262;1134117;420;0;NOSTRESS
138836641220;16837;"NEAR_P1";"INTERVAL";"PROBE";4;63;0x00001d2a;280;1952417;774461;437645;1118505;1133450;13;0;NOSTRESS
138836658062;16950;"NEAR_P1";"INTERVAL";"PROBE";4;63;0x00001d2a;280;1957982;777144;440128;1126097;1134422;472;0;NOSTRESS
138836675017;16845;"NEAR_P1";"INTERVAL";"PROBE";4;63;0x00001d2a;280;1953325;774737;437673;1118880;1133911;16;0;NOSTRESS
138836691866;16941;"NEAR_P1";"INTERVAL";"PROBE";4;63;0x00001d2a;280;1957539;776938;440066;1125650;1134305;464;0;NOSTRESS
138836708811;37343;"TRAJ_R1";"INTERVAL";"PROBE";4;63;0x00001d2a;280;3910453;1597265;1002682;2444849;2467369;723;0;NOSTRESS
138837969901;374520;"MAF";"INTERVAL";"PROBE";4;63;0x00001d2a;281;42847618;17053374;9752442;24830829;25018509;7153;0;NOSTRESS
138837969922;90;"SENS_C1";"INTERVAL";"PROBE";4;63;0x00001d2a;281;858;677;453;1240;0;143;0;NOSTRESS
138837970017;105;"LOC_C1";"INTERVAL";"PROBE";4;63;0x00001d2a;281;3986;1910;1282;3267;1887;169;0;NOSTRESS
138837970126;20;"LOC_C2";"INTERVAL";"PROBE";4;63;0x00001d2a;281;355;302;199;627;17;24;0;NOSTRESS
138837970150;103;"LOC_C3";"INTERVAL";"PROBE";4;63;0x00001d2a;281;8924;2436;1693;7714;3858;69;0;NOSTRESS
138837970257;24;"LOC_C4";"INTERVAL";"PROBE";4;63;0x00001d2a;281;360;285;212;617;0;31;0;NOSTRESS
138837970285;17124;"NEAR_P1";"INTERVAL";"PROBE";4;63;0x00001d2a;281;1959159;778235;440924;1129705;1133083;955;0;NOSTRESS
138837987414;16843;"NEAR_P1";"INTERVAL";"PROBE";4;63;0x00001d2a;281;1950530;774190;437821;1119305;1131412;13;0;NOSTRESS
138838004261;16986;"NEAR_P1";"INTERVAL";"PROBE";4;63;0x00001d2a;281;1956902;776861;440156;1126516;1133239;550;0;NOSTRESS
138838021251;16839;"NEAR_P1";"INTERVAL";"PROBE";4;63;0x00001d2a;281;1951399;774151;437730;1118734;1132244;11;0;NOSTRESS
138838038094;16952;"NEAR_P1";"INTERVAL";"PROBE";4;63;0x00001d2a;281;1953862;775855;440041;1125063;1131769;476;0;NOSTRESS
138838055050;16844;"NEAR_P1";"INTERVAL";"PROBE";4;63;0x00001d2a;281;1951520;774314;437731;1118952;1132268;8;0;NOSTRESS
138838071898;16940;"NEAR_P1";"INTERVAL";"PROBE";4;63;0x00001d2a;281;1955742;776364;440168;1125636;1132733;478;0;NOSTRESS
138838088842;16943;"NEAR_P1";"INTERVAL";"PROBE";4;63;0x00001d2a;281;1956221;776546;440185;1125977;1132963;455;0;NOSTRESS
138838105790;16852;"NEAR_P1";"INTERVAL";"PROBE";4;63;0x00001d2a;281;1953412;774919;437839;1119026;1133601;20;0;NOSTRESS
138838122647;16928;"NEAR_P1";"INTERVAL";"PROBE";4;63;0x00001d2a;281;1953897;775799;440130;1125204;1131669;452;0;NOSTRESS
138838139579;16848;"NEAR_P1";"INTERVAL";"PROBE";4;63;0x00001d2a;281;1952362;774541;437770;1119039;1132852;18;0;NOSTRESS
138838156431;16936;"NEAR_P1";"INTERVAL";"PROBE";4;63;0x00001d2a;281;1954796;776196;440129;1125423;1132157;459;0;NOSTRESS
138838173371;16839;"NEAR_P1";"INTERVAL";"PROBE";4;63;0x00001d2a;281;1950575;774063;437697;1118430;1131839;18;0;NOSTRESS
138838190215;17012;"NEAR_P1";"INTERVAL";"PROBE";4;63;0x00001d2a;281;1959735;778153;441167;1128989;1134358;585;0;NOSTRESS
138838207231;16851;"NEAR_P1";"INTERVAL";"PROBE";4;63;0x00001d2a;281;1952419;774734;437791;1119147;1132965;18;0;NOSTRESS
138838224086;16933;"NEAR_P1";"INTERVAL";"PROBE";4;63;0x00001d2a;281;1953752;775931;440042;1125577;1131371;475;0;NOSTRESS
138838241023;16839;"NEAR_P1";"INTERVAL";"PROBE";4;63;0x00001d2a;281;1950949;774127;437716;1118494;1132006;16;0;NOSTRESS
138838257867;16936;"NEAR_P1";"INTERVAL";"PROBE";4;63;0x00001d2a;281;1955253;776324;440149;1125550;1132406;472;0;NOSTRESS
138838274807;16837;"NEAR_P1";"INTERVAL";"PROBE";4;63;0x00001d2a;281;1950198;773996;437697;1118464;1131665;14;0;NOSTRESS
138838291649;16965;"NEAR_P1";"INTERVAL";"PROBE";4;63;0x00001d2a;281;1955224;776284;440345;1126012;1132374;425;0;NOSTRESS
138838308636;35781;"TRAJ_R1";"INTERVAL";"PROBE";4;63;0x00001d2a;281;3745600;1529081;959328;2338823;2363773;556;0;NOSTRESS
138839569909;373012;"MAF";"INTERVAL";"PROBE";4;63;0x00001d2a;282;42660383;16978371;9711279;24725437;24904722;7475;0;NOSTRESS
138839569929;85;"SENS_C1";"INTERVAL";"PROBE";4;63;0x00001d2a;282;750;629;440;1058;0;116;0;NOSTRESS
138839570018;101;"LOC_C1";"INTERVAL";"PROBE";4;63;0x00001d2a;282;3891;1872;1239;3116;1893;161;0;NOSTRESS
138839570123;21;"LOC_C2";"INTERVAL";"PROBE";4;63;0x00001d2a;282;344;292;195;592;17;21;0;NOSTRESS
138839570148;92;"LOC_C3";"INTERVAL";"PROBE";4;63;0x00001d2a;282;8842;2418;1708;7661;3834;61;0;NOSTRESS
138839570245;22;"LOC_C4";"INTERVAL";"PROBE";4;63;0x00001d2a;282;349;277;211;588;0;31;0;NOSTRESS
138839570272;17112;"NEAR_P1";"INTERVAL";"PROBE";4;63;0x00001d2a;282;1954393;776870;440911;1129124;1130587;872;0;NOSTRESS
138839587389;16826;"NEAR_P1";"INTERVAL";"PROBE";4;63;0x00001d2a;282;1947979;773107;437610;1118597;1130182;16;0;NOSTRESS
138839604220;16934;"NEAR_P1";"INTERVAL";"PROBE";4;63;0x00001d2a;282;1951931;775241;440087;1125336;1130453;548;0;NOSTRESS
138839621159;16835;"NEAR_P1";"INTERVAL";"PROBE";4;63;0x00001d2a;282;1950243;773815;437686;1118643;1131752;10;0;NOSTRESS
138839637998;16926;"NEAR_P1";"INTERVAL";"PROBE";4;63;0x00001d2a;282;1952859;775470;440079;1125102;1130974;508;0;NOSTRESS
138839654928;16840;"NEAR_P1";"INTERVAL";"PROBE";4;63;0x00001d2a;282;1951877;774300;437686;1118967;1132696;10;0;NOSTRESS
138839671773;16954;"NEAR_P1";"INTERVAL";"PROBE";4;63;0x00001d2a;282;1951743;775113;439844;1124414;1130793;440;0;NOSTRESS
138839688732;16949;"NEAR_P1";"INTERVAL";"PROBE";4;63;0x00001d2a;282;1952239;775254;440002;1124939;1130781;483;0;NOSTRESS
138839705686;16828;"NEAR_P1";"INTERVAL";"PROBE";4;63;0x00001d2a;282;1948519;773309;437596;1118037;1130764;20;0;NOSTRESS
138839722518;16954;"NEAR_P1";"INTERVAL";"PROBE";4;63;0x00001d2a;282;1955488;776309;440198;1125568;1132738;472;0;NOSTRESS
138839739476;17014;"NEAR_P1";"INTERVAL";"PROBE";4;63;0x00001d2a;282;1950123;773791;437722;1118119;1131645;43;0;NOSTRESS
138839756494;16942;"NEAR_P1";"INTERVAL";"PROBE";4;63;0x00001d2a;282;1954196;775925;440125;1125168;1131966;575;0;NOSTRESS
138839773440;16827;"NEAR_P1";"INTERVAL";"PROBE";4;63;0x00001d2a;282;1948781;773355;437557;1118059;1131022;18;0;NOSTRESS
138839790272;16927;"NEAR_P1";"INTERVAL";"PROBE";4;63;0x00001d2a;282;1953201;775585;440031;1125005;1131361;473;0;NOSTRESS
138839807203;16834;"NEAR_P1";"INTERVAL";"PROBE";4;63;0x00001d2a;282;1950829;773995;437662;1118375;1132119;19;0;NOSTRESS
138839824042;16929;"NEAR_P1";"INTERVAL";"PROBE";4;63;0x00001d2a;282;1954334;775937;440061;1125308;1132056;456;0;NOSTRESS
138839840976;16843;"NEAR_P1";"INTERVAL";"PROBE";4;63;0x00001d2a;282;1952040;774421;437750;1118771;1132747;16;0;NOSTRESS
138839857823;16994;"NEAR_P1";"INTERVAL";"PROBE";4;63;0x00001d2a;282;1952687;775739;440882;1127116;1130241;564;0;NOSTRESS
138839874821;16834;"NEAR_P1";"INTERVAL";"PROBE";4;63;0x00001d2a;282;1950967;773964;437654;1118366;1132350;15;0;NOSTRESS
138839891660;16928;"NEAR_P1";"INTERVAL";"PROBE";4;63;0x00001d2a;282;1954372;775863;440001;1124950;1132175;481;0;NOSTRESS
138839908610;34307;"TRAJ_R1";"INTERVAL";"PROBE";4;63;0x00001d2a;282;3597018;1468044;919786;2243705;2269576;539;0;NOSTRESS
138841169924;371711;"MAF";"INTERVAL";"PROBE";4;63;0x00001d2a;283;42553844;16932944;9679389;24652424;24828490;7392;0;NOSTRESS
138841169951;82;"SENS_C1";"INTERVAL";"PROBE";4;63;0x00001d2a;283;850;662;451;1240;0;143;0;NOSTRESS
138841170037;96;"LOC_C1";"INTERVAL";"PROBE";4;63;0x00001d2a;283;3980;1910;1280;3283;1887;166;0;NOSTRESS
138841170137;19;"LOC_C2";"INTERVAL";"PROBE";4;63;0x00001d2a;283;351;302;199;619;17;24;0;NOSTRESS
138841170160;98;"LOC_C3";"INTERVAL";"PROBE";4;63;0x00001d2a;283;9033;2475;1697;7728;3925;76;0;NOSTRESS
138841170262;23;"LOC_C4";"INTERVAL";"PROBE";4;63;0x00001d2a;283;371;285;213;635;0;32;0;NOSTRESS
138841170290;17099;"NEAR_P1";"INTERVAL";"PROBE";4;63;0x00001d2a;283;1956338;777403;441127;1130189;1131432;958;0;NOSTRESS
138841187394;16849;"NEAR_P1";"INTERVAL";"PROBE";4;63;0x00001d2a;283;1951426;774563;437948;1119943;1131838;17;0;NOSTRESS
138841204247;17008;"NEAR_P1";"INTERVAL";"PROBE";4;63;0x00001d2a;283;1955491;776606;440850;1128149;1131629;714;0;NOSTRESS
138841221259;16843;"NEAR_P1";"INTERVAL";"PROBE";4;63;0x00001d2a;283;1950728;774177;437880;1119097;1131651;10;0;NOSTRESS
138841238107;16958;"NEAR_P1";"INTERVAL";"PROBE";4;63;0x00001d2a;283;1954419;775997;440110;1125478;1131926;521;0;NOSTRESS
138841255069;16835;"NEAR_P1";"INTERVAL";"PROBE";4;63;0x00001d2a;283;1949922;773836;437857;1118808;1131239;10;0;NOSTRESS
138841271908;16932;"NEAR_P1";"INTERVAL";"PROBE";4;63;0x00001d2a;283;1953272;775826;440199;1125471;1131061;470;0;NOSTRESS
138841288844;16940;"NEAR_P1";"INTERVAL";"PROBE";4;63;0x00001d2a;283;1955436;776389;440293;1125816;1132387;468;0;NOSTRESS
138841305789;16833;"NEAR_P1";"INTERVAL";"PROBE";4;63;0x00001d2a;283;1949102;773562;437860;1118421;1130620;20;0;NOSTRESS
138841322626;16970;"NEAR_P1";"INTERVAL";"PROBE";4;63;0x00001d2a;283;1955239;776197;440272;1125401;1132346;454;0;NOSTRESS
138841339601;16850;"NEAR_P1";"INTERVAL";"PROBE";4;63;0x00001d2a;283;1952138;774663;437896;1119458;1132553;18;0;NOSTRESS
138841356455;16978;"NEAR_P1";"INTERVAL";"PROBE";4;63;0x00001d2a;283;1957651;777225;440427;1126514;1133577;473;0;NOSTRESS
138841373437;16844;"NEAR_P1";"INTERVAL";"PROBE";4;63;0x00001d2a;283;1950885;774242;437942;1119117;1131654;17;0;NOSTRESS
138841390285;16932;"NEAR_P1";"INTERVAL";"PROBE";4;63;0x00001d2a;283;1953555;775905;440226;1125589;1131171;466;0;NOSTRESS
138841407222;16828;"NEAR_P1";"INTERVAL";"PROBE";4;63;0x00001d2a;283;1948170;773341;437745;1118507;1130130;17;0;NOSTRESS
138841424055;16930;"NEAR_P1";"INTERVAL";"PROBE";4;63;0x00001d2a;283;1954647;775935;440217;1125564;1131893;459;0;NOSTRESS
138841440989;16830;"NEAR_P1";"INTERVAL";"PROBE";4;63;0x00001d2a;283;1950033;773716;437794;1118533;1131296;15;0;NOSTRESS
138841457823;16935;"NEAR_P1";"INTERVAL";"PROBE";4;63;0x00001d2a;283;1956107;776346;440225;1125750;1132850;467;0;NOSTRESS
138841474763;16852;"NEAR_P1";"INTERVAL";"PROBE";4;63;0x00001d2a;283;1954682;775120;437937;1119400;1134200;15;0;NOSTRESS
138841491619;16924;"NEAR_P1";"INTERVAL";"PROBE";4;63;0x00001d2a;283;1953091;775517;440161;1125167;1130945;463;0;NOSTRESS
138841508548;33083;"TRAJ_R1";"INTERVAL";"PROBE";4;63;0x00001d2a;283;3467254;1413647;884529;2159214;2186263;656;0;NOSTRESS
138842769879;362297;"MAF";"INTERVAL";"PROBE";4;63;0x00001d2a;284;41536931;16518475;9429395;24036560;24188967;7421;0;NOSTRESS
138842769900;75;"SENS_C1";"INTERVAL";"PROBE";4;63;0x00001d2a;284;732;629;438;1028;0;116;0;NOSTRESS
138842769979;99;"LOC_C1";"INTERVAL";"PROBE";4;63;0x00001d2a;284;3729;1806;1238;3083;1788;155;0;NOSTRESS
138842770082;19;"LOC_C2";"INTERVAL";"PROBE";4;63;0x00001d2a;284;344;292;195;592;17;21;0;NOSTRESS
138842770105;97;"LOC_C3";"INTERVAL";"PROBE";4;63;0x00001d2a;284;8753;2382;1690;7600;3798;61;0;NOSTRESS
138842770207;23;"LOC_C4";"INTERVAL";"PROBE";4;63;0x00001d2a;284;337;271;208;568;0;27;0;NOSTRESS
138842770234;17127;"NEAR_P1";"INTERVAL";"PROBE";4;63;0x00001d2a;284;1956612;777079;441026;1129556;1131786;851;0;NOSTRESS
138842787366;16835;"NEAR_P1";"INTERVAL";"PROBE";4;63;0x00001d2a;284;1949992;773882;437867;1119311;1131026;18;0;NOSTRESS
138842804205;16929;"NEAR_P1";"INTERVAL";"PROBE";4;63;0x00001d2a;284;1951912;775248;440194;1125610;1130038;530;0;NOSTRESS
138842821139;16825;"NEAR_P1";"INTERVAL";"PROBE";4;63;0x00001d2a;284;1948349;773339;437786;1118577;1130341;9;0;NOSTRESS
138842837968;16919;"NEAR_P1";"INTERVAL";"PROBE";4;63;0x00001d2a;284;1951352;774915;440138;1125161;1129919;493;0;NOSTRESS
138842854892;16827;"NEAR_P1";"INTERVAL";"PROBE";4;63;0x00001d2a;284;1948209;773390;437810;1118701;1130230;8;0;NOSTRESS
138842871723;16973;"NEAR_P1";"INTERVAL";"PROBE";4;63;0x00001d2a;284;1953269;775671;440637;1126968;1130598;604;0;NOSTRESS
138842888701;16922;"NEAR_P1";"INTERVAL";"PROBE";4;63;0x00001d2a;284;1952050;775216;440243;1125298;1130292;506;0;NOSTRESS
138842905628;16832;"NEAR_P1";"INTERVAL";"PROBE";4;63;0x00001d2a;284;1949885;773631;437902;1118713;1131203;19;0;NOSTRESS
138842922464;16927;"NEAR_P1";"INTERVAL";"PROBE";4;63;0x00001d2a;284;1953596;775482;440208;1125484;1131388;476;0;NOSTRESS
138842939395;16825;"NEAR_P1";"INTERVAL";"PROBE";4;63;0x00001d2a;284;1948349;773074;437834;1118409;1130358;18;0;NOSTRESS
138842956224;16944;"NEAR_P1";"INTERVAL";"PROBE";4;63;0x00001d2a;284;1953568;775588;440198;1125482;1131421;469;0;NOSTRESS
138842973172;16824;"NEAR_P1";"INTERVAL";"PROBE";4;63;0x00001d2a;284;1948147;773098;437809;1118543;1130177;17;0;NOSTRESS
138842990001;16963;"NEAR_P1";"INTERVAL";"PROBE";4;63;0x00001d2a;284;1953671;775513;440334;1125423;1131431;414;0;NOSTRESS
138843006968;16820;"NEAR_P1";"INTERVAL";"PROBE";4;63;0x00001d2a;284;1947277;772804;437789;1118116;1129718;15;0;NOSTRESS
138843023792;16955;"NEAR_P1";"INTERVAL";"PROBE";4;63;0x00001d2a;284;1953282;775352;440234;1125479;1131081;465;0;NOSTRESS
138843040751;16830;"NEAR_P1";"INTERVAL";"PROBE";4;63;0x00001d2a;284;1949431;773492;437897;1118644;1130851;15;0;NOSTRESS
138843057585;16922;"NEAR_P1";"INTERVAL";"PROBE";4;63;0x00001d2a;284;1952830;775231;440257;1125454;1130751;465;0;NOSTRESS
138843074512;16814;"NEAR_P1";"INTERVAL";"PROBE";4;63;0x00001d2a;284;1947307;772604;437743;1117932;1129694;15;0;NOSTRESS
138843091330;16923;"NEAR_P1";"INTERVAL";"PROBE";4;63;0x00001d2a;284;1952240;775255;440308;1125427;1130311;463;0;NOSTRESS
138843108258;23913;"TRAJ_R1";"INTERVAL";"PROBE";4;63;0x00001d2a;284;2491337;1015769;634855;1550589;1570750;680;0;NOSTRESS
138844369917;424906;"MAF";"INTERVAL";"PROBE";4;63;0x00001d2a;285;48021111;19187883;11145266;28182226;28290970;7928;0;NOSTRESS
138844369939;82;"SENS_C1";"INTERVAL";"PROBE";4;63;0x00001d2a;285;846;665;449;1211;0;136;0;NOSTRESS
138844370025;93;"LOC_C1";"INTERVAL";"PROBE";4;63;0x00001d2a;285;3869;1873;1279;3235;1814;168;0;NOSTRESS
138844370123;18;"LOC_C2";"INTERVAL";"PROBE";4;63;0x00001d2a;285;351;302;199;619;17;20;0;NOSTRESS
138844370145;99;"LOC_C3";"INTERVAL";"PROBE";4;63;0x00001d2a;285;8811;2407;1688;7601;3825;69;0;NOSTRESS
138844370249;24;"LOC_C4";"INTERVAL";"PROBE";4;63;0x00001d2a;285;377;286;216;631;0;31;0;NOSTRESS
138844370277;17149;"NEAR_P1";"INTERVAL";"PROBE";4;63;0x00001d2a;285;1959745;778366;441430;1131257;1133254;1016;0;NOSTRESS
138844387431;16849;"NEAR_P1";"INTERVAL";"PROBE";4;63;0x00001d2a;285;1952683;774722;438090;1120107;1132582;16;0;NOSTRESS
138844404284;16986;"NEAR_P1";"INTERVAL";"PROBE";4;63;0x00001d2a;285;1958234;777168;440465;1126804;1133893;526;0;NOSTRESS
138844421275;16846;"NEAR_P1";"INTERVAL";"PROBE";4;63;0x00001d2a;285;1953509;774769;438039;1119302;1133515;10;0;NOSTRESS
138844438125;16966;"NEAR_P1";"INTERVAL";"PROBE";4;63;0x00001d2a;285;1957555;776872;440366;1126387;1133671;477;0;NOSTRESS
138844455096;16840;"NEAR_P1";"INTERVAL";"PROBE";4;63;0x00001d2a;285;1952353;774476;437956;1119363;1132806;9;0;NOSTRESS
138844471940;16939;"NEAR_P1";"INTERVAL";"PROBE";4;63;0x00001d2a;285;1956779;776501;440319;1125975;1133373;480;0;NOSTRESS
138844488883;16939;"NEAR_P1";"INTERVAL";"PROBE";4;63;0x00001d2a;285;1957367;776783;440372;1126210;1133699;460;0;NOSTRESS
138844505827;16839;"NEAR_P1";"INTERVAL";"PROBE";4;63;0x00001d2a;285;1952201;774398;437917;1119073;1132791;20;0;NOSTRESS
138844522670;16983;"NEAR_P1";"INTERVAL";"PROBE";4;63;0x00001d2a;285;1960437;777775;440959;1128563;1134860;592;0;NOSTRESS
138844539657;16848;"NEAR_P1";"INTERVAL";"PROBE";4;63;0x00001d2a;285;1954038;774885;438006;1119510;1133911;20;0;NOSTRESS
138844556509;16930;"NEAR_P1";"INTERVAL";"PROBE";4;63;0x00001d2a;285;1955019;775971;440262;1125583;1132248;506;0;NOSTRESS
138844573444;16846;"NEAR_P1";"INTERVAL";"PROBE";4;63;0x00001d2a;285;1953949;774856;437963;1119486;1133931;19;0;NOSTRESS
138844590295;16938;"NEAR_P1";"INTERVAL";"PROBE";4;63;0x00001d2a;285;1957347;776722;440331;1126239;1133799;466;0;NOSTRESS
138844607237;16843;"NEAR_P1";"INTERVAL";"PROBE";4;63;0x00001d2a;285;1953384;774667;438008;1119383;1133375;19;0;NOSTRESS
138844624084;16939;"NEAR_P1";"INTERVAL";"PROBE";4;63;0x00001d2a;285;1956862;776663;440445;1126173;1133500;471;0;NOSTRESS
138844641028;16848;"NEAR_P1";"INTERVAL";"PROBE";4;63;0x00001d2a;285;1954493;775019;438034;1119454;1134091;15;0;NOSTRESS
138844657880;16982;"NEAR_P1";"INTERVAL";"PROBE";4;63;0x00001d2a;285;1958266;776889;440404;1126272;1134340;416;0;NOSTRESS
138844674866;16848;"NEAR_P1";"INTERVAL";"PROBE";4;63;0x00001d2a;285;1953597;774866;438092;1119611;1133677;13;0;NOSTRESS
138844691718;16955;"NEAR_P1";"INTERVAL";"PROBE";4;63;0x00001d2a;285;1955507;776027;440287;1125506;1132590;471;0;NOSTRESS
138844708694;86125;"TRAJ_R1";"INTERVAL";"PROBE";4;63;0x00001d2a;285;8883900;3656843;2347636;5679335;5615408;1233;0;NOSTRESS
138845969940;435015;"MAF";"INTERVAL";"PROBE";4;63;0x00001d2a;286;49022999;19601240;11425410;28855971;28923323;8329;0;NOSTRESS
138845969965;84;"SENS_C1";"INTERVAL";"PROBE";4;63;0x00001d2a;286;858;674;449;1239;0;142;0;NOSTRESS
138845970054;97;"LOC_C1";"INTERVAL";"PROBE";4;63;0x00001d2a;286;4041;1937;1291;3319;1894;169;0;NOSTRESS
138845970155;18;"LOC_C2";"INTERVAL";"PROBE";4;63;0x00001d2a;286;351;302;199;619;17;22;0;NOSTRESS
138845970178;96;"LOC_C3";"INTERVAL";"PROBE";4;63;0x00001d2a;286;8978;2461;1696;7676;3914;71;0;NOSTRESS
138845970279;25;"LOC_C4";"INTERVAL";"PROBE";4;63;0x00001d2a;286;381;289;212;639;0;32;0;NOSTRESS
138845970308;17214;"NEAR_P1";"INTERVAL";"PROBE";4;63;0x00001d2a;286;1961978;779937;442441;1135327;1133089;1246;0;NOSTRESS
138845987527;16860;"NEAR_P1";"INTERVAL";"PROBE";4;63;0x00001d2a;286;1952640;775024;438268;1121168;1132212;15;0;NOSTRESS
138846004392;16979;"NEAR_P1";"INTERVAL";"PROBE";4;63;0x00001d2a;286;1956051;776506;440554;1127553;1132319;600;0;NOSTRESS
138846021376;16845;"NEAR_P1";"INTERVAL";"PROBE";4;63;0x00001d2a;286;1951868;774238;438151;1119879;1132284;11;0;NOSTRESS
138846038225;16976;"NEAR_P1";"INTERVAL";"PROBE";4;63;0x00001d2a;286;1958706;777040;440541;1126835;1134389;492;0;NOSTRESS
138846055206;16846;"NEAR_P1";"INTERVAL";"PROBE";4;63;0x00001d2a;286;1953184;774454;438086;1119892;1133216;7;0;NOSTRESS
138846072057;17079;"NEAR_P1";"INTERVAL";"PROBE";4;63;0x00001d2a;286;1957517;777009;441743;1130136;1132580;639;0;NOSTRESS
138846089140;16986;"NEAR_P1";"INTERVAL";"PROBE";4;63;0x00001d2a;286;1958469;776887;440589;1127182;1134029;506;0;NOSTRESS
138846106131;16837;"NEAR_P1";"INTERVAL";"PROBE";4;63;0x00001d2a;286;1951687;773808;438054;1119263;1132281;20;0;NOSTRESS
138846122972;16941;"NEAR_P1";"INTERVAL";"PROBE";4;63;0x00001d2a;286;1956311;776228;440553;1126675;1132915;473;0;NOSTRESS
138846139917;16845;"NEAR_P1";"INTERVAL";"PROBE";4;63;0x00001d2a;286;1953341;774489;438068;1119662;1133360;19;0;NOSTRESS
138846156766;16932;"NEAR_P1";"INTERVAL";"PROBE";4;63;0x00001d2a;286;1955581;775883;440440;1126015;1132549;468;0;NOSTRESS
138846173702;16837;"NEAR_P1";"INTERVAL";"PROBE";4;63;0x00001d2a;286;1952203;773845;438005;1119209;1132709;20;0;NOSTRESS
138846190543;16933;"NEAR_P1";"INTERVAL";"PROBE";4;63;0x00001d2a;286;1955803;775867;440416;1125998;1132699;471;0;NOSTRESS
138846207480;16855;"NEAR_P1";"INTERVAL";"PROBE";4;63;0x00001d2a;286;1955691;775085;438130;1120142;1134791;17;0;NOSTRESS
138846224339;16934;"NEAR_P1";"INTERVAL";"PROBE";4;63;0x00001d2a;286;1956402;776092;440481;1126190;1133046;465;0;NOSTRESS
138846241278;16846;"NEAR_P1";"INTERVAL";"PROBE";4;63;0x00001d2a;286;1953525;774430;438078;1119782;1133475;15;0;NOSTRESS
138846258128;16935;"NEAR_P1";"INTERVAL";"PROBE";4;63;0x00001d2a;286;1955284;775785;440414;1126128;1132373;462;0;NOSTRESS
138846275067;16837;"NEAR_P1";"INTERVAL";"PROBE";4;63;0x00001d2a;286;1951729;773907;438071;1119333;1132427;13;0;NOSTRESS
138846291908;16932;"NEAR_P1";"INTERVAL";"PROBE";4;63;0x00001d2a;286;1955957;775884;440415;1126007;1132772;471;0;NOSTRESS
138846308845;96105;"TRAJ_R1";"INTERVAL";"PROBE";4;63;0x00001d2a;286;9894795;4076084;2624013;6340754;6257983;1222;0;NOSTRESS
138847569867;447430;"MAF";"INTERVAL";"PROBE";4;63;0x00001d2a;287;50244698;20117993;11772429;29680749;29693665;8076;0;NOSTRESS
138847569885;79;"SENS_C1";"INTERVAL";"PROBE";4;63;0x00001d2a;287;742;626;441;1035;0;116;0;NOSTRESS
138847569968;103;"LOC_C1";"INTERVAL";"PROBE";4;63;0x00001d2a;287;3724;1812;1242;3098;1770;159;0;NOSTRESS
138847570075;21;"LOC_C2";"INTERVAL";"PROBE";4;63;0x00001d2a;287;342;292;195;591;17;21;0;NOSTRESS
138847570100;97;"LOC_C3";"INTERVAL";"PROBE";4;63;0x00001d2a;287;8994;2463;1707;7751;3970;62;0;NOSTRESS
138847570201;23;"LOC_C4";"INTERVAL";"PROBE";4;63;0x00001d2a;287;345;278;211;584;0;32;0;NOSTRESS
138847570228;17113;"NEAR_P1";"INTERVAL";"PROBE";4;63;0x00001d2a;287;1956894;778317;441501;1131500;1130739;834;0;NOSTRESS
138847587346;16855;"NEAR_P1";"INTERVAL";"PROBE";4;63;0x00001d2a;287;1952592;774938;438383;1121166;1131983;16;0;NOSTRESS
138847604206;16944;"NEAR_P1";"INTERVAL";"PROBE";4;63;0x00001d2a;287;1954827;776119;440768;1127010;1131211;534;0;NOSTRESS
138847621155;17034;"NEAR_P1";"INTERVAL";"PROBE";4;63;0x00001d2a;287;1953663;774860;438364;1120640;1133046;33;0;NOSTRESS
138847638193;16938;"NEAR_P1";"INTERVAL";"PROBE";4;63;0x00001d2a;287;1952865;775353;440509;1126035;1130384;608;0;NOSTRESS
138847655135;16834;"NEAR_P1";"INTERVAL";"PROBE";4;63;0x00001d2a;287;1950163;773705;438185;1119667;1130955;9;0;NOSTRESS
138847671973;16971;"NEAR_P1";"INTERVAL";"PROBE";4;63;0x00001d2a;287;1954823;775934;440498;1126142;1131730;429;0;NOSTRESS
138847688948;16974;"NEAR_P1";"INTERVAL";"PROBE";4;63;0x00001d2a;287;1953109;775562;440577;1126310;1130559;472;0;NOSTRESS
138847705926;16850;"NEAR_P1";"INTERVAL";"PROBE";4;63;0x00001d2a;287;1953269;774750;438307;1120345;1132938;19;0;NOSTRESS
138847722780;16969;"NEAR_P1";"INTERVAL";"PROBE";4;63;0x00001d2a;287;1953996;775812;440499;1126366;1131196;423;0;NOSTRESS
138847739753;16832;"NEAR_P1";"INTERVAL";"PROBE";4;63;0x00001d2a;287;1949939;773606;438148;1119482;1130799;16;0;NOSTRESS
138847756589;16960;"NEAR_P1";"INTERVAL";"PROBE";4;63;0x00001d2a;287;1954376;775855;440587;1126583;1131425;459;0;NOSTRESS
138847773553;16847;"NEAR_P1";"INTERVAL";"PROBE";4;63;0x00001d2a;287;1952545;774505;438261;1120182;1132417;18;0;NOSTRESS
138847790404;16937;"NEAR_P1";"INTERVAL";"PROBE";4;63;0x00001d2a;287;1955499;776183;440682;1126809;1132083;453;0;NOSTRESS
138847807346;16836;"NEAR_P1";"INTERVAL";"PROBE";4;63;0x00001d2a;287;1950719;773875;438198;1119640;1131323;17;0;NOSTRESS
138847824187;16934;"NEAR_P1";"INTERVAL";"PROBE";4;63;0x00001d2a;287;1953849;775797;440577;1126715;1131042;472;0;NOSTRESS
138847841125;16839;"NEAR_P1";"INTERVAL";"PROBE";4;63;0x00001d2a;287;1950466;774007;438220;1119760;1131252;16;0;NOSTRESS
138847857968;16973;"NEAR_P1";"INTERVAL";"PROBE";4;63;0x00001d2a;287;1954475;776051;441053;1128125;1130872;609;0;NOSTRESS
138847874945;16843;"NEAR_P1";"INTERVAL";"PROBE";4;63;0x00001d2a;287;1951229;774138;438256;1120111;1131574;15;0;NOSTRESS
138847891792;16942;"NEAR_P1";"INTERVAL";"PROBE";4;63;0x00001d2a;287;1955175;776115;440638;1126567;1131832;515;0;NOSTRESS
138847908756;108536;"TRAJ_R1";"INTERVAL";"PROBE";4;63;0x00001d2a;287;11155743;4599587;2969875;7167858;7058548;1204;0;NOSTRESS
138849169889;462209;"MAF";"INTERVAL";"PROBE";4;63;0x00001d2a;288;51753948;20741127;12186409;30675958;30654844;9049;0;NOSTRESS
138849169913;79;"SENS_C1";"INTERVAL";"PROBE";4;63;0x00001d2a;288;823;646;450;1204;0;139;0;NOSTRESS
138849169996;106;"LOC_C1";"INTERVAL";"PROBE";4;63;0x00001d2a;288;4033;1943;1290;3300;1906;173;0;NOSTRESS
138849170106;19;"LOC_C2";"INTERVAL";"PROBE";4;63;0x00001d2a;288;351;302;199;619;17;22;0;NOSTRESS
138849170130;99;"LOC_C3";"INTERVAL";"PROBE";4;63;0x00001d2a;288;8778;2399;1690;7595;3801;69;0;NOSTRESS
138849170234;26;"LOC_C4";"INTERVAL";"PROBE";4;63;0x00001d2a;288;378;287;213;631;0;32;0;NOSTRESS
138849170264;17143;"NEAR_P1";"INTERVAL";"PROBE";4;63;0x00001d2a;288;1957210;778607;442355;1134298;1130067;1209;0;NOSTRESS
138849187412;16853;"NEAR_P1";"INTERVAL";"PROBE";4;63;0x00001d2a;288;1953252;774801;438413;1120901;1132871;21;0;NOSTRESS
138849204269;16961;"NEAR_P1";"INTERVAL";"PROBE";4;63;0x00001d2a;288;1956155;776125;440555;1126980;1132738;594;0;NOSTRESS
138849221234;16845;"NEAR_P1";"INTERVAL";"PROBE";4;63;0x00001d2a;288;1952204;774338;438260;1120418;1132365;11;0;NOSTRESS
138849238083;17030;"NEAR_P1";"INTERVAL";"PROBE";4;63;0x00001d2a;288;1958089;777308;441541;1130017;1132890;779;0;NOSTRESS
138849255118;16845;"NEAR_P1";"INTERVAL";"PROBE";4;63;0x00001d2a;288;1952562;774397;438343;1120153;1132621;12;0;NOSTRESS
138849271967;16963;"NEAR_P1";"INTERVAL";"PROBE";4;63;0x00001d2a;288;1953821;775665;440537;1126786;1131201;540;0;NOSTRESS
138849288934;16949;"NEAR_P1";"INTERVAL";"PROBE";4;63;0x00001d2a;288;1953531;775255;440533;1126130;1131352;436;0;NOSTRESS
138849305888;16833;"NEAR_P1";"INTERVAL";"PROBE";4;63;0x00001d2a;288;1949508;773545;438197;1119630;1130816;17;0;NOSTRESS
138849322725;17011;"NEAR_P1";"INTERVAL";"PROBE";4;63;0x00001d2a;288;1955108;776290;441478;1129195;1131127;683;0;NOSTRESS
138849339740;16851;"NEAR_P1";"INTERVAL";"PROBE";4;63;0x00001d2a;288;1952890;774624;438294;1120425;1132843;24;0;NOSTRESS
138849356595;16982;"NEAR_P1";"INTERVAL";"PROBE";4;63;0x00001d2a;288;1956515;776559;440738;1127291;1132907;521;0;NOSTRESS
138849373581;16840;"NEAR_P1";"INTERVAL";"PROBE";4;63;0x00001d2a;288;1951805;774023;438217;1119808;1132242;19;0;NOSTRESS
138849390425;16957;"NEAR_P1";"INTERVAL";"PROBE";4;63;0x00001d2a;288;1955657;776179;440624;1126755;1132642;479;0;NOSTRESS
138849407386;16832;"NEAR_P1";"INTERVAL";"PROBE";4;63;0x00001d2a;288;1950151;773619;438167;1119679;1131152;17;0;NOSTRESS
138849424222;16966;"NEAR_P1";"INTERVAL";"PROBE";4;63;0x00001d2a;288;1955943;776532;440774;1127297;1132472;473;0;NOSTRESS
138849441192;16843;"NEAR_P1";"INTERVAL";"PROBE";4;63;0x00001d2a;288;1952228;774279;438292;1120207;1132531;17;0;NOSTRESS
138849458040;16941;"NEAR_P1";"INTERVAL";"PROBE";4;63;0x00001d2a;288;1956738;776496;440737;1127070;1133034;463;0;NOSTRESS
138849474986;16841;"NEAR_P1";"INTERVAL";"PROBE";4;63;0x00001d2a;288;1951585;774119;438272;1119822;1132170;14;0;NOSTRESS
138849491831;16922;"NEAR_P1";"INTERVAL";"PROBE";4;63;0x00001d2a;288;1952333;775116;440585;1126229;1130326;484;0;NOSTRESS
138849508775;123318;"TRAJ_R1";"INTERVAL";"PROBE";4;63;0x00001d2a;288;12652648;5220562;3381601;8154169;8008753;1546;0;NOSTRESS
138850769875;478147;"MAF";"INTERVAL";"PROBE";4;63;0x00001d2a;289;53345142;21400943;12631695;31731847;31675472;8222;0;NOSTRESS
138850769897;85;"SENS_C1";"INTERVAL";"PROBE";4;63;0x00001d2a;289;746;631;441;1040;0;117;0;NOSTRESS
138850769986;100;"LOC_C1";"INTERVAL";"PROBE";4;63;0x00001d2a;289;3794;1837;1249;3116;1812;160;0;NOSTRESS
138850770090;22;"LOC_C2";"INTERVAL";"PROBE";4;63;0x00001d2a;289;342;292;195;591;17;21;0;NOSTRESS
138850770117;93;"LOC_C3";"INTERVAL";"PROBE";4;63;0x00001d2a;289;8915;2456;1716;7747;3893;63;0;NOSTRESS
138850770214;25;"LOC_C4";"INTERVAL";"PROBE";4;63;0x00001d2a;289;346;280;211;589;0;33;0;NOSTRESS
138850770243;17104;"NEAR_P1";"INTERVAL";"PROBE";4;63;0x00001d2a;289;1958271;778507;441168;1130928;1131946;762;0;NOSTRESS
138850787352;16840;"NEAR_P1";"INTERVAL";"PROBE";4;63;0x00001d2a;289;1951666;774057;438317;1120668;1132149;12;0;NOSTRESS
138850804196;16969;"NEAR_P1";"INTERVAL";"PROBE";4;63;0x00001d2a;289;1956780;776413;440781;1127414;1133171;548;0;NOSTRESS
138850821169;16851;"NEAR_P1";"INTERVAL";"PROBE";4;63;0x00001d2a;289;1953768;774664;438429;1120810;1133587;9;0;NOSTRESS
138850838024;16964;"NEAR_P1";"INTERVAL";"PROBE";4;63;0x00001d2a;289;1959169;777169;440918;1128074;1134591;505;0;NOSTRESS
138850854992;16845;"NEAR_P1";"INTERVAL";"PROBE";4;63;0x00001d2a;289;1952556;774301;438357;1120502;1132826;8;0;NOSTRESS
138850871841;16972;"NEAR_P1";"INTERVAL";"PROBE";4;63;0x00001d2a;289;1954525;775671;440530;1126509;1131924;432;0;NOSTRESS
138850888817;16989;"NEAR_P1";"INTERVAL";"PROBE";4;63;0x00001d2a;289;1958001;776777;440762;1127606;1133912;478;0;NOSTRESS
138850905810;16852;"NEAR_P1";"INTERVAL";"PROBE";4;63;0x00001d2a;289;1954016;774729;438381;1120600;1133868;20;0;NOSTRESS
138850922666;16936;"NEAR_P1";"INTERVAL";"PROBE";4;63;0x00001d2a;289;1955148;775969;440703;1127175;1132208;467;0;NOSTRESS
138850939606;16854;"NEAR_P1";"INTERVAL";"PROBE";4;63;0x00001d2a;289;1954206;774826;438444;1120751;1133785;18;0;NOSTRESS
138850956464;16955;"NEAR_P1";"INTERVAL";"PROBE";4;63;0x00001d2a;289;1956091;776276;440753;1127401;1132678;466;0;NOSTRESS
138850973423;16848;"NEAR_P1";"INTERVAL";"PROBE";4;63;0x00001d2a;289;1953713;774539;438363;1120506;1133589;19;0;NOSTRESS
138850990275;17176;"NEAR_P1";"INTERVAL";"PROBE";4;63;0x00001d2a;289;1956436;776178;440585;1126931;1133219;558;0;NOSTRESS
138851007455;16857;"NEAR_P1";"INTERVAL";"PROBE";4;63;0x00001d2a;289;1954391;774994;438421;1121091;1134003;17;0;NOSTRESS
138851024316;16982;"NEAR_P1";"INTERVAL";"PROBE";4;63;0x00001d2a;289;1958994;777330;440809;1127994;1134622;490;0;NOSTRESS
138851041302;16848;"NEAR_P1";"INTERVAL";"PROBE";4;63;0x00001d2a;289;1953630;774509;438368;1120584;1133602;17;0;NOSTRESS
138851058154;16981;"NEAR_P1";"INTERVAL";"PROBE";4;63;0x00001d2a;289;1957381;776697;440764;1127532;1133740;467;0;NOSTRESS
138851075139;16845;"NEAR_P1";"INTERVAL";"PROBE";4;63;0x00001d2a;289;1952426;774348;438320;1120479;1132888;15;0;NOSTRESS
138851091988;16972;"NEAR_P1";"INTERVAL";"PROBE";4;63;0x00001d2a;289;1957760;776691;440843;1127497;1133848;470;0;NOSTRESS
138851108984;139033;"TRAJ_R1";"INTERVAL";"PROBE";4;63;0x00001d2a;289;14211714;5873353;3827306;9207019;9003594;1545;0;NOSTRESS
138852369855;492183;"MAF";"INTERVAL";"PROBE";4;63;0x00001d2a;290;54740549;21990420;13040135;32694005;32551889;8239;0;NOSTRESS
138852369876;83;"SENS_C1";"INTERVAL";"PROBE";4;63;0x00001d2a;290;755;625;438;1046;0;114;0;NOSTRESS
138852369964;97;"LOC_C1";"INTERVAL";"PROBE";4;63;0x00001d2a;290;3910;1871;1251;3119;1908;157;0;NOSTRESS
138852370065;20;"LOC_C2";"INTERVAL";"PROBE";4;63;0x00001d2a;290;347;294;197;600;17;23;0;NOSTRESS
138852370089;98;"LOC_C3";"INTERVAL";"PROBE";4;63;0x00001d2a;290;8951;2465;1715;7702;3912;58;0;NOSTRESS
138852370191;27;"LOC_C4";"INTERVAL";"PROBE";4;63;0x00001d2a;290;346;278;210;585;0;29;0;NOSTRESS
138852370222;17137;"NEAR_P1";"INTERVAL";"PROBE";4;63;0x00001d2a;290;1958234;778657;441481;1131319;1131323;842;0;NOSTRESS
138852387364;16846;"NEAR_P1";"INTERVAL";"PROBE";4;63;0x00001d2a;290;1951714;774341;438629;1121241;1131481;16;0;NOSTRESS
138852404214;16960;"NEAR_P1";"INTERVAL";"PROBE";4;63;0x00001d2a;290;1954576;776045;440949;1127858;1130920;519;0;NOSTRESS
138852421179;16849;"NEAR_P1";"INTERVAL";"PROBE";4;63;0x00001d2a;290;1952412;774476;438644;1121117;1132022;10;0;NOSTRESS
138852438032;16934;"NEAR_P1";"INTERVAL";"PROBE";4;63;0x00001d2a;290;1953919;775511;440894;1127144;1130761;495;0;NOSTRESS
138852454971;16828;"NEAR_P1";"INTERVAL";"PROBE";4;63;0x00001d2a;290;1948946;773193;438444;1120092;1130061;7;0;NOSTRESS
138852471803;16938;"NEAR_P1";"INTERVAL";"PROBE";4;63;0x00001d2a;290;1954313;775813;440951;1127390;1131129;478;0;NOSTRESS
138852488745;16941;"NEAR_P1";"INTERVAL";"PROBE";4;63;0x00001d2a;290;1955864;776314;441001;1127561;1132039;462;0;NOSTRESS
138852505690;16833;"NEAR_P1";"INTERVAL";"PROBE";4;63;0x00001d2a;290;1948681;773341;438504;1120268;1129795;19;0;NOSTRESS
138852522528;16957;"NEAR_P1";"INTERVAL";"PROBE";4;63;0x00001d2a;290;1953209;775369;440759;1126708;1130564;468;0;NOSTRESS
138852539489;16835;"NEAR_P1";"INTERVAL";"PROBE";4;63;0x00001d2a;290;1950891;773686;438459;1120242;1131491;19;0;NOSTRESS
138852556328;16953;"NEAR_P1";"INTERVAL";"PROBE";4;63;0x00001d2a;290;1955512;776044;440809;1127273;1132028;465;0;NOSTRESS
138852573285;16841;"NEAR_P1";"INTERVAL";"PROBE";4;63;0x00001d2a;290;1951794;774028;438493;1120455;1131961;18;0;NOSTRESS
138852590130;16933;"NEAR_P1";"INTERVAL";"PROBE";4;63;0x00001d2a;290;1955469;775906;440872;1127232;1132003;473;0;NOSTRESS
138852607067;16844;"NEAR_P1";"INTERVAL";"PROBE";4;63;0x00001d2a;290;1951186;774093;438525;1120578;1131443;17;0;NOSTRESS
138852623915;16945;"NEAR_P1";"INTERVAL";"PROBE";4;63;0x00001d2a;290;1954414;775773;440854;1127098;1131104;479;0;NOSTRESS
138852640865;16834;"NEAR_P1";"INTERVAL";"PROBE";4;63;0x00001d2a;290;1950157;773637;438406;1120250;1130878;15;0;NOSTRESS
138852657703;16952;"NEAR_P1";"INTERVAL";"PROBE";4;63;0x00001d2a;290;1954179;775774;440828;1127026;1131141;468;0;NOSTRESS
138852674659;16846;"NEAR_P1";"INTERVAL";"PROBE";4;63;0x00001d2a;290;1952163;774297;438540;1120825;1132018;14;0;NOSTRESS
138852691509;16959;"NEAR_P1";"INTERVAL";"PROBE";4;63;0x00001d2a;290;1955347;776122;440907;1127360;1131796;466;0;NOSTRESS
138852708504;153529;"TRAJ_R1";"INTERVAL";"PROBE";4;63;0x00001d2a;290;15653659;6475394;4233337;10172679;9920094;1859;0;NOSTRESS
138853969948;499015;"MAF";"INTERVAL";"PROBE";4;63;0x00001d2a;291;55390831;22265009;13225668;33147045;32959974;8945;0;NOSTRESS
138853969970;83;"SENS_C1";"INTERVAL";"PROBE";4;63;0x00001d2a;291;838;655;451;1212;0;139;0;NOSTRESS
138853970057;97;"LOC_C1";"INTERVAL";"PROBE";4;63;0x00001d2a;291;3814;1869;1276;3233;1778;171;0;NOSTRESS
138853970158;20;"LOC_C2";"INTERVAL";"PROBE";4;63;0x00001d2a;291;351;302;199;619;17;23;0;NOSTRESS
138853970182;101;"LOC_C3";"INTERVAL";"PROBE";4;63;0x00001d2a;291;9083;2506;1707;7752;3932;70;0;NOSTRESS
138853970287;23;"LOC_C4";"INTERVAL";"PROBE";4;63;0x00001d2a;291;351;277;211;600;0;32;0;NOSTRESS
138853970314;17154;"NEAR_P1";"INTERVAL";"PROBE";4;63;0x00001d2a;291;1959174;779180;442129;1134346;1131017;967;0;NOSTRESS
138853987473;16870;"NEAR_P1";"INTERVAL";"PROBE";4;63;0x00001d2a;291;1954597;775371;438852;1122593;1132864;18;0;NOSTRESS
138854004347;17014;"NEAR_P1";"INTERVAL";"PROBE";4;63;0x00001d2a;291;1959102;777939;442183;1132034;1132629;655;0;NOSTRESS
138854021365;16859;"NEAR_P1";"INTERVAL";"PROBE";4;63;0x00001d2a;291;1952617;774630;438797;1121774;1132125;12;0;NOSTRESS
138854038228;16957;"NEAR_P1";"INTERVAL";"PROBE";4;63;0x00001d2a;291;1955031;776354;441095;1128127;1131357;508;0;NOSTRESS
138854055189;16847;"NEAR_P1";"INTERVAL";"PROBE";4;63;0x00001d2a;291;1949863;773858;438656;1121183;1130585;9;0;NOSTRESS
138854072040;16957;"NEAR_P1";"INTERVAL";"PROBE";4;63;0x00001d2a;291;1955864;776544;441136;1128367;1131957;484;0;NOSTRESS
138854089001;16982;"NEAR_P1";"INTERVAL";"PROBE";4;63;0x00001d2a;291;1956089;776634;441186;1128768;1132040;425;0;NOSTRESS
138854105987;16862;"NEAR_P1";"INTERVAL";"PROBE";4;63;0x00001d2a;291;1952486;774638;438790;1121613;1132148;17;0;NOSTRESS
138854122853;16956;"NEAR_P1";"INTERVAL";"PROBE";4;63;0x00001d2a;291;1954863;776284;441145;1128452;1131413;473;0;NOSTRESS
138854139813;16861;"NEAR_P1";"INTERVAL";"PROBE";4;63;0x00001d2a;291;1952200;774642;438781;1121725;1131982;19;0;NOSTRESS
138854156678;16963;"NEAR_P1";"INTERVAL";"PROBE";4;63;0x00001d2a;291;1957256;777109;441228;1128837;1132867;454;0;NOSTRESS
138854173645;16851;"NEAR_P1";"INTERVAL";"PROBE";4;63;0x00001d2a;291;1951533;774256;438723;1121237;1131567;18;0;NOSTRESS
138854190500;17012;"NEAR_P1";"INTERVAL";"PROBE";4;63;0x00001d2a;291;1956926;776916;441651;1130292;1131926;610;0;NOSTRESS
138854207517;16863;"NEAR_P1";"INTERVAL";"PROBE";4;63;0x00001d2a;291;1954597;775033;438884;1121769;1133334;18;0;NOSTRESS
138854224385;16979;"NEAR_P1";"INTERVAL";"PROBE";4;63;0x00001d2a;291;1955830;776563;441127;1128588;1131902;504;0;NOSTRESS
138854241368;16858;"NEAR_P1";"INTERVAL";"PROBE";4;63;0x00001d2a;291;1951085;774385;438803;1121599;1131057;15;0;NOSTRESS
138854258230;17094;"NEAR_P1";"INTERVAL";"PROBE";4;63;0x00001d2a;291;1958078;777543;442550;1132306;1132030;633;0;NOSTRESS
138854275328;16845;"NEAR_P1";"INTERVAL";"PROBE";4;63;0x00001d2a;291;1948799;773654;438700;1120936;1129834;10;0;NOSTRESS
138854292177;16966;"NEAR_P1";"INTERVAL";"PROBE";4;63;0x00001d2a;291;1956823;776686;441209;1128467;1132603;511;0;NOSTRESS
138854309165;159793;"TRAJ_R1";"INTERVAL";"PROBE";4;63;0x00001d2a;291;16273942;6734071;4410145;10591296;10317010;1902;0;NOSTRESS
138855569892;493252;"MAF";"INTERVAL";"PROBE";4;63;0x00001d2a;292;54817360;22026627;13065541;32763013;32596801;8851;0;NOSTRESS
138855569914;83;"SENS_C1";"INTERVAL";"PROBE";4;63;0x00001d2a;292;745;641;435;1022;0;112;0;NOSTRESS
138855570001;244;"LOC_C1";"INTERVAL";"PROBE";4;63;0x00001d2a;292;3797;1839;1243;3078;1824;169;0;NOSTRESS
138855570249;21;"LOC_C2";"INTERVAL";"PROBE";4;63;0x00001d2a;292;345;294;197;599;17;23;0;NOSTRESS
138855570274;99;"LOC_C3";"INTERVAL";"PROBE";4;63;0x00001d2a;292;9070;2514;1708;7778;3972;63;0;NOSTRESS
138855570378;23;"LOC_C4";"INTERVAL";"PROBE";4;63;0x00001d2a;292;344;281;210;587;0;31;0;NOSTRESS
138855570405;17162;"NEAR_P1";"INTERVAL";"PROBE";4;63;0x00001d2a;292;1959861;779552;442010;1133644;1132083;890;0;NOSTRESS
138855587572;16868;"NEAR_P1";"INTERVAL";"PROBE";4;63;0x00001d2a;292;1953638;775281;438916;1122449;1132500;18;0;NOSTRESS
138855604444;16950;"NEAR_P1";"INTERVAL";"PROBE";4;63;0x00001d2a;292;1954386;776039;441089;1128390;1130835;536;0;NOSTRESS
138855621398;16855;"NEAR_P1";"INTERVAL";"PROBE";4;63;0x00001d2a;292;1952482;774597;438809;1121761;1132015;12;0;NOSTRESS
138855638257;16955;"NEAR_P1";"INTERVAL";"PROBE";4;63;0x00001d2a;292;1956749;776768;441195;1128649;1132386;486;0;NOSTRESS
138855655216;16850;"NEAR_P1";"INTERVAL";"PROBE";4;63;0x00001d2a;292;1951338;774313;438695;1121430;1131408;8;0;NOSTRESS
138855672070;17032;"NEAR_P1";"INTERVAL";"PROBE";4;63;0x00001d2a;292;1958344;777723;442122;1131211;1132599;572;0;NOSTRESS
138855689106;16952;"NEAR_P1";"INTERVAL";"PROBE";4;63;0x00001d2a;292;1955029;776451;441154;1128531;1131383;480;0;NOSTRESS
138855706062;16851;"NEAR_P1";"INTERVAL";"PROBE";4;63;0x00001d2a;292;1951265;774298;438735;1121199;1131502;19;0;NOSTRESS
138855722917;16950;"NEAR_P1";"INTERVAL";"PROBE";4;63;0x00001d2a;292;1952667;775490;440999;1127496;1130112;474;0;NOSTRESS
138855739871;16850;"NEAR_P1";"INTERVAL";"PROBE";4;63;0x00001d2a;292;1951584;774256;438681;1121357;1131544;19;0;NOSTRESS
138855756726;16957;"NEAR_P1";"INTERVAL";"PROBE";4;63;0x00001d2a;292;1956812;776766;441119;1128284;1132682;457;0;NOSTRESS
138855773687;16856;"NEAR_P1";"INTERVAL";"PROBE";4;63;0x00001d2a;292;1952882;774664;438692;1121669;1132275;18;0;NOSTRESS
138855790548;16949;"NEAR_P1";"INTERVAL";"PROBE";4;63;0x00001d2a;292;1956811;776743;441190;1128234;1132734;464;0;NOSTRESS
138855807502;16845;"NEAR_P1";"INTERVAL";"PROBE";4;63;0x00001d2a;292;1950346;773967;438670;1121265;1130829;16;0;NOSTRESS
138855824352;16945;"NEAR_P1";"INTERVAL";"PROBE";4;63;0x00001d2a;292;1955389;776390;441135;1128133;1131634;450;0;NOSTRESS
138855841301;16865;"NEAR_P1";"INTERVAL";"PROBE";4;63;0x00001d2a;292;1954369;775251;438816;1122009;1133186;15;0;NOSTRESS
138855858170;17005;"NEAR_P1";"INTERVAL";"PROBE";4;63;0x00001d2a;292;1956417;776836;441634;1129981;1131609;600;0;NOSTRESS
138855875180;16848;"NEAR_P1";"INTERVAL";"PROBE";4;63;0x00001d2a;292;1950856;774189;438657;1121426;1131129;17;0;NOSTRESS
138855892032;16970;"NEAR_P1";"INTERVAL";"PROBE";4;63;0x00001d2a;292;1955731;776395;441093;1128082;1131994;521;0;NOSTRESS
138855909007;154132;"TRAJ_R1";"INTERVAL";"PROBE";4;63;0x00001d2a;292;15705775;6497660;4251789;10214021;9954549;1870;0;NOSTRESS
138857169885;479232;"MAF";"INTERVAL";"PROBE";4;63;0x00001d2a;293;53443168;21449997;12673331;31830501;31719842;8508;0;NOSTRESS
138857169908;86;"SENS_C1";"INTERVAL";"PROBE";4;63;0x00001d2a;293;832;656;450;1201;0;138;0;NOSTRESS
138857169998;101;"LOC_C1";"INTERVAL";"PROBE";4;63;0x00001d2a;293;3837;1880;1273;3239;1772;166;0;NOSTRESS
138857170103;19;"LOC_C2";"INTERVAL";"PROBE";4;63;0x00001d2a;293;353;302;199;620;17;20;0;NOSTRESS
138857170126;102;"LOC_C3";"INTERVAL";"PROBE";4;63;0x00001d2a;293;8918;2453;1693;7671;3852;70;0;NOSTRESS
138857170232;23;"LOC_C4";"INTERVAL";"PROBE";4;63;0x00001d2a;293;357;280;212;608;0;31;0;NOSTRESS
138857170259;17199;"NEAR_P1";"INTERVAL";"PROBE";4;63;0x00001d2a;293;1964401;780732;442409;1135370;1134315;1046;0;NOSTRESS
138857187463;16873;"NEAR_P1";"INTERVAL";"PROBE";4;63;0x00001d2a;293;1954028;775548;438973;1122765;1132407;15;0;NOSTRESS
138857204341;16960;"NEAR_P1";"INTERVAL";"PROBE";4;63;0x00001d2a;293;1954998;776480;441202;1129070;1130789;532;0;NOSTRESS
138857221305;16860;"NEAR_P1";"INTERVAL";"PROBE";4;63;0x00001d2a;293;1953043;774808;438780;1122026;1131995;9;0;NOSTRESS
138857238169;16964;"NEAR_P1";"INTERVAL";"PROBE";4;63;0x00001d2a;293;1957853;777131;441231;1128985;1133002;479;0;NOSTRESS
138857255137;16857;"NEAR_P1";"INTERVAL";"PROBE";4;63;0x00001d2a;293;1952064;774582;438796;1121673;1131539;9;0;NOSTRESS
138857271998;16951;"NEAR_P1";"INTERVAL";"PROBE";4;63;0x00001d2a;293;1955896;776618;441095;1128390;1131744;473;0;NOSTRESS
138857288953;16956;"NEAR_P1";"INTERVAL";"PROBE";4;63;0x00001d2a;293;1956335;776824;441234;1128771;1131875;458;0;NOSTRESS
138857305913;16864;"NEAR_P1";"INTERVAL";"PROBE";4;63;0x00001d2a;293;1953191;775097;438809;1121890;1132263;19;0;NOSTRESS
138857322781;17040;"NEAR_P1";"INTERVAL";"PROBE";4;63;0x00001d2a;293;1960051;778218;442110;1131335;1133505;588;0;NOSTRESS
138857339826;16860;"NEAR_P1";"INTERVAL";"PROBE";4;63;0x00001d2a;293;1953870;775074;438760;1121811;1132881;18;0;NOSTRESS
138857356690;16989;"NEAR_P1";"INTERVAL";"PROBE";4;63;0x00001d2a;293;1960205;777701;441217;1128765;1134485;495;0;NOSTRESS
138857373683;16871;"NEAR_P1";"INTERVAL";"PROBE";4;63;0x00001d2a;293;1955587;775521;438898;1122073;1133912;18;0;NOSTRESS
138857390558;16961;"NEAR_P1";"INTERVAL";"PROBE";4;63;0x00001d2a;293;1958251;777119;441218;1128377;1133367;475;0;NOSTRESS
138857407524;16862;"NEAR_P1";"INTERVAL";"PROBE";4;63;0x00001d2a;293;1954482;775185;438761;1121885;1133237;16;0;NOSTRESS
138857424390;16966;"NEAR_P1";"INTERVAL";"PROBE";4;63;0x00001d2a;293;1960281;777602;441301;1128785;1134607;473;0;NOSTRESS
138857441360;16855;"NEAR_P1";"INTERVAL";"PROBE";4;63;0x00001d2a;293;1953464;774902;438719;1121465;1132749;16;0;NOSTRESS
138857458220;16957;"NEAR_P1";"INTERVAL";"PROBE";4;63;0x00001d2a;293;1959232;777372;441230;1128458;1134038;458;0;NOSTRESS
138857475181;16863;"NEAR_P1";"INTERVAL";"PROBE";4;63;0x00001d2a;293;1955377;775372;438840;1121663;1133920;13;0;NOSTRESS
138857492048;16968;"NEAR_P1";"INTERVAL";"PROBE";4;63;0x00001d2a;293;1960625;777956;441304;1128822;1134945;473;0;NOSTRESS
138857509040;140073;"TRAJ_R1";"INTERVAL";"PROBE";4;63;0x00001d2a;293;14286010;5907480;3858571;9275455;9052626;1752;0;NOSTRESS
138858769913;462449;"MAF";"INTERVAL";"PROBE";4;63;0x00001d2a;294;51701730;20726522;12213041;30707616;30625245;8344;0;NOSTRESS
138858769934;82;"SENS_C1";"INTERVAL";"PROBE";4;63;0x00001d2a;294;743;640;438;1019;0;114;0;NOSTRESS
138858770021;102;"LOC_C1";"INTERVAL";"PROBE";4;63;0x00001d2a;294;3847;1879;1260;3181;1851;157;0;NOSTRESS
138858770127;20;"LOC_C2";"INTERVAL";"PROBE";4;63;0x00001d2a;294;344;292;195;592;17;18;0;NOSTRESS
138858770151;96;"LOC_C3";"INTERVAL";"PROBE";4;63;0x00001d2a;294;8776;2414;1695;7668;3795;62;0;NOSTRESS
138858770251;23;"LOC_C4";"INTERVAL";"PROBE";4;63;0x00001d2a;294;340;276;208;577;0;31;0;NOSTRESS
138858770278;17135;"NEAR_P1";"INTERVAL";"PROBE";4;63;0x00001d2a;294;1959598;778771;442121;1132905;1132266;860;0;NOSTRESS
138858787418;16848;"NEAR_P1";"INTERVAL";"PROBE";4;63;0x00001d2a;294;1952129;774239;438784;1121293;1131994;15;0;NOSTRESS
138858804270;16979;"NEAR_P1";"INTERVAL";"PROBE";4;63;0x00001d2a;294;1954478;775666;441036;1127651;1131200;482;0;NOSTRESS
138858821254;16841;"NEAR_P1";"INTERVAL";"PROBE";4;63;0x00001d2a;294;1951323;773891;438798;1120880;1131638;8;0;NOSTRESS
138858838099;16971;"NEAR_P1";"INTERVAL";"PROBE";4;63;0x00001d2a;294;1955319;776007;441129;1127867;1131686;516;0;NOSTRESS
138858855075;16830;"NEAR_P1";"INTERVAL";"PROBE";4;63;0x00001d2a;294;1950099;773404;438668;1120327;1130920;10;0;NOSTRESS
138858871910;17167;"NEAR_P1";"INTERVAL";"PROBE";4;63;0x00001d2a;294;1956792;776407;441175;1127981;1132720;630;0;NOSTRESS
138858889081;16967;"NEAR_P1";"INTERVAL";"PROBE";4;63;0x00001d2a;294;1958105;776783;441242;1128121;1133516;460;0;NOSTRESS
138858906052;16852;"NEAR_P1";"INTERVAL";"PROBE";4;63;0x00001d2a;294;1953524;774484;438811;1121121;1132971;19;0;NOSTRESS
138858922908;16939;"NEAR_P1";"INTERVAL";"PROBE";4;63;0x00001d2a;294;1956325;776261;441118;1127513;1132528;464;0;NOSTRESS
138858939851;16852;"NEAR_P1";"INTERVAL";"PROBE";4;63;0x00001d2a;294;1953737;774622;438838;1121157;1132972;19;0;NOSTRESS
138858956707;16931;"NEAR_P1";"INTERVAL";"PROBE";4;63;0x00001d2a;294;1954384;775635;441081;1127218;1131274;453;0;NOSTRESS
138858973643;16841;"NEAR_P1";"INTERVAL";"PROBE";4;63;0x00001d2a;294;1951403;773956;438704;1120686;1131714;18;0;NOSTRESS
138858990488;16988;"NEAR_P1";"INTERVAL";"PROBE";4;63;0x00001d2a;294;1955283;776279;441937;1129919;1130904;551;0;NOSTRESS
138859007480;16845;"NEAR_P1";"INTERVAL";"PROBE";4;63;0x00001d2a;294;1951532;774091;438755;1121076;1131523;18;0;NOSTRESS
138859024329;16949;"NEAR_P1";"INTERVAL";"PROBE";4;63;0x00001d2a;294;1957098;776532;441212;1128116;1132837;493;0;NOSTRESS
138859041283;16847;"NEAR_P1";"INTERVAL";"PROBE";4;63;0x00001d2a;294;1952596;774361;438746;1121020;1132381;17;0;NOSTRESS
138859058134;16926;"NEAR_P1";"INTERVAL";"PROBE";4;63;0x00001d2a;294;1953843;775319;441039;1126924;1131048;471;0;NOSTRESS
138859075064;16850;"NEAR_P1";"INTERVAL";"PROBE";4;63;0x00001d2a;294;1952933;774462;438788;1120966;1132688;15;0;NOSTRESS
138859091918;16952;"NEAR_P1";"INTERVAL";"PROBE";4;63;0x00001d2a;294;1955005;775726;441069;1127298;1131720;460;0;NOSTRESS
138859108891;123466;"TRAJ_R1";"INTERVAL";"PROBE";4;63;0x00001d2a;294;12591788;5206666;3399641;8173795;7979082;1500;0;NOSTRESS
138860369952;447945;"MAF";"INTERVAL";"PROBE";4;63;0x00001d2a;295;50293503;20138421;11802580;29754182;29722940;7900;0;NOSTRESS
138860369976;89;"SENS_C1";"INTERVAL";"PROBE";4;63;0x00001d2a;295;847;667;446;1210;0;133;0;NOSTRESS
138860370069;92;"LOC_C1";"INTERVAL";"PROBE";4;63;0x00001d2a;295;3901;1895;1284;3259;1823;170;0;NOSTRESS
138860370165;18;"LOC_C2";"INTERVAL";"PROBE";4;63;0x00001d2a;295;351;302;199;619;17;23;0;NOSTRESS
138860370188;94;"LOC_C3";"INTERVAL";"PROBE";4;63;0x00001d2a;295;8991;2459;1697;7737;3862;70;0;NOSTRESS
138860370287;24;"LOC_C4";"INTERVAL";"PROBE";4;63;0x00001d2a;295;375;285;213;621;0;31;0;NOSTRESS
138860370315;17205;"NEAR_P1";"INTERVAL";"PROBE";4;63;0x00001d2a;295;1963429;780677;442562;1136240;1133495;1027;0;NOSTRESS
138860387525;16885;"NEAR_P1";"INTERVAL";"PROBE";4;63;0x00001d2a;295;1957132;776261;439058;1123352;1134652;15;0;NOSTRESS
138860404414;16984;"NEAR_P1";"INTERVAL";"PROBE";4;63;0x00001d2a;295;1960242;777894;441494;1130003;1134256;556;0;NOSTRESS
138860421403;16872;"NEAR_P1";"INTERVAL";"PROBE";4;63;0x00001d2a;295;1955215;775492;438964;1122458;1133647;13;0;NOSTRESS
138860438279;16970;"NEAR_P1";"INTERVAL";"PROBE";4;63;0x00001d2a;295;1958922;777509;441302;1129375;1133582;469;0;NOSTRESS
138860455254;16876;"NEAR_P1";"INTERVAL";"PROBE";4;63;0x00001d2a;295;1955449;775729;438955;1122927;1133732;9;0;NOSTRESS
138860472135;16975;"NEAR_P1";"INTERVAL";"PROBE";4;63;0x00001d2a;295;1955999;776308;441109;1127992;1132367;467;0;NOSTRESS
138860489114;16971;"NEAR_P1";"INTERVAL";"PROBE";4;63;0x00001d2a;295;1957435;776681;441166;1128567;1133073;461;0;NOSTRESS
138860506089;16857;"NEAR_P1";"INTERVAL";"PROBE";4;63;0x00001d2a;295;1952646;774579;438811;1121749;1132130;17;0;NOSTRESS
138860522950;16951;"NEAR_P1";"INTERVAL";"PROBE";4;63;0x00001d2a;295;1957406;776595;441215;1128491;1133203;461;0;NOSTRESS
138860539906;16863;"NEAR_P1";"INTERVAL";"PROBE";4;63;0x00001d2a;295;1954682;775029;438829;1122054;1133686;18;0;NOSTRESS
138860556773;16958;"NEAR_P1";"INTERVAL";"PROBE";4;63;0x00001d2a;295;1958868;777036;441260;1128793;1133995;470;0;NOSTRESS
138860573735;16861;"NEAR_P1";"INTERVAL";"PROBE";4;63;0x00001d2a;295;1954673;775020;438779;1121896;1133762;16;0;NOSTRESS
138860590600;16954;"NEAR_P1";"INTERVAL";"PROBE";4;63;0x00001d2a;295;1957458;776807;441208;1128680;1133141;461;0;NOSTRESS
138860607558;16869;"NEAR_P1";"INTERVAL";"PROBE";4;63;0x00001d2a;295;1956161;775455;438879;1122215;1134651;17;0;NOSTRESS
138860624431;16944;"NEAR_P1";"INTERVAL";"PROBE";4;63;0x00001d2a;295;1955389;776099;441147;1128212;1131771;470;0;NOSTRESS
138860641380;16850;"NEAR_P1";"INTERVAL";"PROBE";4;63;0x00001d2a;295;1950697;774092;438699;1121472;1130964;15;0;NOSTRESS
138860658234;17029;"NEAR_P1";"INTERVAL";"PROBE";4;63;0x00001d2a;295;1958190;777549;442228;1131831;1132219;604;0;NOSTRESS
138860675267;16873;"NEAR_P1";"INTERVAL";"PROBE";4;63;0x00001d2a;295;1955309;775421;438955;1122743;1133593;10;0;NOSTRESS
138860692144;16954;"NEAR_P1";"INTERVAL";"PROBE";4;63;0x00001d2a;295;1955298;776135;441031;1128316;1131573;496;0;NOSTRESS
138860709102;108790;"TRAJ_R1";"INTERVAL";"PROBE";4;63;0x00001d2a;295;11138853;4599358;2987048;7194088;7053746;1166;0;NOSTRESS
138861969964;435956;"MAF";"INTERVAL";"PROBE";4;63;0x00001d2a;296;49117338;19644918;11456053;28940527;28969316;8420;0;NOSTRESS
138861969985;83;"SENS_C1";"INTERVAL";"PROBE";4;63;0x00001d2a;296;844;667;447;1213;0;137;0;NOSTRESS
138861970072;101;"LOC_C1";"INTERVAL";"PROBE";4;63;0x00001d2a;296;4103;1971;1295;3297;1930;167;0;NOSTRESS
138861970177;18;"LOC_C2";"INTERVAL";"PROBE";4;63;0x00001d2a;296;351;302;199;619;17;22;0;NOSTRESS
138861970199;100;"LOC_C3";"INTERVAL";"PROBE";4;63;0x00001d2a;296;8868;2433;1686;7627;3853;70;0;NOSTRESS
138861970305;23;"LOC_C4";"INTERVAL";"PROBE";4;63;0x00001d2a;296;356;279;211;600;0;32;0;NOSTRESS
138861970332;17162;"NEAR_P1";"INTERVAL";"PROBE";4;63;0x00001d2a;296;1964833;780780;442518;1135610;1134639;1051;0;NOSTRESS
138861987499;16890;"NEAR_P1";"INTERVAL";"PROBE";4;63;0x00001d2a;296;1958348;776717;439067;1123567;1135209;15;0;NOSTRESS
138862004393;16998;"NEAR_P1";"INTERVAL";"PROBE";4;63;0x00001d2a;296;1962647;778855;441574;1130694;1135488;556;0;NOSTRESS
138862021395;16880;"NEAR_P1";"INTERVAL";"PROBE";4;63;0x00001d2a;296;1956849;776079;438947;1122909;1134599;12;0;NOSTRESS
138862038279;16978;"NEAR_P1";"INTERVAL";"PROBE";4;63;0x00001d2a;296;1961901;778451;441347;1129697;1135476;490;0;NOSTRESS
138862055261;16875;"NEAR_P1";"INTERVAL";"PROBE";4;63;0x00001d2a;296;1957350;776117;438953;1122900;1135051;9;0;NOSTRESS
138862072140;16976;"NEAR_P1";"INTERVAL";"PROBE";4;63;0x00001d2a;296;1961611;778320;441403;1129567;1135480;478;0;NOSTRESS
138862089120;16967;"NEAR_P1";"INTERVAL";"PROBE";4;63;0x00001d2a;296;1960434;777834;441337;1129176;1134701;470;0;NOSTRESS
138862106092;16874;"NEAR_P1";"INTERVAL";"PROBE";4;63;0x00001d2a;296;1956623;776063;438883;1122719;1134640;18;0;NOSTRESS
138862122970;16991;"NEAR_P1";"INTERVAL";"PROBE";4;63;0x00001d2a;296;1959711;777586;441178;1129022;1134435;455;0;NOSTRESS
138862139965;16866;"NEAR_P1";"INTERVAL";"PROBE";4;63;0x00001d2a;296;1955105;775429;438874;1122143;1133688;19;0;NOSTRESS
138862156835;16981;"NEAR_P1";"INTERVAL";"PROBE";4;63;0x00001d2a;296;1959272;777460;441254;1128941;1134076;476;0;NOSTRESS
138862173820;16862;"NEAR_P1";"INTERVAL";"PROBE";4;63;0x00001d2a;296;1955008;775258;438786;1121995;1133661;18;0;NOSTRESS
138862190686;16985;"NEAR_P1";"INTERVAL";"PROBE";4;63;0x00001d2a;296;1959815;777734;441270;1129404;1134310;475;0;NOSTRESS
138862207676;16871;"NEAR_P1";"INTERVAL";"PROBE";4;63;0x00001d2a;296;1956408;775825;438913;1122582;1134516;14;0;NOSTRESS
138862224552;16956;"NEAR_P1";"INTERVAL";"PROBE";4;63;0x00001d2a;296;1959104;777488;441213;1128783;1134122;474;0;NOSTRESS
138862241513;17053;"NEAR_P1";"INTERVAL";"PROBE";4;63;0x00001d2a;296;1956460;775933;438932;1122699;1134321;38;0;NOSTRESS
138862258570;16996;"NEAR_P1";"INTERVAL";"PROBE";4;63;0x00001d2a;296;1959333;777803;441274;1129445;1133814;580;0;NOSTRESS
138862275570;16880;"NEAR_P1";"INTERVAL";"PROBE";4;63;0x00001d2a;296;1957474;776318;438967;1122864;1135162;17;0;NOSTRESS
138862292454;16955;"NEAR_P1";"INTERVAL";"PROBE";4;63;0x00001d2a;296;1957285;777152;441195;1128755;1132820;474;0;NOSTRESS
138862309415;96501;"TRAJ_R1";"INTERVAL";"PROBE";4;63;0x00001d2a;296;9916877;4088609;2639777;6372959;6273308;1351;0;NOSTRESS
138863569878;425350;"MAF";"INTERVAL";"PROBE";4;63;0x00001d2a;297;48046388;19193938;11172780;28240930;28298011;7852;0;NOSTRESS
138863569899;82;"SENS_C1";"INTERVAL";"PROBE";4;63;0x00001d2a;297;753;626;440;1058;0;115;0;NOSTRESS
138863569985;94;"LOC_C1";"INTERVAL";"PROBE";4;63;0x00001d2a;297;3708;1805;1244;3104;1761;161;0;NOSTRESS
138863570083;21;"LOC_C2";"INTERVAL";"PROBE";4;63;0x00001d2a;297;345;294;197;599;17;20;0;NOSTRESS
138863570109;96;"LOC_C3";"INTERVAL";"PROBE";4;63;0x00001d2a;297;8879;2434;1691;7645;3851;58;0;NOSTRESS
138863570210;26;"LOC_C4";"INTERVAL";"PROBE";4;63;0x00001d2a;297;347;280;211;593;0;33;0;NOSTRESS
138863570241;17164;"NEAR_P1";"INTERVAL";"PROBE";4;63;0x00001d2a;297;1963070;779614;442088;1133233;1134661;849;0;NOSTRESS
138863587410;16862;"NEAR_P1";"INTERVAL";"PROBE";4;63;0x00001d2a;297;1954161;775125;438877;1122210;1132940;17;0;NOSTRESS
138863604276;16947;"NEAR_P1";"INTERVAL";"PROBE";4;63;0x00001d2a;297;1956004;775937;441056;1127775;1132196;540;0;NOSTRESS
138863621227;16856;"NEAR_P1";"INTERVAL";"PROBE";4;63;0x00001d2a;297;1953938;774716;438820;1121540;1133050;10;0;NOSTRESS
138863638087;16957;"NEAR_P1";"INTERVAL";"PROBE";4;63;0x00001d2a;297;1956870;776253;441112;1127543;1132937;494;0;NOSTRESS
138863655049;16834;"NEAR_P1";"INTERVAL";"PROBE";4;63;0x00001d2a;297;1951312;773434;438584;1120290;1131772;9;0;NOSTRESS
138863671887;16988;"NEAR_P1";"INTERVAL";"PROBE";4;63;0x00001d2a;297;1957242;776507;441483;1129161;1132509;617;0;NOSTRESS
138863688880;16950;"NEAR_P1";"INTERVAL";"PROBE";4;63;0x00001d2a;297;1958014;776498;441054;1127801;1133689;500;0;NOSTRESS
138863705835;16849;"NEAR_P1";"INTERVAL";"PROBE";4;63;0x00001d2a;297;1952749;774367;438683;1120971;1132670;19;0;NOSTRESS
138863722689;16925;"NEAR_P1";"INTERVAL";"PROBE";4;63;0x00001d2a;297;1953729;775211;440931;1126865;1131017;468;0;NOSTRESS
138863739619;16839;"NEAR_P1";"INTERVAL";"PROBE";4;63;0x00001d2a;297;1952022;773924;438610;1120521;1132177;20;0;NOSTRESS
138863756463;16940;"NEAR_P1";"INTERVAL";"PROBE";4;63;0x00001d2a;297;1956249;776076;441110;1127493;1132500;466;0;NOSTRESS
138863773407;16844;"NEAR_P1";"INTERVAL";"PROBE";4;63;0x00001d2a;297;1952618;773982;438677;1120506;1132524;18;0;NOSTRESS
138863790255;16975;"NEAR_P1";"INTERVAL";"PROBE";4;63;0x00001d2a;297;1957082;776302;441010;1127468;1133084;469;0;NOSTRESS
138863807234;16846;"NEAR_P1";"INTERVAL";"PROBE";4;63;0x00001d2a;297;1953038;774193;438707;1120689;1132871;19;0;NOSTRESS
138863824084;16974;"NEAR_P1";"INTERVAL";"PROBE";4;63;0x00001d2a;297;1958977;776888;441053;1128234;1134142;472;0;NOSTRESS
138863841063;16851;"NEAR_P1";"INTERVAL";"PROBE";4;63;0x00001d2a;297;1953826;774404;438752;1120913;1133204;15;0;NOSTRESS
138863857918;16943;"NEAR_P1";"INTERVAL";"PROBE";4;63;0x00001d2a;297;1957081;776242;441072;1127522;1133196;464;0;NOSTRESS
138863874865;16852;"NEAR_P1";"INTERVAL";"PROBE";4;63;0x00001d2a;297;1954254;774555;438719;1120946;1133537;14;0;NOSTRESS
138863891721;16943;"NEAR_P1";"INTERVAL";"PROBE";4;63;0x00001d2a;297;1956884;776203;441081;1127610;1132972;469;0;NOSTRESS
138863908669;86554;"TRAJ_R1";"INTERVAL";"PROBE";4;63;0x00001d2a;297;8913609;3670974;2361471;5709332;5634734;1281;0;NOSTRESS
138865169892;343897;"MAF";"INTERVAL";"PROBE";4;63;0x00001d2a;298;39605361;15728848;8953394;22869174;22961587;6879;0;NOSTRESS
138865169914;79;"SENS_C1";"INTERVAL";"PROBE";4;63;0x00001d2a;298;840;659;449;1213;0;138;0;NOSTRESS
138865169997;98;"LOC_C1";"INTERVAL";"PROBE";4;63;0x00001d2a;298;3937;1905;1279;3252;1861;168;0;NOSTRESS
138865170100;21;"LOC_C2";"INTERVAL";"PROBE";4;63;0x00001d2a;298;351;302;199;619;17;22;0;NOSTRESS
138865170125;99;"LOC_C3";"INTERVAL";"PROBE";4;63;0x00001d2a;298;8863;2415;1690;7665;3841;69;0;NOSTRESS
138865170228;24;"LOC_C4";"INTERVAL";"PROBE";4;63;0x00001d2a;298;373;286;213;623;0;32;0;NOSTRESS
138865170257;17143;"NEAR_P1";"INTERVAL";"PROBE";4;63;0x00001d2a;298;1957587;778153;442129;1133306;1130554;1026;0;NOSTRESS
138865187404;16841;"NEAR_P1";"INTERVAL";"PROBE";4;63;0x00001d2a;298;1949858;773788;438699;1121051;1130248;12;0;NOSTRESS
138865204250;16967;"NEAR_P1";"INTERVAL";"PROBE";4;63;0x00001d2a;298;1954794;775991;441067;1127771;1131355;531;0;NOSTRESS
138865221222;16839;"NEAR_P1";"INTERVAL";"PROBE";4;63;0x00001d2a;298;1950297;773659;438598;1120651;1130721;11;0;NOSTRESS
138865238066;16957;"NEAR_P1";"INTERVAL";"PROBE";4;63;0x00001d2a;298;1951733;774916;440891;1126758;1129505;490;0;NOSTRESS
138865255027;16832;"NEAR_P1";"INTERVAL";"PROBE";4;63;0x00001d2a;298;1948717;773231;438570;1120462;1129857;9;0;NOSTRESS
138865271863;16926;"NEAR_P1";"INTERVAL";"PROBE";4;63;0x00001d2a;298;1952038;774971;440947;1126987;1129716;468;0;NOSTRESS
138865288793;16929;"NEAR_P1";"INTERVAL";"PROBE";4;63;0x00001d2a;298;1953580;775327;440958;1127185;1130751;468;0;NOSTRESS
138865305726;16831;"NEAR_P1";"INTERVAL";"PROBE";4;63;0x00001d2a;298;1948964;773270;438496;1120157;1130269;18;0;NOSTRESS
138865322561;16952;"NEAR_P1";"INTERVAL";"PROBE";4;63;0x00001d2a;298;1952736;775258;441411;1128549;1129779;605;0;NOSTRESS
138865339517;16829;"NEAR_P1";"INTERVAL";"PROBE";4;63;0x00001d2a;298;1948914;773066;438522;1119922;1130283;18;0;NOSTRESS
138865356350;16931;"NEAR_P1";"INTERVAL";"PROBE";4;63;0x00001d2a;298;1953242;775300;440973;1126989;1130757;503;0;NOSTRESS
138865373285;16837;"NEAR_P1";"INTERVAL";"PROBE";4;63;0x00001d2a;298;1951014;773759;438546;1120405;1131524;20;0;NOSTRESS
138865390127;16927;"NEAR_P1";"INTERVAL";"PROBE";4;63;0x00001d2a;298;1953729;775516;440988;1126905;1130908;463;0;NOSTRESS
138865407059;16842;"NEAR_P1";"INTERVAL";"PROBE";4;63;0x00001d2a;298;1951430;773929;438721;1120528;1131654;19;0;NOSTRESS
138865423905;16924;"NEAR_P1";"INTERVAL";"PROBE";4;63;0x00001d2a;298;1952939;775125;440931;1126781;1130473;477;0;NOSTRESS
138865440833;16826;"NEAR_P1";"INTERVAL";"PROBE";4;63;0x00001d2a;298;1948711;772936;438489;1119825;1130199;18;0;NOSTRESS
138865457663;16954;"NEAR_P1";"INTERVAL";"PROBE";4;63;0x00001d2a;298;1952779;775076;440857;1126737;1130478;471;0;NOSTRESS
138865474622;16831;"NEAR_P1";"INTERVAL";"PROBE";4;63;0x00001d2a;298;1949659;773368;438573;1120154;1130655;16;0;NOSTRESS
138865491457;16960;"NEAR_P1";"INTERVAL";"PROBE";4;63;0x00001d2a;298;1952882;775187;440933;1126782;1130470;473;0;NOSTRESS
138865508439;5346;"TRAJ_R1";"INTERVAL";"PROBE";4;63;0x00001d2a;298;545740;224346;144212;348572;345712;85;0;NOSTRESS
138866769910;363899;"MAF";"INTERVAL";"PROBE";4;63;0x00001d2a;299;41723789;16591766;9480618;24173513;24292396;7333;0;NOSTRESS
138866769932;78;"SENS_C1";"INTERVAL";"PROBE";4;63;0x00001d2a;299;743;639;439;1023;0;111;0;NOSTRESS
138866770015;99;"LOC_C1";"INTERVAL";"PROBE";4;63;0x00001d2a;299;3814;1841;1246;3143;1829;154;0;NOSTRESS
138866770118;18;"LOC_C2";"INTERVAL";"PROBE";4;63;0x00001d2a;299;342;292;195;591;17;20;0;NOSTRESS
138866770141;96;"LOC_C3";"INTERVAL";"PROBE";4;63;0x00001d2a;299;8902;2454;1701;7626;3884;64;0;NOSTRESS
138866770243;163;"LOC_C4";"INTERVAL";"PROBE";4;63;0x00001d2a;299;341;284;211;584;0;39;0;NOSTRESS
138866770410;17084;"NEAR_P1";"INTERVAL";"PROBE";4;63;0x00001d2a;299;1955411;777010;441684;1131366;1130458;847;0;NOSTRESS
138866787499;16846;"NEAR_P1";"INTERVAL";"PROBE";4;63;0x00001d2a;299;1952101;774341;438737;1121587;1131812;13;0;NOSTRESS
138866804349;16983;"NEAR_P1";"INTERVAL";"PROBE";4;63;0x00001d2a;299;1955861;776543;441162;1128674;1131846;540;0;NOSTRESS
138866821336;16842;"NEAR_P1";"INTERVAL";"PROBE";4;63;0x00001d2a;299;1951641;774205;438660;1121341;1131693;8;0;NOSTRESS
138866838182;16966;"NEAR_P1";"INTERVAL";"PROBE";4;63;0x00001d2a;299;1955820;776385;441102;1128158;1131921;489;0;NOSTRESS
138866855153;16841;"NEAR_P1";"INTERVAL";"PROBE";4;63;0x00001d2a;299;1951308;774036;438684;1121243;1131441;8;0;NOSTRESS
138866871998;16967;"NEAR_P1";"INTERVAL";"PROBE";4;63;0x00001d2a;299;1955601;776448;441069;1128089;1131874;485;0;NOSTRESS
138866888969;16959;"NEAR_P1";"INTERVAL";"PROBE";4;63;0x00001d2a;299;1953886;776103;441011;1128136;1130798;452;0;NOSTRESS
138866905932;16859;"NEAR_P1";"INTERVAL";"PROBE";4;63;0x00001d2a;299;1953157;774941;438832;1121916;1132347;18;0;NOSTRESS
138866922795;16938;"NEAR_P1";"INTERVAL";"PROBE";4;63;0x00001d2a;299;1954724;776064;441083;1127968;1131239;452;0;NOSTRESS
138866939738;16842;"NEAR_P1";"INTERVAL";"PROBE";4;63;0x00001d2a;299;1950529;773984;438647;1121059;1130831;19;0;NOSTRESS
138866956584;16944;"NEAR_P1";"INTERVAL";"PROBE";4;63;0x00001d2a;299;1954332;775946;441028;1127963;1131081;472;0;NOSTRESS
138866973533;16853;"NEAR_P1";"INTERVAL";"PROBE";4;63;0x00001d2a;299;1952695;774612;438717;1121557;1132253;19;0;NOSTRESS
138866990390;16966;"NEAR_P1";"INTERVAL";"PROBE";4;63;0x00001d2a;299;1955484;776549;441552;1129866;1131036;590;0;NOSTRESS
138867007361;16853;"NEAR_P1";"INTERVAL";"PROBE";4;63;0x00001d2a;299;1952288;774680;438764;1121553;1131859;18;0;NOSTRESS
138867024219;16944;"NEAR_P1";"INTERVAL";"PROBE";4;63;0x00001d2a;299;1955271;776219;441082;1128086;1131561;498;0;NOSTRESS
138867041167;16846;"NEAR_P1";"INTERVAL";"PROBE";4;63;0x00001d2a;299;1951545;774313;438661;1121208;1131560;15;0;NOSTRESS
138867058017;16953;"NEAR_P1";"INTERVAL";"PROBE";4;63;0x00001d2a;299;1955511;776203;441085;1127827;1131814;464;0;NOSTRESS
138867074974;16842;"NEAR_P1";"INTERVAL";"PROBE";4;63;0x00001d2a;299;1951053;774039;438711;1120986;1131225;15;0;NOSTRESS
138867091821;16942;"NEAR_P1";"INTERVAL";"PROBE";4;63;0x00001d2a;299;1954527;776227;441169;1127893;1131112;465;0;NOSTRESS
138867108775;25030;"TRAJ_R1";"INTERVAL";"PROBE";4;63;0x00001d2a;299;2626539;1069961;668832;1633346;1656905;559;0;NOSTRESS
138868369905;363926;"MAF";"INTERVAL";"PROBE";4;63;0x00001d2a;300;41741797;16596734;9480666;24172639;24305489;7347;0;NOSTRESS
138868369925;73;"SENS_C1";"INTERVAL";"PROBE";4;63;0x00001d2a;300;828;651;449;1199;0;135;0;NOSTRESS
138868370002;99;"LOC_C1";"INTERVAL";"PROBE";4;63;0x00001d2a;300;3940;1907;1282;3260;1860;167;0;NOSTRESS
138868370105;19;"LOC_C2";"INTERVAL";"PROBE";4;63;0x00001d2a;300;351;302;199;619;17;23;0;NOSTRESS
138868370128;98;"LOC_C3";"INTERVAL";"PROBE";4;63;0x00001d2a;300;8948;2452;1694;7631;3911;68;0;NOSTRESS
138868370230;22;"LOC_C4";"INTERVAL";"PROBE";4;63;0x00001d2a;300;356;279;211;600;0;31;0;NOSTRESS
138868370257;17137;"NEAR_P1";"INTERVAL";"PROBE";4;63;0x00001d2a;300;1958343;778186;442013;1132648;1131700;1016;0;NOSTRESS
138868387399;16860;"NEAR_P1";"INTERVAL";"PROBE";4;63;0x00001d2a;300;1952284;774690;438824;1122044;1131643;12;0;NOSTRESS
138868404263;16967;"NEAR_P1";"INTERVAL";"PROBE";4;63;0x00001d2a;300;1957119;776965;441259;1129061;1132355;544;0;NOSTRESS
138868421234;16854;"NEAR_P1";"INTERVAL";"PROBE";4;63;0x00001d2a;300;1951412;774373;438819;1121462;1131390;12;0;NOSTRESS
138868438092;16948;"NEAR_P1";"INTERVAL";"PROBE";4;63;0x00001d2a;300;1954559;776134;441120;1128106;1131041;490;0;NOSTRESS
138868455045;16854;"NEAR_P1";"INTERVAL";"PROBE";4;63;0x00001d2a;300;1952671;774719;438749;1121468;1132232;7;0;NOSTRESS
138868471903;16993;"NEAR_P1";"INTERVAL";"PROBE";4;63;0x00001d2a;300;1957070;776823;441241;1128262;1132688;428;0;NOSTRESS
138868488901;16979;"NEAR_P1";"INTERVAL";"PROBE";4;63;0x00001d2a;300;1955907;776438;441123;1128111;1131924;472;0;NOSTRESS
138868505884;16853;"NEAR_P1";"INTERVAL";"PROBE";4;63;0x00001d2a;300;1952923;774659;438676;1121130;1132569;19;0;NOSTRESS
138868522741;16976;"NEAR_P1";"INTERVAL";"PROBE";4;63;0x00001d2a;300;1956446;776311;441016;1127608;1132616;479;0;NOSTRESS
138868539722;16843;"NEAR_P1";"INTERVAL";"PROBE";4;63;0x00001d2a;300;1950731;774025;438571;1120949;1131229;19;0;NOSTRESS
138868556569;16964;"NEAR_P1";"INTERVAL";"PROBE";4;63;0x00001d2a;300;1956165;776555;441056;1127935;1132399;460;0;NOSTRESS
138868573537;16844;"NEAR_P1";"INTERVAL";"PROBE";4;63;0x00001d2a;300;1951029;773991;438600;1120761;1131579;19;0;NOSTRESS
138868590385;16946;"NEAR_P1";"INTERVAL";"PROBE";4;63;0x00001d2a;300;1956342;776600;441064;1128125;1132489;460;0;NOSTRESS
138868607335;16856;"NEAR_P1";"INTERVAL";"PROBE";4;63;0x00001d2a;300;1953883;774779;438764;1121283;1133245;19;0;NOSTRESS
138868624195;16938;"NEAR_P1";"INTERVAL";"PROBE";4;63;0x00001d2a;300;1955119;775991;440992;1127443;1131860;462;0;NOSTRESS
138868641137;16843;"NEAR_P1";"INTERVAL";"PROBE";4;63;0x00001d2a;300;1950920;773988;438601;1120691;1131429;15;0;NOSTRESS
138868657984;16981;"NEAR_P1";"INTERVAL";"PROBE";4;63;0x00001d2a;300;1959056;777421;441621;1130174;1133494;622;0;NOSTRESS
138868674970;16847;"NEAR_P1";"INTERVAL";"PROBE";4;63;0x00001d2a;300;1952011;774397;438634;1121036;1132054;16;0;NOSTRESS
138868691822;16949;"NEAR_P1";"INTERVAL";"PROBE";4;63;0x00001d2a;300;1956510;776533;441044;1127745;1132640;516;0;NOSTRESS
138868708775;25052;"TRAJ_R1";"INTERVAL";"PROBE";4;63;0x00001d2a;300;2627238;1070469;668993;1633958;1657125;589;0;NOSTRESS
138869969893;364584;"MAF";"INTERVAL";"PROBE";4;63;0x00001d2a;301;41761535;16610626;9497896;24208216;24321074;7465;0;NOSTRESS
138869969915;86;"SENS_C1";"INTERVAL";"PROBE";4;63;0x00001d2a;301;846;663;450;1227;0;133;0;NOSTRESS
138869970006;98;"LOC_C1";"INTERVAL";"PROBE";4;63;0x00001d2a;301;3986;1917;1281;3278;1883;171;0;NOSTRESS
138869970109;20;"LOC_C2";"INTERVAL";"PROBE";4;63;0x00001d2a;301;354;302;199;619;17;22;0;NOSTRESS
138869970133;96;"LOC_C3";"INTERVAL";"PROBE";4;63;0x00001d2a;301;8886;2416;1689;7654;3863;69;0;NOSTRESS
138869970233;24;"LOC_C4";"INTERVAL";"PROBE";4;63;0x00001d2a;301;380;285;214;638;0;32;0;NOSTRESS
138869970261;17104;"NEAR_P1";"INTERVAL";"PROBE";4;63;0x00001d2a;301;1956177;777277;441843;1131809;1131007;954;0;NOSTRESS
138869987369;16849;"NEAR_P1";"INTERVAL";"PROBE";4;63;0x00001d2a;301;1950657;774145;438681;1121123;1131169;13;0;NOSTRESS
138870004222;16977;"NEAR_P1";"INTERVAL";"PROBE";4;63;0x00001d2a;301;1953415;775665;440843;1127372;1130617;559;0;NOSTRESS
138870021203;16839;"NEAR_P1";"INTERVAL";"PROBE";4;63;0x00001d2a;301;1949510;773679;438568;1120808;1130544;10;0;NOSTRESS
138870038046;16942;"NEAR_P1";"INTERVAL";"PROBE";4;63;0x00001d2a;301;1951770;774917;440818;1126914;1129691;483;0;NOSTRESS
138870054992;16852;"NEAR_P1";"INTERVAL";"PROBE";4;63;0x00001d2a;301;1951775;774489;438685;1121237;1131778;8;0;NOSTRESS
138870071848;16930;"NEAR_P1";"INTERVAL";"PROBE";4;63;0x00001d2a;301;1952933;775583;441006;1127547;1130232;467;0;NOSTRESS
138870088782;16941;"NEAR_P1";"INTERVAL";"PROBE";4;63;0x00001d2a;301;1955185;776187;441069;1127816;1131735;464;0;NOSTRESS
138870105727;16826;"NEAR_P1";"INTERVAL";"PROBE";4;63;0x00001d2a;301;1947350;772969;438457;1120178;1129115;18;0;NOSTRESS
138870122557;17132;"NEAR_P1";"INTERVAL";"PROBE";4;63;0x00001d2a;301;1953139;775338;440861;1126946;1130703;562;0;NOSTRESS
138870139693;16823;"NEAR_P1";"INTERVAL";"PROBE";4;63;0x00001d2a;301;1946465;772650;438485;1119917;1128646;17;0;NOSTRESS
138870156520;16978;"NEAR_P1";"INTERVAL";"PROBE";4;63;0x00001d2a;301;1953402;775674;440934;1127473;1130701;482;0;NOSTRESS
138870173502;16824;"NEAR_P1";"INTERVAL";"PROBE";4;63;0x00001d2a;301;1946881;772782;438416;1120065;1128814;19;0;NOSTRESS
138870190330;16972;"NEAR_P1";"INTERVAL";"PROBE";4;63;0x00001d2a;301;1954524;775896;440968;1127529;1131299;469;0;NOSTRESS
138870207306;16823;"NEAR_P1";"INTERVAL";"PROBE";4;63;0x00001d2a;301;1947490;772900;438416;1120044;1129208;19;0;NOSTRESS
138870224133;16965;"NEAR_P1";"INTERVAL";"PROBE";4;63;0x00001d2a;301;1955330;776206;440964;1127786;1131916;470;0;NOSTRESS
138870241102;16839;"NEAR_P1";"INTERVAL";"PROBE";4;63;0x00001d2a;301;1949388;773637;438605;1120627;1130226;16;0;NOSTRESS
138870257946;16933;"NEAR_P1";"INTERVAL";"PROBE";4;63;0x00001d2a;301;1952883;775465;440974;1127502;1130354;472;0;NOSTRESS
138870274883;16847;"NEAR_P1";"INTERVAL";"PROBE";4;63;0x00001d2a;301;1952252;774341;438656;1120978;1132206;15;0;NOSTRESS
138870291734;16935;"NEAR_P1";"INTERVAL";"PROBE";4;63;0x00001d2a;301;1953156;775720;440960;1127491;1130510;470;0;NOSTRESS
138870308673;25799;"TRAJ_R1";"INTERVAL";"PROBE";4;63;0x00001d2a;301;2703016;1102051;689296;1682894;1704840;548;0;NOSTRESS
138871569871;365701;"MAF";"INTERVAL";"PROBE";4;63;0x00001d2a;302;41913294;16669915;9525085;24285525;24405962;6792;0;NOSTRESS
138871569894;77;"SENS_C1";"INTERVAL";"PROBE";4;63;0x00001d2a;302;753;634;439;1053;0;119;0;NOSTRESS
138871569975;97;"LOC_C1";"INTERVAL";"PROBE";4;63;0x00001d2a;302;3726;1807;1241;3095;1777;162;0;NOSTRESS
138871570077;19;"LOC_C2";"INTERVAL";"PROBE";4;63;0x00001d2a;302;345;294;197;599;17;22;0;NOSTRESS
138871570101;98;"LOC_C3";"INTERVAL";"PROBE";4;63;0x00001d2a;302;8805;2425;1695;7618;3804;62;0;NOSTRESS
138871570204;23;"LOC_C4";"INTERVAL";"PROBE";4;63;0x00001d2a;302;341;275;211;590;0;31;0;NOSTRESS
138871570231;17122;"NEAR_P1";"INTERVAL";"PROBE";4;63;0x00001d2a;302;1958842;778172;441702;1131471;1132290;762;0;NOSTRESS
138871587358;16866;"NEAR_P1";"INTERVAL";"PROBE";4;63;0x00001d2a;302;1954703;775390;438885;1122520;1133157;12;0;NOSTRESS
138871604229;16976;"NEAR_P1";"INTERVAL";"PROBE";4;63;0x00001d2a;302;1958378;777354;441434;1129599;1133024;555;0;NOSTRESS
138871621210;16847;"NEAR_P1";"INTERVAL";"PROBE";4;63;0x00001d2a;302;1949335;773844;438766;1121419;1129800;12;0;NOSTRESS
138871638061;16969;"NEAR_P1";"INTERVAL";"PROBE";4;63;0x00001d2a;302;1958188;777378;441248;1129208;1132957;490;0;NOSTRESS
138871655034;16854;"NEAR_P1";"INTERVAL";"PROBE";4;63;0x00001d2a;302;1950984;774398;438786;1121757;1130861;8;0;NOSTRESS
138871671892;16974;"NEAR_P1";"INTERVAL";"PROBE";4;63;0x00001d2a;302;1956429;776729;441165;1128585;1132009;475;0;NOSTRESS
138871688870;16977;"NEAR_P1";"INTERVAL";"PROBE";4;63;0x00001d2a;302;1955657;776535;441212;1128683;1131475;466;0;NOSTRESS
138871705851;16858;"NEAR_P1";"INTERVAL";"PROBE";4;63;0x00001d2a;302;1952196;774513;438801;1121628;1131783;19;0;NOSTRESS
138871722713;16969;"NEAR_P1";"INTERVAL";"PROBE";4;63;0x00001d2a;302;1958750;777528;441400;1129184;1133230;460;0;NOSTRESS
138871739686;16866;"NEAR_P1";"INTERVAL";"PROBE";4;63;0x00001d2a;302;1953535;775114;438921;1121970;1132510;19;0;NOSTRESS
138871756556;16960;"NEAR_P1";"INTERVAL";"PROBE";4;63;0x00001d2a;302;1957420;777131;441326;1128924;1132676;463;0;NOSTRESS
138871773521;16869;"NEAR_P1";"INTERVAL";"PROBE";4;63;0x00001d2a;302;1953680;775116;438908;1122243;1132539;17;0;NOSTRESS
138871790394;16986;"NEAR_P1";"INTERVAL";"PROBE";4;63;0x00001d2a;302;1956023;776591;441119;1128421;1131814;458;0;NOSTRESS
138871807384;16867;"NEAR_P1";"INTERVAL";"PROBE";4;63;0x00001d2a;302;1953168;775101;438908;1122087;1132154;15;0;NOSTRESS
138871824255;16983;"NEAR_P1";"INTERVAL";"PROBE";4;63;0x00001d2a;302;1957078;777010;441254;1128880;1132421;463;0;NOSTRESS
138871841243;16865;"NEAR_P1";"INTERVAL";"PROBE";4;63;0x00001d2a;302;1953318;774945;438915;1121918;1132205;15;0;NOSTRESS
138871858112;16992;"NEAR_P1";"INTERVAL";"PROBE";4;63;0x00001d2a;302;1955026;776242;441223;1128282;1131157;424;0;NOSTRESS
138871875108;16876;"NEAR_P1";"INTERVAL";"PROBE";4;63;0x00001d2a;302;1955697;775625;439006;1122314;1133862;12;0;NOSTRESS
138871891988;16991;"NEAR_P1";"INTERVAL";"PROBE";4;63;0x00001d2a;302;1957690;777128;441280;1128838;1132816;471;0;NOSTRESS
138871908984;26584;"TRAJ_R1";"INTERVAL";"PROBE";4;63;0x00001d2a;302;2783631;1135564;710999;1735398;1755624;547;0;NOSTRESS
138873169909;367090;"MAF";"INTERVAL";"PROBE";4;63;0x00001d2a;303;42033976;16714118;9557361;24369846;24478333;9617;0;NOSTRESS
138873169933;77;"SENS_C1";"INTERVAL";"PROBE";4;63;0x00001d2a;303;838;659;448;1209;0;140;0;NOSTRESS
138873170015;98;"LOC_C1";"INTERVAL";"PROBE";4;63;0x00001d2a;303;3970;1903;1281;3267;1872;168;0;NOSTRESS
138873170118;23;"LOC_C2";"INTERVAL";"PROBE";4;63;0x00001d2a;303;353;302;199;620;17;24;0;NOSTRESS
138873170145;92;"LOC_C3";"INTERVAL";"PROBE";4;63;0x00001d2a;303;8864;2425;1690;7611;3847;69;0;NOSTRESS
138873170242;25;"LOC_C4";"INTERVAL";"PROBE";4;63;0x00001d2a;303;381;287;214;649;0;30;0;NOSTRESS
138873170271;17130;"NEAR_P1";"INTERVAL";"PROBE";4;63;0x00001d2a;303;1965038;779921;442222;1134036;1135874;1034;0;NOSTRESS
138873187405;16872;"NEAR_P1";"INTERVAL";"PROBE";4;63;0x00001d2a;303;1955264;775514;439051;1122875;1133517;15;0;NOSTRESS
138873204281;17099;"NEAR_P1";"INTERVAL";"PROBE";4;63;0x00001d2a;303;1960747;778276;442436;1132947;1133488;896;0;NOSTRESS
138873221384;16867;"NEAR_P1";"INTERVAL";"PROBE";4;63;0x00001d2a;303;1954621;775309;438951;1122650;1133139;16;0;NOSTRESS
138873238256;17018;"NEAR_P1";"INTERVAL";"PROBE";4;63;0x00001d2a;303;1958642;777570;442087;1131555;1132791;667;0;NOSTRESS
138873255278;16867;"NEAR_P1";"INTERVAL";"PROBE";4;63;0x00001d2a;303;1954750;775340;438982;1122643;1133170;9;0;NOSTRESS
138873272149;16967;"NEAR_P1";"INTERVAL";"PROBE";4;63;0x00001d2a;303;1957337;776843;441347;1129218;1132677;526;0;NOSTRESS
138873289120;16974;"NEAR_P1";"INTERVAL";"PROBE";4;63;0x00001d2a;303;1959396;777508;441475;1129520;1133886;464;0;NOSTRESS
138873306099;16861;"NEAR_P1";"INTERVAL";"PROBE";4;63;0x00001d2a;303;1950459;773849;438773;1121351;1130833;18;0;NOSTRESS
138873322964;17019;"NEAR_P1";"INTERVAL";"PROBE";4;63;0x00001d2a;303;1958116;777372;442153;1131388;1132550;704;0;NOSTRESS
138873339987;16864;"NEAR_P1";"INTERVAL";"PROBE";4;63;0x00001d2a;303;1954699;774988;438959;1122173;1133371;21;0;NOSTRESS
138873356855;17017;"NEAR_P1";"INTERVAL";"PROBE";4;63;0x00001d2a;303;1960660;778141;442266;1131664;1134024;694;0;NOSTRESS
138873373876;16860;"NEAR_P1";"INTERVAL";"PROBE";4;63;0x00001d2a;303;1954032;774880;438925;1122069;1133006;22;0;NOSTRESS
138873390740;17006;"NEAR_P1";"INTERVAL";"PROBE";4;63;0x00001d2a;303;1958872;777543;442123;1131339;1133068;700;0;NOSTRESS
138873407751;16858;"NEAR_P1";"INTERVAL";"PROBE";4;63;0x00001d2a;303;1953341;774736;438880;1121993;1132476;20;0;NOSTRESS
138873424613;17012;"NEAR_P1";"INTERVAL";"PROBE";4;63;0x00001d2a;303;1959157;777709;442199;1131389;1132970;693;0;NOSTRESS
138873441629;16867;"NEAR_P1";"INTERVAL";"PROBE";4;63;0x00001d2a;303;1955398;775305;438994;1122284;1133912;16;0;NOSTRESS
138873458501;16967;"NEAR_P1";"INTERVAL";"PROBE";4;63;0x00001d2a;303;1957982;777111;441395;1129270;1133179;515;0;NOSTRESS
138873475472;16855;"NEAR_P1";"INTERVAL";"PROBE";4;63;0x00001d2a;303;1952365;774448;438838;1121803;1132031;14;0;NOSTRESS
138873492331;17205;"NEAR_P1";"INTERVAL";"PROBE";4;63;0x00001d2a;303;1959492;777792;442243;1131188;1133336;830;0;NOSTRESS
138873509557;27438;"TRAJ_R1";"INTERVAL";"PROBE";4;63;0x00001d2a;303;2868839;1170922;734669;1792408;1809299;799;0;NOSTRESS
138874769941;367385;"MAF";"INTERVAL";"PROBE";4;63;0x00001d2a;304;42059847;16733100;9577036;24401371;24500996;7041;0;NOSTRESS
138874769964;80;"SENS_C1";"INTERVAL";"PROBE";4;63;0x00001d2a;304;777;650;446;1093;0;124;0;NOSTRESS
138874770048;99;"LOC_C1";"INTERVAL";"PROBE";4;63;0x00001d2a;304;3724;1807;1241;3079;1801;162;0;NOSTRESS
138874770151;24;"LOC_C2";"INTERVAL";"PROBE";4;63;0x00001d2a;304;348;298;197;601;17;22;0;NOSTRESS
138874770180;94;"LOC_C3";"INTERVAL";"PROBE";4;63;0x00001d2a;304;8893;2445;1710;7691;3861;61;0;NOSTRESS
138874770278;26;"LOC_C4";"INTERVAL";"PROBE";4;63;0x00001d2a;304;341;272;207;575;0;29;0;NOSTRESS
138874770309;17136;"NEAR_P1";"INTERVAL";"PROBE";4;63;0x00001d2a;304;1958581;778242;442252;1133135;1132043;872;0;NOSTRESS
138874787450;16857;"NEAR_P1";"INTERVAL";"PROBE";4;63;0x00001d2a;304;1951304;774369;438883;1122160;1131144;13;0;NOSTRESS
138874804311;17021;"NEAR_P1";"INTERVAL";"PROBE";4;63;0x00001d2a;304;1956199;777037;442160;1131705;1130962;638;0;NOSTRESS
138874821337;16853;"NEAR_P1";"INTERVAL";"PROBE";4;63;0x00001d2a;304;1950910;774223;438820;1121776;1130979;10;0;NOSTRESS
138874838194;16970;"NEAR_P1";"INTERVAL";"PROBE";4;63;0x00001d2a;304;1957002;776986;441284;1128985;1132425;510;0;NOSTRESS
138874855168;16849;"NEAR_P1";"INTERVAL";"PROBE";4;63;0x00001d2a;304;1949677;773875;438836;1121394;1130184;8;0;NOSTRESS
138874872022;16951;"NEAR_P1";"INTERVAL";"PROBE";4;63;0x00001d2a;304;1955097;776300;441212;1128382;1131345;470;0;NOSTRESS
138874888977;16980;"NEAR_P1";"INTERVAL";"PROBE";4;63;0x00001d2a;304;1956220;776537;441388;1128646;1131974;504;0;NOSTRESS
138874905961;16848;"NEAR_P1";"INTERVAL";"PROBE";4;63;0x00001d2a;304;1949877;773781;438775;1121159;1130402;19;0;NOSTRESS
138874922813;16966;"NEAR_P1";"INTERVAL";"PROBE";4;63;0x00001d2a;304;1956895;776898;441375;1128946;1132318;472;0;NOSTRESS
138874939783;16855;"NEAR_P1";"INTERVAL";"PROBE";4;63;0x00001d2a;304;1951330;774102;438799;1121497;1131248;20;0;NOSTRESS
138874956642;16986;"NEAR_P1";"INTERVAL";"PROBE";4;63;0x00001d2a;304;1955740;776378;441146;1128425;1131776;462;0;NOSTRESS
138874973633;16849;"NEAR_P1";"INTERVAL";"PROBE";4;63;0x00001d2a;304;1950200;773918;438882;1121348;1130548;19;0;NOSTRESS
138874990487;16959;"NEAR_P1";"INTERVAL";"PROBE";4;63;0x00001d2a;304;1954223;775714;442627;1128690;1130281;381;0;NOSTRESS
138875007450;16843;"NEAR_P1";"INTERVAL";"PROBE";4;63;0x00001d2a;304;1948951;773517;438797;1120921;1129924;15;0;NOSTRESS
138875024297;16992;"NEAR_P1";"INTERVAL";"PROBE";4;63;0x00001d2a;304;1954942;776196;441230;1128255;1131212;470;0;NOSTRESS
138875041293;16849;"NEAR_P1";"INTERVAL";"PROBE";4;63;0x00001d2a;304;1950179;773922;438832;1121138;1130606;17;0;NOSTRESS
138875058146;16946;"NEAR_P1";"INTERVAL";"PROBE";4;63;0x00001d2a;304;1954671;775999;441249;1128045;1131161;472;0;NOSTRESS
138875075097;16848;"NEAR_P1";"INTERVAL";"PROBE";4;63;0x00001d2a;304;1949494;773760;438860;1121344;1130174;12;0;NOSTRESS
138875091949;16937;"NEAR_P1";"INTERVAL";"PROBE";4;63;0x00001d2a;304;1951959;775365;441155;1127608;1129421;468;0;NOSTRESS
138875108907;28414;"TRAJ_R1";"INTERVAL";"PROBE";4;63;0x00001d2a;304;2972688;1213422;760628;1855536;1875190;548;0;NOSTRESS
138876369961;368162;"MAF";"INTERVAL";"PROBE";4;63;0x00001d2a;305;42169207;16770159;9600236;24460921;24577268;7386;0;NOSTRESS
138876369986;81;"SENS_C1";"INTERVAL";"PROBE";4;63;0x00001d2a;305;846;665;449;1216;0;137;0;NOSTRESS
138876370071;99;"LOC_C1";"INTERVAL";"PROBE";4;63;0x00001d2a;305;4000;1930;1281;3274;1892;168;0;NOSTRESS
138876370174;20;"LOC_C2";"INTERVAL";"PROBE";4;63;0x00001d2a;305;353;302;199;620;17;22;0;NOSTRESS
138876370199;93;"LOC_C3";"INTERVAL";"PROBE";4;63;0x00001d2a;305;8881;2422;1690;7642;3842;69;0;NOSTRESS
138876370297;24;"LOC_C4";"INTERVAL";"PROBE";4;63;0x00001d2a;305;376;285;214;623;0;30;0;NOSTRESS
138876370325;17147;"NEAR_P1";"INTERVAL";"PROBE";4;63;0x00001d2a;305;1959918;778421;442195;1133616;1132659;994;0;NOSTRESS
138876387476;16862;"NEAR_P1";"INTERVAL";"PROBE";4;63;0x00001d2a;305;1953662;774880;438933;1122599;1132710;14;0;NOSTRESS
138876404342;16956;"NEAR_P1";"INTERVAL";"PROBE";4;63;0x00001d2a;305;1956184;776364;441336;1128703;1132207;550;0;NOSTRESS
138876421303;16837;"NEAR_P1";"INTERVAL";"PROBE";4;63;0x00001d2a;305;1950515;773654;438718;1121003;1131181;8;0;NOSTRESS
138876438144;16943;"NEAR_P1";"INTERVAL";"PROBE";4;63;0x00001d2a;305;1955202;776019;441197;1128200;1131748;475;0;NOSTRESS
138876455091;16859;"NEAR_P1";"INTERVAL";"PROBE";4;63;0x00001d2a;305;1953660;774837;438871;1122008;1132945;6;0;NOSTRESS
138876471954;17017;"NEAR_P1";"INTERVAL";"PROBE";4;63;0x00001d2a;305;1956676;776876;442213;1131137;1131524;596;0;NOSTRESS
138876488975;16946;"NEAR_P1";"INTERVAL";"PROBE";4;63;0x00001d2a;305;1956538;776218;441251;1128449;1132607;475;0;NOSTRESS
138876505925;16850;"NEAR_P1";"INTERVAL";"PROBE";4;63;0x00001d2a;305;1952842;774336;438837;1121560;1132635;18;0;NOSTRESS
138876522780;16942;"NEAR_P1";"INTERVAL";"PROBE";4;63;0x00001d2a;305;1955624;776136;441234;1128388;1131967;464;0;NOSTRESS
138876539726;16856;"NEAR_P1";"INTERVAL";"PROBE";4;63;0x00001d2a;305;1953908;774624;438822;1121760;1133237;18;0;NOSTRESS
138876556586;16968;"NEAR_P1";"INTERVAL";"PROBE";4;63;0x00001d2a;305;1956302;776250;441266;1128346;1132487;416;0;NOSTRESS
138876573558;16828;"NEAR_P1";"INTERVAL";"PROBE";4;63;0x00001d2a;305;1948466;772882;438654;1120571;1130021;18;0;NOSTRESS
138876590390;16938;"NEAR_P1";"INTERVAL";"PROBE";4;63;0x00001d2a;305;1954660;775619;441168;1127807;1131636;462;0;NOSTRESS
138876607332;16849;"NEAR_P1";"INTERVAL";"PROBE";4;63;0x00001d2a;305;1952169;774199;438808;1121385;1132349;19;0;NOSTRESS
138876624186;16949;"NEAR_P1";"INTERVAL";"PROBE";4;63;0x00001d2a;305;1957084;776615;441266;1128543;1132969;456;0;NOSTRESS
138876641139;16851;"NEAR_P1";"INTERVAL";"PROBE";4;63;0x00001d2a;305;1952995;774593;438846;1121586;1132567;15;0;NOSTRESS
138876657994;17004;"NEAR_P1";"INTERVAL";"PROBE";4;63;0x00001d2a;305;1955212;776213;441508;1129647;1131332;584;0;NOSTRESS
138876675003;16843;"NEAR_P1";"INTERVAL";"PROBE";4;63;0x00001d2a;305;1951050;773814;438760;1121327;1131507;16;0;NOSTRESS
138876691850;16955;"NEAR_P1";"INTERVAL";"PROBE";4;63;0x00001d2a;305;1951614;774767;441014;1127063;1129735;527;0;NOSTRESS
138876708826;29293;"TRAJ_R1";"INTERVAL";"PROBE";4;63;0x00001d2a;305;3060837;1250131;785457;1914514;1931494;581;0;NOSTRESS
138877969929;369397;"MAF";"INTERVAL";"PROBE";4;63;0x00001d2a;306;42265911;16818337;9628458;24522735;24638363;7774;0;NOSTRESS
138877969951;82;"SENS_C1";"INTERVAL";"PROBE";4;63;0x00001d2a;306;846;668;449;1220;0;137;0;NOSTRESS
138877970037;97;"LOC_C1";"INTERVAL";"PROBE";4;63;0x00001d2a;306;3932;1889;1286;3253;1849;168;0;NOSTRESS
138877970139;19;"LOC_C2";"INTERVAL";"PROBE";4;63;0x00001d2a;306;351;302;199;619;17;22;0;NOSTRESS
138877970162;94;"LOC_C3";"INTERVAL";"PROBE";4;63;0x00001d2a;306;8869;2421;1689;7630;3853;68;0;NOSTRESS
138877970260;26;"LOC_C4";"INTERVAL";"PROBE";4;63;0x00001d2a;306;376;287;212;630;0;30;0;NOSTRESS
138877970290;17171;"NEAR_P1";"INTERVAL";"PROBE";4;63;0x00001d2a;306;1957600;778142;442089;1133020;1131384;1035;0;NOSTRESS
138877987466;16863;"NEAR_P1";"INTERVAL";"PROBE";4;63;0x00001d2a;306;1952474;775010;438937;1121907;1131873;16;0;NOSTRESS
138878004333;17151;"NEAR_P1";"INTERVAL";"PROBE";4;63;0x00001d2a;306;1954227;776191;441189;1128091;1130876;645;0;NOSTRESS
138878021488;16866;"NEAR_P1";"INTERVAL";"PROBE";4;63;0x00001d2a;306;1953395;775123;438903;1121652;1132644;12;0;NOSTRESS
138878038358;16951;"NEAR_P1";"INTERVAL";"PROBE";4;63;0x00001d2a;306;1955587;776506;441157;1127833;1131901;481;0;NOSTRESS
138878055313;16847;"NEAR_P1";"INTERVAL";"PROBE";4;63;0x00001d2a;306;1950376;774152;438719;1121002;1130950;8;0;NOSTRESS
138878072165;16942;"NEAR_P1";"INTERVAL";"PROBE";4;63;0x00001d2a;306;1955866;776352;441066;1127526;1132328;486;0;NOSTRESS
138878089111;16942;"NEAR_P1";"INTERVAL";"PROBE";4;63;0x00001d2a;306;1955601;776229;441086;1127557;1132242;458;0;NOSTRESS
138878106057;16836;"NEAR_P1";"INTERVAL";"PROBE";4;63;0x00001d2a;306;1949309;773609;438555;1120320;1130474;19;0;NOSTRESS
138878122897;17012;"NEAR_P1";"INTERVAL";"PROBE";4;63;0x00001d2a;306;1956450;777125;442041;1130539;1131714;583;0;NOSTRESS
138878139913;16846;"NEAR_P1";"INTERVAL";"PROBE";4;63;0x00001d2a;306;1951178;774220;438705;1120815;1131573;20;0;NOSTRESS
138878156763;16933;"NEAR_P1";"INTERVAL";"PROBE";4;63;0x00001d2a;306;1953520;775689;440994;1127338;1130754;478;0;NOSTRESS
138878173701;16847;"NEAR_P1";"INTERVAL";"PROBE";4;63;0x00001d2a;306;1951298;774182;438665;1120812;1131721;20;0;NOSTRESS
138878190552;16931;"NEAR_P1";"INTERVAL";"PROBE";4;63;0x00001d2a;306;1953264;775575;440966;1127266;1130746;458;0;NOSTRESS
138878207487;16848;"NEAR_P1";"INTERVAL";"PROBE";4;63;0x00001d2a;306;1952043;774318;438655;1120890;1132245;20;0;NOSTRESS
138878224339;16962;"NEAR_P1";"INTERVAL";"PROBE";4;63;0x00001d2a;306;1955156;776047;441061;1127707;1131847;422;0;NOSTRESS
138878241305;16854;"NEAR_P1";"INTERVAL";"PROBE";4;63;0x00001d2a;306;1953134;774810;438702;1121155;1132830;14;0;NOSTRESS
138878258163;16945;"NEAR_P1";"INTERVAL";"PROBE";4;63;0x00001d2a;306;1955176;776182;441099;1127436;1131751;478;0;NOSTRESS
138878275112;16842;"NEAR_P1";"INTERVAL";"PROBE";4;63;0x00001d2a;306;1950529;773971;438647;1120604;1131383;17;0;NOSTRESS
138878291959;16930;"NEAR_P1";"INTERVAL";"PROBE";4;63;0x00001d2a;306;1953413;775522;440941;1126947;1130788;469;0;NOSTRESS
138878308911;30410;"TRAJ_R1";"INTERVAL";"PROBE";4;63;0x00001d2a;306;3171538;1296327;815893;1988205;2000620;712;0;NOSTRESS
138879569914;370006;"MAF";"INTERVAL";"PROBE";4;63;0x00001d2a;307;42341896;16850524;9656590;24583182;24690086;6953;0;NOSTRESS
138879569935;78;"SENS_C1";"INTERVAL";"PROBE";4;63;0x00001d2a;307;738;630;439;1008;0;110;0;NOSTRESS
138879570017;101;"LOC_C1";"INTERVAL";"PROBE";4;63;0x00001d2a;307;3839;1852;1246;3126;1842;161;0;NOSTRESS
138879570122;22;"LOC_C2";"INTERVAL";"PROBE";4;63;0x00001d2a;307;345;294;197;599;17;22;0;NOSTRESS
138879570148;98;"LOC_C3";"INTERVAL";"PROBE";4;63;0x00001d2a;307;8922;2443;1691;7614;3907;60;0;NOSTRESS
138879570250;23;"LOC_C4";"INTERVAL";"PROBE";4;63;0x00001d2a;307;338;273;211;585;0;31;0;NOSTRESS
138879570277;17122;"NEAR_P1";"INTERVAL";"PROBE";4;63;0x00001d2a;307;1954978;776827;441893;1131496;1130435;861;0;NOSTRESS
138879587404;16837;"NEAR_P1";"INTERVAL";"PROBE";4;63;0x00001d2a;307;1949158;773445;438659;1120801;1130311;16;0;NOSTRESS
138879604245;16952;"NEAR_P1";"INTERVAL";"PROBE";4;63;0x00001d2a;307;1951027;774917;440930;1127235;1129185;473;0;NOSTRESS
138879621201;16822;"NEAR_P1";"INTERVAL";"PROBE";4;63;0x00001d2a;307;1946357;772588;438526;1119844;1128777;10;0;NOSTRESS
138879638027;16960;"NEAR_P1";"INTERVAL";"PROBE";4;63;0x00001d2a;307;1953642;775804;441078;1127664;1130822;503;0;NOSTRESS
138879654992;16841;"NEAR_P1";"INTERVAL";"PROBE";4;63;0x00001d2a;307;1950459;773934;438658;1120726;1131288;9;0;NOSTRESS
138879671838;16928;"NEAR_P1";"INTERVAL";"PROBE";4;63;0x00001d2a;307;1952166;775218;441007;1127333;1129944;491;0;NOSTRESS
138879688770;16940;"NEAR_P1";"INTERVAL";"PROBE";4;63;0x00001d2a;307;1954272;775983;441166;1127633;1131184;466;0;NOSTRESS
138879705714;16835;"NEAR_P1";"INTERVAL";"PROBE";4;63;0x00001d2a;307;1949242;773562;438639;1120288;1130498;20;0;NOSTRESS
138879722553;16931;"NEAR_P1";"INTERVAL";"PROBE";4;63;0x00001d2a;307;1952832;775428;441031;1127423;1130456;462;0;NOSTRESS
138879739489;16831;"NEAR_P1";"INTERVAL";"PROBE";4;63;0x00001d2a;307;1948069;773172;438636;1120184;1129820;20;0;NOSTRESS
138879756324;16923;"NEAR_P1";"INTERVAL";"PROBE";4;63;0x00001d2a;307;1951720;775097;441059;1126943;1129808;467;0;NOSTRESS
138879773251;16841;"NEAR_P1";"INTERVAL";"PROBE";4;63;0x00001d2a;307;1949249;773679;438740;1120519;1130457;19;0;NOSTRESS
138879790096;16992;"NEAR_P1";"INTERVAL";"PROBE";4;63;0x00001d2a;307;1954108;776148;441952;1129701;1130357;557;0;NOSTRESS
138879807093;16834;"NEAR_P1";"INTERVAL";"PROBE";4;63;0x00001d2a;307;1949473;773483;438578;1120265;1130641;17;0;NOSTRESS
138879823931;16939;"NEAR_P1";"INTERVAL";"PROBE";4;63;0x00001d2a;307;1954477;775997;441130;1127745;1131271;476;0;NOSTRESS
138879840874;16831;"NEAR_P1";"INTERVAL";"PROBE";4;63;0x00001d2a;307;1949307;773353;438646;1120234;1130554;16;0;NOSTRESS
138879857709;16930;"NEAR_P1";"INTERVAL";"PROBE";4;63;0x00001d2a;307;1953453;775497;441074;1127405;1130736;468;0;NOSTRESS
138879874643;16836;"NEAR_P1";"INTERVAL";"PROBE";4;63;0x00001d2a;307;1950655;773765;438684;1120473;1131190;15;0;NOSTRESS
138879891483;16968;"NEAR_P1";"INTERVAL";"PROBE";4;63;0x00001d2a;307;1953597;775446;441401;1127332;1130855;422;0;NOSTRESS
138879908455;31460;"TRAJ_R1";"INTERVAL";"PROBE";4;63;0x00001d2a;307;3289869;1344595;845272;2059703;2075731;547;0;NOSTRESS
138881169867;371605;"MAF";"INTERVAL";"PROBE";4;63;0x00001d2a;308;42537304;16916035;9688814;24670060;24809055;7772;0;NOSTRESS
138881169890;85;"SENS_C1";"INTERVAL";"PROBE";4;63;0x00001d2a;308;828;651;448;1199;0;136;0;NOSTRESS
138881169979;97;"LOC_C1";"INTERVAL";"PROBE";4;63;0x00001d2a;308;3905;1891;1287;3261;1840;171;0;NOSTRESS
138881170080;21;"LOC_C2";"INTERVAL";"PROBE";4;63;0x00001d2a;308;351;302;199;619;17;20;0;NOSTRESS
138881170105;99;"LOC_C3";"INTERVAL";"PROBE";4;63;0x00001d2a;308;8880;2424;1690;7621;3854;68;0;NOSTRESS
138881170208;28;"LOC_C4";"INTERVAL";"PROBE";4;63;0x00001d2a;308;377;287;213;632;0;31;0;NOSTRESS
138881170241;17188;"NEAR_P1";"INTERVAL";"PROBE";4;63;0x00001d2a;308;1963377;779720;442487;1135166;1134274;1150;0;NOSTRESS
138881187433;16851;"NEAR_P1";"INTERVAL";"PROBE";4;63;0x00001d2a;308;1953313;774590;438814;1121417;1132630;16;0;NOSTRESS
138881204288;16954;"NEAR_P1";"INTERVAL";"PROBE";4;63;0x00001d2a;308;1957233;776381;441103;1128022;1132947;539;0;NOSTRESS
138881221247;16850;"NEAR_P1";"INTERVAL";"PROBE";4;63;0x00001d2a;308;1953039;774400;438777;1121083;1132563;12;0;NOSTRESS
138881238101;16938;"NEAR_P1";"INTERVAL";"PROBE";4;63;0x00001d2a;308;1956596;776061;441029;1127383;1132684;477;0;NOSTRESS
138881255043;16839;"NEAR_P1";"INTERVAL";"PROBE";4;63;0x00001d2a;308;1952169;773974;438638;1120434;1132190;8;0;NOSTRESS
138881271886;16976;"NEAR_P1";"INTERVAL";"PROBE";4;63;0x00001d2a;308;1956774;776283;440998;1127555;1132892;471;0;NOSTRESS
138881288866;16965;"NEAR_P1";"INTERVAL";"PROBE";4;63;0x00001d2a;308;1957649;776605;441072;1127938;1133354;456;0;NOSTRESS
138881305835;16849;"NEAR_P1";"INTERVAL";"PROBE";4;63;0x00001d2a;308;1953394;774400;438677;1121029;1133033;19;0;NOSTRESS
138881322688;16935;"NEAR_P1";"INTERVAL";"PROBE";4;63;0x00001d2a;308;1956019;775955;441038;1127338;1132387;455;0;NOSTRESS
138881339627;16856;"NEAR_P1";"INTERVAL";"PROBE";4;63;0x00001d2a;308;1953986;774657;438789;1121373;1133037;19;0;NOSTRESS
138881356487;16940;"NEAR_P1";"INTERVAL";"PROBE";4;63;0x00001d2a;308;1955839;776108;441058;1127594;1132081;464;0;NOSTRESS
138881373432;17025;"NEAR_P1";"INTERVAL";"PROBE";4;63;0x00001d2a;308;1953272;774344;438751;1120911;1132813;42;0;NOSTRESS
138881390462;16955;"NEAR_P1";"INTERVAL";"PROBE";4;63;0x00001d2a;308;1957579;776385;441072;1127669;1133279;581;0;NOSTRESS
138881407422;16860;"NEAR_P1";"INTERVAL";"PROBE";4;63;0x00001d2a;308;1954636;775053;438807;1121417;1133549;15;0;NOSTRESS
138881424286;16938;"NEAR_P1";"INTERVAL";"PROBE";4;63;0x00001d2a;308;1955284;775902;441036;1127408;1131851;473;0;NOSTRESS
138881441229;16839;"NEAR_P1";"INTERVAL";"PROBE";4;63;0x00001d2a;308;1951342;773817;438684;1120575;1131676;15;0;NOSTRESS
138881458073;17025;"NEAR_P1";"INTERVAL";"PROBE";4;63;0x00001d2a;308;1961783;778276;442217;1131195;1134811;579;0;NOSTRESS
138881475102;16852;"NEAR_P1";"INTERVAL";"PROBE";4;63;0x00001d2a;308;1954624;774620;438729;1121197;1133699;10;0;NOSTRESS
138881491958;16942;"NEAR_P1";"INTERVAL";"PROBE";4;63;0x00001d2a;308;1956466;776058;441040;1127582;1132681;481;0;NOSTRESS
138881508904;32564;"TRAJ_R1";"INTERVAL";"PROBE";4;63;0x00001d2a;308;3398254;1389438;875612;2131719;2144913;553;0;NOSTRESS
138882769916;372410;"MAF";"INTERVAL";"PROBE";4;63;0x00001d2a;309;42597266;16951593;9721735;24740144;24851252;7126;0;NOSTRESS
138882769939;80;"SENS_C1";"INTERVAL";"PROBE";4;63;0x00001d2a;309;755;636;441;1047;0;118;0;NOSTRESS
138882770024;103;"LOC_C1";"INTERVAL";"PROBE";4;63;0x00001d2a;309;3860;1863;1251;3121;1857;158;0;NOSTRESS
138882770132;18;"LOC_C2";"INTERVAL";"PROBE";4;63;0x00001d2a;309;342;292;195;591;17;21;0;NOSTRESS
138882770155;93;"LOC_C3";"INTERVAL";"PROBE";4;63;0x00001d2a;309;8884;2440;1709;7742;3840;63;0;NOSTRESS
138882770252;25;"LOC_C4";"INTERVAL";"PROBE";4;63;0x00001d2a;309;350;280;212;605;0;32;0;NOSTRESS
138882770281;17130;"NEAR_P1";"INTERVAL";"PROBE";4;63;0x00001d2a;309;1959943;778578;442030;1132451;1133277;777;0;NOSTRESS
138882787416;16839;"NEAR_P1";"INTERVAL";"PROBE";4;63;0x00001d2a;309;1949062;773506;438754;1120958;1130029;14;0;NOSTRESS
138882804259;16982;"NEAR_P1";"INTERVAL";"PROBE";4;63;0x00001d2a;309;1956473;776658;441700;1129817;1131853;674;0;NOSTRESS
138882821246;16839;"NEAR_P1";"INTERVAL";"PROBE";4;63;0x00001d2a;309;1949095;773497;438711;1120758;1130117;11;0;NOSTRESS
138882838089;16944;"NEAR_P1";"INTERVAL";"PROBE";4;63;0x00001d2a;309;1954350;775788;441134;1127540;1131245;519;0;NOSTRESS
138882855037;16835;"NEAR_P1";"INTERVAL";"PROBE";4;63;0x00001d2a;309;1949400;773339;438670;1120407;1130569;8;0;NOSTRESS
138882871876;16936;"NEAR_P1";"INTERVAL";"PROBE";4;63;0x00001d2a;309;1953920;775725;441132;1127540;1130929;483;0;NOSTRESS
138882888817;16943;"NEAR_P1";"INTERVAL";"PROBE";4;63;0x00001d2a;309;1953910;775534;441035;1127336;1131169;459;0;NOSTRESS
138882905764;16844;"NEAR_P1";"INTERVAL";"PROBE";4;63;0x00001d2a;309;1950527;773690;438725;1120606;1131295;20;0;NOSTRESS
138882922612;16975;"NEAR_P1";"INTERVAL";"PROBE";4;63;0x00001d2a;309;1955659;776067;441080;1127662;1132132;451;0;NOSTRESS
138882939592;16828;"NEAR_P1";"INTERVAL";"PROBE";4;63;0x00001d2a;309;1948980;773093;438577;1120089;1130470;20;0;NOSTRESS
138882956425;16961;"NEAR_P1";"INTERVAL";"PROBE";4;63;0x00001d2a;309;1955022;776052;441110;1127643;1131823;473;0;NOSTRESS
138882973390;16836;"NEAR_P1";"INTERVAL";"PROBE";4;63;0x00001d2a;309;1949478;773362;438695;1120296;1130701;18;0;NOSTRESS
138882990231;16950;"NEAR_P1";"INTERVAL";"PROBE";4;63;0x00001d2a;309;1956796;776567;441229;1128079;1132740;471;0;NOSTRESS
138883007185;16843;"NEAR_P1";"INTERVAL";"PROBE";4;63;0x00001d2a;309;1950947;773904;438737;1120633;1131547;17;0;NOSTRESS
138883024032;16930;"NEAR_P1";"INTERVAL";"PROBE";4;63;0x00001d2a;309;1953255;775316;441101;1126995;1130767;466;0;NOSTRESS
138883040966;16831;"NEAR_P1";"INTERVAL";"PROBE";4;63;0x00001d2a;309;1948642;773147;438631;1120105;1130295;18;0;NOSTRESS
138883057801;16935;"NEAR_P1";"INTERVAL";"PROBE";4;63;0x00001d2a;309;1954554;775711;441101;1127262;1131530;469;0;NOSTRESS
138883074741;16827;"NEAR_P1";"INTERVAL";"PROBE";4;63;0x00001d2a;309;1947901;772861;438647;1119917;1129676;14;0;NOSTRESS
138883091572;16938;"NEAR_P1";"INTERVAL";"PROBE";4;63;0x00001d2a;309;1953937;775654;441198;1127322;1131090;470;0;NOSTRESS
138883108531;33790;"TRAJ_R1";"INTERVAL";"PROBE";4;63;0x00001d2a;309;3521583;1440930;909882;2214320;2222284;636;0;NOSTRESS
138884369914;373511;"MAF";"INTERVAL";"PROBE";4;63;0x00001d2a;310;42698523;16996529;9755519;24818246;24912916;7262;0;NOSTRESS
138884369938;82;"SENS_C1";"INTERVAL";"PROBE";4;63;0x00001d2a;310;840;660;449;1206;0;133;0;NOSTRESS
138884370025;102;"LOC_C1";"INTERVAL";"PROBE";4;63;0x00001d2a;310;3935;1909;1280;3272;1852;171;0;NOSTRESS
138884370131;19;"LOC_C2";"INTERVAL";"PROBE";4;63;0x00001d2a;310;351;302;199;619;17;22;0;NOSTRESS
138884370154;99;"LOC_C3";"INTERVAL";"PROBE";4;63;0x00001d2a;310;8909;2444;1694;7702;3844;72;0;NOSTRESS
138884370257;23;"LOC_C4";"INTERVAL";"PROBE";4;63;0x00001d2a;310;357;280;212;603;0;32;0;NOSTRESS
138884370284;17137;"NEAR_P1";"INTERVAL";"PROBE";4;63;0x00001d2a;310;1956976;777602;442002;1132582;1130829;1030;0;NOSTRESS
138884387426;16829;"NEAR_P1";"INTERVAL";"PROBE";4;63;0x00001d2a;310;1948502;773161;438682;1120599;1129694;14;0;NOSTRESS
138884404259;16938;"NEAR_P1";"INTERVAL";"PROBE";4;63;0x00001d2a;310;1952858;775433;441072;1127554;1130188;537;0;NOSTRESS
138884421201;16834;"NEAR_P1";"INTERVAL";"PROBE";4;63;0x00001d2a;310;1950088;773477;438641;1120465;1130882;9;0;NOSTRESS
138884438040;16935;"NEAR_P1";"INTERVAL";"PROBE";4;63;0x00001d2a;310;1954676;775861;441064;1127406;1131440;474;0;NOSTRESS
138884454979;16826;"NEAR_P1";"INTERVAL";"PROBE";4;63;0x00001d2a;310;1947864;772929;438584;1120189;1129449;11;0;NOSTRESS
138884471810;16976;"NEAR_P1";"INTERVAL";"PROBE";4;63;0x00001d2a;310;1953494;775621;441525;1128796;1129962;610;0;NOSTRESS
138884488790;16914;"NEAR_P1";"INTERVAL";"PROBE";4;63;0x00001d2a;310;1949944;774369;440856;1126325;1128653;503;0;NOSTRESS
138884505708;16843;"NEAR_P1";"INTERVAL";"PROBE";4;63;0x00001d2a;310;1950980;774008;438687;1120720;1131390;19;0;NOSTRESS
138884522555;16928;"NEAR_P1";"INTERVAL";"PROBE";4;63;0x00001d2a;310;1953686;775394;441074;1127170;1130699;456;0;NOSTRESS
138884539487;16829;"NEAR_P1";"INTERVAL";"PROBE";4;63;0x00001d2a;310;1948033;773118;438553;1120195;1129387;19;0;NOSTRESS
138884556320;16922;"NEAR_P1";"INTERVAL";"PROBE";4;63;0x00001d2a;310;1951913;774989;441044;1126751;1129772;467;0;NOSTRESS
138884573246;16821;"NEAR_P1";"INTERVAL";"PROBE";4;63;0x00001d2a;310;1947919;772723;438523;1119717;1129612;18;0;NOSTRESS
138884590072;16958;"NEAR_P1";"INTERVAL";"PROBE";4;63;0x00001d2a;310;1952301;774970;441084;1126711;1130116;409;0;NOSTRESS
138884607034;16831;"NEAR_P1";"INTERVAL";"PROBE";4;63;0x00001d2a;310;1948527;773158;438602;1120142;1129829;17;0;NOSTRESS
138884623870;16940;"NEAR_P1";"INTERVAL";"PROBE";4;63;0x00001d2a;310;1950428;774407;440873;1126403;1128836;468;0;NOSTRESS
138884640815;16827;"NEAR_P1";"INTERVAL";"PROBE";4;63;0x00001d2a;310;1948156;772875;438621;1119945;1129635;17;0;NOSTRESS
138884657646;16928;"NEAR_P1";"INTERVAL";"PROBE";4;63;0x00001d2a;310;1952785;775218;440985;1127111;1130274;470;0;NOSTRESS
138884674578;16831;"NEAR_P1";"INTERVAL";"PROBE";4;63;0x00001d2a;310;1949664;773328;438647;1120231;1130425;14;0;NOSTRESS
138884691413;16930;"NEAR_P1";"INTERVAL";"PROBE";4;63;0x00001d2a;310;1952741;775394;441102;1127061;1130108;477;0;NOSTRESS
138884708348;35073;"TRAJ_R1";"INTERVAL";"PROBE";4;63;0x00001d2a;310;3652958;1495801;945412;2299452;2306023;551;0;NOSTRESS
138885969955;375261;"MAF";"INTERVAL";"PROBE";4;63;0x00001d2a;311;42892765;17072184;9792876;24920003;25037392;7798;0;NOSTRESS
138885969976;224;"SENS_C1";"INTERVAL";"PROBE";4;63;0x00001d2a;311;864;685;456;1252;0;150;0;NOSTRESS
138885970204;98;"LOC_C1";"INTERVAL";"PROBE";4;63;0x00001d2a;311;3918;1891;1277;3265;1839;172;0;NOSTRESS
138885970306;23;"LOC_C2";"INTERVAL";"PROBE";4;63;0x00001d2a;311;351;302;199;619;17;22;0;NOSTRESS
138885970333;95;"LOC_C3";"INTERVAL";"PROBE";4;63;0x00001d2a;311;8826;2392;1697;7714;3790;69;0;NOSTRESS
138885970432;26;"LOC_C4";"INTERVAL";"PROBE";4;63;0x00001d2a;311;370;282;214;637;0;32;0;NOSTRESS
138885970463;17235;"NEAR_P1";"INTERVAL";"PROBE";4;63;0x00001d2a;311;1961339;779242;443111;1135826;1132830;1312;0;NOSTRESS
138885987702;16843;"NEAR_P1";"INTERVAL";"PROBE";4;63;0x00001d2a;311;1951624;774095;438689;1120858;1131927;18;0;NOSTRESS
138886004549;16980;"NEAR_P1";"INTERVAL";"PROBE";4;63;0x00001d2a;311;1955375;776234;441129;1128315;1131687;588;0;NOSTRESS
138886021534;16835;"NEAR_P1";"INTERVAL";"PROBE";4;63;0x00001d2a;311;1950305;773710;438606;1120500;1131099;11;0;NOSTRESS
138886038373;16946;"NEAR_P1";"INTERVAL";"PROBE";4;63;0x00001d2a;311;1956057;776387;441078;1127731;1132319;491;0;NOSTRESS
138886055324;16827;"NEAR_P1";"INTERVAL";"PROBE";4;63;0x00001d2a;311;1948664;773201;438581;1120177;1130039;9;0;NOSTRESS
138886072155;16948;"NEAR_P1";"INTERVAL";"PROBE";4;63;0x00001d2a;311;1957087;776810;441162;1128138;1132833;480;0;NOSTRESS
138886089108;16929;"NEAR_P1";"INTERVAL";"PROBE";4;63;0x00001d2a;311;1953774;775643;440989;1127221;1131114;465;0;NOSTRESS
138886106042;16853;"NEAR_P1";"INTERVAL";"PROBE";4;63;0x00001d2a;311;1953924;774778;438729;1121308;1133344;18;0;NOSTRESS
138886122899;16942;"NEAR_P1";"INTERVAL";"PROBE";4;63;0x00001d2a;311;1956177;776351;441136;1127920;1132433;458;0;NOSTRESS
138886139845;16848;"NEAR_P1";"INTERVAL";"PROBE";4;63;0x00001d2a;311;1953117;774576;438679;1121224;1132845;19;0;NOSTRESS
138886156698;16933;"NEAR_P1";"INTERVAL";"PROBE";4;63;0x00001d2a;311;1954706;775795;440989;1127382;1131671;469;0;NOSTRESS
138886173635;16840;"NEAR_P1";"INTERVAL";"PROBE";4;63;0x00001d2a;311;1951562;774060;438651;1120864;1131837;19;0;NOSTRESS
138886190480;16936;"NEAR_P1";"INTERVAL";"PROBE";4;63;0x00001d2a;311;1954598;776012;440987;1127436;1131556;468;0;NOSTRESS
138886207420;16833;"NEAR_P1";"INTERVAL";"PROBE";4;63;0x00001d2a;311;1949315;773589;438567;1120524;1130504;15;0;NOSTRESS
138886224257;16933;"NEAR_P1";"INTERVAL";"PROBE";4;63;0x00001d2a;311;1954093;775740;441002;1127286;1131238;467;0;NOSTRESS
138886241195;16847;"NEAR_P1";"INTERVAL";"PROBE";4;63;0x00001d2a;311;1952629;774443;438687;1121031;1132498;16;0;NOSTRESS
138886258047;16958;"NEAR_P1";"INTERVAL";"PROBE";4;63;0x00001d2a;311;1955964;776390;441025;1127928;1132374;472;0;NOSTRESS
138886275009;16832;"NEAR_P1";"INTERVAL";"PROBE";4;63;0x00001d2a;311;1949297;773459;438562;1120439;1130572;15;0;NOSTRESS
138886291845;16967;"NEAR_P1";"INTERVAL";"PROBE";4;63;0x00001d2a;311;1956868;776581;441162;1128123;1132823;476;0;NOSTRESS
138886308817;36395;"TRAJ_R1";"INTERVAL";"PROBE";4;63;0x00001d2a;311;3791593;1552078;980957;2385451;2394203;562;0;NOSTRESS
138887569947;376576;"MAF";"INTERVAL";"PROBE";4;63;0x00001d2a;312;43019990;17128853;9830823;25012126;25115923;7246;0;NOSTRESS
138887569970;78;"SENS_C1";"INTERVAL";"PROBE";4;63;0x00001d2a;312;857;682;450;1239;0;142;0;NOSTRESS
138887570053;97;"LOC_C1";"INTERVAL";"PROBE";4;63;0x00001d2a;312;3912;1891;1281;3273;1841;171;0;NOSTRESS
138887570154;21;"LOC_C2";"INTERVAL";"PROBE";4;63;0x00001d2a;312;353;302;199;620;17;22;0;NOSTRESS
138887570179;94;"LOC_C3";"INTERVAL";"PROBE";4;63;0x00001d2a;312;8733;2363;1690;7633;3767;69;0;NOSTRESS
138887570278;26;"LOC_C4";"INTERVAL";"PROBE";4;63;0x00001d2a;312;379;285;216;641;0;32;0;NOSTRESS
138887570308;17121;"NEAR_P1";"INTERVAL";"PROBE";4;63;0x00001d2a;312;1960504;779250;442184;1133465;1132732;966;0;NOSTRESS
138887587434;16857;"NEAR_P1";"INTERVAL";"PROBE";4;63;0x00001d2a;312;1951628;774549;438889;1122058;1131252;14;0;NOSTRESS
138887604295;16977;"NEAR_P1";"INTERVAL";"PROBE";4;63;0x00001d2a;312;1953217;775690;441081;1128005;1130179;551;0;NOSTRESS
138887621277;16846;"NEAR_P1";"INTERVAL";"PROBE";4;63;0x00001d2a;312;1951236;774301;438692;1121205;1131444;11;0;NOSTRESS
138887638128;16957;"NEAR_P1";"INTERVAL";"PROBE";4;63;0x00001d2a;312;1954218;775818;441029;1127525;1131180;486;0;NOSTRESS
138887655089;16831;"NEAR_P1";"INTERVAL";"PROBE";4;63;0x00001d2a;312;1949172;773395;438576;1120489;1130380;9;0;NOSTRESS
138887671924;16971;"NEAR_P1";"INTERVAL";"PROBE";4;63;0x00001d2a;312;1954183;775864;440959;1127558;1131109;480;0;NOSTRESS
138887688900;16961;"NEAR_P1";"INTERVAL";"PROBE";4;63;0x00001d2a;312;1954923;776118;441066;1127793;1131570;470;0;NOSTRESS
138887705865;16836;"NEAR_P1";"INTERVAL";"PROBE";4;63;0x00001d2a;312;1949473;773595;438586;1120491;1130461;19;0;NOSTRESS
138887722705;16937;"NEAR_P1";"INTERVAL";"PROBE";4;63;0x00001d2a;312;1954539;775997;441049;1127848;1131278;461;0;NOSTRESS
138887739647;16831;"NEAR_P1";"INTERVAL";"PROBE";4;63;0x00001d2a;312;1949020;773358;438490;1120400;1130275;19;0;NOSTRESS
138887756483;16924;"NEAR_P1";"INTERVAL";"PROBE";4;63;0x00001d2a;312;1952644;775274;440949;1127011;1130163;466;0;NOSTRESS
138887773411;16851;"NEAR_P1";"INTERVAL";"PROBE";4;63;0x00001d2a;312;1952228;774377;438698;1121265;1132204;18;0;NOSTRESS
138887790266;16998;"NEAR_P1";"INTERVAL";"PROBE";4;63;0x00001d2a;312;1955837;776448;441557;1129515;1131646;602;0;NOSTRESS
138887807268;16843;"NEAR_P1";"INTERVAL";"PROBE";4;63;0x00001d2a;312;1950952;774054;438641;1120883;1131478;19;0;NOSTRESS
138887824115;16959;"NEAR_P1";"INTERVAL";"PROBE";4;63;0x00001d2a;312;1953408;775618;440924;1127390;1130632;502;0;NOSTRESS
138887841078;16844;"NEAR_P1";"INTERVAL";"PROBE";4;63;0x00001d2a;312;1951479;774127;438637;1120755;1131651;17;0;NOSTRESS
138887857927;16939;"NEAR_P1";"INTERVAL";"PROBE";4;63;0x00001d2a;312;1952997;775395;441002;1127097;1130558;472;0;NOSTRESS
138887874870;16828;"NEAR_P1";"INTERVAL";"PROBE";4;63;0x00001d2a;312;1948366;773113;438556;1120212;1129962;16;0;NOSTRESS
138887891702;16946;"NEAR_P1";"INTERVAL";"PROBE";4;63;0x00001d2a;312;1956537;776507;441097;1127893;1132613;470;0;NOSTRESS
138887908653;37866;"TRAJ_R1";"INTERVAL";"PROBE";4;63;0x00001d2a;312;3939551;1613390;1020274;2480535;2487531;502;0;NOSTRESS
138889169888;378335;"MAF";"INTERVAL";"PROBE";4;63;0x00001d2a;313;43163383;17193599;9873451;25120500;25195890;7616;0;NOSTRESS
138889169913;76;"SENS_C1";"INTERVAL";"PROBE";4;63;0x00001d2a;313;860;673;450;1242;0;144;0;NOSTRESS
138889169993;99;"LOC_C1";"INTERVAL";"PROBE";4;63;0x00001d2a;313;3856;1869;1276;3247;1805;169;0;NOSTRESS
138889170096;19;"LOC_C2";"INTERVAL";"PROBE";4;63;0x00001d2a;313;351;302;199;619;17;22;0;NOSTRESS
138889170120;96;"LOC_C3";"INTERVAL";"PROBE";4;63;0x00001d2a;313;8870;2418;1689;7666;3849;69;0;NOSTRESS
138889170220;26;"LOC_C4";"INTERVAL";"PROBE";4;63;0x00001d2a;313;369;282;213;636;0;32;0;NOSTRESS
138889170250;17130;"NEAR_P1";"INTERVAL";"PROBE";4;63;0x00001d2a;313;1953958;777230;442019;1132937;1128408;1035;0;NOSTRESS
138889187385;16851;"NEAR_P1";"INTERVAL";"PROBE";4;63;0x00001d2a;313;1949149;773989;438837;1121970;1129342;14;0;NOSTRESS
138889204241;16946;"NEAR_P1";"INTERVAL";"PROBE";4;63;0x00001d2a;313;1952287;775504;441183;1128221;1129292;534;0;NOSTRESS
138889221191;16856;"NEAR_P1";"INTERVAL";"PROBE";4;63;0x00001d2a;313;1950687;774362;438909;1121924;1130433;10;0;NOSTRESS
138889238051;16947;"NEAR_P1";"INTERVAL";"PROBE";4;63;0x00001d2a;313;1953757;775907;441193;1128161;1130255;488;0;NOSTRESS
138889255002;17004;"NEAR_P1";"INTERVAL";"PROBE";4;63;0x00001d2a;313;1946799;773185;438739;1121132;1128139;30;0;NOSTRESS
138889272010;16981;"NEAR_P1";"INTERVAL";"PROBE";4;63;0x00001d2a;313;1951573;775377;441099;1127939;1128779;592;0;NOSTRESS
138889288996;16980;"NEAR_P1";"INTERVAL";"PROBE";4;63;0x00001d2a;313;1954161;776024;441177;1128374;1130518;482;0;NOSTRESS
138889305980;16845;"NEAR_P1";"INTERVAL";"PROBE";4;63;0x00001d2a;313;1948321;773615;438749;1121246;1129259;18;0;NOSTRESS
138889322829;16982;"NEAR_P1";"INTERVAL";"PROBE";4;63;0x00001d2a;313;1954170;776007;441142;1128193;1130774;457;0;NOSTRESS
138889339816;16850;"NEAR_P1";"INTERVAL";"PROBE";4;63;0x00001d2a;313;1950125;774029;438832;1121445;1130211;19;0;NOSTRESS
138889356670;16968;"NEAR_P1";"INTERVAL";"PROBE";4;63;0x00001d2a;313;1953613;776049;441208;1128261;1130305;469;0;NOSTRESS
138889373642;16849;"NEAR_P1";"INTERVAL";"PROBE";4;63;0x00001d2a;313;1949553;773837;438804;1121229;1129992;20;0;NOSTRESS
138889390495;16933;"NEAR_P1";"INTERVAL";"PROBE";4;63;0x00001d2a;313;1950888;775207;441109;1127671;1128625;467;0;NOSTRESS
138889407433;16849;"NEAR_P1";"INTERVAL";"PROBE";4;63;0x00001d2a;313;1949838;773991;438843;1121427;1130155;17;0;NOSTRESS
138889424287;16952;"NEAR_P1";"INTERVAL";"PROBE";4;63;0x00001d2a;313;1955165;776423;441295;1128456;1131109;472;0;NOSTRESS
138889441243;16854;"NEAR_P1";"INTERVAL";"PROBE";4;63;0x00001d2a;313;1950686;774141;438815;1121497;1130673;15;0;NOSTRESS
138889458101;16954;"NEAR_P1";"INTERVAL";"PROBE";4;63;0x00001d2a;313;1955030;776222;441304;1128300;1131138;471;0;NOSTRESS
138889475060;16849;"NEAR_P1";"INTERVAL";"PROBE";4;63;0x00001d2a;313;1949907;773874;438822;1121361;1130167;15;0;NOSTRESS
138889491913;16949;"NEAR_P1";"INTERVAL";"PROBE";4;63;0x00001d2a;313;1954428;776174;441288;1128267;1130786;482;0;NOSTRESS
138889508867;39351;"TRAJ_R1";"INTERVAL";"PROBE";4;63;0x00001d2a;313;4104623;1679469;1059706;2578352;2591859;566;0;NOSTRESS
138890769875;380115;"MAF";"INTERVAL";"PROBE";4;63;0x00001d2a;314;43403649;17284837;9918541;25237501;25347526;6805;0;NOSTRESS
138890769898;81;"SENS_C1";"INTERVAL";"PROBE";4;63;0x00001d2a;314;752;637;441;1053;0;115;0;NOSTRESS
138890769983;100;"LOC_C1";"INTERVAL";"PROBE";4;63;0x00001d2a;314;3771;1833;1240;3095;1826;158;0;NOSTRESS
138890770087;19;"LOC_C2";"INTERVAL";"PROBE";4;63;0x00001d2a;314;344;292;195;592;17;22;0;NOSTRESS
138890770110;95;"LOC_C3";"INTERVAL";"PROBE";4;63;0x00001d2a;314;8794;2423;1704;7676;3792;61;0;NOSTRESS
138890770210;27;"LOC_C4";"INTERVAL";"PROBE";4;63;0x00001d2a;314;346;278;210;585;0;30;0;NOSTRESS
138890770242;17122;"NEAR_P1";"INTERVAL";"PROBE";4;63;0x00001d2a;314;1961502;779624;442361;1134125;1133291;786;0;NOSTRESS
138890787369;16870;"NEAR_P1";"INTERVAL";"PROBE";4;63;0x00001d2a;314;1951578;775142;439080;1123050;1130772;18;0;NOSTRESS
138890804243;17006;"NEAR_P1";"INTERVAL";"PROBE";4;63;0x00001d2a;314;1956240;777247;441413;1129582;1131617;474;0;NOSTRESS
138890821254;16862;"NEAR_P1";"INTERVAL";"PROBE";4;63;0x00001d2a;314;1950570;774590;439068;1122317;1130410;9;0;NOSTRESS
138890838121;16991;"NEAR_P1";"INTERVAL";"PROBE";4;63;0x00001d2a;314;1955626;776708;441467;1128921;1131411;495;0;NOSTRESS
138890855116;16875;"NEAR_P1";"INTERVAL";"PROBE";4;63;0x00001d2a;314;1953410;775500;439181;1122869;1132163;9;0;NOSTRESS
138890871995;16961;"NEAR_P1";"INTERVAL";"PROBE";4;63;0x00001d2a;314;1957418;777026;441445;1129106;1132630;469;0;NOSTRESS
138890888960;16984;"NEAR_P1";"INTERVAL";"PROBE";4;63;0x00001d2a;314;1957810;777217;441371;1128987;1132981;467;0;NOSTRESS
138890905948;16857;"NEAR_P1";"INTERVAL";"PROBE";4;63;0x00001d2a;314;1952367;774688;438992;1121909;1131647;19;0;NOSTRESS
138890922809;16996;"NEAR_P1";"INTERVAL";"PROBE";4;63;0x00001d2a;314;1958396;777332;441407;1128935;1133350;463;0;NOSTRESS
138890939810;16855;"NEAR_P1";"INTERVAL";"PROBE";4;63;0x00001d2a;314;1951648;774577;438938;1121926;1131331;18;0;NOSTRESS
138890956669;16977;"NEAR_P1";"INTERVAL";"PROBE";4;63;0x00001d2a;314;1956784;776946;441402;1128997;1132185;464;0;NOSTRESS
138890973650;16866;"NEAR_P1";"INTERVAL";"PROBE";4;63;0x00001d2a;314;1953944;775244;439030;1122446;1132661;17;0;NOSTRESS
138890990521;16989;"NEAR_P1";"INTERVAL";"PROBE";4;63;0x00001d2a;314;1957183;776948;441396;1128703;1132594;459;0;NOSTRESS
138891007514;16849;"NEAR_P1";"INTERVAL";"PROBE";4;63;0x00001d2a;314;1950500;774103;438895;1121630;1130716;15;0;NOSTRESS
138891024367;16999;"NEAR_P1";"INTERVAL";"PROBE";4;63;0x00001d2a;314;1957830;777368;441375;1129275;1132899;481;0;NOSTRESS
138891041370;16865;"NEAR_P1";"INTERVAL";"PROBE";4;63;0x00001d2a;314;1953795;775210;439085;1122449;1132532;17;0;NOSTRESS
138891058239;16965;"NEAR_P1";"INTERVAL";"PROBE";4;63;0x00001d2a;314;1957967;777445;441476;1129383;1132772;469;0;NOSTRESS
138891075209;16857;"NEAR_P1";"INTERVAL";"PROBE";4;63;0x00001d2a;314;1953026;774713;438994;1121891;1132116;15;0;NOSTRESS
138891092070;16949;"NEAR_P1";"INTERVAL";"PROBE";4;63;0x00001d2a;314;1956117;776605;441295;1128461;1131863;462;0;NOSTRESS
138891109041;40945;"TRAJ_R1";"INTERVAL";"PROBE";4;63;0x00001d2a;314;4276350;1748056;1101035;2680288;2699950;543;0;NOSTRESS
138892369852;381756;"MAF";"INTERVAL";"PROBE";4;63;0x00001d2a;315;43569012;17345669;9966732;25349712;25450443;7123;0;NOSTRESS
138892369875;81;"SENS_C1";"INTERVAL";"PROBE";4;63;0x00001d2a;315;740;625;436;1030;0;117;0;NOSTRESS
138892369960;93;"LOC_C1";"INTERVAL";"PROBE";4;63;0x00001d2a;315;3696;1808;1230;3080;1775;161;0;NOSTRESS
138892370057;19;"LOC_C2";"INTERVAL";"PROBE";4;63;0x00001d2a;315;347;293;195;600;17;22;0;NOSTRESS
138892370081;87;"LOC_C3";"INTERVAL";"PROBE";4;63;0x00001d2a;315;8804;2413;1709;7721;3782;59;0;NOSTRESS
138892370172;24;"LOC_C4";"INTERVAL";"PROBE";4;63;0x00001d2a;315;339;272;208;577;0;27;0;NOSTRESS
138892370200;17129;"NEAR_P1";"INTERVAL";"PROBE";4;63;0x00001d2a;315;1959348;778192;442288;1132684;1132201;765;0;NOSTRESS
138892387334;16870;"NEAR_P1";"INTERVAL";"PROBE";4;63;0x00001d2a;315;1953452;775196;439603;1123543;1131860;14;0;NOSTRESS
138892404208;16972;"NEAR_P1";"INTERVAL";"PROBE";4;63;0x00001d2a;315;1957912;777000;441923;1130166;1132518;547;0;NOSTRESS
138892421184;16865;"NEAR_P1";"INTERVAL";"PROBE";4;63;0x00001d2a;315;1953930;774899;439370;1123190;1132428;9;0;NOSTRESS
138892438053;16969;"NEAR_P1";"INTERVAL";"PROBE";4;63;0x00001d2a;315;1956573;776650;441775;1129666;1131955;487;0;NOSTRESS
138892455027;16871;"NEAR_P1";"INTERVAL";"PROBE";4;63;0x00001d2a;315;1954764;775357;439478;1123400;1132966;9;0;NOSTRESS
138892471902;16988;"NEAR_P1";"INTERVAL";"PROBE";4;63;0x00001d2a;315;1957750;776860;441776;1129683;1132936;480;0;NOSTRESS
138892488895;16978;"NEAR_P1";"INTERVAL";"PROBE";4;63;0x00001d2a;315;1957599;776897;441742;1129686;1132826;469;0;NOSTRESS
138892505877;16867;"NEAR_P1";"INTERVAL";"PROBE";4;63;0x00001d2a;315;1954900;775124;439430;1122924;1133304;19;0;NOSTRESS
138892522748;16961;"NEAR_P1";"INTERVAL";"PROBE";4;63;0x00001d2a;315;1959198;777174;441865;1129743;1133852;470;0;NOSTRESS
138892539714;16863;"NEAR_P1";"INTERVAL";"PROBE";4;63;0x00001d2a;315;1953982;774962;439403;1122871;1132808;18;0;NOSTRESS
138892556581;16948;"NEAR_P1";"INTERVAL";"PROBE";4;63;0x00001d2a;315;1956281;776301;441759;1129163;1132200;462;0;NOSTRESS
138892573533;16874;"NEAR_P1";"INTERVAL";"PROBE";4;63;0x00001d2a;315;1954528;775391;439459;1123429;1132734;17;0;NOSTRESS
138892590411;16988;"NEAR_P1";"INTERVAL";"PROBE";4;63;0x00001d2a;315;1956404;776542;441823;1129594;1131966;412;0;NOSTRESS
138892607404;16857;"NEAR_P1";"INTERVAL";"PROBE";4;63;0x00001d2a;315;1951852;774430;439433;1122564;1131177;16;0;NOSTRESS
138892624265;17167;"NEAR_P1";"INTERVAL";"PROBE";4;63;0x00001d2a;315;1956582;776785;441785;1129821;1131975;620;0;NOSTRESS
138892641436;16870;"NEAR_P1";"INTERVAL";"PROBE";4;63;0x00001d2a;315;1953378;774974;439491;1123190;1132190;16;0;NOSTRESS
138892658310;16992;"NEAR_P1";"INTERVAL";"PROBE";4;63;0x00001d2a;315;1955443;776374;441683;1129531;1131263;417;0;NOSTRESS
138892675306;16865;"NEAR_P1";"INTERVAL";"PROBE";4;63;0x00001d2a;315;1952890;774689;439420;1123023;1131913;12;0;NOSTRESS
138892692175;16995;"NEAR_P1";"INTERVAL";"PROBE";4;63;0x00001d2a;315;1957668;776903;441801;1129829;1132655;480;0;NOSTRESS
138892709192;42411;"TRAJ_R1";"INTERVAL";"PROBE";4;63;0x00001d2a;315;4430343;1812116;1141135;2778405;2797142;554;0;NOSTRESS
138893969844;382990;"MAF";"INTERVAL";"PROBE";4;63;0x00001d2a;316;43723925;17412266;10004917;25448012;25546084;6814;0;NOSTRESS
138893969866;80;"SENS_C1";"INTERVAL";"PROBE";4;63;0x00001d2a;316;755;623;438;1060;0;118;0;NOSTRESS
138893969950;93;"LOC_C1";"INTERVAL";"PROBE";4;63;0x00001d2a;316;3824;1841;1239;3097;1841;155;0;NOSTRESS
138893970047;20;"LOC_C2";"INTERVAL";"PROBE";4;63;0x00001d2a;316;351;294;197;608;17;22;0;NOSTRESS
138893970071;92;"LOC_C3";"INTERVAL";"PROBE";4;63;0x00001d2a;316;8724;2396;1698;7633;3759;61;0;NOSTRESS
138893970167;22;"LOC_C4";"INTERVAL";"PROBE";4;63;0x00001d2a;316;351;278;210;597;0;28;0;NOSTRESS
138893970193;17140;"NEAR_P1";"INTERVAL";"PROBE";4;63;0x00001d2a;316;1962315;779572;442434;1133552;1133935;830;0;NOSTRESS
138893987337;16881;"NEAR_P1";"INTERVAL";"PROBE";4;63;0x00001d2a;316;1955659;775880;439607;1124131;1133350;15;0;NOSTRESS
138894004222;16963;"NEAR_P1";"INTERVAL";"PROBE";4;63;0x00001d2a;316;1956941;776902;441831;1129910;1132004;516;0;NOSTRESS
138894021189;16870;"NEAR_P1";"INTERVAL";"PROBE";4;63;0x00001d2a;316;1954453;775272;439445;1123624;1132709;10;0;NOSTRESS
138894038063;16956;"NEAR_P1";"INTERVAL";"PROBE";4;63;0x00001d2a;316;1956240;776595;441743;1129670;1131596;486;0;NOSTRESS
138894055023;16874;"NEAR_P1";"INTERVAL";"PROBE";4;63;0x00001d2a;316;1955087;775542;439460;1123831;1133279;8;0;NOSTRESS
138894071901;16965;"NEAR_P1";"INTERVAL";"PROBE";4;63;0x00001d2a;316;1958464;777373;441853;1130066;1132950;470;0;NOSTRESS
138894088870;16967;"NEAR_P1";"INTERVAL";"PROBE";4;63;0x00001d2a;316;1957806;777407;441861;1130311;1132631;472;0;NOSTRESS
138894105841;16868;"NEAR_P1";"INTERVAL";"PROBE";4;63;0x00001d2a;316;1953359;775205;439444;1123479;1132013;20;0;NOSTRESS
138894122713;17001;"NEAR_P1";"INTERVAL";"PROBE";4;63;0x00001d2a;316;1959767;777720;441830;1130474;1133934;457;0;NOSTRESS
138894139718;16873;"NEAR_P1";"INTERVAL";"PROBE";4;63;0x00001d2a;316;1954358;775411;439512;1123600;1132675;21;0;NOSTRESS
138894156595;16978;"NEAR_P1";"INTERVAL";"PROBE";4;63;0x00001d2a;316;1956741;776906;441753;1129869;1132049;463;0;NOSTRESS
138894173578;16876;"NEAR_P1";"INTERVAL";"PROBE";4;63;0x00001d2a;316;1955623;775728;439494;1123665;1133466;20;0;NOSTRESS
138894190458;16973;"NEAR_P1";"INTERVAL";"PROBE";4;63;0x00001d2a;316;1959635;777916;441949;1130644;1133818;467;0;NOSTRESS
138894207435;16868;"NEAR_P1";"INTERVAL";"PROBE";4;63;0x00001d2a;316;1953647;775161;439497;1123487;1132279;20;0;NOSTRESS
138894224307;16952;"NEAR_P1";"INTERVAL";"PROBE";4;63;0x00001d2a;316;1955881;776548;441758;1129726;1131430;465;0;NOSTRESS
138894241263;16860;"NEAR_P1";"INTERVAL";"PROBE";4;63;0x00001d2a;316;1952048;774768;439364;1123012;1131335;17;0;NOSTRESS
138894258127;16999;"NEAR_P1";"INTERVAL";"PROBE";4;63;0x00001d2a;316;1958816;777503;441781;1130113;1133363;457;0;NOSTRESS
138894275131;16862;"NEAR_P1";"INTERVAL";"PROBE";4;63;0x00001d2a;316;1952417;774845;439376;1123228;1131337;16;0;NOSTRESS
138894291998;16986;"NEAR_P1";"INTERVAL";"PROBE";4;63;0x00001d2a;316;1958017;777309;441763;1130070;1132879;472;0;NOSTRESS
138894308989;43841;"TRAJ_R1";"INTERVAL";"PROBE";4;63;0x00001d2a;316;4573050;1870206;1179335;2869344;2887435;494;0;NOSTRESS
138895569891;383992;"MAF";"INTERVAL";"PROBE";4;63;0x00001d2a;317;43811434;17446705;10037626;25512592;25611353;7204;0;NOSTRESS
138895569913;83;"SENS_C1";"INTERVAL";"PROBE";4;63;0x00001d2a;317;740;614;437;1026;0;114;0;NOSTRESS
138895570001;92;"LOC_C1";"INTERVAL";"PROBE";4;63;0x00001d2a;317;3689;1798;1241;3084;1750;159;0;NOSTRESS
138895570097;19;"LOC_C2";"INTERVAL";"PROBE";4;63;0x00001d2a;317;342;292;195;591;17;21;0;NOSTRESS
138895570120;92;"LOC_C3";"INTERVAL";"PROBE";4;63;0x00001d2a;317;8816;2440;1704;7634;3836;60;0;NOSTRESS
138895570217;21;"LOC_C4";"INTERVAL";"PROBE";4;63;0x00001d2a;317;338;276;208;578;0;30;0;NOSTRESS
138895570243;17102;"NEAR_P1";"INTERVAL";"PROBE";4;63;0x00001d2a;317;1959682;778243;442350;1132589;1133014;770;0;NOSTRESS
138895587350;16838;"NEAR_P1";"INTERVAL";"PROBE";4;63;0x00001d2a;317;1949039;773417;439180;1121894;1129870;15;0;NOSTRESS
138895604192;17021;"NEAR_P1";"INTERVAL";"PROBE";4;63;0x00001d2a;317;1954191;776038;442455;1130983;1129842;624;0;NOSTRESS
138895621218;16849;"NEAR_P1";"INTERVAL";"PROBE";4;63;0x00001d2a;317;1950825;774065;439213;1122197;1131006;9;0;NOSTRESS
138895638071;16947;"NEAR_P1";"INTERVAL";"PROBE";4;63;0x00001d2a;317;1955042;776095;441621;1128780;1131295;504;0;NOSTRESS
138895655023;16856;"NEAR_P1";"INTERVAL";"PROBE";4;63;0x00001d2a;317;1952355;774525;439212;1122564;1131936;8;0;NOSTRESS
138895671884;16945;"NEAR_P1";"INTERVAL";"PROBE";4;63;0x00001d2a;317;1954641;775990;441634;1128801;1131103;486;0;NOSTRESS
138895688833;16981;"NEAR_P1";"INTERVAL";"PROBE";4;63;0x00001d2a;317;1956568;776474;441720;1129354;1132339;517;0;NOSTRESS
138895705818;16855;"NEAR_P1";"INTERVAL";"PROBE";4;63;0x00001d2a;317;1952540;774502;439251;1122217;1132213;21;0;NOSTRESS
138895722678;16967;"NEAR_P1";"INTERVAL";"PROBE";4;63;0x00001d2a;317;1954957;776109;441963;1130038;1130868;621;0;NOSTRESS
138895739650;16837;"NEAR_P1";"INTERVAL";"PROBE";4;63;0x00001d2a;317;1949085;773366;439120;1121369;1130114;20;0;NOSTRESS
138895756491;16934;"NEAR_P1";"INTERVAL";"PROBE";4;63;0x00001d2a;317;1953003;775377;441463;1128292;1130230;499;0;NOSTRESS
138895773430;16848;"NEAR_P1";"INTERVAL";"PROBE";4;63;0x00001d2a;317;1951847;774066;439284;1121845;1131747;20;0;NOSTRESS
138895790283;16970;"NEAR_P1";"INTERVAL";"PROBE";4;63;0x00001d2a;317;1954695;775850;441527;1128536;1131329;466;0;NOSTRESS
138895807257;16852;"NEAR_P1";"INTERVAL";"PROBE";4;63;0x00001d2a;317;1952130;774167;439278;1121883;1131981;20;0;NOSTRESS
138895824113;16969;"NEAR_P1";"INTERVAL";"PROBE";4;63;0x00001d2a;317;1955978;776192;441619;1128903;1132054;464;0;NOSTRESS
138895841086;16848;"NEAR_P1";"INTERVAL";"PROBE";4;63;0x00001d2a;317;1951507;773976;439219;1121828;1131660;17;0;NOSTRESS
138895857939;16949;"NEAR_P1";"INTERVAL";"PROBE";4;63;0x00001d2a;317;1956023;776242;441678;1128992;1131974;472;0;NOSTRESS
138895874892;16851;"NEAR_P1";"INTERVAL";"PROBE";4;63;0x00001d2a;317;1952317;774307;439212;1122090;1131975;13;0;NOSTRESS
138895891747;16933;"NEAR_P1";"INTERVAL";"PROBE";4;63;0x00001d2a;317;1953045;775265;441523;1128142;1130282;469;0;NOSTRESS
138895908702;45177;"TRAJ_R1";"INTERVAL";"PROBE";4;63;0x00001d2a;317;4718473;1929916;1215279;2959092;2978918;529;0;NOSTRESS
138897169908;385475;"MAF";"INTERVAL";"PROBE";4;63;0x00001d2a;318;43936382;17503879;10075880;25605486;25677992;7612;0;NOSTRESS
138897169929;73;"SENS_C1";"INTERVAL";"PROBE";4;63;0x00001d2a;318;751;634;436;1035;0;117;0;NOSTRESS
138897170006;88;"LOC_C1";"INTERVAL";"PROBE";4;63;0x00001d2a;318;3854;1865;1247;3141;1873;162;0;NOSTRESS
138897170099;18;"LOC_C2";"INTERVAL";"PROBE";4;63;0x00001d2a;318;344;292;195;592;17;20;0;NOSTRESS
138897170121;221;"LOC_C3";"INTERVAL";"PROBE";4;63;0x00001d2a;318;8750;2385;1680;7660;3796;75;0;NOSTRESS
138897170346;23;"LOC_C4";"INTERVAL";"PROBE";4;63;0x00001d2a;318;349;278;210;599;0;29;0;NOSTRESS
138897170373;17098;"NEAR_P1";"INTERVAL";"PROBE";4;63;0x00001d2a;318;1956494;777434;442440;1132451;1130408;824;0;NOSTRESS
138897187475;16861;"NEAR_P1";"INTERVAL";"PROBE";4;63;0x00001d2a;318;1952293;774804;439440;1122909;1131176;15;0;NOSTRESS
138897204340;16970;"NEAR_P1";"INTERVAL";"PROBE";4;63;0x00001d2a;318;1955124;776224;441719;1129201;1131041;530;0;NOSTRESS
138897221315;16842;"NEAR_P1";"INTERVAL";"PROBE";4;63;0x00001d2a;318;1949752;773640;439275;1121776;1130051;11;0;NOSTRESS
138897238161;16955;"NEAR_P1";"INTERVAL";"PROBE";4;63;0x00001d2a;318;1956194;776486;441708;1129096;1131756;484;0;NOSTRESS
138897255121;16848;"NEAR_P1";"INTERVAL";"PROBE";4;63;0x00001d2a;318;1950312;774003;439325;1122178;1130402;9;0;NOSTRESS
138897271973;17029;"NEAR_P1";"INTERVAL";"PROBE";4;63;0x00001d2a;318;1956716;777230;442724;1131932;1130974;564;0;NOSTRESS
138897289006;16952;"NEAR_P1";"INTERVAL";"PROBE";4;63;0x00001d2a;318;1955946;776381;441818;1129284;1131332;476;0;NOSTRESS
138897305963;16856;"NEAR_P1";"INTERVAL";"PROBE";4;63;0x00001d2a;318;1952043;774534;439407;1122424;1131257;19;0;NOSTRESS
138897322823;16973;"NEAR_P1";"INTERVAL";"PROBE";4;63;0x00001d2a;318;1957668;777148;441909;1129872;1132453;462;0;NOSTRESS
138897339801;16851;"NEAR_P1";"INTERVAL";"PROBE";4;63;0x00001d2a;318;1951056;774090;439379;1122313;1130673;19;0;NOSTRESS
138897356656;16952;"NEAR_P1";"INTERVAL";"PROBE";4;63;0x00001d2a;318;1954143;775975;441605;1128641;1130599;379;0;NOSTRESS
138897373612;16847;"NEAR_P1";"INTERVAL";"PROBE";4;63;0x00001d2a;318;1949956;773831;439286;1122181;1130059;12;0;NOSTRESS
138897390463;16950;"NEAR_P1";"INTERVAL";"PROBE";4;63;0x00001d2a;318;1955437;776352;441760;1129067;1131175;465;0;NOSTRESS
138897407418;16850;"NEAR_P1";"INTERVAL";"PROBE";4;63;0x00001d2a;318;1950367;773957;439334;1122109;1130246;16;0;NOSTRESS
138897424272;16949;"NEAR_P1";"INTERVAL";"PROBE";4;63;0x00001d2a;318;1955565;776406;441769;1129130;1131291;467;0;NOSTRESS
138897441226;16854;"NEAR_P1";"INTERVAL";"PROBE";4;63;0x00001d2a;318;1950897;774286;439336;1122488;1130584;15;0;NOSTRESS
138897458084;17017;"NEAR_P1";"INTERVAL";"PROBE";4;63;0x00001d2a;318;1956194;776722;442317;1130657;1131199;570;0;NOSTRESS
138897475105;16853;"NEAR_P1";"INTERVAL";"PROBE";4;63;0x00001d2a;318;1949945;774088;439365;1122329;1130016;12;0;NOSTRESS
138897491962;16967;"NEAR_P1";"INTERVAL";"PROBE";4;63;0x00001d2a;318;1954519;776274;441825;1129455;1130393;517;0;NOSTRESS
138897508933;46446;"TRAJ_R1";"INTERVAL";"PROBE";4;63;0x00001d2a;318;4841434;1981184;1249889;3042505;3055221;875;0;NOSTRESS
138898769902;386086;"MAF";"INTERVAL";"PROBE";4;63;0x00001d2a;319;44028447;17541995;10098770;25655001;25741159;7081;0;NOSTRESS
138898769922;79;"SENS_C1";"INTERVAL";"PROBE";4;63;0x00001d2a;319;757;637;441;1070;0;122;0;NOSTRESS
138898770005;94;"LOC_C1";"INTERVAL";"PROBE";4;63;0x00001d2a;319;3741;1824;1242;3073;1793;157;0;NOSTRESS
138898770103;20;"LOC_C2";"INTERVAL";"PROBE";4;63;0x00001d2a;319;345;294;197;599;17;22;0;NOSTRESS
138898770128;91;"LOC_C3";"INTERVAL";"PROBE";4;63;0x00001d2a;319;8842;2405;1700;7690;3816;62;0;NOSTRESS
138898770223;24;"LOC_C4";"INTERVAL";"PROBE";4;63;0x00001d2a;319;345;277;211;585;0;29;0;NOSTRESS
138898770251;17136;"NEAR_P1";"INTERVAL";"PROBE";4;63;0x00001d2a;319;1958976;778364;442500;1133297;1131808;857;0;NOSTRESS
138898787391;16859;"NEAR_P1";"INTERVAL";"PROBE";4;63;0x00001d2a;319;1952501;774773;439441;1122972;1131359;19;0;NOSTRESS
138898804254;16955;"NEAR_P1";"INTERVAL";"PROBE";4;63;0x00001d2a;319;1955925;776520;441713;1129441;1131421;516;0;NOSTRESS
138898821213;16848;"NEAR_P1";"INTERVAL";"PROBE";4;63;0x00001d2a;319;1951152;774258;439307;1122001;1130731;10;0;NOSTRESS
138898838066;16937;"NEAR_P1";"INTERVAL";"PROBE";4;63;0x00001d2a;319;1952832;775617;441606;1128433;1129581;485;0;NOSTRESS
138898855008;16849;"NEAR_P1";"INTERVAL";"PROBE";4;63;0x00001d2a;319;1951442;774329;439323;1121957;1130984;9;0;NOSTRESS
138898871861;16952;"NEAR_P1";"INTERVAL";"PROBE";4;63;0x00001d2a;319;1954818;776066;441696;1128569;1130998;477;0;NOSTRESS
138898888817;16942;"NEAR_P1";"INTERVAL";"PROBE";4;63;0x00001d2a;319;1954778;776207;441681;1128618;1130997;461;0;NOSTRESS
138898905764;16853;"NEAR_P1";"INTERVAL";"PROBE";4;63;0x00001d2a;319;1952188;774540;439359;1122240;1131500;20;0;NOSTRESS
138898922621;17003;"NEAR_P1";"INTERVAL";"PROBE";4;63;0x00001d2a;319;1956249;776908;442566;1131105;1130917;551;0;NOSTRESS
138898939628;16855;"NEAR_P1";"INTERVAL";"PROBE";4;63;0x00001d2a;319;1952568;774585;439335;1122143;1131623;20;0;NOSTRESS
138898956487;16939;"NEAR_P1";"INTERVAL";"PROBE";4;63;0x00001d2a;319;1954224;776054;441611;1128462;1130518;476;0;NOSTRESS
138898973431;16843;"NEAR_P1";"INTERVAL";"PROBE";4;63;0x00001d2a;319;1950384;774046;439214;1121617;1130384;19;0;NOSTRESS
138898990278;16939;"NEAR_P1";"INTERVAL";"PROBE";4;63;0x00001d2a;319;1954029;775875;441616;1128482;1130506;472;0;NOSTRESS
138899007221;16847;"NEAR_P1";"INTERVAL";"PROBE";4;63;0x00001d2a;319;1950420;774006;439239;1121776;1130472;17;0;NOSTRESS
138899024072;16958;"NEAR_P1";"INTERVAL";"PROBE";4;63;0x00001d2a;319;1954679;776074;441664;1128775;1130909;511;0;NOSTRESS
138899041034;16846;"NEAR_P1";"INTERVAL";"PROBE";4;63;0x00001d2a;319;1949997;773952;439230;1121651;1130377;19;0;NOSTRESS
138899057885;16947;"NEAR_P1";"INTERVAL";"PROBE";4;63;0x00001d2a;319;1954966;776095;441620;1128556;1131238;471;0;NOSTRESS
138899074836;16859;"NEAR_P1";"INTERVAL";"PROBE";4;63;0x00001d2a;319;1953326;774969;439303;1122360;1132223;15;0;NOSTRESS
138899091700;16934;"NEAR_P1";"INTERVAL";"PROBE";4;63;0x00001d2a;319;1953003;775726;441574;1128281;1129910;478;0;NOSTRESS
138899108639;47345;"TRAJ_R1";"INTERVAL";"PROBE";4;63;0x00001d2a;319;4936387;2020521;1275338;3101992;3117077;542;0;NOSTRESS
138900369898;387239;"MAF";"INTERVAL";"PROBE";4;63;0x00001d2a;320;44157103;17588548;10120601;25713855;25822136;7352;0;NOSTRESS
138900369918;75;"SENS_C1";"INTERVAL";"PROBE";4;63;0x00001d2a;320;731;616;439;1016;0;117;0;NOSTRESS
138900369998;93;"LOC_C1";"INTERVAL";"PROBE";4;63;0x00001d2a;320;3835;1855;1253;3140;1830;159;0;NOSTRESS
138900370096;20;"LOC_C2";"INTERVAL";"PROBE";4;63;0x00001d2a;320;344;292;195;592;17;20;0;NOSTRESS
138900370121;90;"LOC_C3";"INTERVAL";"PROBE";4;63;0x00001d2a;320;8832;2431;1707;7670;3833;61;0;NOSTRESS
138900370216;23;"LOC_C4";"INTERVAL";"PROBE";4;63;0x00001d2a;320;355;282;212;614;0;31;0;NOSTRESS
138900370243;17144;"NEAR_P1";"INTERVAL";"PROBE";4;63;0x00001d2a;320;1961928;779317;442674;1133805;1133713;838;0;NOSTRESS
138900387392;16860;"NEAR_P1";"INTERVAL";"PROBE";4;63;0x00001d2a;320;1953427;774861;439392;1122724;1132081;13;0;NOSTRESS
138900404256;16990;"NEAR_P1";"INTERVAL";"PROBE";4;63;0x00001d2a;320;1954871;776282;441703;1129349;1130775;541;0;NOSTRESS
138900421250;16859;"NEAR_P1";"INTERVAL";"PROBE";4;63;0x00001d2a;320;1953019;774842;439324;1122388;1132022;12;0;NOSTRESS
138900438113;16973;"NEAR_P1";"INTERVAL";"PROBE";4;63;0x00001d2a;320;1955073;776279;441622;1128875;1131119;492;0;NOSTRESS
138900455090;16861;"NEAR_P1";"INTERVAL";"PROBE";4;63;0x00001d2a;320;1952276;774753;439327;1122437;1131606;10;0;NOSTRESS
138900471955;16951;"NEAR_P1";"INTERVAL";"PROBE";4;63;0x00001d2a;320;1954837;776338;441740;1128773;1131043;474;0;NOSTRESS
138900488910;16947;"NEAR_P1";"INTERVAL";"PROBE";4;63;0x00001d2a;320;1953906;776090;441681;1128701;1130523;462;0;NOSTRESS
138900505861;17000;"NEAR_P1";"INTERVAL";"PROBE";4;63;0x00001d2a;320;1952499;774715;439293;1122171;1131881;46;0;NOSTRESS
138900522865;16971;"NEAR_P1";"INTERVAL";"PROBE";4;63;0x00001d2a;320;1958390;777280;441808;1129542;1133183;575;0;NOSTRESS
138900539840;16864;"NEAR_P1";"INTERVAL";"PROBE";4;63;0x00001d2a;320;1954873;775318;439377;1122525;1133124;19;0;NOSTRESS
138900556708;16950;"NEAR_P1";"INTERVAL";"PROBE";4;63;0x00001d2a;320;1956856;776705;441697;1128888;1132234;465;0;NOSTRESS
138900573663;16866;"NEAR_P1";"INTERVAL";"PROBE";4;63;0x00001d2a;320;1955675;775437;439465;1122603;1133731;18;0;NOSTRESS
138900590533;17030;"NEAR_P1";"INTERVAL";"PROBE";4;63;0x00001d2a;320;1958670;777533;442619;1131510;1132419;552;0;NOSTRESS
138900607568;16861;"NEAR_P1";"INTERVAL";"PROBE";4;63;0x00001d2a;320;1954636;775243;439340;1122390;1133142;17;0;NOSTRESS
138900624434;16964;"NEAR_P1";"INTERVAL";"PROBE";4;63;0x00001d2a;320;1959908;777489;441821;1129402;1134048;477;0;NOSTRESS
138900641402;16863;"NEAR_P1";"INTERVAL";"PROBE";4;63;0x00001d2a;320;1954868;775183;439359;1122377;1133244;17;0;NOSTRESS
138900658269;16961;"NEAR_P1";"INTERVAL";"PROBE";4;63;0x00001d2a;320;1958950;777365;441795;1129389;1133462;475;0;NOSTRESS
138900675235;16870;"NEAR_P1";"INTERVAL";"PROBE";4;63;0x00001d2a;320;1956222;775764;439472;1122761;1134072;14;0;NOSTRESS
138900692109;16980;"NEAR_P1";"INTERVAL";"PROBE";4;63;0x00001d2a;320;1958471;777100;441733;1129299;1133226;434;0;NOSTRESS
138900709109;48024;"TRAJ_R1";"INTERVAL";"PROBE";4;63;0x00001d2a;320;5013328;2051749;1295030;3150374;3165808;553;0;NOSTRESS
138901969909;387254;"MAF";"INTERVAL";"PROBE";4;63;0x00001d2a;321;44155882;17589136;10130748;25735253;25828783;7046;0;NOSTRESS
138901969931;75;"SENS_C1";"INTERVAL";"PROBE";4;63;0x00001d2a;321;741;618;436;1035;0;115;0;NOSTRESS
138901970010;94;"LOC_C1";"INTERVAL";"PROBE";4;63;0x00001d2a;321;3770;1848;1236;3104;1794;158;0;NOSTRESS
138901970108;17;"LOC_C2";"INTERVAL";"PROBE";4;63;0x00001d2a;321;342;292;195;591;17;19;0;NOSTRESS
138901970129;89;"LOC_C3";"INTERVAL";"PROBE";4;63;0x00001d2a;321;8804;2431;1700;7626;3826;61;0;NOSTRESS
138901970223;25;"LOC_C4";"INTERVAL";"PROBE";4;63;0x00001d2a;321;347;277;210;591;0;30;0;NOSTRESS
138901970252;17116;"NEAR_P1";"INTERVAL";"PROBE";4;63;0x00001d2a;321;1956125;777308;442494;1132496;1130561;853;0;NOSTRESS
138901987373;16855;"NEAR_P1";"INTERVAL";"PROBE";4;63;0x00001d2a;321;1952592;774512;439343;1122567;1132118;15;0;NOSTRESS
138902004232;16963;"NEAR_P1";"INTERVAL";"PROBE";4;63;0x00001d2a;321;1957831;776821;441734;1129675;1133037;542;0;NOSTRESS
138902021200;16845;"NEAR_P1";"INTERVAL";"PROBE";4;63;0x00001d2a;321;1952396;774200;439257;1121923;1132111;10;0;NOSTRESS
138902038050;16958;"NEAR_P1";"INTERVAL";"PROBE";4;63;0x00001d2a;321;1958392;776870;441817;1129358;1133542;481;0;NOSTRESS
138902055012;16854;"NEAR_P1";"INTERVAL";"PROBE";4;63;0x00001d2a;321;1953228;774643;439403;1122241;1132563;8;0;NOSTRESS
138902071871;16960;"NEAR_P1";"INTERVAL";"PROBE";4;63;0x00001d2a;321;1953504;775314;441494;1127941;1130751;474;0;NOSTRESS
138902088835;16950;"NEAR_P1";"INTERVAL";"PROBE";4;63;0x00001d2a;321;1953181;775380;441533;1128368;1130376;473;0;NOSTRESS
138902105790;16839;"NEAR_P1";"INTERVAL";"PROBE";4;63;0x00001d2a;321;1950698;773653;439235;1121537;1131214;20;0;NOSTRESS
138902122633;16941;"NEAR_P1";"INTERVAL";"PROBE";4;63;0x00001d2a;321;1955643;776070;441639;1128702;1131982;470;0;NOSTRESS
138902139579;16847;"NEAR_P1";"INTERVAL";"PROBE";4;63;0x00001d2a;321;1951820;774061;439282;1122047;1131778;19;0;NOSTRESS
138902156430;16949;"NEAR_P1";"INTERVAL";"PROBE";4;63;0x00001d2a;321;1956171;776436;441775;1129375;1132141;462;0;NOSTRESS
138902173383;16863;"NEAR_P1";"INTERVAL";"PROBE";4;63;0x00001d2a;321;1953163;774964;439407;1122902;1132379;19;0;NOSTRESS
138902190250;16944;"NEAR_P1";"INTERVAL";"PROBE";4;63;0x00001d2a;321;1953568;775909;441699;1129061;1130168;459;0;NOSTRESS
138902207199;16849;"NEAR_P1";"INTERVAL";"PROBE";4;63;0x00001d2a;321;1950750;774017;439304;1122264;1130930;18;0;NOSTRESS
138902224052;16943;"NEAR_P1";"INTERVAL";"PROBE";4;63;0x00001d2a;321;1954555;775997;441701;1129003;1130923;474;0;NOSTRESS
138902240999;16845;"NEAR_P1";"INTERVAL";"PROBE";4;63;0x00001d2a;321;1950041;773680;439320;1121938;1130451;16;0;NOSTRESS
138902257848;17011;"NEAR_P1";"INTERVAL";"PROBE";4;63;0x00001d2a;321;1957119;777077;442733;1132049;1131580;560;0;NOSTRESS
138902274864;16857;"NEAR_P1";"INTERVAL";"PROBE";4;63;0x00001d2a;321;1952565;774485;439336;1122639;1132058;10;0;NOSTRESS
138902291725;16956;"NEAR_P1";"INTERVAL";"PROBE";4;63;0x00001d2a;321;1956288;776536;441784;1129575;1132091;478;0;NOSTRESS
138902308702;48456;"TRAJ_R1";"INTERVAL";"PROBE";4;63;0x00001d2a;321;5052678;2068645;1306642;3177428;3190392;550;0;NOSTRESS
138903569905;387794;"MAF";"INTERVAL";"PROBE";4;63;0x00001d2a;322;44196980;17607560;10133640;25744936;25850933;7254;0;NOSTRESS
138903569928;83;"SENS_C1";"INTERVAL";"PROBE";4;63;0x00001d2a;322;753;624;438;1050;0;120;0;NOSTRESS
138903570015;89;"LOC_C1";"INTERVAL";"PROBE";4;63;0x00001d2a;322;3754;1822;1245;3108;1814;157;0;NOSTRESS
138903570109;20;"LOC_C2";"INTERVAL";"PROBE";4;63;0x00001d2a;322;344;292;195;592;17;19;0;NOSTRESS
138903570133;95;"LOC_C3";"INTERVAL";"PROBE";4;63;0x00001d2a;322;8812;2422;1703;7607;3820;60;0;NOSTRESS
138903570233;24;"LOC_C4";"INTERVAL";"PROBE";4;63;0x00001d2a;322;344;279;210;586;0;31;0;NOSTRESS
138903570261;17102;"NEAR_P1";"INTERVAL";"PROBE";4;63;0x00001d2a;322;1958249;778169;442338;1132446;1131770;783;0;NOSTRESS
138903587367;16877;"NEAR_P1";"INTERVAL";"PROBE";4;63;0x00001d2a;322;1955389;775823;439495;1123276;1133230;15;0;NOSTRESS
138903604248;16983;"NEAR_P1";"INTERVAL";"PROBE";4;63;0x00001d2a;322;1960644;777979;441894;1130066;1134464;541;0;NOSTRESS
138903621235;16858;"NEAR_P1";"INTERVAL";"PROBE";4;63;0x00001d2a;322;1952971;774764;439197;1122247;1132264;10;0;NOSTRESS
138903638097;16963;"NEAR_P1";"INTERVAL";"PROBE";4;63;0x00001d2a;322;1957962;777229;441672;1129237;1132977;485;0;NOSTRESS
138903655065;16860;"NEAR_P1";"INTERVAL";"PROBE";4;63;0x00001d2a;322;1952790;774716;439279;1122110;1132145;9;0;NOSTRESS
138903671929;16963;"NEAR_P1";"INTERVAL";"PROBE";4;63;0x00001d2a;322;1958189;777044;441698;1129024;1133209;477;0;NOSTRESS
138903688896;16949;"NEAR_P1";"INTERVAL";"PROBE";4;63;0x00001d2a;322;1955574;776223;441657;1128667;1131706;470;0;NOSTRESS
138903705850;16863;"NEAR_P1";"INTERVAL";"PROBE";4;63;0x00001d2a;322;1953107;774923;439287;1122436;1132320;19;0;NOSTRESS
138903722718;16983;"NEAR_P1";"INTERVAL";"PROBE";4;63;0x00001d2a;322;1954994;776257;441568;1128573;1131282;455;0;NOSTRESS
138903739706;16856;"NEAR_P1";"INTERVAL";"PROBE";4;63;0x00001d2a;322;1951373;774341;439240;1122034;1131220;19;0;NOSTRESS
138903756566;16990;"NEAR_P1";"INTERVAL";"PROBE";4;63;0x00001d2a;322;1957048;776968;441673;1129177;1132443;454;0;NOSTRESS
138903773561;16857;"NEAR_P1";"INTERVAL";"PROBE";4;63;0x00001d2a;322;1952303;774495;439258;1122147;1131810;20;0;NOSTRESS
138903790423;16966;"NEAR_P1";"INTERVAL";"PROBE";4;63;0x00001d2a;322;1958362;777371;441787;1129623;1133258;463;0;NOSTRESS
138903807393;16867;"NEAR_P1";"INTERVAL";"PROBE";4;63;0x00001d2a;322;1954519;775160;439375;1122317;1133172;18;0;NOSTRESS
138903824265;16959;"NEAR_P1";"INTERVAL";"PROBE";4;63;0x00001d2a;322;1956866;776872;441659;1129135;1132505;471;0;NOSTRESS
138903841228;16862;"NEAR_P1";"INTERVAL";"PROBE";4;63;0x00001d2a;322;1952741;774866;439265;1122303;1131994;15;0;NOSTRESS
138903858094;16963;"NEAR_P1";"INTERVAL";"PROBE";4;63;0x00001d2a;322;1958085;777102;441744;1129356;1133131;468;0;NOSTRESS
138903875062;17027;"NEAR_P1";"INTERVAL";"PROBE";4;63;0x00001d2a;322;1952892;774880;439342;1122304;1132055;35;0;NOSTRESS
138903892093;16961;"NEAR_P1";"INTERVAL";"PROBE";4;63;0x00001d2a;322;1955064;776180;441649;1128538;1131309;596;0;NOSTRESS
138903909076;48618;"TRAJ_R1";"INTERVAL";"PROBE";4;63;0x00001d2a;322;5063529;2073342;1310264;3186444;3197018;599;0;NOSTRESS
138905169872;387341;"MAF";"INTERVAL";"PROBE";4;63;0x00001d2a;323;44218164;17604976;10125857;25735879;25862622;6873;0;NOSTRESS
138905169895;76;"SENS_C1";"INTERVAL";"PROBE";4;63;0x00001d2a;323;786;647;438;1080;0;118;0;NOSTRESS
138905169975;92;"LOC_C1";"INTERVAL";"PROBE";4;63;0x00001d2a;323;3869;1864;1245;3122;1859;153;0;NOSTRESS
138905170072;18;"LOC_C2";"INTERVAL";"PROBE";4;63;0x00001d2a;323;344;292;195;592;17;19;0;NOSTRESS
138905170094;96;"LOC_C3";"INTERVAL";"PROBE";4;63;0x00001d2a;323;8649;2359;1689;7585;3738;62;0;NOSTRESS
138905170194;24;"LOC_C4";"INTERVAL";"PROBE";4;63;0x00001d2a;323;340;281;209;587;0;30;0;NOSTRESS
138905170223;17125;"NEAR_P1";"INTERVAL";"PROBE";4;63;0x00001d2a;323;1961952;779185;442477;1133706;1133780;839;0;NOSTRESS
138905187353;16883;"NEAR_P1";"INTERVAL";"PROBE";4;63;0x00001d2a;323;1958209;776341;439555;1124258;1134924;14;0;NOSTRESS
138905204240;16981;"NEAR_P1";"INTERVAL";"PROBE";4;63;0x00001d2a;323;1961329;778195;441927;1130709;1134688;533;0;NOSTRESS
138905221226;16863;"NEAR_P1";"INTERVAL";"PROBE";4;63;0x00001d2a;323;1954870;775137;439317;1122920;1133196;10;0;NOSTRESS
138905238093;16968;"NEAR_P1";"INTERVAL";"PROBE";4;63;0x00001d2a;323;1960466;777657;441836;1129853;1134441;482;0;NOSTRESS
138905255065;16862;"NEAR_P1";"INTERVAL";"PROBE";4;63;0x00001d2a;323;1955254;775132;439315;1122942;1133365;8;0;NOSTRESS
138905271932;16968;"NEAR_P1";"INTERVAL";"PROBE";4;63;0x00001d2a;323;1960489;777596;441795;1129814;1134419;475;0;NOSTRESS
138905288904;16957;"NEAR_P1";"INTERVAL";"PROBE";4;63;0x00001d2a;323;1958386;777079;441656;1129514;1133318;469;0;NOSTRESS
138905305865;16862;"NEAR_P1";"INTERVAL";"PROBE";4;63;0x00001d2a;323;1955046;775114;439349;1122725;1133450;19;0;NOSTRESS
138905322731;16963;"NEAR_P1";"INTERVAL";"PROBE";4;63;0x00001d2a;323;1959701;777367;441712;1129863;1134041;453;0;NOSTRESS
138905339699;16877;"NEAR_P1";"INTERVAL";"PROBE";4;63;0x00001d2a;323;1957686;776046;439451;1123459;1134893;18;0;NOSTRESS
138905356580;16960;"NEAR_P1";"INTERVAL";"PROBE";4;63;0x00001d2a;323;1959667;777417;441749;1129599;1134112;473;0;NOSTRESS
138905373544;16867;"NEAR_P1";"INTERVAL";"PROBE";4;63;0x00001d2a;323;1956254;775424;439379;1122911;1134236;17;0;NOSTRESS
138905390416;16988;"NEAR_P1";"INTERVAL";"PROBE";4;63;0x00001d2a;323;1958467;777079;441628;1129368;1133370;460;0;NOSTRESS
138905407408;16864;"NEAR_P1";"INTERVAL";"PROBE";4;63;0x00001d2a;323;1955623;775191;439352;1122822;1133839;17;0;NOSTRESS
138905424277;16978;"NEAR_P1";"INTERVAL";"PROBE";4;63;0x00001d2a;323;1958623;777095;441702;1129420;1133431;462;0;NOSTRESS
138905441260;16861;"NEAR_P1";"INTERVAL";"PROBE";4;63;0x00001d2a;323;1954889;775124;439308;1122645;1133277;15;0;NOSTRESS
138905458125;16958;"NEAR_P1";"INTERVAL";"PROBE";4;63;0x00001d2a;323;1958418;777104;441763;1129582;1133222;470;0;NOSTRESS
138905475088;16857;"NEAR_P1";"INTERVAL";"PROBE";4;63;0x00001d2a;323;1954131;774832;439245;1122541;1132961;14;0;NOSTRESS
138905491950;16961;"NEAR_P1";"INTERVAL";"PROBE";4;63;0x00001d2a;323;1957406;776484;441618;1128917;1132714;470;0;NOSTRESS
138905508933;48276;"TRAJ_R1";"INTERVAL";"PROBE";4;63;0x00001d2a;323;5037669;2061836;1301904;3166106;3181331;536;0;NOSTRESS
138906769882;386425;"MAF";"INTERVAL";"PROBE";4;63;0x00001d2a;324;44035469;17548777;10107577;25676540;25748541;7070;0;NOSTRESS
138906769903;71;"SENS_C1";"INTERVAL";"PROBE";4;63;0x00001d2a;324;749;625;436;1043;0;115;0;NOSTRESS
138906769978;97;"LOC_C1";"INTERVAL";"PROBE";4;63;0x00001d2a;324;3842;1849;1244;3097;1862;158;0;NOSTRESS
138906770079;19;"LOC_C2";"INTERVAL";"PROBE";4;63;0x00001d2a;324;344;292;195;592;17;18;0;NOSTRESS
138906770102;99;"LOC_C3";"INTERVAL";"PROBE";4;63;0x00001d2a;324;8860;2452;1700;7648;3834;60;0;NOSTRESS
138906770205;22;"LOC_C4";"INTERVAL";"PROBE";4;63;0x00001d2a;324;349;277;210;591;0;28;0;NOSTRESS
138906770232;17122;"NEAR_P1";"INTERVAL";"PROBE";4;63;0x00001d2a;324;1955426;777480;442484;1132987;1129668;837;0;NOSTRESS
138906787358;16859;"NEAR_P1";"INTERVAL";"PROBE";4;63;0x00001d2a;324;1950337;774342;439352;1122922;1130156;18;0;NOSTRESS
138906804222;16993;"NEAR_P1";"INTERVAL";"PROBE";4;63;0x00001d2a;324;1954610;776441;441756;1129493;1130651;517;0;NOSTRESS
138906821219;16857;"NEAR_P1";"INTERVAL";"PROBE";4;63;0x00001d2a;324;1950173;774171;439287;1122344;1130322;10;0;NOSTRESS
138906838080;16963;"NEAR_P1";"INTERVAL";"PROBE";4;63;0x00001d2a;324;1951712;775377;441547;1128189;1129142;487;0;NOSTRESS
138906855047;16848;"NEAR_P1";"INTERVAL";"PROBE";4;63;0x00001d2a;324;1949488;773855;439319;1121695;1129926;11;0;NOSTRESS
138906871899;16952;"NEAR_P1";"INTERVAL";"PROBE";4;63;0x00001d2a;324;1954842;776338;441787;1129061;1130975;479;0;NOSTRESS
138906888855;16941;"NEAR_P1";"INTERVAL";"PROBE";4;63;0x00001d2a;324;1953135;775761;441598;1128467;1129970;479;0;NOSTRESS
138906905801;16858;"NEAR_P1";"INTERVAL";"PROBE";4;63;0x00001d2a;324;1951188;774306;439349;1122251;1130837;21;0;NOSTRESS
138906922664;16959;"NEAR_P1";"INTERVAL";"PROBE";4;63;0x00001d2a;324;1952792;775736;441956;1129714;1129078;595;0;NOSTRESS
138906939628;16850;"NEAR_P1";"INTERVAL";"PROBE";4;63;0x00001d2a;324;1950459;774103;439253;1122023;1130479;19;0;NOSTRESS
138906956482;16946;"NEAR_P1";"INTERVAL";"PROBE";4;63;0x00001d2a;324;1954110;775956;441588;1128743;1130542;504;0;NOSTRESS
138906973433;16842;"NEAR_P1";"INTERVAL";"PROBE";4;63;0x00001d2a;324;1949473;773666;439220;1121566;1130009;18;0;NOSTRESS
138906990280;16951;"NEAR_P1";"INTERVAL";"PROBE";4;63;0x00001d2a;324;1955279;776503;441711;1129130;1131232;462;0;NOSTRESS
138907007235;16851;"NEAR_P1";"INTERVAL";"PROBE";4;63;0x00001d2a;324;1950998;774194;439173;1122044;1130765;19;0;NOSTRESS
138907024090;16940;"NEAR_P1";"INTERVAL";"PROBE";4;63;0x00001d2a;324;1953749;775784;441610;1128525;1130531;467;0;NOSTRESS
138907041035;16847;"NEAR_P1";"INTERVAL";"PROBE";4;63;0x00001d2a;324;1950946;774091;439214;1121977;1131029;16;0;NOSTRESS
138907057886;16945;"NEAR_P1";"INTERVAL";"PROBE";4;63;0x00001d2a;324;1951954;775033;441411;1127906;1129459;464;0;NOSTRESS
138907074836;16854;"NEAR_P1";"INTERVAL";"PROBE";4;63;0x00001d2a;324;1952505;774539;439230;1122159;1131996;15;0;NOSTRESS
138907091694;16958;"NEAR_P1";"INTERVAL";"PROBE";4;63;0x00001d2a;324;1954441;775814;441514;1128320;1130994;469;0;NOSTRESS
138907108674;47629;"TRAJ_R1";"INTERVAL";"PROBE";4;63;0x00001d2a;324;4964123;2032696;1285394;3124808;3135067;548;0;NOSTRESS
138908369898;385728;"MAF";"INTERVAL";"PROBE";4;63;0x00001d2a;325;43971371;17515536;10083702;25621967;25712303;7355;0;NOSTRESS
138908369918;67;"SENS_C1";"INTERVAL";"PROBE";4;63;0x00001d2a;325;733;615;437;1020;0;116;0;NOSTRESS
138908369989;95;"LOC_C1";"INTERVAL";"PROBE";4;63;0x00001d2a;325;3774;1853;1242;3115;1819;155;0;NOSTRESS
138908370089;18;"LOC_C2";"INTERVAL";"PROBE";4;63;0x00001d2a;325;342;292;195;591;17;19;0;NOSTRESS
138908370111;91;"LOC_C3";"INTERVAL";"PROBE";4;63;0x00001d2a;325;8850;2432;1703;7619;3852;61;0;NOSTRESS
138908370206;23;"LOC_C4";"INTERVAL";"PROBE";4;63;0x00001d2a;325;344;281;210;590;0;30;0;NOSTRESS
138908370233;17091;"NEAR_P1";"INTERVAL";"PROBE";4;63;0x00001d2a;325;1957351;777672;442295;1132336;1131550;768;0;NOSTRESS
138908387328;16993;"NEAR_P1";"INTERVAL";"PROBE";4;63;0x00001d2a;325;1952916;774600;439319;1122928;1132267;37;0;NOSTRESS
138908404325;16986;"NEAR_P1";"INTERVAL";"PROBE";4;63;0x00001d2a;325;1954148;775557;441509;1128747;1130852;637;0;NOSTRESS
138908421315;16844;"NEAR_P1";"INTERVAL";"PROBE";4;63;0x00001d2a;325;1950383;773769;439092;1121875;1130799;11;0;NOSTRESS
138908438163;16970;"NEAR_P1";"INTERVAL";"PROBE";4;63;0x00001d2a;325;1956142;776316;441600;1128802;1132106;492;0;NOSTRESS
138908455137;16839;"NEAR_P1";"INTERVAL";"PROBE";4;63;0x00001d2a;325;1950025;773511;439106;1121503;1130733;10;0;NOSTRESS
138908471981;16976;"NEAR_P1";"INTERVAL";"PROBE";4;63;0x00001d2a;325;1955384;776082;441566;1128590;1131768;477;0;NOSTRESS
138908488961;16957;"NEAR_P1";"INTERVAL";"PROBE";4;63;0x00001d2a;325;1954183;775698;441469;1128430;1130964;471;0;NOSTRESS
138908505922;16834;"NEAR_P1";"INTERVAL";"PROBE";4;63;0x00001d2a;325;1948528;773096;439075;1121216;1129710;19;0;NOSTRESS
138908522761;16949;"NEAR_P1";"INTERVAL";"PROBE";4;63;0x00001d2a;325;1956726;776433;441626;1128879;1132469;460;0;NOSTRESS
138908539714;16842;"NEAR_P1";"INTERVAL";"PROBE";4;63;0x00001d2a;325;1949931;773716;439112;1121820;1130540;20;0;NOSTRESS
138908556560;16944;"NEAR_P1";"INTERVAL";"PROBE";4;63;0x00001d2a;325;1954917;776224;441613;1128806;1131293;467;0;NOSTRESS
138908573508;16846;"NEAR_P1";"INTERVAL";"PROBE";4;63;0x00001d2a;325;1950539;773859;439154;1121858;1130725;20;0;NOSTRESS
138908590358;16960;"NEAR_P1";"INTERVAL";"PROBE";4;63;0x00001d2a;325;1952534;775464;441908;1129520;1129355;597;0;NOSTRESS
138908607322;16859;"NEAR_P1";"INTERVAL";"PROBE";4;63;0x00001d2a;325;1952417;774497;439281;1122314;1131901;18;0;NOSTRESS
138908624185;16943;"NEAR_P1";"INTERVAL";"PROBE";4;63;0x00001d2a;325;1953406;775701;441577;1128527;1130215;508;0;NOSTRESS
138908641132;16849;"NEAR_P1";"INTERVAL";"PROBE";4;63;0x00001d2a;325;1950607;774082;439180;1122050;1130805;15;0;NOSTRESS
138908657986;16936;"NEAR_P1";"INTERVAL";"PROBE";4;63;0x00001d2a;325;1953495;775673;441578;1128400;1130286;466;0;NOSTRESS
138908674926;16853;"NEAR_P1";"INTERVAL";"PROBE";4;63;0x00001d2a;325;1951548;774192;439193;1122230;1131286;14;0;NOSTRESS
138908691783;16943;"NEAR_P1";"INTERVAL";"PROBE";4;63;0x00001d2a;325;1954707;775985;441541;1128559;1131170;473;0;NOSTRESS
138908708748;46873;"TRAJ_R1";"INTERVAL";"PROBE";4;63;0x00001d2a;325;4887117;2000513;1262609;3071131;3085821;542;0;NOSTRESS
138909969876;385566;"MAF";"INTERVAL";"PROBE";4;63;0x00001d2a;326;43996585;17518178;10063533;25598370;25716915;7854;0;NOSTRESS
138909969896;82;"SENS_C1";"INTERVAL";"PROBE";4;63;0x00001d2a;326;780;632;443;1108;0;125;0;NOSTRESS
138909969982;102;"LOC_C1";"INTERVAL";"PROBE";4;63;0x00001d2a;326;3789;1839;1245;3124;1820;156;0;NOSTRESS
138909970088;18;"LOC_C2";"INTERVAL";"PROBE";4;63;0x00001d2a;326;342;292;195;591;17;18;0;NOSTRESS
138909970111;97;"LOC_C3";"INTERVAL";"PROBE";4;63;0x00001d2a;326;8798;2403;1684;7545;3861;61;0;NOSTRESS
138909970212;25;"LOC_C4";"INTERVAL";"PROBE";4;63;0x00001d2a;326;354;285;214;608;0;31;0;NOSTRESS
138909970241;17163;"NEAR_P1";"INTERVAL";"PROBE";4;63;0x00001d2a;326;1959485;778850;443157;1135359;1131790;978;0;NOSTRESS
138909987409;16895;"NEAR_P1";"INTERVAL";"PROBE";4;63;0x00001d2a;326;1957059;776468;439630;1124672;1134157;13;0;NOSTRESS
138910004308;17095;"NEAR_P1";"INTERVAL";"PROBE";4;63;0x00001d2a;326;1963685;779445;443637;1135019;1134730;705;0;NOSTRESS
138910021408;16898;"NEAR_P1";"INTERVAL";"PROBE";4;63;0x00001d2a;326;1958169;776734;439592;1124363;1135035;14;0;NOSTRESS
138910038310;17004;"NEAR_P1";"INTERVAL";"PROBE";4;63;0x00001d2a;326;1961188;778068;441685;1129882;1135148;560;0;NOSTRESS
138910055318;16899;"NEAR_P1";"INTERVAL";"PROBE";4;63;0x00001d2a;326;1960037;777012;439587;1124252;1136416;10;0;NOSTRESS
138910072222;17041;"NEAR_P1";"INTERVAL";"PROBE";4;63;0x00001d2a;326;1963161;779029;442648;1132988;1135615;618;0;NOSTRESS
138910089267;17024;"NEAR_P1";"INTERVAL";"PROBE";4;63;0x00001d2a;326;1962178;778444;441838;1130984;1135320;555;0;NOSTRESS
138910106296;16876;"NEAR_P1";"INTERVAL";"PROBE";4;63;0x00001d2a;326;1955044;775484;439420;1123181;1133310;19;0;NOSTRESS
138910123176;17017;"NEAR_P1";"INTERVAL";"PROBE";4;63;0x00001d2a;326;1961853;778281;441754;1130741;1135327;478;0;NOSTRESS
138910140197;16893;"NEAR_P1";"INTERVAL";"PROBE";4;63;0x00001d2a;326;1958916;776659;439489;1124015;1135812;19;0;NOSTRESS
138910157094;17048;"NEAR_P1";"INTERVAL";"PROBE";4;63;0x00001d2a;326;1962378;778822;442782;1133075;1134794;682;0;NOSTRESS
138910174147;16877;"NEAR_P1";"INTERVAL";"PROBE";4;63;0x00001d2a;326;1955265;775544;439452;1123296;1133565;21;0;NOSTRESS
138910191028;16984;"NEAR_P1";"INTERVAL";"PROBE";4;63;0x00001d2a;326;1959389;777712;441880;1130431;1133816;510;0;NOSTRESS
138910208016;16876;"NEAR_P1";"INTERVAL";"PROBE";4;63;0x00001d2a;326;1956097;775676;439383;1123237;1134149;18;0;NOSTRESS
138910224896;16990;"NEAR_P1";"INTERVAL";"PROBE";4;63;0x00001d2a;326;1963451;778813;441921;1130714;1136334;469;0;NOSTRESS
138910241890;16899;"NEAR_P1";"INTERVAL";"PROBE";4;63;0x00001d2a;326;1959801;776993;439607;1124348;1136130;17;0;NOSTRESS
138910258793;16986;"NEAR_P1";"INTERVAL";"PROBE";4;63;0x00001d2a;326;1960601;778214;441938;1130639;1134400;470;0;NOSTRESS
138910275783;16901;"NEAR_P1";"INTERVAL";"PROBE";4;63;0x00001d2a;326;1958625;776946;439658;1124678;1135398;15;0;NOSTRESS
138910292688;16988;"NEAR_P1";"INTERVAL";"PROBE";4;63;0x00001d2a;326;1962023;778564;441924;1130816;1135326;472;0;NOSTRESS
138910309697;45741;"TRAJ_R1";"INTERVAL";"PROBE";4;63;0x00001d2a;326;4774485;1953846;1232721;2999358;3014645;562;0;NOSTRESS
138911569885;383809;"MAF";"INTERVAL";"PROBE";4;63;0x00001d2a;327;43790672;17430121;10022079;25483018;25595398;7451;0;NOSTRESS
138911569904;80;"SENS_C1";"INTERVAL";"PROBE";4;63;0x00001d2a;327;729;618;436;1007;0;114;0;NOSTRESS
138911569988;94;"LOC_C1";"INTERVAL";"PROBE";4;63;0x00001d2a;327;3686;1805;1241;3096;1767;158;0;NOSTRESS
138911570087;19;"LOC_C2";"INTERVAL";"PROBE";4;63;0x00001d2a;327;342;292;195;591;17;20;0;NOSTRESS
138911570110;95;"LOC_C3";"INTERVAL";"PROBE";4;63;0x00001d2a;327;8761;2419;1697;7560;3819;60;0;NOSTRESS
138911570210;23;"LOC_C4";"INTERVAL";"PROBE";4;63;0x00001d2a;327;338;278;209;582;0;28;0;NOSTRESS
138911570238;17129;"NEAR_P1";"INTERVAL";"PROBE";4;63;0x00001d2a;327;1961804;778797;442481;1133327;1133991;799;0;NOSTRESS
138911587372;16873;"NEAR_P1";"INTERVAL";"PROBE";4;63;0x00001d2a;327;1954636;775297;439417;1123608;1132977;15;0;NOSTRESS
138911604250;17076;"NEAR_P1";"INTERVAL";"PROBE";4;63;0x00001d2a;327;1958309;777249;442861;1133014;1132100;662;0;NOSTRESS
138911621330;16865;"NEAR_P1";"INTERVAL";"PROBE";4;63;0x00001d2a;327;1954673;774824;439366;1122632;1133452;9;0;NOSTRESS
138911638199;16971;"NEAR_P1";"INTERVAL";"PROBE";4;63;0x00001d2a;327;1957961;776663;441694;1129468;1133091;549;0;NOSTRESS
138911655174;16860;"NEAR_P1";"INTERVAL";"PROBE";4;63;0x00001d2a;327;1954737;774683;439244;1122426;1133513;8;0;NOSTRESS
138911672038;16949;"NEAR_P1";"INTERVAL";"PROBE";4;63;0x00001d2a;327;1956315;776154;441591;1128818;1132321;474;0;NOSTRESS
138911688991;16978;"NEAR_P1";"INTERVAL";"PROBE";4;63;0x00001d2a;327;1958831;776992;441717;1129600;1133680;469;0;NOSTRESS
138911705973;16865;"NEAR_P1";"INTERVAL";"PROBE";4;63;0x00001d2a;327;1954638;774893;439285;1122932;1133320;19;0;NOSTRESS
138911722843;16981;"NEAR_P1";"INTERVAL";"PROBE";4;63;0x00001d2a;327;1957300;776425;441520;1129184;1132755;458;0;NOSTRESS
138911739828;16840;"NEAR_P1";"INTERVAL";"PROBE";4;63;0x00001d2a;327;1949805;773396;439118;1121711;1130526;18;0;NOSTRESS
138911756673;17172;"NEAR_P1";"INTERVAL";"PROBE";4;63;0x00001d2a;327;1958752;776895;441681;1129659;1133681;620;0;NOSTRESS
138911773849;16854;"NEAR_P1";"INTERVAL";"PROBE";4;63;0x00001d2a;327;1953020;774365;439186;1122248;1132436;20;0;NOSTRESS
138911790708;16992;"NEAR_P1";"INTERVAL";"PROBE";4;63;0x00001d2a;327;1958429;776948;441613;1129558;1133418;476;0;NOSTRESS
138911807705;16860;"NEAR_P1";"INTERVAL";"PROBE";4;63;0x00001d2a;327;1953080;774615;439263;1122631;1132228;15;0;NOSTRESS
138911824569;16969;"NEAR_P1";"INTERVAL";"PROBE";4;63;0x00001d2a;327;1956109;776135;441582;1129134;1131935;469;0;NOSTRESS
138911841543;16856;"NEAR_P1";"INTERVAL";"PROBE";4;63;0x00001d2a;327;1953001;774399;439258;1122422;1132216;17;0;NOSTRESS
138911858403;16955;"NEAR_P1";"INTERVAL";"PROBE";4;63;0x00001d2a;327;1957656;776635;441610;1129405;1133015;461;0;NOSTRESS
138911875362;16854;"NEAR_P1";"INTERVAL";"PROBE";4;63;0x00001d2a;327;1952946;774408;439268;1122266;1132354;16;0;NOSTRESS
138911892220;16958;"NEAR_P1";"INTERVAL";"PROBE";4;63;0x00001d2a;327;1957657;776690;441668;1129346;1133063;479;0;NOSTRESS
138911909202;44487;"TRAJ_R1";"INTERVAL";"PROBE";4;63;0x00001d2a;327;4646833;1900833;1198359;2916218;2933723;547;0;NOSTRESS
138913169842;382359;"MAF";"INTERVAL";"PROBE";4;63;0x00001d2a;328;43688104;17386409;9985032;25400166;25527237;6709;0;NOSTRESS
138913169861;78;"SENS_C1";"INTERVAL";"PROBE";4;63;0x00001d2a;328;748;635;437;1027;0;114;0;NOSTRESS
138913169944;91;"LOC_C1";"INTERVAL";"PROBE";4;63;0x00001d2a;328;3796;1850;1249;3132;1827;157;0;NOSTRESS
138913170039;21;"LOC_C2";"INTERVAL";"PROBE";4;63;0x00001d2a;328;344;292;195;592;17;20;0;NOSTRESS
138913170064;93;"LOC_C3";"INTERVAL";"PROBE";4;63;0x00001d2a;328;8833;2429;1697;7599;3839;61;0;NOSTRESS
138913170161;26;"LOC_C4";"INTERVAL";"PROBE";4;63;0x00001d2a;328;346;281;210;591;0;31;0;NOSTRESS
138913170191;17147;"NEAR_P1";"INTERVAL";"PROBE";4;63;0x00001d2a;328;1962159;779253;442249;1133218;1134275;723;0;NOSTRESS
138913187343;16869;"NEAR_P1";"INTERVAL";"PROBE";4;63;0x00001d2a;328;1954492;775157;439348;1123454;1133044;12;0;NOSTRESS
138913204216;16985;"NEAR_P1";"INTERVAL";"PROBE";4;63;0x00001d2a;328;1958707;777155;441651;1130107;1133548;530;0;NOSTRESS
138913221206;16878;"NEAR_P1";"INTERVAL";"PROBE";4;63;0x00001d2a;328;1956536;775759;439520;1123606;1134334;9;0;NOSTRESS
138913238088;16967;"NEAR_P1";"INTERVAL";"PROBE";4;63;0x00001d2a;328;1959710;777392;441782;1130011;1134182;461;0;NOSTRESS
138913255060;16868;"NEAR_P1";"INTERVAL";"PROBE";4;63;0x00001d2a;328;1954636;775252;439378;1123285;1133108;10;0;NOSTRESS
138913271933;17019;"NEAR_P1";"INTERVAL";"PROBE";4;63;0x00001d2a;328;1961371;777989;442133;1130399;1134968;424;0;NOSTRESS
138913288956;16989;"NEAR_P1";"INTERVAL";"PROBE";4;63;0x00001d2a;328;1958343;777130;441735;1129908;1133282;466;0;NOSTRESS
138913305949;16869;"NEAR_P1";"INTERVAL";"PROBE";4;63;0x00001d2a;328;1955818;775365;439392;1123222;1133784;20;0;NOSTRESS
138913322822;16965;"NEAR_P1";"INTERVAL";"PROBE";4;63;0x00001d2a;328;1959940;777453;441745;1130056;1134064;463;0;NOSTRESS
138913339791;16865;"NEAR_P1";"INTERVAL";"PROBE";4;63;0x00001d2a;328;1955957;775240;439379;1122878;1133867;18;0;NOSTRESS
138913356660;16966;"NEAR_P1";"INTERVAL";"PROBE";4;63;0x00001d2a;328;1960178;777580;441803;1130055;1134234;463;0;NOSTRESS
138913373631;16865;"NEAR_P1";"INTERVAL";"PROBE";4;63;0x00001d2a;328;1955739;775198;439313;1123035;1133772;19;0;NOSTRESS
138913390500;16980;"NEAR_P1";"INTERVAL";"PROBE";4;63;0x00001d2a;328;1958827;777193;441632;1129783;1133488;461;0;NOSTRESS
138913407485;16866;"NEAR_P1";"INTERVAL";"PROBE";4;63;0x00001d2a;328;1955651;775316;439371;1123128;1133662;18;0;NOSTRESS
138913424355;16982;"NEAR_P1";"INTERVAL";"PROBE";4;63;0x00001d2a;328;1960382;777330;441708;1129849;1134448;469;0;NOSTRESS
138913441341;16860;"NEAR_P1";"INTERVAL";"PROBE";4;63;0x00001d2a;328;1954410;774839;439281;1122836;1132958;15;0;NOSTRESS
138913458206;16995;"NEAR_P1";"INTERVAL";"PROBE";4;63;0x00001d2a;328;1960071;777375;441689;1129838;1134322;462;0;NOSTRESS
138913475205;16861;"NEAR_P1";"INTERVAL";"PROBE";4;63;0x00001d2a;328;1954969;774979;439281;1122902;1133291;13;0;NOSTRESS
138913492070;16980;"NEAR_P1";"INTERVAL";"PROBE";4;63;0x00001d2a;328;1958213;777053;441717;1129605;1132973;475;0;NOSTRESS
138913509054;43143;"TRAJ_R1";"INTERVAL";"PROBE";4;63;0x00001d2a;328;4508314;1843841;1161096;2826820;2845950;554;0;NOSTRESS
138914769857;380644;"MAF";"INTERVAL";"PROBE";4;63;0x00001d2a;329;43455074;17302822;9945866;25300441;25374916;6784;0;NOSTRESS
138914769877;77;"SENS_C1";"INTERVAL";"PROBE";4;63;0x00001d2a;329;747;635;436;1012;0;114;0;NOSTRESS
138914769959;94;"LOC_C1";"INTERVAL";"PROBE";4;63;0x00001d2a;329;3857;1856;1245;3117;1875;154;0;NOSTRESS
138914770058;21;"LOC_C2";"INTERVAL";"PROBE";4;63;0x00001d2a;329;347;294;197;600;17;21;0;NOSTRESS
138914770083;95;"LOC_C3";"INTERVAL";"PROBE";4;63;0x00001d2a;329;8766;2426;1706;7623;3790;60;0;NOSTRESS
138914770182;24;"LOC_C4";"INTERVAL";"PROBE";4;63;0x00001d2a;329;346;277;211;584;0;28;0;NOSTRESS
138914770210;17128;"NEAR_P1";"INTERVAL";"PROBE";4;63;0x00001d2a;329;1956374;777078;442176;1131922;1130500;819;0;NOSTRESS
138914787342;16851;"NEAR_P1";"INTERVAL";"PROBE";4;63;0x00001d2a;329;1950451;774081;439391;1123023;1130082;16;0;NOSTRESS
138914804197;16965;"NEAR_P1";"INTERVAL";"PROBE";4;63;0x00001d2a;329;1955885;776571;441845;1130222;1131309;511;0;NOSTRESS
138914821166;16860;"NEAR_P1";"INTERVAL";"PROBE";4;63;0x00001d2a;329;1952548;774676;439419;1123410;1131436;12;0;NOSTRESS
138914838031;16943;"NEAR_P1";"INTERVAL";"PROBE";4;63;0x00001d2a;329;1953374;775587;441648;1129343;1129852;483;0;NOSTRESS
138914854979;16857;"NEAR_P1";"INTERVAL";"PROBE";4;63;0x00001d2a;329;1952538;774643;439384;1123213;1131512;8;0;NOSTRESS
138914871841;16939;"NEAR_P1";"INTERVAL";"PROBE";4;63;0x00001d2a;329;1952806;775559;441686;1129141;1129312;478;0;NOSTRESS
138914888785;16945;"NEAR_P1";"INTERVAL";"PROBE";4;63;0x00001d2a;329;1954706;776113;441708;1129621;1130808;460;0;NOSTRESS
138914905735;16852;"NEAR_P1";"INTERVAL";"PROBE";4;63;0x00001d2a;329;1951061;774198;439371;1122973;1130626;20;0;NOSTRESS
138914922591;16974;"NEAR_P1";"INTERVAL";"PROBE";4;63;0x00001d2a;329;1954687;775875;441684;1129451;1130858;454;0;NOSTRESS
138914939570;16866;"NEAR_P1";"INTERVAL";"PROBE";4;63;0x00001d2a;329;1953320;774939;439462;1123491;1132011;19;0;NOSTRESS
138914956440;16972;"NEAR_P1";"INTERVAL";"PROBE";4;63;0x00001d2a;329;1955294;776339;441769;1129962;1130929;456;0;NOSTRESS
138914973417;16855;"NEAR_P1";"INTERVAL";"PROBE";4;63;0x00001d2a;329;1951466;774290;439385;1123116;1130766;18;0;NOSTRESS
138914990277;16958;"NEAR_P1";"INTERVAL";"PROBE";4;63;0x00001d2a;329;1956731;776661;441862;1130233;1131876;465;0;NOSTRESS
138915007239;16853;"NEAR_P1";"INTERVAL";"PROBE";4;63;0x00001d2a;329;1951070;774099;439312;1122863;1130576;19;0;NOSTRESS
138915024096;16948;"NEAR_P1";"INTERVAL";"PROBE";4;63;0x00001d2a;329;1955101;776100;441741;1129554;1130998;468;0;NOSTRESS
138915041048;16851;"NEAR_P1";"INTERVAL";"PROBE";4;63;0x00001d2a;329;1951188;774048;439391;1122585;1130844;15;0;NOSTRESS
138915057903;16978;"NEAR_P1";"INTERVAL";"PROBE";4;63;0x00001d2a;329;1956243;776455;441668;1129830;1131672;414;0;NOSTRESS
138915074886;16854;"NEAR_P1";"INTERVAL";"PROBE";4;63;0x00001d2a;329;1950597;774133;439432;1122940;1130237;11;0;NOSTRESS
138915091744;16980;"NEAR_P1";"INTERVAL";"PROBE";4;63;0x00001d2a;329;1955422;776253;441724;1129869;1131089;463;0;NOSTRESS
138915108746;41751;"TRAJ_R1";"INTERVAL";"PROBE";4;63;0x00001d2a;329;4360527;1782546;1121969;2731533;2751941;557;0;NOSTRESS
138916369894;379400;"MAF";"INTERVAL";"PROBE";4;63;0x00001d2a;330;43324975;17247766;9908805;25210541;25290890;7118;0;NOSTRESS
138916370041;75;"SENS_C1";"INTERVAL";"PROBE";4;63;0x00001d2a;330;737;625;437;1015;0;117;0;NOSTRESS
138916370120;92;"LOC_C1";"INTERVAL";"PROBE";4;63;0x00001d2a;330;3808;1844;1244;3121;1826;156;0;NOSTRESS
138916370217;19;"LOC_C2";"INTERVAL";"PROBE";4;63;0x00001d2a;330;344;292;195;592;17;20;0;NOSTRESS
138916370240;100;"LOC_C3";"INTERVAL";"PROBE";4;63;0x00001d2a;330;8802;2433;1701;7615;3819;60;0;NOSTRESS
138916370344;21;"LOC_C4";"INTERVAL";"PROBE";4;63;0x00001d2a;330;346;277;210;584;0;28;0;NOSTRESS
138916370369;17137;"NEAR_P1";"INTERVAL";"PROBE";4;63;0x00001d2a;330;1959802;778495;442622;1133889;1132298;831;0;NOSTRESS
138916387511;16874;"NEAR_P1";"INTERVAL";"PROBE";4;63;0x00001d2a;330;1954461;775383;439680;1124128;1132550;15;0;NOSTRESS
138916404389;17013;"NEAR_P1";"INTERVAL";"PROBE";4;63;0x00001d2a;330;1957392;777307;442834;1132759;1131195;625;0;NOSTRESS
138916421407;16855;"NEAR_P1";"INTERVAL";"PROBE";4;63;0x00001d2a;330;1951362;774190;439497;1123090;1130744;8;0;NOSTRESS
138916438267;16961;"NEAR_P1";"INTERVAL";"PROBE";4;63;0x00001d2a;330;1956877;776737;441866;1130059;1131992;502;0;NOSTRESS
138916455233;16858;"NEAR_P1";"INTERVAL";"PROBE";4;63;0x00001d2a;330;1952724;774569;439489;1122992;1131698;8;0;NOSTRESS
138916472095;16946;"NEAR_P1";"INTERVAL";"PROBE";4;63;0x00001d2a;330;1953599;775669;441855;1129083;1129942;485;0;NOSTRESS
138916489045;16962;"NEAR_P1";"INTERVAL";"PROBE";4;63;0x00001d2a;330;1956075;776272;441768;1129336;1131824;383;0;NOSTRESS
138916506011;16860;"NEAR_P1";"INTERVAL";"PROBE";4;63;0x00001d2a;330;1952137;774534;439464;1122956;1131389;17;0;NOSTRESS
138916522875;16944;"NEAR_P1";"INTERVAL";"PROBE";4;63;0x00001d2a;330;1954401;775991;441799;1129626;1130422;458;0;NOSTRESS
138916539824;16867;"NEAR_P1";"INTERVAL";"PROBE";4;63;0x00001d2a;330;1953988;775086;439556;1123505;1132320;19;0;NOSTRESS
138916556695;16954;"NEAR_P1";"INTERVAL";"PROBE";4;63;0x00001d2a;330;1955736;776383;441841;1129879;1131339;473;0;NOSTRESS
138916573653;16852;"NEAR_P1";"INTERVAL";"PROBE";4;63;0x00001d2a;330;1951444;774276;439440;1122845;1130836;17;0;NOSTRESS
138916590509;17014;"NEAR_P1";"INTERVAL";"PROBE";4;63;0x00001d2a;330;1957314;777056;442309;1131643;1131747;602;0;NOSTRESS
138916607527;16862;"NEAR_P1";"INTERVAL";"PROBE";4;63;0x00001d2a;330;1952150;774639;439499;1123304;1131289;17;0;NOSTRESS
138916624393;16970;"NEAR_P1";"INTERVAL";"PROBE";4;63;0x00001d2a;330;1954916;776135;441833;1129622;1130865;500;0;NOSTRESS
138916641367;16855;"NEAR_P1";"INTERVAL";"PROBE";4;63;0x00001d2a;330;1951328;774317;439466;1122861;1130835;16;0;NOSTRESS
138916658226;16964;"NEAR_P1";"INTERVAL";"PROBE";4;63;0x00001d2a;330;1958358;777160;441945;1130478;1132910;471;0;NOSTRESS
138916675195;16862;"NEAR_P1";"INTERVAL";"PROBE";4;63;0x00001d2a;330;1953292;774836;439520;1123321;1132035;16;0;NOSTRESS
138916692061;16951;"NEAR_P1";"INTERVAL";"PROBE";4;63;0x00001d2a;330;1955349;776312;441912;1129677;1131086;475;0;NOSTRESS
138916709034;40256;"TRAJ_R1";"INTERVAL";"PROBE";4;63;0x00001d2a;330;4208648;1719870;1080781;2633363;2655912;545;0;NOSTRESS
138917969909;377671;"MAF";"INTERVAL";"PROBE";4;63;0x00001d2a;331;43181815;17181704;9865170;25106720;25202596;7143;0;NOSTRESS
138917969928;71;"SENS_C1";"INTERVAL";"PROBE";4;63;0x00001d2a;331;757;630;437;1052;0;116;0;NOSTRESS
138917970003;91;"LOC_C1";"INTERVAL";"PROBE";4;63;0x00001d2a;331;3729;1811;1238;3087;1787;158;0;NOSTRESS
138917970098;20;"LOC_C2";"INTERVAL";"PROBE";4;63;0x00001d2a;331;342;292;195;591;17;20;0;NOSTRESS
138917970122;93;"LOC_C3";"INTERVAL";"PROBE";4;63;0x00001d2a;331;8682;2391;1695;7539;3781;57;0;NOSTRESS
138917970219;22;"LOC_C4";"INTERVAL";"PROBE";4;63;0x00001d2a;331;331;270;208;560;0;26;0;NOSTRESS
138917970245;17111;"NEAR_P1";"INTERVAL";"PROBE";4;63;0x00001d2a;331;1956786;777347;442360;1132858;1130628;773;0;NOSTRESS
138917987361;16860;"NEAR_P1";"INTERVAL";"PROBE";4;63;0x00001d2a;331;1953597;774813;439465;1123697;1131761;16;0;NOSTRESS
138918004225;16956;"NEAR_P1";"INTERVAL";"PROBE";4;63;0x00001d2a;331;1955989;776243;441711;1129831;1131287;528;0;NOSTRESS
138918021185;16844;"NEAR_P1";"INTERVAL";"PROBE";4;63;0x00001d2a;331;1950596;773728;439197;1122603;1130370;10;0;NOSTRESS
138918038033;16938;"NEAR_P1";"INTERVAL";"PROBE";4;63;0x00001d2a;331;1953753;775232;441607;1128629;1130336;493;0;NOSTRESS
138918054975;16867;"NEAR_P1";"INTERVAL";"PROBE";4;63;0x00001d2a;331;1955467;775329;439448;1123468;1133462;8;0;NOSTRESS
138918071846;17024;"NEAR_P1";"INTERVAL";"PROBE";4;63;0x00001d2a;331;1960030;777798;442626;1132418;1133208;572;0;NOSTRESS
138918088874;16966;"NEAR_P1";"INTERVAL";"PROBE";4;63;0x00001d2a;331;1958561;777043;441817;1130117;1133128;487;0;NOSTRESS
138918105844;16850;"NEAR_P1";"INTERVAL";"PROBE";4;63;0x00001d2a;331;1951793;774149;439298;1122587;1131206;18;0;NOSTRESS
138918122698;16945;"NEAR_P1";"INTERVAL";"PROBE";4;63;0x00001d2a;331;1955645;776206;441714;1129476;1131180;452;0;NOSTRESS
138918139648;16839;"NEAR_P1";"INTERVAL";"PROBE";4;63;0x00001d2a;331;1951166;773664;439197;1122060;1130971;19;0;NOSTRESS
138918156491;16958;"NEAR_P1";"INTERVAL";"PROBE";4;63;0x00001d2a;331;1956617;776076;441617;1129074;1132161;456;0;NOSTRESS
138918173453;16857;"NEAR_P1";"INTERVAL";"PROBE";4;63;0x00001d2a;331;1954650;774697;439289;1122868;1133203;18;0;NOSTRESS
138918190315;16942;"NEAR_P1";"INTERVAL";"PROBE";4;63;0x00001d2a;331;1955923;776024;441702;1129131;1131765;462;0;NOSTRESS
138918207261;16842;"NEAR_P1";"INTERVAL";"PROBE";4;63;0x00001d2a;331;1951715;773843;439204;1122268;1131359;17;0;NOSTRESS
138918224107;16954;"NEAR_P1";"INTERVAL";"PROBE";4;63;0x00001d2a;331;1956236;776026;441612;1129187;1131848;461;0;NOSTRESS
138918241065;16847;"NEAR_P1";"INTERVAL";"PROBE";4;63;0x00001d2a;331;1952254;774183;439176;1122427;1131711;16;0;NOSTRESS
138918257916;17021;"NEAR_P1";"INTERVAL";"PROBE";4;63;0x00001d2a;331;1959715;777601;442207;1131744;1133265;605;0;NOSTRESS
138918274941;16863;"NEAR_P1";"INTERVAL";"PROBE";4;63;0x00001d2a;331;1953395;774757;439455;1123179;1132016;15;0;NOSTRESS
138918291808;16975;"NEAR_P1";"INTERVAL";"PROBE";4;63;0x00001d2a;331;1956173;776361;441686;1129684;1131566;524;0;NOSTRESS
138918308788;38788;"TRAJ_R1";"INTERVAL";"PROBE";4;63;0x00001d2a;331;4058353;1658127;1040973;2537390;2560580;562;0;NOSTRESS
138919569885;376443;"MAF";"INTERVAL";"PROBE";4;63;0x00001d2a;332;43003725;17115096;9827654;25012620;25089294;7710;0;NOSTRESS
138919569907;76;"SENS_C1";"INTERVAL";"PROBE";4;63;0x00001d2a;332;756;627;438;1050;0;120;0;NOSTRESS
138919569988;92;"LOC_C1";"INTERVAL";"PROBE";4;63;0x00001d2a;332;3821;1851;1257;3130;1828;156;0;NOSTRESS
138919570084;19;"LOC_C2";"INTERVAL";"PROBE";4;63;0x00001d2a;332;344;292;195;592;17;19;0;NOSTRESS
138919570107;96;"LOC_C3";"INTERVAL";"PROBE";4;63;0x00001d2a;332;8628;2355;1684;7542;3726;61;0;NOSTRESS
138919570207;22;"LOC_C4";"INTERVAL";"PROBE";4;63;0x00001d2a;332;347;277;211;584;0;28;0;NOSTRESS
138919570234;17162;"NEAR_P1";"INTERVAL";"PROBE";4;63;0x00001d2a;332;1960499;778614;442640;1134070;1132826;847;0;NOSTRESS
138919587401;16856;"NEAR_P1";"INTERVAL";"PROBE";4;63;0x00001d2a;332;1952646;774437;439397;1123261;1131679;13;0;NOSTRESS
138919604261;16952;"NEAR_P1";"INTERVAL";"PROBE";4;63;0x00001d2a;332;1955661;776225;441729;1129616;1131376;504;0;NOSTRESS
138919621217;16869;"NEAR_P1";"INTERVAL";"PROBE";4;63;0x00001d2a;332;1955078;775301;439486;1123399;1133111;9;0;NOSTRESS
138919638090;17097;"NEAR_P1";"INTERVAL";"PROBE";4;63;0x00001d2a;332;1951597;774799;441430;1128367;1128957;619;0;NOSTRESS
138919655192;16838;"NEAR_P1";"INTERVAL";"PROBE";4;63;0x00001d2a;332;1949361;773413;439215;1122020;1129823;7;0;NOSTRESS
138919672034;16939;"NEAR_P1";"INTERVAL";"PROBE";4;63;0x00001d2a;332;1952770;775358;441580;1128689;1129762;481;0;NOSTRESS
138919688977;16950;"NEAR_P1";"INTERVAL";"PROBE";4;63;0x00001d2a;332;1955899;776335;441733;1129413;1131530;471;0;NOSTRESS
138919705931;16854;"NEAR_P1";"INTERVAL";"PROBE";4;63;0x00001d2a;332;1951422;774210;439343;1122529;1131058;19;0;NOSTRESS
138919722789;17005;"NEAR_P1";"INTERVAL";"PROBE";4;63;0x00001d2a;332;1957015;777114;442649;1132212;1131300;552;0;NOSTRESS
138919739799;16855;"NEAR_P1";"INTERVAL";"PROBE";4;63;0x00001d2a;332;1952179;774298;439366;1122792;1131446;20;0;NOSTRESS
138919756658;16946;"NEAR_P1";"INTERVAL";"PROBE";4;63;0x00001d2a;332;1954765;775955;441661;1129291;1130798;472;0;NOSTRESS
138919773608;16843;"NEAR_P1";"INTERVAL";"PROBE";4;63;0x00001d2a;332;1949525;773578;439296;1122307;1129830;19;0;NOSTRESS
138919790455;17087;"NEAR_P1";"INTERVAL";"PROBE";4;63;0x00001d2a;332;1956121;776721;442939;1133120;1130322;654;0;NOSTRESS
138919807547;16846;"NEAR_P1";"INTERVAL";"PROBE";4;63;0x00001d2a;332;1949952;773722;439256;1122276;1129992;20;0;NOSTRESS
138919824397;16965;"NEAR_P1";"INTERVAL";"PROBE";4;63;0x00001d2a;332;1956999;776768;441890;1129916;1132013;511;0;NOSTRESS
138919841366;16852;"NEAR_P1";"INTERVAL";"PROBE";4;63;0x00001d2a;332;1950912;774096;439335;1122656;1130626;16;0;NOSTRESS
138919858222;16952;"NEAR_P1";"INTERVAL";"PROBE";4;63;0x00001d2a;332;1955686;776340;441772;1129527;1131452;472;0;NOSTRESS
138919875178;16847;"NEAR_P1";"INTERVAL";"PROBE";4;63;0x00001d2a;332;1950761;773861;439244;1122372;1130555;16;0;NOSTRESS
138919892029;16945;"NEAR_P1";"INTERVAL";"PROBE";4;63;0x00001d2a;332;1954723;775970;441642;1129265;1130821;478;0;NOSTRESS
138919908978;37345;"TRAJ_R1";"INTERVAL";"PROBE";4;63;0x00001d2a;332;3905983;1595188;1001777;2442204;2464446;692;0;NOSTRESS
138921169896;374638;"MAF";"INTERVAL";"PROBE";4;63;0x00001d2a;333;42831531;17047258;9786369;24915861;24980214;6916;0;NOSTRESS
138921169917;76;"SENS_C1";"INTERVAL";"PROBE";4;63;0x00001d2a;333;776;638;439;1091;0;118;0;NOSTRESS
138921169997;92;"LOC_C1";"INTERVAL";"PROBE";4;63;0x00001d2a;333;3840;1856;1240;3139;1846;155;0;NOSTRESS
138921170094;21;"LOC_C2";"INTERVAL";"PROBE";4;63;0x00001d2a;333;345;294;197;599;17;23;0;NOSTRESS
138921170119;94;"LOC_C3";"INTERVAL";"PROBE";4;63;0x00001d2a;333;8782;2417;1696;7604;3819;62;0;NOSTRESS
138921170217;23;"LOC_C4";"INTERVAL";"PROBE";4;63;0x00001d2a;333;347;277;209;590;0;29;0;NOSTRESS
138921170244;17150;"NEAR_P1";"INTERVAL";"PROBE";4;63;0x00001d2a;333;1957666;777712;442542;1134041;1130998;849;0;NOSTRESS
138921187399;16846;"NEAR_P1";"INTERVAL";"PROBE";4;63;0x00001d2a;333;1949549;773767;439231;1123019;1129500;14;0;NOSTRESS
138921204249;16963;"NEAR_P1";"INTERVAL";"PROBE";4;63;0x00001d2a;333;1955367;776262;441678;1130100;1130986;543;0;NOSTRESS
138921221216;16847;"NEAR_P1";"INTERVAL";"PROBE";4;63;0x00001d2a;333;1950708;773790;439209;1122652;1130420;9;0;NOSTRESS
138921238067;16942;"NEAR_P1";"INTERVAL";"PROBE";4;63;0x00001d2a;333;1953739;775600;441545;1129225;1130190;488;0;NOSTRESS
138921255014;16844;"NEAR_P1";"INTERVAL";"PROBE";4;63;0x00001d2a;333;1950293;773704;439146;1122600;1130373;8;0;NOSTRESS
138921271862;16939;"NEAR_P1";"INTERVAL";"PROBE";4;63;0x00001d2a;333;1952312;775247;441614;1129047;1129245;476;0;NOSTRESS
138921288805;16943;"NEAR_P1";"INTERVAL";"PROBE";4;63;0x00001d2a;333;1953643;775675;441657;1129250;1130024;472;0;NOSTRESS
138921305752;16858;"NEAR_P1";"INTERVAL";"PROBE";4;63;0x00001d2a;333;1951712;774399;439338;1123082;1130989;18;0;NOSTRESS
138921322615;16944;"NEAR_P1";"INTERVAL";"PROBE";4;63;0x00001d2a;333;1954142;775855;441659;1129511;1130267;460;0;NOSTRESS
138921339563;16852;"NEAR_P1";"INTERVAL";"PROBE";4;63;0x00001d2a;333;1950718;773928;439300;1122833;1130263;18;0;NOSTRESS
138921356419;16950;"NEAR_P1";"INTERVAL";"PROBE";4;63;0x00001d2a;333;1953552;775744;441685;1129675;1129894;455;0;NOSTRESS
138921373373;16843;"NEAR_P1";"INTERVAL";"PROBE";4;63;0x00001d2a;333;1948748;773364;439219;1122369;1129162;18;0;NOSTRESS
138921390220;16986;"NEAR_P1";"INTERVAL";"PROBE";4;63;0x00001d2a;333;1952794;775672;442439;1131252;1128695;553;0;NOSTRESS
138921407210;16852;"NEAR_P1";"INTERVAL";"PROBE";4;63;0x00001d2a;333;1950784;773906;439302;1122760;1130361;18;0;NOSTRESS
138921424066;16946;"NEAR_P1";"INTERVAL";"PROBE";4;63;0x00001d2a;333;1954367;775912;441659;1129648;1130321;470;0;NOSTRESS
138921441016;16852;"NEAR_P1";"INTERVAL";"PROBE";4;63;0x00001d2a;333;1950784;773981;439277;1122779;1130444;16;0;NOSTRESS
138921457872;16942;"NEAR_P1";"INTERVAL";"PROBE";4;63;0x00001d2a;333;1953978;775618;441641;1129224;1130181;463;0;NOSTRESS
138921474818;16840;"NEAR_P1";"INTERVAL";"PROBE";4;63;0x00001d2a;333;1948805;773340;439206;1122251;1129321;13;0;NOSTRESS
138921491662;16946;"NEAR_P1";"INTERVAL";"PROBE";4;63;0x00001d2a;333;1952042;775024;441416;1128619;1129139;379;0;NOSTRESS
138921508612;35917;"TRAJ_R1";"INTERVAL";"PROBE";4;63;0x00001d2a;333;3762127;1536195;963787;2349671;2373759;545;0;NOSTRESS
138922769902;374110;"MAF";"INTERVAL";"PROBE";4;63;0x00001d2a;334;42796264;17020575;9761537;24863298;24950451;7575;0;NOSTRESS
138922769923;77;"SENS_C1";"INTERVAL";"PROBE";4;63;0x00001d2a;334;740;633;435;999;0;115;0;NOSTRESS
138922770005;99;"LOC_C1";"INTERVAL";"PROBE";4;63;0x00001d2a;334;3797;1840;1245;3117;1829;151;0;NOSTRESS
138922770109;19;"LOC_C2";"INTERVAL";"PROBE";4;63;0x00001d2a;334;344;292;195;592;17;20;0;NOSTRESS
138922770133;91;"LOC_C3";"INTERVAL";"PROBE";4;63;0x00001d2a;334;8775;2401;1702;7610;3807;60;0;NOSTRESS
138922770228;23;"LOC_C4";"INTERVAL";"PROBE";4;63;0x00001d2a;334;326;272;206;567;0;30;0;NOSTRESS
138922770255;17247;"NEAR_P1";"INTERVAL";"PROBE";4;63;0x00001d2a;334;1961142;779082;443904;1137360;1131959;1111;0;NOSTRESS
138922787507;16873;"NEAR_P1";"INTERVAL";"PROBE";4;63;0x00001d2a;334;1953634;775112;439804;1124599;1131631;20;0;NOSTRESS
138922804384;16968;"NEAR_P1";"INTERVAL";"PROBE";4;63;0x00001d2a;334;1956058;776420;442141;1131055;1130879;575;0;NOSTRESS
138922821356;16867;"NEAR_P1";"INTERVAL";"PROBE";4;63;0x00001d2a;334;1954816;775079;439714;1124090;1132752;9;0;NOSTRESS
138922838228;16968;"NEAR_P1";"INTERVAL";"PROBE";4;63;0x00001d2a;334;1959337;777198;442137;1130855;1133317;476;0;NOSTRESS
138922855200;16868;"NEAR_P1";"INTERVAL";"PROBE";4;63;0x00001d2a;334;1954748;775004;439750;1124146;1132715;7;0;NOSTRESS
138922872073;16989;"NEAR_P1";"INTERVAL";"PROBE";4;63;0x00001d2a;334;1958170;776839;442097;1130637;1132533;462;0;NOSTRESS
138922889067;16980;"NEAR_P1";"INTERVAL";"PROBE";4;63;0x00001d2a;334;1957272;776696;442055;1130568;1132077;458;0;NOSTRESS
138922906051;16876;"NEAR_P1";"INTERVAL";"PROBE";4;63;0x00001d2a;334;1955649;775456;439743;1124292;1133192;19;0;NOSTRESS
138922922931;16979;"NEAR_P1";"INTERVAL";"PROBE";4;63;0x00001d2a;334;1960845;777830;442297;1131562;1134089;454;0;NOSTRESS
138922939915;16871;"NEAR_P1";"INTERVAL";"PROBE";4;63;0x00001d2a;334;1954889;775081;439726;1124131;1132938;19;0;NOSTRESS
138922956790;16958;"NEAR_P1";"INTERVAL";"PROBE";4;63;0x00001d2a;334;1957858;776805;442117;1130536;1132559;463;0;NOSTRESS
138922973753;16866;"NEAR_P1";"INTERVAL";"PROBE";4;63;0x00001d2a;334;1954053;774837;439695;1123926;1132299;19;0;NOSTRESS
138922990623;16949;"NEAR_P1";"INTERVAL";"PROBE";4;63;0x00001d2a;334;1956329;776255;441991;1130272;1131649;455;0;NOSTRESS
138923007577;17055;"NEAR_P1";"INTERVAL";"PROBE";4;63;0x00001d2a;334;1955978;775671;439871;1124677;1133374;41;0;NOSTRESS
138923024636;16990;"NEAR_P1";"INTERVAL";"PROBE";4;63;0x00001d2a;334;1959829;777653;442295;1131552;1133351;586;0;NOSTRESS
138923041630;16865;"NEAR_P1";"INTERVAL";"PROBE";4;63;0x00001d2a;334;1954188;774830;439649;1123858;1132374;17;0;NOSTRESS
138923058500;17015;"NEAR_P1";"INTERVAL";"PROBE";4;63;0x00001d2a;334;1961349;778286;443104;1133897;1133633;561;0;NOSTRESS
138923075520;16873;"NEAR_P1";"INTERVAL";"PROBE";4;63;0x00001d2a;334;1955149;775269;439766;1124389;1132786;10;0;NOSTRESS
138923092398;16973;"NEAR_P1";"INTERVAL";"PROBE";4;63;0x00001d2a;334;1960623;777588;442158;1131251;1134013;479;0;NOSTRESS
138923109376;34631;"TRAJ_R1";"INTERVAL";"PROBE";4;63;0x00001d2a;334;3630018;1480705;927184;2262147;2290678;493;0;NOSTRESS
138924369905;372420;"MAF";"INTERVAL";"PROBE";4;63;0x00001d2a;335;42588577;16955686;9727905;24776802;24816370;7145;0;NOSTRESS
138924369926;77;"SENS_C1";"INTERVAL";"PROBE";4;63;0x00001d2a;335;758;623;439;1069;0;123;0;NOSTRESS
138924370007;93;"LOC_C1";"INTERVAL";"PROBE";4;63;0x00001d2a;335;3807;1841;1237;3088;1845;162;0;NOSTRESS
138924370104;18;"LOC_C2";"INTERVAL";"PROBE";4;63;0x00001d2a;335;345;294;197;599;17;22;0;NOSTRESS
138924370127;93;"LOC_C3";"INTERVAL";"PROBE";4;63;0x00001d2a;335;8836;2434;1701;7633;3841;59;0;NOSTRESS
138924370224;24;"LOC_C4";"INTERVAL";"PROBE";4;63;0x00001d2a;335;348;278;210;597;0;28;0;NOSTRESS
138924370252;17119;"NEAR_P1";"INTERVAL";"PROBE";4;63;0x00001d2a;335;1957462;777985;442857;1134348;1131035;778;0;NOSTRESS
138924387376;16859;"NEAR_P1";"INTERVAL";"PROBE";4;63;0x00001d2a;335;1950975;774417;439755;1124244;1130204;16;0;NOSTRESS
138924404239;17007;"NEAR_P1";"INTERVAL";"PROBE";4;63;0x00001d2a;335;1958802;777959;442766;1133234;1132136;670;0;NOSTRESS
138924421251;16864;"NEAR_P1";"INTERVAL";"PROBE";4;63;0x00001d2a;335;1951711;774731;439865;1124342;1130434;10;0;NOSTRESS
138924438119;16981;"NEAR_P1";"INTERVAL";"PROBE";4;63;0x00001d2a;335;1955841;776709;442168;1130814;1130986;511;0;NOSTRESS
138924455104;16860;"NEAR_P1";"INTERVAL";"PROBE";4;63;0x00001d2a;335;1951314;774460;439825;1123865;1130274;8;0;NOSTRESS
138924471968;16955;"NEAR_P1";"INTERVAL";"PROBE";4;63;0x00001d2a;335;1954337;776424;442166;1130843;1129895;472;0;NOSTRESS
138924488928;16965;"NEAR_P1";"INTERVAL";"PROBE";4;63;0x00001d2a;335;1956335;777108;442231;1131202;1131194;464;0;NOSTRESS
138924505897;16850;"NEAR_P1";"INTERVAL";"PROBE";4;63;0x00001d2a;335;1949516;774027;439673;1123491;1129322;18;0;NOSTRESS
138924522751;16985;"NEAR_P1";"INTERVAL";"PROBE";4;63;0x00001d2a;335;1954112;776378;442142;1130682;1129925;463;0;NOSTRESS
138924539740;16861;"NEAR_P1";"INTERVAL";"PROBE";4;63;0x00001d2a;335;1950149;774387;439828;1124080;1129478;20;0;NOSTRESS
138924556605;16979;"NEAR_P1";"INTERVAL";"PROBE";4;63;0x00001d2a;335;1954296;776531;442211;1130897;1129890;471;0;NOSTRESS
138924573588;16853;"NEAR_P1";"INTERVAL";"PROBE";4;63;0x00001d2a;335;1949147;773999;439795;1123698;1128865;20;0;NOSTRESS
138924590445;16960;"NEAR_P1";"INTERVAL";"PROBE";4;63;0x00001d2a;335;1954349;776499;442271;1131008;1129834;473;0;NOSTRESS
138924607409;16866;"NEAR_P1";"INTERVAL";"PROBE";4;63;0x00001d2a;335;1951124;774679;439866;1124302;1130067;19;0;NOSTRESS
138924624280;16954;"NEAR_P1";"INTERVAL";"PROBE";4;63;0x00001d2a;335;1953909;776253;442146;1130829;1129667;474;0;NOSTRESS
138924641238;16847;"NEAR_P1";"INTERVAL";"PROBE";4;63;0x00001d2a;335;1948026;773595;439723;1123376;1128427;16;0;NOSTRESS
138924658089;16965;"NEAR_P1";"INTERVAL";"PROBE";4;63;0x00001d2a;335;1955347;776588;442230;1130819;1130685;469;0;NOSTRESS
138924675058;16870;"NEAR_P1";"INTERVAL";"PROBE";4;63;0x00001d2a;335;1953504;775158;439795;1124392;1131720;16;0;NOSTRESS
138924691932;16956;"NEAR_P1";"INTERVAL";"PROBE";4;63;0x00001d2a;335;1954231;776399;442165;1130580;1129931;471;0;NOSTRESS
138924708910;33411;"TRAJ_R1";"INTERVAL";"PROBE";4;63;0x00001d2a;335;3500427;1428836;894607;2183541;2206698;641;0;NOSTRESS
138925969876;371415;"MAF";"INTERVAL";"PROBE";4;63;0x00001d2a;336;42532202;16912855;9696913;24709991;24782460;7088;0;NOSTRESS
138925969898;79;"SENS_C1";"INTERVAL";"PROBE";4;63;0x00001d2a;336;762;621;438;1075;0;118;0;NOSTRESS
138925969981;95;"LOC_C1";"INTERVAL";"PROBE";4;63;0x00001d2a;336;3814;1827;1239;3101;1837;158;0;NOSTRESS
138925970081;18;"LOC_C2";"INTERVAL";"PROBE";4;63;0x00001d2a;336;342;292;195;591;17;19;0;NOSTRESS
138925970103;91;"LOC_C3";"INTERVAL";"PROBE";4;63;0x00001d2a;336;8822;2446;1705;7634;3833;63;0;NOSTRESS
138925970198;23;"LOC_C4";"INTERVAL";"PROBE";4;63;0x00001d2a;336;342;272;208;576;0;27;0;NOSTRESS
138925970226;17154;"NEAR_P1";"INTERVAL";"PROBE";4;63;0x00001d2a;336;1961243;778685;443222;1135910;1132961;835;0;NOSTRESS
138925987385;16881;"NEAR_P1";"INTERVAL";"PROBE";4;63;0x00001d2a;336;1955155;775421;440051;1125651;1132485;14;0;NOSTRESS
138926004271;16978;"NEAR_P1";"INTERVAL";"PROBE";4;63;0x00001d2a;336;1958663;777155;442407;1132096;1132594;527;0;NOSTRESS
138926021253;16873;"NEAR_P1";"INTERVAL";"PROBE";4;63;0x00001d2a;336;1955032;775164;439960;1125011;1132617;10;0;NOSTRESS
138926038130;16972;"NEAR_P1";"INTERVAL";"PROBE";4;63;0x00001d2a;336;1958534;777063;442301;1131531;1132759;484;0;NOSTRESS
138926055106;16867;"NEAR_P1";"INTERVAL";"PROBE";4;63;0x00001d2a;336;1953785;774720;439904;1124744;1131836;8;0;NOSTRESS
138926071977;17001;"NEAR_P1";"INTERVAL";"PROBE";4;63;0x00001d2a;336;1955690;776275;442609;1132110;1130497;611;0;NOSTRESS
138926088983;16966;"NEAR_P1";"INTERVAL";"PROBE";4;63;0x00001d2a;336;1957843;776841;442277;1131354;1132264;501;0;NOSTRESS
138926105953;16881;"NEAR_P1";"INTERVAL";"PROBE";4;63;0x00001d2a;336;1955923;775658;440007;1125260;1133269;18;0;NOSTRESS
138926122838;16988;"NEAR_P1";"INTERVAL";"PROBE";4;63;0x00001d2a;336;1959666;777454;442461;1132031;1133275;467;0;NOSTRESS
138926139830;16871;"NEAR_P1";"INTERVAL";"PROBE";4;63;0x00001d2a;336;1954754;775032;439927;1124793;1132543;18;0;NOSTRESS
138926156705;16965;"NEAR_P1";"INTERVAL";"PROBE";4;63;0x00001d2a;336;1957948;776864;442290;1131410;1132351;469;0;NOSTRESS
138926173675;16873;"NEAR_P1";"INTERVAL";"PROBE";4;63;0x00001d2a;336;1955089;775135;439930;1124882;1132761;18;0;NOSTRESS
138926190552;17004;"NEAR_P1";"INTERVAL";"PROBE";4;63;0x00001d2a;336;1959019;777229;442303;1131763;1132885;467;0;NOSTRESS
138926207560;16878;"NEAR_P1";"INTERVAL";"PROBE";4;63;0x00001d2a;336;1955198;775383;440038;1125066;1132754;17;0;NOSTRESS
138926224443;16984;"NEAR_P1";"INTERVAL";"PROBE";4;63;0x00001d2a;336;1957551;776891;442331;1131575;1132044;462;0;NOSTRESS
138926241432;16867;"NEAR_P1";"INTERVAL";"PROBE";4;63;0x00001d2a;336;1953232;774702;439935;1124600;1131536;15;0;NOSTRESS
138926258303;16964;"NEAR_P1";"INTERVAL";"PROBE";4;63;0x00001d2a;336;1956749;776686;442389;1131289;1131509;472;0;NOSTRESS
138926275272;16876;"NEAR_P1";"INTERVAL";"PROBE";4;63;0x00001d2a;336;1955636;775368;439964;1124995;1133020;15;0;NOSTRESS
138926292152;16969;"NEAR_P1";"INTERVAL";"PROBE";4;63;0x00001d2a;336;1958006;776875;442294;1131569;1132319;472;0;NOSTRESS
138926309143;32144;"TRAJ_R1";"INTERVAL";"PROBE";4;63;0x00001d2a;336;3373782;1375700;860487;2100126;2128494;551;0;NOSTRESS
138927569884;370191;"MAF";"INTERVAL";"PROBE";4;63;0x00001d2a;337;42379004;16851169;9667570;24630098;24689949;7203;0;NOSTRESS
138927569905;76;"SENS_C1";"INTERVAL";"PROBE";4;63;0x00001d2a;337;747;635;437;1028;0;116;0;NOSTRESS
138927569985;89;"LOC_C1";"INTERVAL";"PROBE";4;63;0x00001d2a;337;3696;1806;1235;3072;1768;157;0;NOSTRESS
138927570078;157;"LOC_C2";"INTERVAL";"PROBE";4;63;0x00001d2a;337;338;291;193;617;17;32;0;NOSTRESS
138927570240;94;"LOC_C3";"INTERVAL";"PROBE";4;63;0x00001d2a;337;8681;2383;1693;7536;3775;66;0;NOSTRESS
138927570338;23;"LOC_C4";"INTERVAL";"PROBE";4;63;0x00001d2a;337;340;279;210;583;0;31;0;NOSTRESS
138927570366;17140;"NEAR_P1";"INTERVAL";"PROBE";4;63;0x00001d2a;337;1959208;777901;443129;1135301;1131984;872;0;NOSTRESS
138927587511;16863;"NEAR_P1";"INTERVAL";"PROBE";4;63;0x00001d2a;337;1952342;774442;440075;1125248;1130932;15;0;NOSTRESS
138927604378;17005;"NEAR_P1";"INTERVAL";"PROBE";4;63;0x00001d2a;337;1958805;776986;442405;1131918;1132903;465;0;NOSTRESS
138927621387;16873;"NEAR_P1";"INTERVAL";"PROBE";4;63;0x00001d2a;337;1954370;775025;440143;1125213;1132252;10;0;NOSTRESS
138927638264;16976;"NEAR_P1";"INTERVAL";"PROBE";4;63;0x00001d2a;337;1955052;775919;442325;1130932;1130779;482;0;NOSTRESS
138927655245;16867;"NEAR_P1";"INTERVAL";"PROBE";4;63;0x00001d2a;337;1953713;774850;440085;1124936;1132068;8;0;NOSTRESS
138927672116;16954;"NEAR_P1";"INTERVAL";"PROBE";4;63;0x00001d2a;337;1955772;776249;442394;1131352;1131093;469;0;NOSTRESS
138927689074;16968;"NEAR_P1";"INTERVAL";"PROBE";4;63;0x00001d2a;337;1958908;777109;442504;1131662;1133028;462;0;NOSTRESS
138927706047;16855;"NEAR_P1";"INTERVAL";"PROBE";4;63;0x00001d2a;337;1951014;774013;440032;1124306;1130426;19;0;NOSTRESS
138927722907;16971;"NEAR_P1";"INTERVAL";"PROBE";4;63;0x00001d2a;337;1955597;776144;442806;1132452;1130445;601;0;NOSTRESS
138927739882;16857;"NEAR_P1";"INTERVAL";"PROBE";4;63;0x00001d2a;337;1951917;774003;439956;1124264;1131014;19;0;NOSTRESS
138927756743;16970;"NEAR_P1";"INTERVAL";"PROBE";4;63;0x00001d2a;337;1958704;777042;442534;1131792;1132788;495;0;NOSTRESS
138927773717;16861;"NEAR_P1";"INTERVAL";"PROBE";4;63;0x00001d2a;337;1952889;774357;439981;1124636;1131611;18;0;NOSTRESS
138927790582;16956;"NEAR_P1";"INTERVAL";"PROBE";4;63;0x00001d2a;337;1956397;776378;442491;1131141;1131559;464;0;NOSTRESS
138927807542;16857;"NEAR_P1";"INTERVAL";"PROBE";4;63;0x00001d2a;337;1952697;774163;439981;1124347;1131448;17;0;NOSTRESS
138927824403;16944;"NEAR_P1";"INTERVAL";"PROBE";4;63;0x00001d2a;337;1953980;775666;442279;1130770;1130140;467;0;NOSTRESS
138927841351;16865;"NEAR_P1";"INTERVAL";"PROBE";4;63;0x00001d2a;337;1953936;774595;440029;1124575;1132148;15;0;NOSTRESS
138927858220;16979;"NEAR_P1";"INTERVAL";"PROBE";4;63;0x00001d2a;337;1957056;776484;442419;1131366;1131992;418;0;NOSTRESS
138927875203;16854;"NEAR_P1";"INTERVAL";"PROBE";4;63;0x00001d2a;337;1951640;773986;439922;1124303;1130800;13;0;NOSTRESS
138927892061;16980;"NEAR_P1";"INTERVAL";"PROBE";4;63;0x00001d2a;337;1955402;776015;442350;1131000;1130852;472;0;NOSTRESS
138927909062;31009;"TRAJ_R1";"INTERVAL";"PROBE";4;63;0x00001d2a;337;3255521;1327056;829472;2025237;2054127;550;0;NOSTRESS
138929169907;369280;"MAF";"INTERVAL";"PROBE";4;63;0x00001d2a;338;42356260;16831347;9641955;24570823;24673221;6850;0;NOSTRESS
138929169929;81;"SENS_C1";"INTERVAL";"PROBE";4;63;0x00001d2a;338;769;633;436;1054;0;112;0;NOSTRESS
138929170015;96;"LOC_C1";"INTERVAL";"PROBE";4;63;0x00001d2a;338;3786;1830;1247;3106;1833;159;0;NOSTRESS
138929170115;18;"LOC_C2";"INTERVAL";"PROBE";4;63;0x00001d2a;338;344;292;195;592;17;19;0;NOSTRESS
138929170138;93;"LOC_C3";"INTERVAL";"PROBE";4;63;0x00001d2a;338;8763;2389;1687;7567;3835;59;0;NOSTRESS
138929170235;21;"LOC_C4";"INTERVAL";"PROBE";4;63;0x00001d2a;338;346;278;209;584;0;32;0;NOSTRESS
138929170260;17145;"NEAR_P1";"INTERVAL";"PROBE";4;63;0x00001d2a;338;1963636;779137;443429;1135932;1134648;770;0;NOSTRESS
138929187410;16866;"NEAR_P1";"INTERVAL";"PROBE";4;63;0x00001d2a;338;1954416;775055;440222;1125222;1132069;13;0;NOSTRESS
138929204280;16992;"NEAR_P1";"INTERVAL";"PROBE";4;63;0x00001d2a;338;1962235;778193;442710;1132599;1134916;538;0;NOSTRESS
138929221276;16879;"NEAR_P1";"INTERVAL";"PROBE";4;63;0x00001d2a;338;1957249;775695;440222;1125415;1134167;10;0;NOSTRESS
138929238159;16969;"NEAR_P1";"INTERVAL";"PROBE";4;63;0x00001d2a;338;1959311;777139;442510;1131512;1133385;485;0;NOSTRESS
138929255132;16877;"NEAR_P1";"INTERVAL";"PROBE";4;63;0x00001d2a;338;1957061;775659;440270;1125279;1133956;8;0;NOSTRESS
138929272014;17026;"NEAR_P1";"INTERVAL";"PROBE";4;63;0x00001d2a;338;1963527;778484;442826;1132475;1135875;421;0;NOSTRESS
138929289045;17006;"NEAR_P1";"INTERVAL";"PROBE";4;63;0x00001d2a;338;1961564;778002;442623;1132311;1134462;452;0;NOSTRESS
138929306056;16870;"NEAR_P1";"INTERVAL";"PROBE";4;63;0x00001d2a;338;1956097;775251;440121;1124800;1133674;19;0;NOSTRESS
138929322930;16979;"NEAR_P1";"INTERVAL";"PROBE";4;63;0x00001d2a;338;1961840;777982;442648;1132214;1134911;465;0;NOSTRESS
138929339913;16877;"NEAR_P1";"INTERVAL";"PROBE";4;63;0x00001d2a;338;1957416;775747;440210;1125216;1134338;18;0;NOSTRESS
138929356794;16978;"NEAR_P1";"INTERVAL";"PROBE";4;63;0x00001d2a;338;1962016;778213;442667;1132157;1134873;460;0;NOSTRESS
138929373777;16880;"NEAR_P1";"INTERVAL";"PROBE";4;63;0x00001d2a;338;1958027;775954;440196;1125320;1134706;18;0;NOSTRESS
138929390661;16990;"NEAR_P1";"INTERVAL";"PROBE";4;63;0x00001d2a;338;1960700;777672;443007;1133108;1133574;589;0;NOSTRESS
138929407655;16867;"NEAR_P1";"INTERVAL";"PROBE";4;63;0x00001d2a;338;1955110;775031;440137;1124654;1132948;17;0;NOSTRESS
138929424527;16981;"NEAR_P1";"INTERVAL";"PROBE";4;63;0x00001d2a;338;1962694;778103;442702;1132167;1135310;496;0;NOSTRESS
138929441512;16872;"NEAR_P1";"INTERVAL";"PROBE";4;63;0x00001d2a;338;1956781;775477;440153;1125001;1134100;17;0;NOSTRESS
138929458388;16984;"NEAR_P1";"INTERVAL";"PROBE";4;63;0x00001d2a;338;1962877;778299;442688;1132413;1135408;472;0;NOSTRESS
138929475377;16872;"NEAR_P1";"INTERVAL";"PROBE";4;63;0x00001d2a;338;1955906;775314;440121;1125061;1133424;15;0;NOSTRESS
138929492253;16974;"NEAR_P1";"INTERVAL";"PROBE";4;63;0x00001d2a;338;1961366;777675;442572;1132036;1134508;457;0;NOSTRESS
138929509231;29951;"TRAJ_R1";"INTERVAL";"PROBE";4;63;0x00001d2a;338;3142831;1280765;800106;1953791;1982284;490;0;NOSTRESS
138930769868;368066;"MAF";"INTERVAL";"PROBE";4;63;0x00001d2a;339;42136139;16752600;9610735;24485871;24531171;7337;0;NOSTRESS
138930769889;77;"SENS_C1";"INTERVAL";"PROBE";4;63;0x00001d2a;339;752;641;441;1047;0;117;0;NOSTRESS
138930769970;98;"LOC_C1";"INTERVAL";"PROBE";4;63;0x00001d2a;339;3875;1855;1236;3079;1879;157;0;NOSTRESS
138930770072;19;"LOC_C2";"INTERVAL";"PROBE";4;63;0x00001d2a;339;342;292;195;591;17;20;0;NOSTRESS
138930770095;92;"LOC_C3";"INTERVAL";"PROBE";4;63;0x00001d2a;339;8833;2436;1709;7646;3845;62;0;NOSTRESS
138930770191;23;"LOC_C4";"INTERVAL";"PROBE";4;63;0x00001d2a;339;346;279;212;602;0;28;0;NOSTRESS
138930770218;17132;"NEAR_P1";"INTERVAL";"PROBE";4;63;0x00001d2a;339;1958696;777924;443256;1135488;1131067;824;0;NOSTRESS
138930787355;16853;"NEAR_P1";"INTERVAL";"PROBE";4;63;0x00001d2a;339;1949991;773845;440064;1124664;1129273;17;0;NOSTRESS
138930804212;16954;"NEAR_P1";"INTERVAL";"PROBE";4;63;0x00001d2a;339;1955494;775981;442449;1131206;1130502;513;0;NOSTRESS
138930821170;16848;"NEAR_P1";"INTERVAL";"PROBE";4;63;0x00001d2a;339;1950704;773612;439968;1124124;1129937;11;0;NOSTRESS
138930838022;16934;"NEAR_P1";"INTERVAL";"PROBE";4;63;0x00001d2a;339;1951462;774823;442266;1130320;1128315;488;0;NOSTRESS
138930854961;16865;"NEAR_P1";"INTERVAL";"PROBE";4;63;0x00001d2a;339;1953385;774650;440150;1124792;1131526;8;0;NOSTRESS
138930871830;16970;"NEAR_P1";"INTERVAL";"PROBE";4;63;0x00001d2a;339;1953738;775286;442273;1130534;1129587;468;0;NOSTRESS
138930888804;17160;"NEAR_P1";"INTERVAL";"PROBE";4;63;0x00001d2a;339;1955220;775883;442361;1131028;1130530;612;0;NOSTRESS
138930905968;16852;"NEAR_P1";"INTERVAL";"PROBE";4;63;0x00001d2a;339;1951167;773820;440046;1124116;1130314;19;0;NOSTRESS
138930922824;16983;"NEAR_P1";"INTERVAL";"PROBE";4;63;0x00001d2a;339;1956435;776315;442411;1131109;1131393;465;0;NOSTRESS
138930939812;16846;"NEAR_P1";"INTERVAL";"PROBE";4;63;0x00001d2a;339;1949928;773454;439970;1123837;1129475;18;0;NOSTRESS
138930956662;16970;"NEAR_P1";"INTERVAL";"PROBE";4;63;0x00001d2a;339;1955768;775962;442431;1131027;1130838;453;0;NOSTRESS
138930973636;16843;"NEAR_P1";"INTERVAL";"PROBE";4;63;0x00001d2a;339;1949675;773336;439888;1123906;1129395;19;0;NOSTRESS
138930990483;16946;"NEAR_P1";"INTERVAL";"PROBE";4;63;0x00001d2a;339;1955021;775689;442361;1130832;1130528;465;0;NOSTRESS
138931007433;16855;"NEAR_P1";"INTERVAL";"PROBE";4;63;0x00001d2a;339;1951245;773898;440081;1124358;1130209;18;0;NOSTRESS
138931024292;16950;"NEAR_P1";"INTERVAL";"PROBE";4;63;0x00001d2a;339;1955147;775921;442404;1131096;1130512;466;0;NOSTRESS
138931041246;16855;"NEAR_P1";"INTERVAL";"PROBE";4;63;0x00001d2a;339;1951895;774005;440053;1124451;1130675;16;0;NOSTRESS
138931058105;17014;"NEAR_P1";"INTERVAL";"PROBE";4;63;0x00001d2a;339;1955492;776021;442774;1132274;1130334;561;0;NOSTRESS
138931075123;16855;"NEAR_P1";"INTERVAL";"PROBE";4;63;0x00001d2a;339;1952454;774026;440093;1124026;1131128;12;0;NOSTRESS
138931091983;16997;"NEAR_P1";"INTERVAL";"PROBE";4;63;0x00001d2a;339;1955672;776000;442414;1130960;1130902;517;0;NOSTRESS
138931108985;28944;"TRAJ_R1";"INTERVAL";"PROBE";4;63;0x00001d2a;339;3043178;1239241;772757;1888286;1918990;543;0;NOSTRESS
138932369872;367456;"MAF";"INTERVAL";"PROBE";4;63;0x00001d2a;340;42108403;16742351;9590079;24455552;24505112;6836;0;NOSTRESS
138932369891;89;"SENS_C1";"INTERVAL";"PROBE";4;63;0x00001d2a;340;774;633;439;1073;0;115;0;NOSTRESS
138932369984;97;"LOC_C1";"INTERVAL";"PROBE";4;63;0x00001d2a;340;3846;1868;1251;3158;1854;154;0;NOSTRESS
138932370085;21;"LOC_C2";"INTERVAL";"PROBE";4;63;0x00001d2a;340;345;294;197;599;17;21;0;NOSTRESS
138932370110;94;"LOC_C3";"INTERVAL";"PROBE";4;63;0x00001d2a;340;8741;2400;1691;7569;3802;60;0;NOSTRESS
138932370208;25;"LOC_C4";"INTERVAL";"PROBE";4;63;0x00001d2a;340;340;281;210;585;0;31;0;NOSTRESS
138932370238;17125;"NEAR_P1";"INTERVAL";"PROBE";4;63;0x00001d2a;340;1960530;778712;443335;1136227;1131985;765;0;NOSTRESS
138932387368;16904;"NEAR_P1";"INTERVAL";"PROBE";4;63;0x00001d2a;340;1957762;776659;440558;1127433;1133396;14;0;NOSTRESS
138932404276;17017;"NEAR_P1";"INTERVAL";"PROBE";4;63;0x00001d2a;340;1960125;777938;442803;1133479;1132764;539;0;NOSTRESS
138932421298;16888;"NEAR_P1";"INTERVAL";"PROBE";4;63;0x00001d2a;340;1955102;775615;440373;1126477;1132055;10;0;NOSTRESS
138932438190;17003;"NEAR_P1";"INTERVAL";"PROBE";4;63;0x00001d2a;340;1958717;777575;442692;1132720;1132155;501;0;NOSTRESS
138932455198;16890;"NEAR_P1";"INTERVAL";"PROBE";4;63;0x00001d2a;340;1956775;775940;440305;1126437;1133343;7;0;NOSTRESS
138932472092;16972;"NEAR_P1";"INTERVAL";"PROBE";4;63;0x00001d2a;340;1957725;777135;442670;1132341;1131619;485;0;NOSTRESS
138932489068;16978;"NEAR_P1";"INTERVAL";"PROBE";4;63;0x00001d2a;340;1958341;777357;442709;1132774;1131982;467;0;NOSTRESS
138932506050;16884;"NEAR_P1";"INTERVAL";"PROBE";4;63;0x00001d2a;340;1954919;775407;440322;1125948;1132123;19;0;NOSTRESS
138932522938;17012;"NEAR_P1";"INTERVAL";"PROBE";4;63;0x00001d2a;340;1958814;777399;442641;1132543;1132376;464;0;NOSTRESS
138932539954;16868;"NEAR_P1";"INTERVAL";"PROBE";4;63;0x00001d2a;340;1952312;774636;440126;1125156;1130724;18;0;NOSTRESS
138932556826;16989;"NEAR_P1";"INTERVAL";"PROBE";4;63;0x00001d2a;340;1957244;776737;442593;1132163;1131520;467;0;NOSTRESS
138932573819;16873;"NEAR_P1";"INTERVAL";"PROBE";4;63;0x00001d2a;340;1953770;774878;440223;1125415;1131590;17;0;NOSTRESS
138932590696;16996;"NEAR_P1";"INTERVAL";"PROBE";4;63;0x00001d2a;340;1956777;776552;442564;1131940;1131327;462;0;NOSTRESS
138932607696;16886;"NEAR_P1";"INTERVAL";"PROBE";4;63;0x00001d2a;340;1955898;775607;440366;1125965;1132739;16;0;NOSTRESS
138932624586;17000;"NEAR_P1";"INTERVAL";"PROBE";4;63;0x00001d2a;340;1959064;777507;442656;1132720;1132484;460;0;NOSTRESS
138932641590;16883;"NEAR_P1";"INTERVAL";"PROBE";4;63;0x00001d2a;340;1954688;775393;440242;1125929;1132038;16;0;NOSTRESS
138932658477;16990;"NEAR_P1";"INTERVAL";"PROBE";4;63;0x00001d2a;340;1960879;778106;442779;1133373;1133552;461;0;NOSTRESS
138932675471;16878;"NEAR_P1";"INTERVAL";"PROBE";4;63;0x00001d2a;340;1954403;775127;440281;1125580;1131920;14;0;NOSTRESS
138932692353;16974;"NEAR_P1";"INTERVAL";"PROBE";4;63;0x00001d2a;340;1958224;777227;442646;1132668;1131986;473;0;NOSTRESS
138932709331;27992;"TRAJ_R1";"INTERVAL";"PROBE";4;63;0x00001d2a;340;2942715;1198301;747369;1826082;1855761;543;0;NOSTRESS
138933969968;366992;"MAF";"INTERVAL";"PROBE";4;63;0x00001d2a;341;41983168;16690663;9572652;24402432;24424932;10223;0;NOSTRESS
138933969996;92;"SENS_C1";"INTERVAL";"PROBE";4;63;0x00001d2a;341;829;648;449;1200;0;133;0;NOSTRESS
138933970092;109;"LOC_C1";"INTERVAL";"PROBE";4;63;0x00001d2a;341;4070;1940;1287;3274;1953;167;0;NOSTRESS
138933970205;20;"LOC_C2";"INTERVAL";"PROBE";4;63;0x00001d2a;341;353;302;199;620;17;23;0;NOSTRESS
138933970230;108;"LOC_C3";"INTERVAL";"PROBE";4;63;0x00001d2a;341;9025;2443;1698;7742;3976;67;0;NOSTRESS
138933970342;29;"LOC_C4";"INTERVAL";"PROBE";4;63;0x00001d2a;341;376;286;216;632;0;31;0;NOSTRESS
138933970375;17122;"NEAR_P1";"INTERVAL";"PROBE";4;63;0x00001d2a;341;1960611;778299;443227;1135707;1132184;914;0;NOSTRESS
138933987502;16861;"NEAR_P1";"INTERVAL";"PROBE";4;63;0x00001d2a;341;1951334;774107;440161;1125086;1130033;14;0;NOSTRESS
138934004368;17086;"NEAR_P1";"INTERVAL";"PROBE";4;63;0x00001d2a;341;1958028;777209;443528;1135267;1130986;884;0;NOSTRESS
138934021458;16862;"NEAR_P1";"INTERVAL";"PROBE";4;63;0x00001d2a;341;1953234;774283;440063;1124674;1131514;14;0;NOSTRESS
138934038325;17014;"NEAR_P1";"INTERVAL";"PROBE";4;63;0x00001d2a;341;1957192;776683;443354;1133861;1130895;730;0;NOSTRESS
138934055343;16850;"NEAR_P1";"INTERVAL";"PROBE";4;63;0x00001d2a;341;1951179;773729;439944;1124153;1130488;14;0;NOSTRESS
138934072197;17012;"NEAR_P1";"INTERVAL";"PROBE";4;63;0x00001d2a;341;1957544;776988;443351;1133872;1131128;724;0;NOSTRESS
138934089213;17009;"NEAR_P1";"INTERVAL";"PROBE";4;63;0x00001d2a;341;1956969;776703;443394;1133720;1130760;714;0;NOSTRESS
138934106226;16874;"NEAR_P1";"INTERVAL";"PROBE";4;63;0x00001d2a;341;1951274;773958;440094;1124433;1130247;23;0;NOSTRESS
138934123105;17014;"NEAR_P1";"INTERVAL";"PROBE";4;63;0x00001d2a;341;1955432;776344;443270;1133531;1129861;696;0;NOSTRESS
138934140123;16862;"NEAR_P1";"INTERVAL";"PROBE";4;63;0x00001d2a;341;1951339;774110;440130;1124660;1130276;21;0;NOSTRESS
138934156990;17013;"NEAR_P1";"INTERVAL";"PROBE";4;63;0x00001d2a;341;1958128;777155;443396;1133999;1131487;687;0;NOSTRESS
138934174008;16858;"NEAR_P1";"INTERVAL";"PROBE";4;63;0x00001d2a;341;1951594;773975;440064;1124475;1130519;23;0;NOSTRESS
138934190870;17001;"NEAR_P1";"INTERVAL";"PROBE";4;63;0x00001d2a;341;1955985;776454;443255;1133458;1130157;691;0;NOSTRESS
138934207875;16869;"NEAR_P1";"INTERVAL";"PROBE";4;63;0x00001d2a;341;1953142;774658;440140;1124806;1131473;23;0;NOSTRESS
138934224748;17009;"NEAR_P1";"INTERVAL";"PROBE";4;63;0x00001d2a;341;1956885;776891;443342;1133763;1130804;690;0;NOSTRESS
138934241762;16865;"NEAR_P1";"INTERVAL";"PROBE";4;63;0x00001d2a;341;1952615;774398;440155;1124686;1131088;21;0;NOSTRESS
138934258631;17240;"NEAR_P1";"INTERVAL";"PROBE";4;63;0x00001d2a;341;1960901;778339;443614;1134928;1133179;850;0;NOSTRESS
138934275875;16868;"NEAR_P1";"INTERVAL";"PROBE";4;63;0x00001d2a;341;1953469;774599;440154;1124787;1131683;18;0;NOSTRESS
138934292747;17021;"NEAR_P1";"INTERVAL";"PROBE";4;63;0x00001d2a;341;1959910;777726;443432;1134225;1132537;717;0;NOSTRESS
138934309790;27165;"TRAJ_R1";"INTERVAL";"PROBE";4;63;0x00001d2a;341;2851297;1160932;724143;1770021;1797687;809;0;NOSTRESS
138935569847;365640;"MAF";"INTERVAL";"PROBE";4;63;0x00001d2a;342;41922085;16665231;9542967;24335178;24389908;6834;0;NOSTRESS
138935569868;85;"SENS_C1";"INTERVAL";"PROBE";4;63;0x00001d2a;342;756;626;440;1073;0;117;0;NOSTRESS
138935569957;98;"LOC_C1";"INTERVAL";"PROBE";4;63;0x00001d2a;342;3816;1849;1244;3120;1840;157;0;NOSTRESS
138935570059;20;"LOC_C2";"INTERVAL";"PROBE";4;63;0x00001d2a;342;347;294;197;600;17;22;0;NOSTRESS
138935570083;98;"LOC_C3";"INTERVAL";"PROBE";4;63;0x00001d2a;342;8691;2386;1683;7552;3768;62;0;NOSTRESS
138935570185;23;"LOC_C4";"INTERVAL";"PROBE";4;63;0x00001d2a;342;347;280;210;590;0;31;0;NOSTRESS
138935570213;17164;"NEAR_P1";"INTERVAL";"PROBE";4;63;0x00001d2a;342;1963520;779503;443402;1136042;1134095;830;0;NOSTRESS
138935587381;16885;"NEAR_P1";"INTERVAL";"PROBE";4;63;0x00001d2a;342;1955777;775928;440365;1126451;1132634;17;0;NOSTRESS
138935604270;16989;"NEAR_P1";"INTERVAL";"PROBE";4;63;0x00001d2a;342;1959866;777758;442828;1133054;1132928;530;0;NOSTRESS
138935621263;16881;"NEAR_P1";"INTERVAL";"PROBE";4;63;0x00001d2a;342;1954956;775384;440388;1125999;1132208;10;0;NOSTRESS
138935638149;16984;"NEAR_P1";"INTERVAL";"PROBE";4;63;0x00001d2a;342;1958134;777187;442628;1132107;1132107;391;0;NOSTRESS
138935655137;16881;"NEAR_P1";"INTERVAL";"PROBE";4;63;0x00001d2a;342;1955224;775492;440305;1126164;1132376;8;0;NOSTRESS
138935672022;16971;"NEAR_P1";"INTERVAL";"PROBE";4;63;0x00001d2a;342;1958196;777196;442714;1132333;1132083;481;0;NOSTRESS
138935688998;16973;"NEAR_P1";"INTERVAL";"PROBE";4;63;0x00001d2a;342;1958853;777398;442725;1132558;1132483;461;0;NOSTRESS
138935705975;16879;"NEAR_P1";"INTERVAL";"PROBE";4;63;0x00001d2a;342;1955246;775448;440319;1125918;1132357;18;0;NOSTRESS
138935722859;16994;"NEAR_P1";"INTERVAL";"PROBE";4;63;0x00001d2a;342;1956411;776474;442558;1131602;1131108;470;0;NOSTRESS
138935739858;16876;"NEAR_P1";"INTERVAL";"PROBE";4;63;0x00001d2a;342;1954634;775237;440316;1125688;1131972;19;0;NOSTRESS
138935756738;16991;"NEAR_P1";"INTERVAL";"PROBE";4;63;0x00001d2a;342;1958290;777354;442684;1132445;1132182;459;0;NOSTRESS
138935773733;16868;"NEAR_P1";"INTERVAL";"PROBE";4;63;0x00001d2a;342;1953097;774651;440235;1125238;1131152;18;0;NOSTRESS
138935790605;16983;"NEAR_P1";"INTERVAL";"PROBE";4;63;0x00001d2a;342;1958426;777236;442671;1132533;1132142;473;0;NOSTRESS
138935807592;16866;"NEAR_P1";"INTERVAL";"PROBE";4;63;0x00001d2a;342;1952269;774554;440203;1125147;1130706;18;0;NOSTRESS
138935824462;16974;"NEAR_P1";"INTERVAL";"PROBE";4;63;0x00001d2a;342;1958129;777238;442726;1132405;1132001;479;0;NOSTRESS
138935841441;16887;"NEAR_P1";"INTERVAL";"PROBE";4;63;0x00001d2a;342;1956500;775859;440383;1126145;1133089;17;0;NOSTRESS
138935858332;16975;"NEAR_P1";"INTERVAL";"PROBE";4;63;0x00001d2a;342;1955914;776375;442519;1131589;1130752;465;0;NOSTRESS
138935875312;16881;"NEAR_P1";"INTERVAL";"PROBE";4;63;0x00001d2a;342;1955540;775631;440378;1125799;1132665;15;0;NOSTRESS
138935892197;16981;"NEAR_P1";"INTERVAL";"PROBE";4;63;0x00001d2a;342;1956550;776492;442539;1131829;1131145;475;0;NOSTRESS
138935909200;26282;"TRAJ_R1";"INTERVAL";"PROBE";4;63;0x00001d2a;342;2762994;1124321;700267;1711974;1742098;550;0;NOSTRESS
138937169921;364360;"MAF";"INTERVAL";"PROBE";4;63;0x00001d2a;343;41735708;16599911;9518244;24265321;24270901;7147;0;NOSTRESS
138937169944;78;"SENS_C1";"INTERVAL";"PROBE";4;63;0x00001d2a;343;737;618;437;1029;0;119;0;NOSTRESS
138937170026;99;"LOC_C1";"INTERVAL";"PROBE";4;63;0x00001d2a;343;3732;1817;1241;3080;1793;158;0;NOSTRESS
138937170130;20;"LOC_C2";"INTERVAL";"PROBE";4;63;0x00001d2a;343;344;292;195;592;17;19;0;NOSTRESS
138937170155;95;"LOC_C3";"INTERVAL";"PROBE";4;63;0x00001d2a;343;8824;2452;1716;7621;3844;61;0;NOSTRESS
138937170254;23;"LOC_C4";"INTERVAL";"PROBE";4;63;0x00001d2a;343;346;280;210;588;0;31;0;NOSTRESS
138937170282;17122;"NEAR_P1";"INTERVAL";"PROBE";4;63;0x00001d2a;343;1956471;777128;443290;1135033;1129784;775;0;NOSTRESS
138937187409;16852;"NEAR_P1";"INTERVAL";"PROBE";4;63;0x00001d2a;343;1949105;773723;440134;1125128;1128339;15;0;NOSTRESS
138937204266;17018;"NEAR_P1";"INTERVAL";"PROBE";4;63;0x00001d2a;343;1955745;776892;443462;1134729;1129260;644;0;NOSTRESS
138937221289;16851;"NEAR_P1";"INTERVAL";"PROBE";4;63;0x00001d2a;343;1949910;773774;440118;1124607;1129093;9;0;NOSTRESS
138937238144;16957;"NEAR_P1";"INTERVAL";"PROBE";4;63;0x00001d2a;343;1953976;775851;442512;1131520;1129272;500;0;NOSTRESS
138937255105;16851;"NEAR_P1";"INTERVAL";"PROBE";4;63;0x00001d2a;343;1949877;773795;440043;1124577;1129144;7;0;NOSTRESS
138937271960;16955;"NEAR_P1";"INTERVAL";"PROBE";4;63;0x00001d2a;343;1952160;775242;442370;1131055;1128396;491;0;NOSTRESS
138937288919;16960;"NEAR_P1";"INTERVAL";"PROBE";4;63;0x00001d2a;343;1953844;775845;442340;1131301;1129463;384;0;NOSTRESS
138937305884;16842;"NEAR_P1";"INTERVAL";"PROBE";4;63;0x00001d2a;343;1947943;773173;439999;1124178;1127927;16;0;NOSTRESS
138937322730;16953;"NEAR_P1";"INTERVAL";"PROBE";4;63;0x00001d2a;343;1955066;776220;442523;1131540;1130057;460;0;NOSTRESS
138937339687;16855;"NEAR_P1";"INTERVAL";"PROBE";4;63;0x00001d2a;343;1950645;773954;440088;1124696;1129563;19;0;NOSTRESS
138937356546;16958;"NEAR_P1";"INTERVAL";"PROBE";4;63;0x00001d2a;343;1952903;775516;442383;1130892;1128906;468;0;NOSTRESS
138937373508;16840;"NEAR_P1";"INTERVAL";"PROBE";4;63;0x00001d2a;343;1947413;772877;439950;1123930;1127717;19;0;NOSTRESS
138937390352;17006;"NEAR_P1";"INTERVAL";"PROBE";4;63;0x00001d2a;343;1953030;775685;442894;1133067;1128151;621;0;NOSTRESS
138937407362;16847;"NEAR_P1";"INTERVAL";"PROBE";4;63;0x00001d2a;343;1948590;773412;440046;1124250;1128186;19;0;NOSTRESS
138937424214;16961;"NEAR_P1";"INTERVAL";"PROBE";4;63;0x00001d2a;343;1951109;775066;442360;1130965;1127491;504;0;NOSTRESS
138937441180;16862;"NEAR_P1";"INTERVAL";"PROBE";4;63;0x00001d2a;343;1951686;774365;440154;1124900;1130029;15;0;NOSTRESS
138937458046;16947;"NEAR_P1";"INTERVAL";"PROBE";4;63;0x00001d2a;343;1952633;775527;442489;1131242;1128362;478;0;NOSTRESS
138937474997;16858;"NEAR_P1";"INTERVAL";"PROBE";4;63;0x00001d2a;343;1950342;774062;440052;1124882;1129327;15;0;NOSTRESS
138937491860;16940;"NEAR_P1";"INTERVAL";"PROBE";4;63;0x00001d2a;343;1951927;775233;442366;1130924;1128269;475;0;NOSTRESS
138937508805;25471;"TRAJ_R1";"INTERVAL";"PROBE";4;63;0x00001d2a;343;2677747;1090038;678829;1659735;1688511;566;0;NOSTRESS
138938769910;352124;"MAF";"INTERVAL";"PROBE";4;63;0x00001d2a;344;40502787;16081232;9176898;23443552;23496848;7038;0;NOSTRESS
138938769931;73;"SENS_C1";"INTERVAL";"PROBE";4;63;0x00001d2a;344;739;617;436;1032;0;118;0;NOSTRESS
138938770008;96;"LOC_C1";"INTERVAL";"PROBE";4;63;0x00001d2a;344;3771;1820;1233;3073;1813;161;0;NOSTRESS
138938770108;20;"LOC_C2";"INTERVAL";"PROBE";4;63;0x00001d2a;344;344;292;195;592;17;19;0;NOSTRESS
138938770133;93;"LOC_C3";"INTERVAL";"PROBE";4;63;0x00001d2a;344;8723;2401;1694;7574;3780;63;0;NOSTRESS
138938770230;23;"LOC_C4";"INTERVAL";"PROBE";4;63;0x00001d2a;344;341;272;208;575;0;28;0;NOSTRESS
138938770257;17290;"NEAR_P1";"INTERVAL";"PROBE";4;63;0x00001d2a;344;1963526;779223;443412;1136376;1134384;846;0;NOSTRESS
138938787552;16873;"NEAR_P1";"INTERVAL";"PROBE";4;63;0x00001d2a;344;1954312;775022;440199;1125807;1131674;15;0;NOSTRESS
138938804429;16986;"NEAR_P1";"INTERVAL";"PROBE";4;63;0x00001d2a;344;1959594;777560;442656;1132829;1132730;531;0;NOSTRESS
138938821420;16868;"NEAR_P1";"INTERVAL";"PROBE";4;63;0x00001d2a;344;1953740;774819;440195;1125122;1131543;11;0;NOSTRESS
138938838293;16971;"NEAR_P1";"INTERVAL";"PROBE";4;63;0x00001d2a;344;1958287;777082;442560;1131945;1132239;494;0;NOSTRESS
138938855268;16867;"NEAR_P1";"INTERVAL";"PROBE";4;63;0x00001d2a;344;1952780;774624;440150;1125227;1130934;10;0;NOSTRESS
138938872139;17040;"NEAR_P1";"INTERVAL";"PROBE";4;63;0x00001d2a;344;1961323;778486;443560;1135111;1133236;580;0;NOSTRESS
138938889184;16983;"NEAR_P1";"INTERVAL";"PROBE";4;63;0x00001d2a;344;1960159;777743;442657;1132730;1133316;479;0;NOSTRESS
138938906171;16873;"NEAR_P1";"INTERVAL";"PROBE";4;63;0x00001d2a;344;1954455;775068;440183;1125302;1132027;19;0;NOSTRESS
138938923048;16988;"NEAR_P1";"INTERVAL";"PROBE";4;63;0x00001d2a;344;1958883;777244;442637;1132287;1132467;465;0;NOSTRESS
138938940040;16876;"NEAR_P1";"INTERVAL";"PROBE";4;63;0x00001d2a;344;1955065;775177;440213;1125471;1132405;19;0;NOSTRESS
138938956920;17007;"NEAR_P1";"INTERVAL";"PROBE";4;63;0x00001d2a;344;1960147;777605;442708;1132863;1133228;514;0;NOSTRESS
138938973932;16863;"NEAR_P1";"INTERVAL";"PROBE";4;63;0x00001d2a;344;1953537;774639;439969;1124917;1131740;21;0;NOSTRESS
138938990799;16977;"NEAR_P1";"INTERVAL";"PROBE";4;63;0x00001d2a;344;1959476;777364;442653;1132343;1133061;475;0;NOSTRESS
138939007780;16873;"NEAR_P1";"INTERVAL";"PROBE";4;63;0x00001d2a;344;1955447;775172;440154;1125261;1132797;19;0;NOSTRESS
138939024658;16966;"NEAR_P1";"INTERVAL";"PROBE";4;63;0x00001d2a;344;1959074;776985;442433;1131921;1133047;473;0;NOSTRESS
138939041628;16874;"NEAR_P1";"INTERVAL";"PROBE";4;63;0x00001d2a;344;1956458;775355;440134;1125342;1133564;15;0;NOSTRESS
138939058507;17028;"NEAR_P1";"INTERVAL";"PROBE";4;63;0x00001d2a;344;1961018;777818;443035;1133792;1133575;602;0;NOSTRESS
138939075540;16872;"NEAR_P1";"INTERVAL";"PROBE";4;63;0x00001d2a;344;1955118;775042;440138;1125267;1132590;17;0;NOSTRESS
138939092416;16998;"NEAR_P1";"INTERVAL";"PROBE";4;63;0x00001d2a;344;1960149;777372;442580;1132312;1133486;502;0;NOSTRESS
138939109435;12595;"TRAJ_R1";"INTERVAL";"PROBE";4;63;0x00001d2a;344;1326048;539022;334410;818039;837195;77;0;NOSTRESS
138940369893;393488;"MAF";"INTERVAL";"PROBE";4;63;0x00001d2a;345;44749919;17836032;10316096;26185681;26181240;7545;0;NOSTRESS
138940369915;80;"SENS_C1";"INTERVAL";"PROBE";4;63;0x00001d2a;345;749;626;438;1045;0;121;0;NOSTRESS
138940369999;93;"LOC_C1";"INTERVAL";"PROBE";4;63;0x00001d2a;345;3783;1831;1234;3076;1830;155;0;NOSTRESS
138940370096;20;"LOC_C2";"INTERVAL";"PROBE";4;63;0x00001d2a;345;347;294;197;600;17;22;0;NOSTRESS
138940370120;96;"LOC_C3";"INTERVAL";"PROBE";4;63;0x00001d2a;345;8971;2470;1705;7625;3943;62;0;NOSTRESS
138940370221;23;"LOC_C4";"INTERVAL";"PROBE";4;63;0x00001d2a;345;340;279;209;584;0;30;0;NOSTRESS
138940370248;17152;"NEAR_P1";"INTERVAL";"PROBE";4;63;0x00001d2a;345;1956581;776800;443065;1134259;1130492;833;0;NOSTRESS
138940387404;16867;"NEAR_P1";"INTERVAL";"PROBE";4;63;0x00001d2a;345;1953320;774789;440191;1125288;1131138;16;0;NOSTRESS
138940404275;16961;"NEAR_P1";"INTERVAL";"PROBE";4;63;0x00001d2a;345;1955899;776381;442497;1131721;1130585;520;0;NOSTRESS
138940421240;16858;"NEAR_P1";"INTERVAL";"PROBE";4;63;0x00001d2a;345;1951555;774185;440211;1124789;1130099;10;0;NOSTRESS
138940438103;16966;"NEAR_P1";"INTERVAL";"PROBE";4;63;0x00001d2a;345;1957473;776715;442618;1131981;1131535;487;0;NOSTRESS
138940455074;16857;"NEAR_P1";"INTERVAL";"PROBE";4;63;0x00001d2a;345;1951236;773972;440120;1124612;1130051;9;0;NOSTRESS
138940471935;16954;"NEAR_P1";"INTERVAL";"PROBE";4;63;0x00001d2a;345;1955620;776104;442501;1131181;1130774;478;0;NOSTRESS
138940488893;16954;"NEAR_P1";"INTERVAL";"PROBE";4;63;0x00001d2a;345;1955509;776078;442533;1131247;1130453;460;0;NOSTRESS
138940505852;16865;"NEAR_P1";"INTERVAL";"PROBE";4;63;0x00001d2a;345;1952572;774413;440160;1124993;1130825;20;0;NOSTRESS
138940522721;17009;"NEAR_P1";"INTERVAL";"PROBE";4;63;0x00001d2a;345;1956763;776837;443315;1133697;1130491;550;0;NOSTRESS
138940539734;16876;"NEAR_P1";"INTERVAL";"PROBE";4;63;0x00001d2a;345;1955177;775276;440228;1125483;1132347;19;0;NOSTRESS
138940556614;16966;"NEAR_P1";"INTERVAL";"PROBE";4;63;0x00001d2a;345;1957887;776811;442546;1131746;1132034;478;0;NOSTRESS
138940573584;16853;"NEAR_P1";"INTERVAL";"PROBE";4;63;0x00001d2a;345;1950473;773745;440094;1124478;1129542;18;0;NOSTRESS
138940590441;16954;"NEAR_P1";"INTERVAL";"PROBE";4;63;0x00001d2a;345;1956185;776150;442521;1131259;1131007;457;0;NOSTRESS
138940607399;16846;"NEAR_P1";"INTERVAL";"PROBE";4;63;0x00001d2a;345;1949125;773173;439995;1123933;1128926;18;0;NOSTRESS
138940624249;16983;"NEAR_P1";"INTERVAL";"PROBE";4;63;0x00001d2a;345;1956326;776307;442614;1131604;1131038;515;0;NOSTRESS
138940641236;16859;"NEAR_P1";"INTERVAL";"PROBE";4;63;0x00001d2a;345;1952263;774226;440153;1124617;1130722;19;0;NOSTRESS
138940658099;16954;"NEAR_P1";"INTERVAL";"PROBE";4;63;0x00001d2a;345;1954782;775848;442411;1131203;1130139;473;0;NOSTRESS
138940675057;16865;"NEAR_P1";"INTERVAL";"PROBE";4;63;0x00001d2a;345;1954160;774653;440145;1124741;1132123;16;0;NOSTRESS
138940691926;16935;"NEAR_P1";"INTERVAL";"PROBE";4;63;0x00001d2a;345;1952320;775005;442304;1130304;1128762;470;0;NOSTRESS
138940708883;54493;"TRAJ_R1";"INTERVAL";"PROBE";4;63;0x00001d2a;345;5640884;2315985;1476049;3580405;3562367;1039;0;NOSTRESS
138941969898;398120;"MAF";"INTERVAL";"PROBE";4;63;0x00001d2a;346;45229309;18033344;10429632;26481454;26479535;7765;0;NOSTRESS
138941969917;77;"SENS_C1";"INTERVAL";"PROBE";4;63;0x00001d2a;346;756;627;437;1033;0;116;0;NOSTRESS
138941969998;99;"LOC_C1";"INTERVAL";"PROBE";4;63;0x00001d2a;346;3760;1828;1244;3088;1807;160;0;NOSTRESS
138941970101;21;"LOC_C2";"INTERVAL";"PROBE";4;63;0x00001d2a;346;344;295;196;593;17;22;0;NOSTRESS
138941970126;92;"LOC_C3";"INTERVAL";"PROBE";4;63;0x00001d2a;346;8727;2411;1705;7579;3786;60;0;NOSTRESS
138941970223;23;"LOC_C4";"INTERVAL";"PROBE";4;63;0x00001d2a;346;338;279;208;577;0;29;0;NOSTRESS
138941970250;17164;"NEAR_P1";"INTERVAL";"PROBE";4;63;0x00001d2a;346;1958911;778663;443624;1136760;1130458;835;0;NOSTRESS
138941987419;16885;"NEAR_P1";"INTERVAL";"PROBE";4;63;0x00001d2a;346;1954233;775334;440351;1126473;1131572;14;0;NOSTRESS
138942004308;17022;"NEAR_P1";"INTERVAL";"PROBE";4;63;0x00001d2a;346;1957240;777125;442775;1133214;1131164;531;0;NOSTRESS
138942021334;16883;"NEAR_P1";"INTERVAL";"PROBE";4;63;0x00001d2a;346;1953938;775344;440429;1126283;1131274;10;0;NOSTRESS
138942038222;16997;"NEAR_P1";"INTERVAL";"PROBE";4;63;0x00001d2a;346;1957112;777054;442685;1132737;1131117;487;0;NOSTRESS
138942055224;16879;"NEAR_P1";"INTERVAL";"PROBE";4;63;0x00001d2a;346;1954056;775125;440367;1125869;1131599;9;0;NOSTRESS
138942072108;16985;"NEAR_P1";"INTERVAL";"PROBE";4;63;0x00001d2a;346;1959947;777786;442835;1133178;1133117;483;0;NOSTRESS
138942089097;16975;"NEAR_P1";"INTERVAL";"PROBE";4;63;0x00001d2a;346;1957902;777173;442790;1132762;1131668;464;0;NOSTRESS
138942106077;16870;"NEAR_P1";"INTERVAL";"PROBE";4;63;0x00001d2a;346;1951869;774560;440278;1125552;1130369;19;0;NOSTRESS
138942122951;16972;"NEAR_P1";"INTERVAL";"PROBE";4;63;0x00001d2a;346;1957825;777106;442744;1132818;1131670;456;0;NOSTRESS
138942139928;17061;"NEAR_P1";"INTERVAL";"PROBE";4;63;0x00001d2a;346;1957939;776301;440517;1126766;1134143;48;0;NOSTRESS
138942156993;16996;"NEAR_P1";"INTERVAL";"PROBE";4;63;0x00001d2a;346;1959864;777795;442828;1133196;1133199;580;0;NOSTRESS
138942173993;16902;"NEAR_P1";"INTERVAL";"PROBE";4;63;0x00001d2a;346;1958706;776613;440486;1127158;1134623;16;0;NOSTRESS
138942190900;17051;"NEAR_P1";"INTERVAL";"PROBE";4;63;0x00001d2a;346;1962212;778695;443730;1135896;1133799;566;0;NOSTRESS
138942207955;16887;"NEAR_P1";"INTERVAL";"PROBE";4;63;0x00001d2a;346;1956061;775758;440370;1126298;1132993;20;0;NOSTRESS
138942224847;17000;"NEAR_P1";"INTERVAL";"PROBE";4;63;0x00001d2a;346;1960971;777906;442811;1133309;1133738;468;0;NOSTRESS
138942241851;16886;"NEAR_P1";"INTERVAL";"PROBE";4;63;0x00001d2a;346;1956007;775750;440378;1126453;1132927;16;0;NOSTRESS
138942258741;16981;"NEAR_P1";"INTERVAL";"PROBE";4;63;0x00001d2a;346;1960533;777750;442777;1133072;1133585;466;0;NOSTRESS
138942275726;16891;"NEAR_P1";"INTERVAL";"PROBE";4;63;0x00001d2a;346;1956932;775937;440418;1126397;1133714;14;0;NOSTRESS
138942292621;17002;"NEAR_P1";"INTERVAL";"PROBE";4;63;0x00001d2a;346;1961127;778013;442888;1133622;1134073;523;0;NOSTRESS
138942309645;58368;"TRAJ_R1";"INTERVAL";"PROBE";4;63;0x00001d2a;346;6051702;2484693;1583267;3840210;3823123;886;0;NOSTRESS
138943569898;401731;"MAF";"INTERVAL";"PROBE";4;63;0x00001d2a;347;45585081;18184353;10543016;26735908;26713723;7283;0;NOSTRESS
138943569921;78;"SENS_C1";"INTERVAL";"PROBE";4;63;0x00001d2a;347;771;636;438;1066;0;119;0;NOSTRESS
138943570003;98;"LOC_C1";"INTERVAL";"PROBE";4;63;0x00001d2a;347;3720;1806;1234;3087;1782;163;0;NOSTRESS
138943570105;18;"LOC_C2";"INTERVAL";"PROBE";4;63;0x00001d2a;347;349;294;197;607;17;19;0;NOSTRESS
138943570128;90;"LOC_C3";"INTERVAL";"PROBE";4;63;0x00001d2a;347;8811;2438;1703;7633;3827;61;0;NOSTRESS
138943570222;23;"LOC_C4";"INTERVAL";"PROBE";4;63;0x00001d2a;347;351;279;212;602;0;29;0;NOSTRESS
138943570249;17165;"NEAR_P1";"INTERVAL";"PROBE";4;63;0x00001d2a;347;1959904;778967;443578;1137232;1131170;846;0;NOSTRESS
138943587419;16881;"NEAR_P1";"INTERVAL";"PROBE";4;63;0x00001d2a;347;1954600;775250;440354;1126258;1131927;17;0;NOSTRESS
138943604304;16962;"NEAR_P1";"INTERVAL";"PROBE";4;63;0x00001d2a;347;1954849;775993;442571;1131798;1130041;544;0;NOSTRESS
138943621271;16858;"NEAR_P1";"INTERVAL";"PROBE";4;63;0x00001d2a;347;1951515;773942;440123;1124785;1130386;11;0;NOSTRESS
138943638133;16956;"NEAR_P1";"INTERVAL";"PROBE";4;63;0x00001d2a;347;1955801;776114;442516;1131454;1130786;483;0;NOSTRESS
138943655094;16867;"NEAR_P1";"INTERVAL";"PROBE";4;63;0x00001d2a;347;1952366;774574;440233;1125257;1130873;8;0;NOSTRESS
138943671965;16976;"NEAR_P1";"INTERVAL";"PROBE";4;63;0x00001d2a;347;1952754;775243;442390;1130780;1129209;469;0;NOSTRESS
138943688945;16984;"NEAR_P1";"INTERVAL";"PROBE";4;63;0x00001d2a;347;1957097;776650;442591;1131889;1131717;461;0;NOSTRESS
138943705933;16859;"NEAR_P1";"INTERVAL";"PROBE";4;63;0x00001d2a;347;1951221;774015;440125;1124703;1130389;19;0;NOSTRESS
138943722797;16952;"NEAR_P1";"INTERVAL";"PROBE";4;63;0x00001d2a;347;1954937;776020;442501;1131562;1130302;460;0;NOSTRESS
138943739753;16854;"NEAR_P1";"INTERVAL";"PROBE";4;63;0x00001d2a;347;1950539;773735;440081;1124483;1129933;18;0;NOSTRESS
138943756611;16956;"NEAR_P1";"INTERVAL";"PROBE";4;63;0x00001d2a;347;1955640;776147;442535;1131622;1130790;456;0;NOSTRESS
138943773572;16862;"NEAR_P1";"INTERVAL";"PROBE";4;63;0x00001d2a;347;1951762;774235;440208;1124871;1130598;18;0;NOSTRESS
138943790438;16947;"NEAR_P1";"INTERVAL";"PROBE";4;63;0x00001d2a;347;1953380;775525;442447;1131210;1129587;462;0;NOSTRESS
138943807389;16857;"NEAR_P1";"INTERVAL";"PROBE";4;63;0x00001d2a;347;1950896;773846;440114;1124557;1130141;16;0;NOSTRESS
138943824250;16951;"NEAR_P1";"INTERVAL";"PROBE";4;63;0x00001d2a;347;1954655;775885;442495;1131389;1130244;456;0;NOSTRESS
138943841205;16848;"NEAR_P1";"INTERVAL";"PROBE";4;63;0x00001d2a;347;1948404;773210;440051;1124293;1128559;16;0;NOSTRESS
138943858057;17019;"NEAR_P1";"INTERVAL";"PROBE";4;63;0x00001d2a;347;1956948;776967;443438;1134509;1130635;571;0;NOSTRESS
138943875081;16869;"NEAR_P1";"INTERVAL";"PROBE";4;63;0x00001d2a;347;1952551;774563;440206;1125372;1131056;10;0;NOSTRESS
138943891954;16963;"NEAR_P1";"INTERVAL";"PROBE";4;63;0x00001d2a;347;1954931;776028;442492;1131613;1130318;492;0;NOSTRESS
138943908938;62687;"TRAJ_R1";"INTERVAL";"PROBE";4;63;0x00001d2a;347;6486752;2664900;1702144;4124016;4099436;809;0;NOSTRESS
138945169909;407659;"MAF";"INTERVAL";"PROBE";4;63;0x00001d2a;348;46236328;18444445;10690522;27114859;27112642;7716;0;NOSTRESS
138945169931;79;"SENS_C1";"INTERVAL";"PROBE";4;63;0x00001d2a;348;749;617;439;1033;0;116;0;NOSTRESS
138945170015;98;"LOC_C1";"INTERVAL";"PROBE";4;63;0x00001d2a;348;3706;1806;1240;3087;1765;162;0;NOSTRESS
138945170118;20;"LOC_C2";"INTERVAL";"PROBE";4;63;0x00001d2a;348;344;292;195;592;17;20;0;NOSTRESS
138945170142;91;"LOC_C3";"INTERVAL";"PROBE";4;63;0x00001d2a;348;8879;2476;1708;7619;3876;62;0;NOSTRESS
138945170238;20;"LOC_C4";"INTERVAL";"PROBE";4;63;0x00001d2a;348;347;277;211;586;0;30;0;NOSTRESS
138945170263;17162;"NEAR_P1";"INTERVAL";"PROBE";4;63;0x00001d2a;348;1964376;780224;443613;1137498;1134140;769;0;NOSTRESS
138945187429;16886;"NEAR_P1";"INTERVAL";"PROBE";4;63;0x00001d2a;348;1956140;775876;440402;1126826;1132634;13;0;NOSTRESS
138945204319;17028;"NEAR_P1";"INTERVAL";"PROBE";4;63;0x00001d2a;348;1963274;779138;443393;1135594;1134238;661;0;NOSTRESS
138945221352;16889;"NEAR_P1";"INTERVAL";"PROBE";4;63;0x00001d2a;348;1956975;776123;440427;1126908;1133140;9;0;NOSTRESS
138945238245;17001;"NEAR_P1";"INTERVAL";"PROBE";4;63;0x00001d2a;348;1959907;777575;442761;1132995;1132973;519;0;NOSTRESS
138945255250;16885;"NEAR_P1";"INTERVAL";"PROBE";4;63;0x00001d2a;348;1956647;775773;440382;1126529;1133141;10;0;NOSTRESS
138945272139;16982;"NEAR_P1";"INTERVAL";"PROBE";4;63;0x00001d2a;348;1960505;777959;442747;1133260;1133313;485;0;NOSTRESS
138945289126;16999;"NEAR_P1";"INTERVAL";"PROBE";4;63;0x00001d2a;348;1961995;778282;442829;1133427;1134145;467;0;NOSTRESS
138945306129;16889;"NEAR_P1";"INTERVAL";"PROBE";4;63;0x00001d2a;348;1957006;775982;440428;1126637;1133179;20;0;NOSTRESS
138945323022;17011;"NEAR_P1";"INTERVAL";"PROBE";4;63;0x00001d2a;348;1959774;777567;442659;1132830;1132854;411;0;NOSTRESS
138945340038;16888;"NEAR_P1";"INTERVAL";"PROBE";4;63;0x00001d2a;348;1957217;776036;440418;1126529;1133458;17;0;NOSTRESS
138945356930;17019;"NEAR_P1";"INTERVAL";"PROBE";4;63;0x00001d2a;348;1961636;778253;442844;1133545;1133874;475;0;NOSTRESS
138945373953;16896;"NEAR_P1";"INTERVAL";"PROBE";4;63;0x00001d2a;348;1958225;776494;440461;1126947;1134005;19;0;NOSTRESS
138945390854;16978;"NEAR_P1";"INTERVAL";"PROBE";4;63;0x00001d2a;348;1960179;777722;442766;1133239;1133153;468;0;NOSTRESS
138945407837;16877;"NEAR_P1";"INTERVAL";"PROBE";4;63;0x00001d2a;348;1954853;775305;440320;1126184;1132071;16;0;NOSTRESS
138945424718;16987;"NEAR_P1";"INTERVAL";"PROBE";4;63;0x00001d2a;348;1962210;778256;442831;1133476;1134369;474;0;NOSTRESS
138945441709;16898;"NEAR_P1";"INTERVAL";"PROBE";4;63;0x00001d2a;348;1958924;776527;440477;1126957;1134537;16;0;NOSTRESS
138945458611;16987;"NEAR_P1";"INTERVAL";"PROBE";4;63;0x00001d2a;348;1961547;778280;442853;1133587;1133895;456;0;NOSTRESS
138945475602;16888;"NEAR_P1";"INTERVAL";"PROBE";4;63;0x00001d2a;348;1957302;776073;440398;1126546;1133397;15;0;NOSTRESS
138945492495;16983;"NEAR_P1";"INTERVAL";"PROBE";4;63;0x00001d2a;348;1960704;778078;442772;1133338;1133303;476;0;NOSTRESS
138945509500;68064;"TRAJ_R1";"INTERVAL";"PROBE";4;63;0x00001d2a;348;7022653;2886051;1844461;4468613;4437165;1088;0;NOSTRESS
138946769877;412506;"MAF";"INTERVAL";"PROBE";4;63;0x00001d2a;349;46704922;18644728;10839646;27456959;27414902;7496;0;NOSTRESS
138946769902;81;"SENS_C1";"INTERVAL";"PROBE";4;63;0x00001d2a;349;781;626;440;1110;0;119;0;NOSTRESS
138946769987;100;"LOC_C1";"INTERVAL";"PROBE";4;63;0x00001d2a;349;3807;1852;1242;3132;1831;159;0;NOSTRESS
138946770091;22;"LOC_C2";"INTERVAL";"PROBE";4;63;0x00001d2a;349;349;294;197;607;17;24;0;NOSTRESS
138946770118;94;"LOC_C3";"INTERVAL";"PROBE";4;63;0x00001d2a;349;8825;2423;1689;7599;3831;60;0;NOSTRESS
138946770216;24;"LOC_C4";"INTERVAL";"PROBE";4;63;0x00001d2a;349;350;278;209;599;0;28;0;NOSTRESS
138946770244;17233;"NEAR_P1";"INTERVAL";"PROBE";4;63;0x00001d2a;349;1959626;779167;444121;1138592;1130298;1082;0;NOSTRESS
138946787481;16879;"NEAR_P1";"INTERVAL";"PROBE";4;63;0x00001d2a;349;1954400;775306;440456;1126589;1131411;21;0;NOSTRESS
138946804364;16969;"NEAR_P1";"INTERVAL";"PROBE";4;63;0x00001d2a;349;1954250;775928;442661;1132377;1129154;581;0;NOSTRESS
138946821337;16861;"NEAR_P1";"INTERVAL";"PROBE";4;63;0x00001d2a;349;1952665;774295;440186;1125342;1130771;11;0;NOSTRESS
138946838202;16964;"NEAR_P1";"INTERVAL";"PROBE";4;63;0x00001d2a;349;1956817;776457;442684;1132062;1131114;493;0;NOSTRESS
138946855170;16863;"NEAR_P1";"INTERVAL";"PROBE";4;63;0x00001d2a;349;1951772;774285;440272;1125407;1130193;9;0;NOSTRESS
138946872037;16960;"NEAR_P1";"INTERVAL";"PROBE";4;63;0x00001d2a;349;1956063;776438;442641;1132468;1130504;465;0;NOSTRESS
138946889002;16945;"NEAR_P1";"INTERVAL";"PROBE";4;63;0x00001d2a;349;1954200;775679;442512;1131703;1129514;455;0;NOSTRESS
138946905951;16863;"NEAR_P1";"INTERVAL";"PROBE";4;63;0x00001d2a;349;1950295;774112;440219;1125418;1129250;19;0;NOSTRESS
138946922818;16967;"NEAR_P1";"INTERVAL";"PROBE";4;63;0x00001d2a;349;1957209;776844;442769;1132558;1131277;458;0;NOSTRESS
138946939789;16857;"NEAR_P1";"INTERVAL";"PROBE";4;63;0x00001d2a;349;1952585;774184;440111;1125108;1130920;19;0;NOSTRESS
138946956650;16944;"NEAR_P1";"INTERVAL";"PROBE";4;63;0x00001d2a;349;1954525;775677;442475;1131489;1129849;465;0;NOSTRESS
138946973598;16870;"NEAR_P1";"INTERVAL";"PROBE";4;63;0x00001d2a;349;1954591;774876;440275;1125694;1132021;18;0;NOSTRESS
138946990472;16979;"NEAR_P1";"INTERVAL";"PROBE";4;63;0x00001d2a;349;1955888;775865;442440;1131553;1130708;459;0;NOSTRESS
138947007456;16851;"NEAR_P1";"INTERVAL";"PROBE";4;63;0x00001d2a;349;1950992;773803;440116;1124832;1129946;18;0;NOSTRESS
138947024311;16975;"NEAR_P1";"INTERVAL";"PROBE";4;63;0x00001d2a;349;1956523;776219;442607;1132072;1131015;465;0;NOSTRESS
138947041291;16854;"NEAR_P1";"INTERVAL";"PROBE";4;63;0x00001d2a;349;1951727;774061;440099;1124907;1130420;15;0;NOSTRESS
138947058149;16954;"NEAR_P1";"INTERVAL";"PROBE";4;63;0x00001d2a;349;1955925;776068;442608;1131939;1130571;464;0;NOSTRESS
138947075107;16863;"NEAR_P1";"INTERVAL";"PROBE";4;63;0x00001d2a;349;1952405;774388;440226;1125504;1130466;15;0;NOSTRESS
138947091974;16950;"NEAR_P1";"INTERVAL";"PROBE";4;63;0x00001d2a;349;1954403;775946;442558;1131820;1129565;471;0;NOSTRESS
138947108945;73433;"TRAJ_R1";"INTERVAL";"PROBE";4;63;0x00001d2a;349;7594334;3122551;1997786;4837169;4800256;866;0;NOSTRESS
138948369885;407369;"MAF";"INTERVAL";"PROBE";4;63;0x00001d2a;350;46209854;18432920;10690430;27106926;27103049;7366;0;NOSTRESS
138948369910;82;"SENS_C1";"INTERVAL";"PROBE";4;63;0x00001d2a;350;726;620;436;1010;0;118;0;NOSTRESS
138948369996;98;"LOC_C1";"INTERVAL";"PROBE";4;63;0x00001d2a;350;3698;1819;1242;3096;1774;156;0;NOSTRESS
138948370098;21;"LOC_C2";"INTERVAL";"PROBE";4;63;0x00001d2a;350;344;292;195;592;17;18;0;NOSTRESS
138948370123;89;"LOC_C3";"INTERVAL";"PROBE";4;63;0x00001d2a;350;8722;2395;1692;7563;3783;63;0;NOSTRESS
138948370216;25;"LOC_C4";"INTERVAL";"PROBE";4;63;0x00001d2a;350;355;287;213;612;0;31;0;NOSTRESS
138948370246;17175;"NEAR_P1";"INTERVAL";"PROBE";4;63;0x00001d2a;350;1963865;780165;443473;1137682;1133429;825;0;NOSTRESS
138948387425;16879;"NEAR_P1";"INTERVAL";"PROBE";4;63;0x00001d2a;350;1955661;775398;440326;1126276;1132559;15;0;NOSTRESS
138948404309;17018;"NEAR_P1";"INTERVAL";"PROBE";4;63;0x00001d2a;350;1959538;777468;442613;1133003;1132731;455;0;NOSTRESS
138948421331;16880;"NEAR_P1";"INTERVAL";"PROBE";4;63;0x00001d2a;350;1956067;775486;440347;1126144;1132911;8;0;NOSTRESS
138948438215;17008;"NEAR_P1";"INTERVAL";"PROBE";4;63;0x00001d2a;350;1960099;777599;442688;1132822;1133389;489;0;NOSTRESS
138948455227;16866;"NEAR_P1";"INTERVAL";"PROBE";4;63;0x00001d2a;350;1954109;774677;440199;1125493;1131939;8;0;NOSTRESS
138948472097;16963;"NEAR_P1";"INTERVAL";"PROBE";4;63;0x00001d2a;350;1957474;776799;442659;1132390;1131557;472;0;NOSTRESS
138948489064;16987;"NEAR_P1";"INTERVAL";"PROBE";4;63;0x00001d2a;350;1961883;778140;442738;1133342;1134423;471;0;NOSTRESS
138948506056;16869;"NEAR_P1";"INTERVAL";"PROBE";4;63;0x00001d2a;350;1954464;775007;440223;1125699;1132119;21;0;NOSTRESS
138948522930;16995;"NEAR_P1";"INTERVAL";"PROBE";4;63;0x00001d2a;350;1959914;777609;443164;1133974;1132690;597;0;NOSTRESS
138948539930;16879;"NEAR_P1";"INTERVAL";"PROBE";4;63;0x00001d2a;350;1956214;775369;440252;1126016;1133111;17;0;NOSTRESS
138948556813;16979;"NEAR_P1";"INTERVAL";"PROBE";4;63;0x00001d2a;350;1960138;777568;442697;1132882;1133269;508;0;NOSTRESS
138948573796;16874;"NEAR_P1";"INTERVAL";"PROBE";4;63;0x00001d2a;350;1954573;775160;440295;1125848;1131910;17;0;NOSTRESS
138948590674;16969;"NEAR_P1";"INTERVAL";"PROBE";4;63;0x00001d2a;350;1958655;777053;442651;1132503;1132357;469;0;NOSTRESS
138948607647;16878;"NEAR_P1";"INTERVAL";"PROBE";4;63;0x00001d2a;350;1955619;775365;440282;1125856;1132811;17;0;NOSTRESS
138948624529;16973;"NEAR_P1";"INTERVAL";"PROBE";4;63;0x00001d2a;350;1959569;777326;442694;1132746;1132918;467;0;NOSTRESS
138948641506;16862;"NEAR_P1";"INTERVAL";"PROBE";4;63;0x00001d2a;350;1952829;774310;440166;1125255;1131013;17;0;NOSTRESS
138948658373;16985;"NEAR_P1";"INTERVAL";"PROBE";4;63;0x00001d2a;350;1959125;777059;442580;1132489;1132660;457;0;NOSTRESS
138948675362;16883;"NEAR_P1";"INTERVAL";"PROBE";4;63;0x00001d2a;350;1956790;775668;440352;1126152;1133443;14;0;NOSTRESS
138948692249;16990;"NEAR_P1";"INTERVAL";"PROBE";4;63;0x00001d2a;350;1958905;777072;442602;1132265;1132584;480;0;NOSTRESS
138948709261;67988;"TRAJ_R1";"INTERVAL";"PROBE";4;63;0x00001d2a;350;7030880;2890104;1847603;4475882;4443652;917;0;NOSTRESS
138949969889;413964;"MAF";"INTERVAL";"PROBE";4;63;0x00001d2a;351;46852889;18704416;10864867;27529115;27507466;7601;0;NOSTRESS
138949969914;80;"SENS_C1";"INTERVAL";"PROBE";4;63;0x00001d2a;351;730;614;435;1007;0;115;0;NOSTRESS
138949969998;93;"LOC_C1";"INTERVAL";"PROBE";4;63;0x00001d2a;351;3879;1879;1247;3127;1870;158;0;NOSTRESS
138949970095;22;"LOC_C2";"INTERVAL";"PROBE";4;63;0x00001d2a;351;342;292;195;591;17;19;0;NOSTRESS
138949970121;92;"LOC_C3";"INTERVAL";"PROBE";4;63;0x00001d2a;351;8813;2451;1712;7646;3821;62;0;NOSTRESS
138949970217;26;"LOC_C4";"INTERVAL";"PROBE";4;63;0x00001d2a;351;345;281;212;590;0;31;0;NOSTRESS
138949970247;17146;"NEAR_P1";"INTERVAL";"PROBE";4;63;0x00001d2a;351;1961419;779386;443471;1136916;1132416;760;0;NOSTRESS
138949987398;16887;"NEAR_P1";"INTERVAL";"PROBE";4;63;0x00001d2a;351;1955332;775623;440428;1126429;1132324;15;0;NOSTRESS
138950004289;17015;"NEAR_P1";"INTERVAL";"PROBE";4;63;0x00001d2a;351;1961797;778423;442784;1133684;1134043;525;0;NOSTRESS
138950021308;17024;"NEAR_P1";"INTERVAL";"PROBE";4;63;0x00001d2a;351;1953114;774826;440248;1125903;1131060;33;0;NOSTRESS
138950038336;17002;"NEAR_P1";"INTERVAL";"PROBE";4;63;0x00001d2a;351;1957686;777050;442629;1132558;1131747;607;0;NOSTRESS
138950055342;16874;"NEAR_P1";"INTERVAL";"PROBE";4;63;0x00001d2a;351;1953123;774885;440280;1125928;1131102;9;0;NOSTRESS
138950072220;17016;"NEAR_P1";"INTERVAL";"PROBE";4;63;0x00001d2a;351;1960132;777784;442715;1133023;1133226;431;0;NOSTRESS
138950089241;17028;"NEAR_P1";"INTERVAL";"PROBE";4;63;0x00001d2a;351;1960190;777895;442826;1133233;1133035;479;0;NOSTRESS
138950106273;16889;"NEAR_P1";"INTERVAL";"PROBE";4;63;0x00001d2a;351;1955735;775769;440468;1126537;1132562;21;0;NOSTRESS
138950123166;16962;"NEAR_P1";"INTERVAL";"PROBE";4;63;0x00001d2a;351;1956145;776515;442649;1132267;1130782;466;0;NOSTRESS
138950140132;16886;"NEAR_P1";"INTERVAL";"PROBE";4;63;0x00001d2a;351;1955387;775701;440391;1126383;1132329;17;0;NOSTRESS
138950157022;16962;"NEAR_P1";"INTERVAL";"PROBE";4;63;0x00001d2a;351;1955830;776500;442650;1132417;1130501;452;0;NOSTRESS
138950173988;16883;"NEAR_P1";"INTERVAL";"PROBE";4;63;0x00001d2a;351;1954962;775483;440371;1126239;1132138;15;0;NOSTRESS
138950190875;17009;"NEAR_P1";"INTERVAL";"PROBE";4;63;0x00001d2a;351;1961019;778254;443269;1134862;1133256;586;0;NOSTRESS
138950207888;16880;"NEAR_P1";"INTERVAL";"PROBE";4;63;0x00001d2a;351;1955079;775394;440290;1126067;1132304;17;0;NOSTRESS
138950224773;16982;"NEAR_P1";"INTERVAL";"PROBE";4;63;0x00001d2a;351;1958809;777440;442747;1133014;1132291;495;0;NOSTRESS
138950241759;16876;"NEAR_P1";"INTERVAL";"PROBE";4;63;0x00001d2a;351;1954456;775219;440262;1125945;1132010;15;0;NOSTRESS
138950258640;16972;"NEAR_P1";"INTERVAL";"PROBE";4;63;0x00001d2a;351;1958063;777119;442712;1132691;1131774;474;0;NOSTRESS
138950275616;16883;"NEAR_P1";"INTERVAL";"PROBE";4;63;0x00001d2a;351;1954804;775386;440422;1126175;1132039;12;0;NOSTRESS
138950292503;16984;"NEAR_P1";"INTERVAL";"PROBE";4;63;0x00001d2a;351;1959968;777750;442813;1133194;1132891;469;0;NOSTRESS
138950309509;74339;"TRAJ_R1";"INTERVAL";"PROBE";4;63;0x00001d2a;351;7685436;3159086;2020140;4892174;4857928;870;0;NOSTRESS
138951569853;420932;"MAF";"INTERVAL";"PROBE";4;63;0x00001d2a;352;47613477;19011856;11061988;28000653;27991721;7386;0;NOSTRESS
138951569878;72;"SENS_C1";"INTERVAL";"PROBE";4;63;0x00001d2a;352;763;639;439;1051;0;122;0;NOSTRESS
138951569955;92;"LOC_C1";"INTERVAL";"PROBE";4;63;0x00001d2a;352;3751;1821;1237;3082;1789;159;0;NOSTRESS
138951570051;19;"LOC_C2";"INTERVAL";"PROBE";4;63;0x00001d2a;352;347;294;197;600;17;20;0;NOSTRESS
138951570074;95;"LOC_C3";"INTERVAL";"PROBE";4;63;0x00001d2a;352;8758;2416;1686;7545;3831;62;0;NOSTRESS
138951570174;24;"LOC_C4";"INTERVAL";"PROBE";4;63;0x00001d2a;352;349;282;212;600;0;31;0;NOSTRESS
138951570202;17162;"NEAR_P1";"INTERVAL";"PROBE";4;63;0x00001d2a;352;1963785;780281;443411;1137169;1133360;844;0;NOSTRESS
138951587369;16889;"NEAR_P1";"INTERVAL";"PROBE";4;63;0x00001d2a;352;1956752;775891;440354;1126404;1133147;16;0;NOSTRESS
138951604262;16986;"NEAR_P1";"INTERVAL";"PROBE";4;63;0x00001d2a;352;1961161;777818;442741;1132867;1133647;516;0;NOSTRESS
138951621252;16884;"NEAR_P1";"INTERVAL";"PROBE";4;63;0x00001d2a;352;1956921;775718;440296;1126020;1133348;11;0;NOSTRESS
138951638140;16988;"NEAR_P1";"INTERVAL";"PROBE";4;63;0x00001d2a;352;1961726;778119;442743;1133088;1134172;492;0;NOSTRESS
138951655133;16872;"NEAR_P1";"INTERVAL";"PROBE";4;63;0x00001d2a;352;1955344;775066;440116;1125381;1132534;9;0;NOSTRESS
138951672009;17019;"NEAR_P1";"INTERVAL";"PROBE";4;63;0x00001d2a;352;1962342;778240;442658;1133054;1134654;473;0;NOSTRESS
138951689032;16998;"NEAR_P1";"INTERVAL";"PROBE";4;63;0x00001d2a;352;1961098;777678;442601;1132710;1133780;458;0;NOSTRESS
138951706034;16886;"NEAR_P1";"INTERVAL";"PROBE";4;63;0x00001d2a;352;1957319;775894;440315;1126054;1133595;18;0;NOSTRESS
138951722924;17020;"NEAR_P1";"INTERVAL";"PROBE";4;63;0x00001d2a;352;1962456;778329;442722;1132958;1134634;456;0;NOSTRESS
138951739948;16879;"NEAR_P1";"INTERVAL";"PROBE";4;63;0x00001d2a;352;1956164;775480;440243;1125669;1133018;20;0;NOSTRESS
138951756832;16989;"NEAR_P1";"INTERVAL";"PROBE";4;63;0x00001d2a;352;1958794;777068;442545;1132280;1132426;461;0;NOSTRESS
138951773825;16883;"NEAR_P1";"INTERVAL";"PROBE";4;63;0x00001d2a;352;1957017;775843;440287;1125881;1133527;19;0;NOSTRESS
138951790712;16972;"NEAR_P1";"INTERVAL";"PROBE";4;63;0x00001d2a;352;1958839;777225;442602;1132489;1132307;455;0;NOSTRESS
138951807688;16876;"NEAR_P1";"INTERVAL";"PROBE";4;63;0x00001d2a;352;1953990;775006;440218;1125545;1131716;19;0;NOSTRESS
138951824568;16978;"NEAR_P1";"INTERVAL";"PROBE";4;63;0x00001d2a;352;1959311;777540;442611;1132813;1132888;464;0;NOSTRESS
138951841550;16882;"NEAR_P1";"INTERVAL";"PROBE";4;63;0x00001d2a;352;1956158;775598;440284;1125812;1133106;15;0;NOSTRESS
138951858436;17013;"NEAR_P1";"INTERVAL";"PROBE";4;63;0x00001d2a;352;1961698;778529;443171;1134549;1133669;600;0;NOSTRESS
138951875453;16877;"NEAR_P1";"INTERVAL";"PROBE";4;63;0x00001d2a;352;1954077;775183;440180;1125572;1131758;16;0;NOSTRESS
138951892334;16991;"NEAR_P1";"INTERVAL";"PROBE";4;63;0x00001d2a;352;1962545;778261;442716;1132942;1134719;514;0;NOSTRESS
138951909330;81450;"TRAJ_R1";"INTERVAL";"PROBE";4;63;0x00001d2a;352;8412414;3460556;2219366;5369283;5320079;881;0;NOSTRESS
138953169858;429679;"MAF";"INTERVAL";"PROBE";4;63;0x00001d2a;353;48461251;19370557;11297056;28564811;28527210;7815;0;NOSTRESS
138953169882;77;"SENS_C1";"INTERVAL";"PROBE";4;63;0x00001d2a;353;723;617;435;985;0;114;0;NOSTRESS
138953169964;98;"LOC_C1";"INTERVAL";"PROBE";4;63;0x00001d2a;353;3843;1850;1244;3116;1853;157;0;NOSTRESS
138953170066;21;"LOC_C2";"INTERVAL";"PROBE";4;63;0x00001d2a;353;342;292;195;591;17;18;0;NOSTRESS
138953170091;91;"LOC_C3";"INTERVAL";"PROBE";4;63;0x00001d2a;353;8698;2391;1687;7564;3780;62;0;NOSTRESS
138953170186;26;"LOC_C4";"INTERVAL";"PROBE";4;63;0x00001d2a;353;345;277;212;585;0;28;0;NOSTRESS
138953170216;17134;"NEAR_P1";"INTERVAL";"PROBE";4;63;0x00001d2a;353;1960967;779386;443313;1136623;1131866;777;0;NOSTRESS
138953187355;16882;"NEAR_P1";"INTERVAL";"PROBE";4;63;0x00001d2a;353;1955347;775448;440287;1126026;1132279;14;0;NOSTRESS
138953204241;17019;"NEAR_P1";"INTERVAL";"PROBE";4;63;0x00001d2a;353;1960945;778175;442726;1133292;1133547;551;0;NOSTRESS
138953221264;16890;"NEAR_P1";"INTERVAL";"PROBE";4;63;0x00001d2a;353;1957028;776185;440307;1126325;1133337;10;0;NOSTRESS
138953238158;17004;"NEAR_P1";"INTERVAL";"PROBE";4;63;0x00001d2a;353;1959568;777607;442581;1132598;1132914;487;0;NOSTRESS
138953255167;16877;"NEAR_P1";"INTERVAL";"PROBE";4;63;0x00001d2a;353;1954359;775219;440181;1125446;1131931;9;0;NOSTRESS
138953272048;16978;"NEAR_P1";"INTERVAL";"PROBE";4;63;0x00001d2a;353;1957890;777086;442587;1132423;1131779;483;0;NOSTRESS
138953289030;16975;"NEAR_P1";"INTERVAL";"PROBE";4;63;0x00001d2a;353;1958657;777356;442629;1132332;1132326;467;0;NOSTRESS
138953306009;16877;"NEAR_P1";"INTERVAL";"PROBE";4;63;0x00001d2a;353;1954508;775286;440185;1125413;1132029;19;0;NOSTRESS
138953322890;17011;"NEAR_P1";"INTERVAL";"PROBE";4;63;0x00001d2a;353;1959602;777592;442583;1132252;1133056;456;0;NOSTRESS
138953339905;16882;"NEAR_P1";"INTERVAL";"PROBE";4;63;0x00001d2a;353;1955463;775551;440222;1125507;1132623;20;0;NOSTRESS
138953356791;16997;"NEAR_P1";"INTERVAL";"PROBE";4;63;0x00001d2a;353;1959035;777529;442579;1132529;1132661;457;0;NOSTRESS
138953373792;16883;"NEAR_P1";"INTERVAL";"PROBE";4;63;0x00001d2a;353;1955715;775718;440161;1125711;1132785;19;0;NOSTRESS
138953390679;17161;"NEAR_P1";"INTERVAL";"PROBE";4;63;0x00001d2a;353;1958906;777405;442469;1132273;1132556;556;0;NOSTRESS
138953407845;16877;"NEAR_P1";"INTERVAL";"PROBE";4;63;0x00001d2a;353;1954989;775334;440157;1125446;1132396;16;0;NOSTRESS
138953424727;17005;"NEAR_P1";"INTERVAL";"PROBE";4;63;0x00001d2a;353;1959020;777554;442583;1132409;1132597;480;0;NOSTRESS
138953441737;16872;"NEAR_P1";"INTERVAL";"PROBE";4;63;0x00001d2a;353;1954146;775006;440136;1125238;1131844;17;0;NOSTRESS
138953458613;16985;"NEAR_P1";"INTERVAL";"PROBE";4;63;0x00001d2a;353;1960430;778012;442660;1132891;1133341;462;0;NOSTRESS
138953475602;16884;"NEAR_P1";"INTERVAL";"PROBE";4;63;0x00001d2a;353;1955318;775721;440188;1125867;1132545;16;0;NOSTRESS
138953492490;16969;"NEAR_P1";"INTERVAL";"PROBE";4;63;0x00001d2a;353;1958191;777126;442563;1131871;1131989;474;0;NOSTRESS
138953509464;90069;"TRAJ_R1";"INTERVAL";"PROBE";4;63;0x00001d2a;353;9286963;3823441;2455687;5939004;5871159;1196;0;NOSTRESS
138954769853;438935;"MAF";"INTERVAL";"PROBE";4;63;0x00001d2a;354;49395996;19760378;11563787;29193249;29120684;7407;0;NOSTRESS
138954769879;80;"SENS_C1";"INTERVAL";"PROBE";4;63;0x00001d2a;354;742;618;436;1021;0;115;0;NOSTRESS
138954769963;98;"LOC_C1";"INTERVAL";"PROBE";4;63;0x00001d2a;354;3860;1854;1246;3121;1860;156;0;NOSTRESS
138954770065;19;"LOC_C2";"INTERVAL";"PROBE";4;63;0x00001d2a;354;344;292;195;592;17;19;0;NOSTRESS
138954770088;90;"LOC_C3";"INTERVAL";"PROBE";4;63;0x00001d2a;354;8713;2414;1705;7580;3775;64;0;NOSTRESS
138954770183;23;"LOC_C4";"INTERVAL";"PROBE";4;63;0x00001d2a;354;340;276;210;580;0;27;0;NOSTRESS
138954770210;17144;"NEAR_P1";"INTERVAL";"PROBE";4;63;0x00001d2a;354;1962017;779389;443075;1135773;1132616;738;0;NOSTRESS
138954787359;16878;"NEAR_P1";"INTERVAL";"PROBE";4;63;0x00001d2a;354;1954368;775259;440273;1125979;1131616;12;0;NOSTRESS
138954804241;16985;"NEAR_P1";"INTERVAL";"PROBE";4;63;0x00001d2a;354;1958655;777330;442664;1132857;1132074;528;0;NOSTRESS
138954821230;16874;"NEAR_P1";"INTERVAL";"PROBE";4;63;0x00001d2a;354;1954098;775084;440226;1125476;1131649;12;0;NOSTRESS
138954838108;16974;"NEAR_P1";"INTERVAL";"PROBE";4;63;0x00001d2a;354;1958615;777151;442654;1132117;1132333;472;0;NOSTRESS
138954855086;16876;"NEAR_P1";"INTERVAL";"PROBE";4;63;0x00001d2a;354;1954454;775038;440229;1125283;1131997;9;0;NOSTRESS
138954871966;16977;"NEAR_P1";"INTERVAL";"PROBE";4;63;0x00001d2a;354;1957534;776837;442533;1131903;1131740;478;0;NOSTRESS
138954888948;16975;"NEAR_P1";"INTERVAL";"PROBE";4;63;0x00001d2a;354;1957870;777004;442629;1132160;1131850;475;0;NOSTRESS
138954905927;16871;"NEAR_P1";"INTERVAL";"PROBE";4;63;0x00001d2a;354;1953816;774811;440207;1125167;1131499;18;0;NOSTRESS
138954922802;16969;"NEAR_P1";"INTERVAL";"PROBE";4;63;0x00001d2a;354;1958081;777060;442587;1132189;1131882;459;0;NOSTRESS
138954939775;16871;"NEAR_P1";"INTERVAL";"PROBE";4;63;0x00001d2a;354;1951894;774552;440183;1125172;1130224;15;0;NOSTRESS
138954956650;16968;"NEAR_P1";"INTERVAL";"PROBE";4;63;0x00001d2a;354;1956291;776702;442612;1131953;1130690;466;0;NOSTRESS
138954973623;16886;"NEAR_P1";"INTERVAL";"PROBE";4;63;0x00001d2a;354;1955277;775678;440370;1125855;1132254;15;0;NOSTRESS
138954990513;16972;"NEAR_P1";"INTERVAL";"PROBE";4;63;0x00001d2a;354;1955128;776042;442498;1131312;1130095;448;0;NOSTRESS
138955007489;16872;"NEAR_P1";"INTERVAL";"PROBE";4;63;0x00001d2a;354;1952957;774748;440183;1125196;1131013;16;0;NOSTRESS
138955024365;16967;"NEAR_P1";"INTERVAL";"PROBE";4;63;0x00001d2a;354;1956287;776534;442583;1131754;1130866;473;0;NOSTRESS
138955041336;16876;"NEAR_P1";"INTERVAL";"PROBE";4;63;0x00001d2a;354;1953455;774928;440230;1125397;1131175;16;0;NOSTRESS
138955058217;17003;"NEAR_P1";"INTERVAL";"PROBE";4;63;0x00001d2a;354;1956875;776866;442551;1131917;1131109;453;0;NOSTRESS
138955075224;16880;"NEAR_P1";"INTERVAL";"PROBE";4;63;0x00001d2a;354;1953686;775150;440277;1125538;1131230;14;0;NOSTRESS
138955092108;16980;"NEAR_P1";"INTERVAL";"PROBE";4;63;0x00001d2a;354;1954890;776055;442497;1131388;1129844;469;0;NOSTRESS
138955109111;99673;"TRAJ_R1";"INTERVAL";"PROBE";4;63;0x00001d2a;354;10256160;4225631;2722895;6576765;6487276;1204;0;NOSTRESS
138956369848;449058;"MAF";"INTERVAL";"PROBE";4;63;0x00001d2a;355;50392071;20178853;11847933;29866996;29760105;7408;0;NOSTRESS
138956369868;75;"SENS_C1";"INTERVAL";"PROBE";4;63;0x00001d2a;355;735;631;436;998;0;113;0;NOSTRESS
138956369948;95;"LOC_C1";"INTERVAL";"PROBE";4;63;0x00001d2a;355;3866;1862;1246;3128;1840;154;0;NOSTRESS
138956370047;20;"LOC_C2";"INTERVAL";"PROBE";4;63;0x00001d2a;355;347;294;197;600;17;21;0;NOSTRESS
138956370072;92;"LOC_C3";"INTERVAL";"PROBE";4;63;0x00001d2a;355;8676;2369;1691;7550;3774;62;0;NOSTRESS
138956370169;21;"LOC_C4";"INTERVAL";"PROBE";4;63;0x00001d2a;355;340;276;209;580;0;28;0;NOSTRESS
138956370194;17171;"NEAR_P1";"INTERVAL";"PROBE";4;63;0x00001d2a;355;1960940;779499;443103;1136019;1131741;809;0;NOSTRESS
138956387369;16871;"NEAR_P1";"INTERVAL";"PROBE";4;63;0x00001d2a;355;1952815;774832;440181;1125616;1130900;15;0;NOSTRESS
138956404245;16972;"NEAR_P1";"INTERVAL";"PROBE";4;63;0x00001d2a;355;1955981;776740;442619;1132386;1130509;505;0;NOSTRESS
138956421221;16866;"NEAR_P1";"INTERVAL";"PROBE";4;63;0x00001d2a;355;1951916;774501;440140;1125176;1130370;10;0;NOSTRESS
138956438091;16988;"NEAR_P1";"INTERVAL";"PROBE";4;63;0x00001d2a;355;1957452;776910;442538;1132164;1131676;475;0;NOSTRESS
138956455083;16874;"NEAR_P1";"INTERVAL";"PROBE";4;63;0x00001d2a;355;1953452;775069;440178;1125382;1131402;8;0;NOSTRESS
138956471962;16969;"NEAR_P1";"INTERVAL";"PROBE";4;63;0x00001d2a;355;1957666;777019;442555;1131833;1131839;483;0;NOSTRESS
138956488936;16970;"NEAR_P1";"INTERVAL";"PROBE";4;63;0x00001d2a;355;1958066;777211;442602;1132195;1132006;467;0;NOSTRESS
138956505911;16874;"NEAR_P1";"INTERVAL";"PROBE";4;63;0x00001d2a;355;1953565;775041;440203;1125353;1131499;20;0;NOSTRESS
138956522789;16992;"NEAR_P1";"INTERVAL";"PROBE";4;63;0x00001d2a;355;1956575;776575;442421;1131553;1131379;458;0;NOSTRESS
138956539786;16876;"NEAR_P1";"INTERVAL";"PROBE";4;63;0x00001d2a;355;1954124;775300;440154;1125498;1131727;19;0;NOSTRESS
138956556667;16981;"NEAR_P1";"INTERVAL";"PROBE";4;63;0x00001d2a;355;1956184;776393;442454;1131770;1130884;470;0;NOSTRESS
138956573652;16883;"NEAR_P1";"INTERVAL";"PROBE";4;63;0x00001d2a;355;1955108;775466;440246;1125672;1132407;19;0;NOSTRESS
138956590539;16977;"NEAR_P1";"INTERVAL";"PROBE";4;63;0x00001d2a;355;1958531;777305;442619;1132435;1132379;480;0;NOSTRESS
138956607520;16871;"NEAR_P1";"INTERVAL";"PROBE";4;63;0x00001d2a;355;1953332;774837;440124;1125082;1131317;17;0;NOSTRESS
138956624395;16954;"NEAR_P1";"INTERVAL";"PROBE";4;63;0x00001d2a;355;1954638;775995;442453;1131519;1129991;460;0;NOSTRESS
138956641353;16871;"NEAR_P1";"INTERVAL";"PROBE";4;63;0x00001d2a;355;1953598;774884;440186;1125056;1131600;15;0;NOSTRESS
138956658228;17003;"NEAR_P1";"INTERVAL";"PROBE";4;63;0x00001d2a;355;1956799;776783;442522;1131855;1131301;413;0;NOSTRESS
138956675236;16871;"NEAR_P1";"INTERVAL";"PROBE";4;63;0x00001d2a;355;1953506;774993;440133;1125204;1131572;12;0;NOSTRESS
138956692111;16986;"NEAR_P1";"INTERVAL";"PROBE";4;63;0x00001d2a;355;1954943;776072;442412;1131278;1130239;470;0;NOSTRESS
138956709121;109780;"TRAJ_R1";"INTERVAL";"PROBE";4;63;0x00001d2a;355;11259297;4644920;3008268;7251888;7127736;1153;0;NOSTRESS
138957969890;459233;"MAF";"INTERVAL";"PROBE";4;63;0x00001d2a;356;51402814;20598881;12132311;30549035;30399212;9285;0;NOSTRESS
138957969912;79;"SENS_C1";"INTERVAL";"PROBE";4;63;0x00001d2a;356;747;627;437;1032;0;118;0;NOSTRESS
138957969995;221;"LOC_C1";"INTERVAL";"PROBE";4;63;0x00001d2a;356;3853;1852;1244;3106;1872;167;0;NOSTRESS
138957970220;19;"LOC_C2";"INTERVAL";"PROBE";4;63;0x00001d2a;356;344;292;195;592;17;19;0;NOSTRESS
138957970243;94;"LOC_C3";"INTERVAL";"PROBE";4;63;0x00001d2a;356;8710;2381;1691;7525;3793;63;0;NOSTRESS
138957970341;22;"LOC_C4";"INTERVAL";"PROBE";4;63;0x00001d2a;356;349;278;211;594;0;29;0;NOSTRESS
138957970367;17140;"NEAR_P1";"INTERVAL";"PROBE";4;63;0x00001d2a;356;1961446;779869;443396;1136660;1132027;845;0;NOSTRESS
138957987512;16871;"NEAR_P1";"INTERVAL";"PROBE";4;63;0x00001d2a;356;1953396;775041;440212;1125653;1131296;13;0;NOSTRESS
138958004388;17019;"NEAR_P1";"INTERVAL";"PROBE";4;63;0x00001d2a;356;1959273;777765;443496;1134972;1132053;611;0;NOSTRESS
138958021411;16874;"NEAR_P1";"INTERVAL";"PROBE";4;63;0x00001d2a;356;1953744;775034;440160;1125685;1131736;10;0;NOSTRESS
138958038289;16964;"NEAR_P1";"INTERVAL";"PROBE";4;63;0x00001d2a;356;1957063;776651;442553;1131787;1131757;477;0;NOSTRESS
138958055257;16858;"NEAR_P1";"INTERVAL";"PROBE";4;63;0x00001d2a;356;1951191;774093;440063;1124707;1130213;10;0;NOSTRESS
138958072119;16969;"NEAR_P1";"INTERVAL";"PROBE";4;63;0x00001d2a;356;1957930;777000;442580;1132048;1132195;479;0;NOSTRESS
138958089093;16987;"NEAR_P1";"INTERVAL";"PROBE";4;63;0x00001d2a;356;1955470;776096;442429;1131474;1130863;418;0;NOSTRESS
138958106084;16878;"NEAR_P1";"INTERVAL";"PROBE";4;63;0x00001d2a;356;1955190;775349;440287;1125484;1132747;17;0;NOSTRESS
138958122967;16956;"NEAR_P1";"INTERVAL";"PROBE";4;63;0x00001d2a;356;1955029;776161;442452;1131444;1130447;471;0;NOSTRESS
138958139927;16872;"NEAR_P1";"INTERVAL";"PROBE";4;63;0x00001d2a;356;1954173;774812;440262;1125180;1132049;19;0;NOSTRESS
138958156803;16964;"NEAR_P1";"INTERVAL";"PROBE";4;63;0x00001d2a;356;1957784;776959;442576;1131958;1132273;463;0;NOSTRESS
138958173771;16865;"NEAR_P1";"INTERVAL";"PROBE";4;63;0x00001d2a;356;1952514;774396;440087;1125100;1131085;18;0;NOSTRESS
138958190641;16998;"NEAR_P1";"INTERVAL";"PROBE";4;63;0x00001d2a;356;1958404;777194;443032;1133468;1131952;600;0;NOSTRESS
138958207643;16882;"NEAR_P1";"INTERVAL";"PROBE";4;63;0x00001d2a;356;1955594;775546;440289;1125587;1132854;17;0;NOSTRESS
138958224529;16968;"NEAR_P1";"INTERVAL";"PROBE";4;63;0x00001d2a;356;1955647;776351;442554;1131833;1130736;508;0;NOSTRESS
138958241502;16874;"NEAR_P1";"INTERVAL";"PROBE";4;63;0x00001d2a;356;1954560;775014;440279;1125373;1132289;16;0;NOSTRESS
138958258380;16962;"NEAR_P1";"INTERVAL";"PROBE";4;63;0x00001d2a;356;1956300;776564;442531;1131780;1131293;474;0;NOSTRESS
138958275346;16865;"NEAR_P1";"INTERVAL";"PROBE";4;63;0x00001d2a;356;1952405;774436;440217;1124833;1131063;15;0;NOSTRESS
138958292215;16971;"NEAR_P1";"INTERVAL";"PROBE";4;63;0x00001d2a;356;1956498;776625;442637;1131830;1131237;481;0;NOSTRESS
138958309192;119927;"TRAJ_R1";"INTERVAL";"PROBE";4;63;0x00001d2a;356;12264998;5065118;3289970;7928906;7761365;2455;0;NOSTRESS
138959569918;465639;"MAF";"INTERVAL";"PROBE";4;63;0x00001d2a;357;52092632;20880073;12314986;30980420;30841386;8087;0;NOSTRESS
138959569939;78;"SENS_C1";"INTERVAL";"PROBE";4;63;0x00001d2a;357;762;634;440;1058;0;119;0;NOSTRESS
138959570021;98;"LOC_C1";"INTERVAL";"PROBE";4;63;0x00001d2a;357;3856;1862;1246;3133;1859;157;0;NOSTRESS
138959570123;22;"LOC_C2";"INTERVAL";"PROBE";4;63;0x00001d2a;357;345;294;197;599;17;22;0;NOSTRESS
138959570149;96;"LOC_C3";"INTERVAL";"PROBE";4;63;0x00001d2a;357;8726;2407;1707;7578;3780;61;0;NOSTRESS
138959570250;22;"LOC_C4";"INTERVAL";"PROBE";4;63;0x00001d2a;357;351;279;213;600;0;29;0;NOSTRESS
138959570277;17145;"NEAR_P1";"INTERVAL";"PROBE";4;63;0x00001d2a;357;1959640;778946;443261;1136240;1131069;849;0;NOSTRESS
138959587427;16877;"NEAR_P1";"INTERVAL";"PROBE";4;63;0x00001d2a;357;1955656;775345;440101;1125566;1132941;13;0;NOSTRESS
138959604308;16971;"NEAR_P1";"INTERVAL";"PROBE";4;63;0x00001d2a;357;1957664;776796;442445;1131940;1131837;531;0;NOSTRESS
138959621284;16862;"NEAR_P1";"INTERVAL";"PROBE";4;63;0x00001d2a;357;1953384;774629;440015;1124788;1131602;9;0;NOSTRESS
138959638150;16970;"NEAR_P1";"INTERVAL";"PROBE";4;63;0x00001d2a;357;1958662;777081;442433;1131600;1132734;489;0;NOSTRESS
138959655124;16867;"NEAR_P1";"INTERVAL";"PROBE";4;63;0x00001d2a;357;1953920;774813;440070;1124871;1131815;8;0;NOSTRESS
138959671996;17027;"NEAR_P1";"INTERVAL";"PROBE";4;63;0x00001d2a;357;1959759;777773;443404;1134096;1132576;573;0;NOSTRESS
138959689027;16954;"NEAR_P1";"INTERVAL";"PROBE";4;63;0x00001d2a;357;1955927;776161;442337;1131060;1130979;486;0;NOSTRESS
138959705985;16866;"NEAR_P1";"INTERVAL";"PROBE";4;63;0x00001d2a;357;1953681;774761;440063;1124622;1131652;19;0;NOSTRESS
138959722855;16967;"NEAR_P1";"INTERVAL";"PROBE";4;63;0x00001d2a;357;1957991;777168;442494;1131899;1132214;468;0;NOSTRESS
138959739827;16866;"NEAR_P1";"INTERVAL";"PROBE";4;63;0x00001d2a;357;1953842;774672;440009;1124726;1131865;19;0;NOSTRESS
138959756697;16998;"NEAR_P1";"INTERVAL";"PROBE";4;63;0x00001d2a;357;1958047;776912;442593;1132456;1131975;521;0;NOSTRESS
138959773700;16876;"NEAR_P1";"INTERVAL";"PROBE";4;63;0x00001d2a;357;1956090;775414;440107;1125278;1133191;21;0;NOSTRESS
138959790580;16962;"NEAR_P1";"INTERVAL";"PROBE";4;63;0x00001d2a;357;1957690;776606;442411;1131419;1131966;471;0;NOSTRESS
138959807546;16851;"NEAR_P1";"INTERVAL";"PROBE";4;63;0x00001d2a;357;1951594;773983;439944;1124011;1130517;15;0;NOSTRESS
138959824402;16961;"NEAR_P1";"INTERVAL";"PROBE";4;63;0x00001d2a;357;1958020;776819;442392;1131652;1132189;460;0;NOSTRESS
138959841368;16883;"NEAR_P1";"INTERVAL";"PROBE";4;63;0x00001d2a;357;1956869;775697;440189;1125493;1133786;15;0;NOSTRESS
138959858255;16981;"NEAR_P1";"INTERVAL";"PROBE";4;63;0x00001d2a;357;1956795;776525;442332;1131275;1131545;453;0;NOSTRESS
138959875240;16861;"NEAR_P1";"INTERVAL";"PROBE";4;63;0x00001d2a;357;1952794;774433;439933;1124547;1131278;15;0;NOSTRESS
138959892106;16973;"NEAR_P1";"INTERVAL";"PROBE";4;63;0x00001d2a;357;1959081;777191;442527;1131752;1132887;478;0;NOSTRESS
138959909083;126470;"TRAJ_R1";"INTERVAL";"PROBE";4;63;0x00001d2a;357;12941864;5345803;3476077;8368904;8195112;1543;0;NOSTRESS
138961169890;468008;"MAF";"INTERVAL";"PROBE";4;63;0x00001d2a;358;52349456;20982396;12360865;31110199;30997647;8522;0;NOSTRESS
138961169910;77;"SENS_C1";"INTERVAL";"PROBE";4;63;0x00001d2a;358;767;635;437;1068;0;119;0;NOSTRESS
138961169991;98;"LOC_C1";"INTERVAL";"PROBE";4;63;0x00001d2a;358;3808;1839;1236;3079;1843;161;0;NOSTRESS
138961170093;20;"LOC_C2";"INTERVAL";"PROBE";4;63;0x00001d2a;358;355;293;197;619;17;21;0;NOSTRESS
138961170117;102;"LOC_C3";"INTERVAL";"PROBE";4;63;0x00001d2a;358;8703;2392;1688;7544;3780;62;0;NOSTRESS
138961170224;24;"LOC_C4";"INTERVAL";"PROBE";4;63;0x00001d2a;358;351;280;211;601;0;28;0;NOSTRESS
138961170252;17182;"NEAR_P1";"INTERVAL";"PROBE";4;63;0x00001d2a;358;1963483;780274;443258;1136719;1133438;840;0;NOSTRESS
138961187438;16895;"NEAR_P1";"INTERVAL";"PROBE";4;63;0x00001d2a;358;1958343;776630;440341;1126516;1134231;14;0;NOSTRESS
138961204337;17006;"NEAR_P1";"INTERVAL";"PROBE";4;63;0x00001d2a;358;1963976;778891;442787;1133717;1135476;517;0;NOSTRESS
138961221348;16882;"NEAR_P1";"INTERVAL";"PROBE";4;63;0x00001d2a;358;1957283;776153;440218;1125768;1133767;9;0;NOSTRESS
138961238234;16988;"NEAR_P1";"INTERVAL";"PROBE";4;63;0x00001d2a;358;1962248;778459;442623;1132890;1134536;495;0;NOSTRESS
138961255226;16892;"NEAR_P1";"INTERVAL";"PROBE";4;63;0x00001d2a;358;1958952;776587;440275;1126139;1134856;9;0;NOSTRESS
138961272123;17216;"NEAR_P1";"INTERVAL";"PROBE";4;63;0x00001d2a;358;1965453;779885;443306;1135354;1135927;772;0;NOSTRESS
138961289344;17019;"NEAR_P1";"INTERVAL";"PROBE";4;63;0x00001d2a;358;1963030;778967;442825;1133422;1134957;498;0;NOSTRESS
138961306367;16906;"NEAR_P1";"INTERVAL";"PROBE";4;63;0x00001d2a;358;1959871;777093;440413;1126662;1135206;20;0;NOSTRESS
138961323278;17079;"NEAR_P1";"INTERVAL";"PROBE";4;63;0x00001d2a;358;1966429;780400;443739;1136403;1136152;554;0;NOSTRESS
138961340361;16904;"NEAR_P1";"INTERVAL";"PROBE";4;63;0x00001d2a;358;1958856;776914;440356;1126744;1134594;22;0;NOSTRESS
138961357269;17001;"NEAR_P1";"INTERVAL";"PROBE";4;63;0x00001d2a;358;1963700;778994;442761;1133368;1135390;477;0;NOSTRESS
138961374274;16905;"NEAR_P1";"INTERVAL";"PROBE";4;63;0x00001d2a;358;1959945;777142;440340;1126612;1135333;18;0;NOSTRESS
138961391183;17010;"NEAR_P1";"INTERVAL";"PROBE";4;63;0x00001d2a;358;1965654;779803;442825;1134033;1136604;467;0;NOSTRESS
138961408197;16902;"NEAR_P1";"INTERVAL";"PROBE";4;63;0x00001d2a;358;1960257;777092;440287;1126404;1135762;17;0;NOSTRESS
138961425103;17019;"NEAR_P1";"INTERVAL";"PROBE";4;63;0x00001d2a;358;1964976;779311;442741;1133601;1136272;475;0;NOSTRESS
138961442126;16902;"NEAR_P1";"INTERVAL";"PROBE";4;63;0x00001d2a;358;1959928;776987;440395;1126415;1135458;16;0;NOSTRESS
138961459032;17006;"NEAR_P1";"INTERVAL";"PROBE";4;63;0x00001d2a;358;1965648;779613;442757;1133734;1136645;462;0;NOSTRESS
138961476042;16904;"NEAR_P1";"INTERVAL";"PROBE";4;63;0x00001d2a;358;1960308;777144;440337;1126566;1135707;15;0;NOSTRESS
138961492950;16995;"NEAR_P1";"INTERVAL";"PROBE";4;63;0x00001d2a;358;1963207;778859;442686;1133193;1135266;473;0;NOSTRESS
138961509967;127927;"TRAJ_R1";"INTERVAL";"PROBE";4;63;0x00001d2a;358;13083637;5404344;3515330;8462539;8286430;1505;0;NOSTRESS
138962769920;462546;"MAF";"INTERVAL";"PROBE";4;63;0x00001d2a;359;51792671;20752095;12219199;30758131;30651299;7793;0;NOSTRESS
138962769943;74;"SENS_C1";"INTERVAL";"PROBE";4;63;0x00001d2a;359;762;636;438;1048;0;120;0;NOSTRESS
138962770022;98;"LOC_C1";"INTERVAL";"PROBE";4;63;0x00001d2a;359;3695;1796;1235;3068;1774;156;0;NOSTRESS
138962770125;19;"LOC_C2";"INTERVAL";"PROBE";4;63;0x00001d2a;359;342;292;195;591;17;18;0;NOSTRESS
138962770148;101;"LOC_C3";"INTERVAL";"PROBE";4;63;0x00001d2a;359;8757;2414;1699;7640;3791;65;0;NOSTRESS
138962770253;23;"LOC_C4";"INTERVAL";"PROBE";4;63;0x00001d2a;359;338;276;208;578;0;30;0;NOSTRESS
138962770280;17191;"NEAR_P1";"INTERVAL";"PROBE";4;63;0x00001d2a;359;1966156;781031;443682;1137837;1134930;854;0;NOSTRESS
138962787475;16898;"NEAR_P1";"INTERVAL";"PROBE";4;63;0x00001d2a;359;1957502;776378;440372;1126818;1133499;12;0;NOSTRESS
138962804377;17004;"NEAR_P1";"INTERVAL";"PROBE";4;63;0x00001d2a;359;1959843;777563;442501;1132331;1133172;468;0;NOSTRESS
138962821386;16882;"NEAR_P1";"INTERVAL";"PROBE";4;63;0x00001d2a;359;1955470;775583;440280;1125695;1132567;8;0;NOSTRESS
138962838272;17009;"NEAR_P1";"INTERVAL";"PROBE";4;63;0x00001d2a;359;1961178;777899;442562;1132317;1134227;506;0;NOSTRESS
138962855285;16885;"NEAR_P1";"INTERVAL";"PROBE";4;63;0x00001d2a;359;1957551;776015;440188;1125561;1134245;7;0;NOSTRESS
138962872174;16980;"NEAR_P1";"INTERVAL";"PROBE";4;63;0x00001d2a;359;1960646;777814;442532;1132343;1133870;475;0;NOSTRESS
138962889158;16971;"NEAR_P1";"INTERVAL";"PROBE";4;63;0x00001d2a;359;1958905;777324;442492;1131893;1132848;464;0;NOSTRESS
138962906133;16875;"NEAR_P1";"INTERVAL";"PROBE";4;63;0x00001d2a;359;1955427;775378;440124;1125054;1132989;19;0;NOSTRESS
138962923012;16985;"NEAR_P1";"INTERVAL";"PROBE";4;63;0x00001d2a;359;1961035;777998;442629;1132394;1134226;472;0;NOSTRESS
138962940001;16894;"NEAR_P1";"INTERVAL";"PROBE";4;63;0x00001d2a;359;1959091;776518;440192;1125880;1135198;17;0;NOSTRESS
138962956899;16980;"NEAR_P1";"INTERVAL";"PROBE";4;63;0x00001d2a;359;1960562;777908;442588;1132224;1133898;460;0;NOSTRESS
138962973883;16895;"NEAR_P1";"INTERVAL";"PROBE";4;63;0x00001d2a;359;1958642;776520;440293;1125904;1134837;15;0;NOSTRESS
138962990782;17039;"NEAR_P1";"INTERVAL";"PROBE";4;63;0x00001d2a;359;1962978;778775;443543;1134636;1134663;539;0;NOSTRESS
138963007825;16900;"NEAR_P1";"INTERVAL";"PROBE";4;63;0x00001d2a;359;1960162;776870;440332;1126323;1135725;17;0;NOSTRESS
138963024729;16987;"NEAR_P1";"INTERVAL";"PROBE";4;63;0x00001d2a;359;1961981;778232;442598;1132494;1134753;480;0;NOSTRESS
138963041720;16891;"NEAR_P1";"INTERVAL";"PROBE";4;63;0x00001d2a;359;1958641;776300;440253;1125693;1134745;16;0;NOSTRESS
138963058615;17011;"NEAR_P1";"INTERVAL";"PROBE";4;63;0x00001d2a;359;1960002;777503;442532;1131928;1133652;411;0;NOSTRESS
138963075631;16893;"NEAR_P1";"INTERVAL";"PROBE";4;63;0x00001d2a;359;1959492;776552;440302;1125883;1135477;12;0;NOSTRESS
138963092528;16993;"NEAR_P1";"INTERVAL";"PROBE";4;63;0x00001d2a;359;1960404;777635;442479;1131765;1133889;392;0;NOSTRESS
138963109526;122936;"TRAJ_R1";"INTERVAL";"PROBE";4;63;0x00001d2a;359;12573502;5193801;3376907;8130985;7962307;1532;0;NOSTRESS
138964369898;452992;"MAF";"INTERVAL";"PROBE";4;63;0x00001d2a;360;50758353;20336114;11964669;30133462;29993722;8111;0;NOSTRESS
138964369923;77;"SENS_C1";"INTERVAL";"PROBE";4;63;0x00001d2a;360;731;624;436;1004;0;120;0;NOSTRESS
138964370004;96;"LOC_C1";"INTERVAL";"PROBE";4;63;0x00001d2a;360;3858;1859;1246;3115;1871;153;0;NOSTRESS
138964370105;18;"LOC_C2";"INTERVAL";"PROBE";4;63;0x00001d2a;360;345;294;197;599;17;21;0;NOSTRESS
138964370128;92;"LOC_C3";"INTERVAL";"PROBE";4;63;0x00001d2a;360;8931;2478;1707;7649;3894;60;0;NOSTRESS
138964370225;23;"LOC_C4";"INTERVAL";"PROBE";4;63;0x00001d2a;360;336;275;207;573;0;29;0;NOSTRESS
138964370252;17157;"NEAR_P1";"INTERVAL";"PROBE";4;63;0x00001d2a;360;1959663;779212;443400;1136373;1130780;856;0;NOSTRESS
138964387413;16861;"NEAR_P1";"INTERVAL";"PROBE";4;63;0x00001d2a;360;1951354;774230;440079;1124826;1129921;18;0;NOSTRESS
138964404278;16970;"NEAR_P1";"INTERVAL";"PROBE";4;63;0x00001d2a;360;1956405;776680;442486;1131783;1130808;538;0;NOSTRESS
138964421252;16873;"NEAR_P1";"INTERVAL";"PROBE";4;63;0x00001d2a;360;1953816;775041;440212;1125166;1131499;11;0;NOSTRESS
138964438129;16956;"NEAR_P1";"INTERVAL";"PROBE";4;63;0x00001d2a;360;1955244;776264;442406;1131224;1130394;481;0;NOSTRESS
138964455089;16851;"NEAR_P1";"INTERVAL";"PROBE";4;63;0x00001d2a;360;1950258;773724;439965;1124142;1129493;9;0;NOSTRESS
138964471944;16987;"NEAR_P1";"INTERVAL";"PROBE";4;63;0x00001d2a;360;1954966;776008;442386;1130939;1130112;470;0;NOSTRESS
138964488935;16978;"NEAR_P1";"INTERVAL";"PROBE";4;63;0x00001d2a;360;1955142;776151;442350;1131335;1130186;476;0;NOSTRESS
138964505917;16853;"NEAR_P1";"INTERVAL";"PROBE";4;63;0x00001d2a;360;1949941;773903;439930;1124212;1129249;20;0;NOSTRESS
138964522774;16977;"NEAR_P1";"INTERVAL";"PROBE";4;63;0x00001d2a;360;1956672;776665;442521;1131574;1131172;476;0;NOSTRESS
138964539755;16858;"NEAR_P1";"INTERVAL";"PROBE";4;63;0x00001d2a;360;1950884;774143;439999;1124434;1129895;19;0;NOSTRESS
138964556618;16955;"NEAR_P1";"INTERVAL";"PROBE";4;63;0x00001d2a;360;1955513;776302;442429;1131337;1130441;462;0;NOSTRESS
138964573577;16850;"NEAR_P1";"INTERVAL";"PROBE";4;63;0x00001d2a;360;1949832;773635;439966;1124029;1129246;18;0;NOSTRESS
138964590431;16955;"NEAR_P1";"INTERVAL";"PROBE";4;63;0x00001d2a;360;1954964;776220;442423;1131147;1130250;463;0;NOSTRESS
138964607390;16865;"NEAR_P1";"INTERVAL";"PROBE";4;63;0x00001d2a;360;1952183;774549;440082;1124710;1130710;18;0;NOSTRESS
138964624259;16963;"NEAR_P1";"INTERVAL";"PROBE";4;63;0x00001d2a;360;1956183;776571;442465;1131594;1130888;466;0;NOSTRESS
138964641227;16996;"NEAR_P1";"INTERVAL";"PROBE";4;63;0x00001d2a;360;1951237;774134;440016;1124298;1130141;38;0;NOSTRESS
138964658228;17013;"NEAR_P1";"INTERVAL";"PROBE";4;63;0x00001d2a;360;1957942;777265;443302;1133793;1131092;669;0;NOSTRESS
138964675246;16861;"NEAR_P1";"INTERVAL";"PROBE";4;63;0x00001d2a;360;1952109;774353;440052;1124579;1130534;15;0;NOSTRESS
138964692111;16942;"NEAR_P1";"INTERVAL";"PROBE";4;63;0x00001d2a;360;1952952;775330;442271;1130571;1129034;494;0;NOSTRESS
138964709058;113828;"TRAJ_R1";"INTERVAL";"PROBE";4;63;0x00001d2a;360;11656675;4812814;3125661;7528063;7382095;1259;0;NOSTRESS
138965969932;441969;"MAF";"INTERVAL";"PROBE";4;63;0x00001d2a;361;49660660;19875588;11669538;29416984;29308488;7791;0;NOSTRESS
138965969954;75;"SENS_C1";"INTERVAL";"PROBE";4;63;0x00001d2a;361;757;634;434;1028;0;113;0;NOSTRESS
138965970033;97;"LOC_C1";"INTERVAL";"PROBE";4;63;0x00001d2a;361;3829;1862;1244;3134;1827;154;0;NOSTRESS
138965970134;18;"LOC_C2";"INTERVAL";"PROBE";4;63;0x00001d2a;361;342;292;195;591;17;20;0;NOSTRESS
138965970157;91;"LOC_C3";"INTERVAL";"PROBE";4;63;0x00001d2a;361;8623;2367;1697;7574;3715;63;0;NOSTRESS
138965970253;23;"LOC_C4";"INTERVAL";"PROBE";4;63;0x00001d2a;361;345;281;210;592;0;33;0;NOSTRESS
138965970281;17105;"NEAR_P1";"INTERVAL";"PROBE";4;63;0x00001d2a;361;1954145;777132;442970;1134577;1128328;788;0;NOSTRESS
138965987390;16847;"NEAR_P1";"INTERVAL";"PROBE";4;63;0x00001d2a;361;1949434;773506;439907;1124186;1129238;15;0;NOSTRESS
138966004241;16981;"NEAR_P1";"INTERVAL";"PROBE";4;63;0x00001d2a;361;1956724;776547;442776;1132467;1131097;654;0;NOSTRESS
138966021227;16848;"NEAR_P1";"INTERVAL";"PROBE";4;63;0x00001d2a;361;1951510;773809;439903;1123745;1130732;10;0;NOSTRESS
138966038079;16946;"NEAR_P1";"INTERVAL";"PROBE";4;63;0x00001d2a;361;1954509;775526;442231;1130403;1130321;524;0;NOSTRESS
138966055030;16844;"NEAR_P1";"INTERVAL";"PROBE";4;63;0x00001d2a;361;1950785;773586;439827;1123645;1130421;7;0;NOSTRESS
138966071878;16944;"NEAR_P1";"INTERVAL";"PROBE";4;63;0x00001d2a;361;1955126;775753;442234;1130670;1130864;482;0;NOSTRESS
138966088827;16937;"NEAR_P1";"INTERVAL";"PROBE";4;63;0x00001d2a;361;1954523;775511;442276;1130318;1130495;464;0;NOSTRESS
138966105768;16850;"NEAR_P1";"INTERVAL";"PROBE";4;63;0x00001d2a;361;1951686;773823;439897;1123901;1130986;21;0;NOSTRESS
138966122622;16975;"NEAR_P1";"INTERVAL";"PROBE";4;63;0x00001d2a;361;1955017;775503;442231;1130361;1130721;472;0;NOSTRESS
138966139601;16846;"NEAR_P1";"INTERVAL";"PROBE";4;63;0x00001d2a;361;1951422;773732;439822;1123717;1130800;20;0;NOSTRESS
138966156452;16959;"NEAR_P1";"INTERVAL";"PROBE";4;63;0x00001d2a;361;1954281;775312;442209;1130264;1130372;463;0;NOSTRESS
138966173415;16846;"NEAR_P1";"INTERVAL";"PROBE";4;63;0x00001d2a;361;1950398;773512;439856;1123677;1130176;20;0;NOSTRESS
138966190265;16947;"NEAR_P1";"INTERVAL";"PROBE";4;63;0x00001d2a;361;1956342;776017;442304;1130875;1131642;458;0;NOSTRESS
138966207216;16846;"NEAR_P1";"INTERVAL";"PROBE";4;63;0x00001d2a;361;1951154;773658;439843;1123628;1130582;19;0;NOSTRESS
138966224066;16939;"NEAR_P1";"INTERVAL";"PROBE";4;63;0x00001d2a;361;1954318;775475;442239;1130418;1130369;470;0;NOSTRESS
138966241009;16841;"NEAR_P1";"INTERVAL";"PROBE";4;63;0x00001d2a;361;1950456;773346;439865;1123439;1130084;16;0;NOSTRESS
138966257855;16934;"NEAR_P1";"INTERVAL";"PROBE";4;63;0x00001d2a;361;1953010;775096;442217;1130126;1129285;464;0;NOSTRESS
138966274794;16834;"NEAR_P1";"INTERVAL";"PROBE";4;63;0x00001d2a;361;1949145;772999;439756;1122955;1129510;15;0;NOSTRESS
138966291632;16943;"NEAR_P1";"INTERVAL";"PROBE";4;63;0x00001d2a;361;1955137;775632;442298;1130487;1130678;465;0;NOSTRESS
138966308580;103317;"TRAJ_R1";"INTERVAL";"PROBE";4;63;0x00001d2a;361;10578063;4367594;2835061;6830964;6696228;1319;0;NOSTRESS
138967569885;432792;"MAF";"INTERVAL";"PROBE";4;63;0x00001d2a;362;48755122;19496977;11396380;28783490;28723543;7685;0;NOSTRESS
138967569904;79;"SENS_C1";"INTERVAL";"PROBE";4;63;0x00001d2a;362;738;634;436;1013;0;119;0;NOSTRESS
138967569987;89;"LOC_C1";"INTERVAL";"PROBE";4;63;0x00001d2a;362;3836;1853;1243;3111;1848;153;0;NOSTRESS
138967570081;19;"LOC_C2";"INTERVAL";"PROBE";4;63;0x00001d2a;362;347;294;197;600;17;22;0;NOSTRESS
138967570104;92;"LOC_C3";"INTERVAL";"PROBE";4;63;0x00001d2a;362;8823;2416;1713;7658;3830;61;0;NOSTRESS
138967570200;22;"LOC_C4";"INTERVAL";"PROBE";4;63;0x00001d2a;362;343;279;209;583;0;29;0;NOSTRESS
138967570226;17189;"NEAR_P1";"INTERVAL";"PROBE";4;63;0x00001d2a;362;1965135;780839;443492;1137369;1134447;820;0;NOSTRESS
138967587420;16889;"NEAR_P1";"INTERVAL";"PROBE";4;63;0x00001d2a;362;1955581;775605;440262;1125954;1132608;16;0;NOSTRESS
138967604313;16978;"NEAR_P1";"INTERVAL";"PROBE";4;63;0x00001d2a;362;1958738;777417;442554;1132217;1132570;498;0;NOSTRESS
138967621295;16888;"NEAR_P1";"INTERVAL";"PROBE";4;63;0x00001d2a;362;1956476;775832;440203;1125693;1133405;10;0;NOSTRESS
138967638187;16964;"NEAR_P1";"INTERVAL";"PROBE";4;63;0x00001d2a;362;1956474;776559;442398;1131247;1131335;482;0;NOSTRESS
138967655155;16879;"NEAR_P1";"INTERVAL";"PROBE";4;63;0x00001d2a;362;1954724;775222;440174;1125198;1132312;9;0;NOSTRESS
138967672038;17016;"NEAR_P1";"INTERVAL";"PROBE";4;63;0x00001d2a;362;1958678;777317;442972;1132787;1132264;604;0;NOSTRESS
138967689059;16971;"NEAR_P1";"INTERVAL";"PROBE";4;63;0x00001d2a;362;1958097;777024;442411;1131508;1132333;497;0;NOSTRESS
138967706034;16873;"NEAR_P1";"INTERVAL";"PROBE";4;63;0x00001d2a;362;1954064;774896;440085;1124786;1132161;20;0;NOSTRESS
138967722911;16969;"NEAR_P1";"INTERVAL";"PROBE";4;63;0x00001d2a;362;1957699;776941;442494;1131546;1132014;472;0;NOSTRESS
138967739885;16872;"NEAR_P1";"INTERVAL";"PROBE";4;63;0x00001d2a;362;1953340;774797;440008;1124804;1131546;16;0;NOSTRESS
138967756761;16969;"NEAR_P1";"INTERVAL";"PROBE";4;63;0x00001d2a;362;1957998;777087;442487;1131569;1132371;468;0;NOSTRESS
138967773734;16875;"NEAR_P1";"INTERVAL";"PROBE";4;63;0x00001d2a;362;1954531;775112;440079;1124907;1132324;16;0;NOSTRESS
138967790614;17013;"NEAR_P1";"INTERVAL";"PROBE";4;63;0x00001d2a;362;1959866;777501;442473;1131717;1133543;411;0;NOSTRESS
138967807631;16871;"NEAR_P1";"INTERVAL";"PROBE";4;63;0x00001d2a;362;1954325;775054;440041;1124804;1132324;13;0;NOSTRESS
138967824507;17002;"NEAR_P1";"INTERVAL";"PROBE";4;63;0x00001d2a;362;1958043;777124;442419;1131794;1132272;475;0;NOSTRESS
138967841513;16892;"NEAR_P1";"INTERVAL";"PROBE";4;63;0x00001d2a;362;1957274;776105;440263;1125621;1133902;15;0;NOSTRESS
138967858409;16979;"NEAR_P1";"INTERVAL";"PROBE";4;63;0x00001d2a;362;1960533;777703;442558;1132171;1133817;467;0;NOSTRESS
138967875392;16879;"NEAR_P1";"INTERVAL";"PROBE";4;63;0x00001d2a;362;1955108;775372;440132;1125138;1132678;13;0;NOSTRESS
138967892276;16975;"NEAR_P1";"INTERVAL";"PROBE";4;63;0x00001d2a;362;1958790;777349;442496;1131953;1132717;467;0;NOSTRESS
138967909256;93417;"TRAJ_R1";"INTERVAL";"PROBE";4;63;0x00001d2a;362;9585941;3953562;2556539;6168523;6064905;1281;0;NOSTRESS
138969169871;424473;"MAF";"INTERVAL";"PROBE";4;63;0x00001d2a;363;47974648;19157667;11153479;28227046;28215551;8009;0;NOSTRESS
138969169893;76;"SENS_C1";"INTERVAL";"PROBE";4;63;0x00001d2a;363;754;630;436;1052;0;120;0;NOSTRESS
138969169974;92;"LOC_C1";"INTERVAL";"PROBE";4;63;0x00001d2a;363;3802;1838;1239;3112;1821;160;0;NOSTRESS
138969170071;18;"LOC_C2";"INTERVAL";"PROBE";4;63;0x00001d2a;363;342;292;195;591;17;22;0;NOSTRESS
138969170095;94;"LOC_C3";"INTERVAL";"PROBE";4;63;0x00001d2a;363;8669;2371;1684;7523;3765;61;0;NOSTRESS
138969170193;149;"LOC_C4";"INTERVAL";"PROBE";4;63;0x00001d2a;363;336;269;206;599;0;35;0;NOSTRESS
138969170346;17185;"NEAR_P1";"INTERVAL";"PROBE";4;63;0x00001d2a;363;1966995;781066;443629;1137853;1135525;881;0;NOSTRESS
138969187536;16898;"NEAR_P1";"INTERVAL";"PROBE";4;63;0x00001d2a;363;1958076;776482;440526;1127060;1133677;17;0;NOSTRESS
138969204439;17027;"NEAR_P1";"INTERVAL";"PROBE";4;63;0x00001d2a;363;1963709;779174;442876;1134320;1134801;523;0;NOSTRESS
138969221470;16909;"NEAR_P1";"INTERVAL";"PROBE";4;63;0x00001d2a;363;1960481;777254;440608;1127466;1135146;10;0;NOSTRESS
138969238383;17021;"NEAR_P1";"INTERVAL";"PROBE";4;63;0x00001d2a;363;1964277;778963;442837;1133768;1135580;496;0;NOSTRESS
138969255409;16899;"NEAR_P1";"INTERVAL";"PROBE";4;63;0x00001d2a;363;1960566;776890;440443;1127033;1135631;10;0;NOSTRESS
138969272313;17012;"NEAR_P1";"INTERVAL";"PROBE";4;63;0x00001d2a;363;1966350;779616;443052;1134331;1136796;488;0;NOSTRESS
138969289329;17012;"NEAR_P1";"INTERVAL";"PROBE";4;63;0x00001d2a;363;1965232;779106;442859;1133953;1136266;479;0;NOSTRESS
138969306345;16896;"NEAR_P1";"INTERVAL";"PROBE";4;63;0x00001d2a;363;1959309;776423;440428;1126656;1134794;18;0;NOSTRESS
138969323245;16995;"NEAR_P1";"INTERVAL";"PROBE";4;63;0x00001d2a;363;1964106;778793;442809;1133520;1135595;466;0;NOSTRESS
138969340244;16898;"NEAR_P1";"INTERVAL";"PROBE";4;63;0x00001d2a;363;1960440;776746;440414;1126811;1135573;18;0;NOSTRESS
138969357146;17006;"NEAR_P1";"INTERVAL";"PROBE";4;63;0x00001d2a;363;1964135;778826;442784;1133714;1135642;465;0;NOSTRESS
138969374157;16907;"NEAR_P1";"INTERVAL";"PROBE";4;63;0x00001d2a;363;1962065;777241;440503;1127127;1136551;17;0;NOSTRESS
138969391069;16985;"NEAR_P1";"INTERVAL";"PROBE";4;63;0x00001d2a;363;1963896;778457;442770;1133094;1135653;461;0;NOSTRESS
138969408058;16898;"NEAR_P1";"INTERVAL";"PROBE";4;63;0x00001d2a;363;1960761;776815;440391;1126843;1135809;15;0;NOSTRESS
138969424961;16988;"NEAR_P1";"INTERVAL";"PROBE";4;63;0x00001d2a;363;1963492;778507;442794;1133145;1135289;462;0;NOSTRESS
138969441954;16897;"NEAR_P1";"INTERVAL";"PROBE";4;63;0x00001d2a;363;1959878;776712;440469;1126701;1135291;15;0;NOSTRESS
138969458855;17053;"NEAR_P1";"INTERVAL";"PROBE";4;63;0x00001d2a;363;1962639;778539;443167;1134749;1134351;567;0;NOSTRESS
138969475912;16897;"NEAR_P1";"INTERVAL";"PROBE";4;63;0x00001d2a;363;1958892;776511;440379;1126709;1134564;13;0;NOSTRESS
138969492813;17016;"NEAR_P1";"INTERVAL";"PROBE";4;63;0x00001d2a;363;1962129;778061;442736;1133150;1134233;509;0;NOSTRESS
138969509850;84489;"TRAJ_R1";"INTERVAL";"PROBE";4;63;0x00001d2a;363;8703020;3584689;2306756;5575701;5503181;1219;0;NOSTRESS
138970769881;416383;"MAF";"INTERVAL";"PROBE";4;63;0x00001d2a;364;47106878;18808657;10936737;27696000;27671901;8363;0;NOSTRESS
138970769902;72;"SENS_C1";"INTERVAL";"PROBE";4;63;0x00001d2a;364;820;656;439;1137;0;122;0;NOSTRESS
138970769978;94;"LOC_C1";"INTERVAL";"PROBE";4;63;0x00001d2a;364;3908;1894;1251;3164;1869;156;0;NOSTRESS
138970770076;23;"LOC_C2";"INTERVAL";"PROBE";4;63;0x00001d2a;364;347;294;197;600;17;24;0;NOSTRESS
138970770104;96;"LOC_C3";"INTERVAL";"PROBE";4;63;0x00001d2a;364;8770;2413;1688;7524;3828;64;0;NOSTRESS
138970770204;23;"LOC_C4";"INTERVAL";"PROBE";4;63;0x00001d2a;364;340;274;208;575;0;27;0;NOSTRESS
138970770231;17178;"NEAR_P1";"INTERVAL";"PROBE";4;63;0x00001d2a;364;1960596;779453;444002;1138526;1131318;1008;0;NOSTRESS
138970787414;16870;"NEAR_P1";"INTERVAL";"PROBE";4;63;0x00001d2a;364;1954264;775087;440151;1125496;1132019;17;0;NOSTRESS
138970804288;17039;"NEAR_P1";"INTERVAL";"PROBE";4;63;0x00001d2a;364;1958773;777450;443844;1134974;1131694;654;0;NOSTRESS
138970821332;16873;"NEAR_P1";"INTERVAL";"PROBE";4;63;0x00001d2a;364;1954979;775159;440130;1125482;1132468;14;0;NOSTRESS
138970838209;17050;"NEAR_P1";"INTERVAL";"PROBE";4;63;0x00001d2a;364;1959616;777688;443277;1134750;1132372;747;0;NOSTRESS
138970855264;16867;"NEAR_P1";"INTERVAL";"PROBE";4;63;0x00001d2a;364;1954108;774988;440083;1125201;1131887;10;0;NOSTRESS
138970872135;17051;"NEAR_P1";"INTERVAL";"PROBE";4;63;0x00001d2a;364;1959564;777591;443272;1134278;1132373;734;0;NOSTRESS
138970889190;16979;"NEAR_P1";"INTERVAL";"PROBE";4;63;0x00001d2a;364;1958703;777132;442609;1132418;1132492;522;0;NOSTRESS
138970906173;16886;"NEAR_P1";"INTERVAL";"PROBE";4;63;0x00001d2a;364;1957337;775910;440286;1125911;1133893;20;0;NOSTRESS
138970923063;17005;"NEAR_P1";"INTERVAL";"PROBE";4;63;0x00001d2a;364;1957671;776984;443188;1133737;1131371;679;0;NOSTRESS
138970940072;16880;"NEAR_P1";"INTERVAL";"PROBE";4;63;0x00001d2a;364;1955924;775560;440228;1125774;1132916;22;0;NOSTRESS
138970956956;16977;"NEAR_P1";"INTERVAL";"PROBE";4;63;0x00001d2a;364;1958534;777224;442553;1132459;1132388;514;0;NOSTRESS
138970973938;16863;"NEAR_P1";"INTERVAL";"PROBE";4;63;0x00001d2a;364;1952645;774550;440051;1124884;1131003;19;0;NOSTRESS
138970990805;16968;"NEAR_P1";"INTERVAL";"PROBE";4;63;0x00001d2a;364;1958581;777328;442575;1132383;1132371;458;0;NOSTRESS
138971007778;16868;"NEAR_P1";"INTERVAL";"PROBE";4;63;0x00001d2a;364;1954534;775028;440129;1125197;1132231;19;0;NOSTRESS
138971024650;16965;"NEAR_P1";"INTERVAL";"PROBE";4;63;0x00001d2a;364;1957750;777004;442518;1132073;1131954;455;0;NOSTRESS
138971041619;16878;"NEAR_P1";"INTERVAL";"PROBE";4;63;0x00001d2a;364;1955747;775515;440181;1125564;1132993;16;0;NOSTRESS
138971058501;16976;"NEAR_P1";"INTERVAL";"PROBE";4;63;0x00001d2a;364;1959913;777687;442552;1132591;1133257;465;0;NOSTRESS
138971075481;16878;"NEAR_P1";"INTERVAL";"PROBE";4;63;0x00001d2a;364;1955579;775627;440143;1125685;1132889;15;0;NOSTRESS
138971092363;16966;"NEAR_P1";"INTERVAL";"PROBE";4;63;0x00001d2a;364;1958575;777100;442523;1131955;1132444;471;0;NOSTRESS
138971109333;76926;"TRAJ_R1";"INTERVAL";"PROBE";4;63;0x00001d2a;364;7939713;3265967;2092614;5064382;5019854;851;0;NOSTRESS
138972369862;409814;"MAF";"INTERVAL";"PROBE";4;63;0x00001d2a;365;46454015;18532693;10753391;27252190;27260574;7802;0;NOSTRESS
138972369881;73;"SENS_C1";"INTERVAL";"PROBE";4;63;0x00001d2a;365;760;634;438;1049;0;123;0;NOSTRESS
138972369959;91;"LOC_C1";"INTERVAL";"PROBE";4;63;0x00001d2a;365;3901;1884;1258;3177;1856;158;0;NOSTRESS
138972370054;20;"LOC_C2";"INTERVAL";"PROBE";4;63;0x00001d2a;365;342;292;195;591;17;22;0;NOSTRESS
138972370079;96;"LOC_C3";"INTERVAL";"PROBE";4;63;0x00001d2a;365;8746;2408;1701;7561;3803;61;0;NOSTRESS
138972370179;23;"LOC_C4";"INTERVAL";"PROBE";4;63;0x00001d2a;365;344;278;210;586;0;30;0;NOSTRESS
138972370206;17159;"NEAR_P1";"INTERVAL";"PROBE";4;63;0x00001d2a;365;1962507;779566;443412;1136516;1133086;834;0;NOSTRESS
138972387370;16879;"NEAR_P1";"INTERVAL";"PROBE";4;63;0x00001d2a;365;1954867;775252;440277;1125955;1132159;15;0;NOSTRESS
138972404253;16981;"NEAR_P1";"INTERVAL";"PROBE";4;63;0x00001d2a;365;1959815;777458;442632;1132569;1133063;528;0;NOSTRESS
138972421238;16872;"NEAR_P1";"INTERVAL";"PROBE";4;63;0x00001d2a;365;1954623;775051;440201;1125375;1132408;11;0;NOSTRESS
138972438114;16978;"NEAR_P1";"INTERVAL";"PROBE";4;63;0x00001d2a;365;1959843;777575;442612;1132417;1133297;482;0;NOSTRESS
138972455096;16866;"NEAR_P1";"INTERVAL";"PROBE";4;63;0x00001d2a;365;1953831;774744;440043;1124977;1131973;8;0;NOSTRESS
138972471966;16987;"NEAR_P1";"INTERVAL";"PROBE";4;63;0x00001d2a;365;1955727;776038;442373;1130929;1131093;480;0;NOSTRESS
138972488957;16995;"NEAR_P1";"INTERVAL";"PROBE";4;63;0x00001d2a;365;1959652;777267;442605;1132345;1133223;464;0;NOSTRESS
138972505957;16864;"NEAR_P1";"INTERVAL";"PROBE";4;63;0x00001d2a;365;1954749;774750;440042;1124980;1132442;19;0;NOSTRESS
138972522826;17161;"NEAR_P1";"INTERVAL";"PROBE";4;63;0x00001d2a;365;1959570;777270;442618;1132367;1132935;613;0;NOSTRESS
138972539991;16873;"NEAR_P1";"INTERVAL";"PROBE";4;63;0x00001d2a;365;1955869;775264;440221;1125300;1133082;19;0;NOSTRESS
138972556868;17009;"NEAR_P1";"INTERVAL";"PROBE";4;63;0x00001d2a;365;1961129;777686;442601;1132280;1134093;471;0;NOSTRESS
138972573882;16879;"NEAR_P1";"INTERVAL";"PROBE";4;63;0x00001d2a;365;1957005;775651;440235;1125425;1133770;19;0;NOSTRESS
138972590765;17001;"NEAR_P1";"INTERVAL";"PROBE";4;63;0x00001d2a;365;1961636;777760;442666;1132339;1134328;473;0;NOSTRESS
138972607770;16868;"NEAR_P1";"INTERVAL";"PROBE";4;63;0x00001d2a;365;1954677;775061;440141;1125112;1132372;17;0;NOSTRESS
138972624643;16963;"NEAR_P1";"INTERVAL";"PROBE";4;63;0x00001d2a;365;1957690;776816;442563;1131881;1131932;476;0;NOSTRESS
138972641611;16872;"NEAR_P1";"INTERVAL";"PROBE";4;63;0x00001d2a;365;1954970;775133;440130;1125499;1132370;14;0;NOSTRESS
138972658488;16982;"NEAR_P1";"INTERVAL";"PROBE";4;63;0x00001d2a;365;1957469;776823;442898;1133010;1131387;618;0;NOSTRESS
138972675475;16870;"NEAR_P1";"INTERVAL";"PROBE";4;63;0x00001d2a;365;1955694;775092;440203;1125167;1132973;14;0;NOSTRESS
138972692350;16969;"NEAR_P1";"INTERVAL";"PROBE";4;63;0x00001d2a;365;1958237;776955;442565;1131938;1132268;509;0;NOSTRESS
138972709324;70348;"TRAJ_R1";"INTERVAL";"PROBE";4;63;0x00001d2a;365;7280111;2992584;1912057;4632306;4600644;887;0;NOSTRESS
138973969840;366986;"MAF";"INTERVAL";"PROBE";4;63;0x00001d2a;366;42041762;16719795;9582650;24430212;24469435;6765;0;NOSTRESS
138973969863;80;"SENS_C1";"INTERVAL";"PROBE";4;63;0x00001d2a;366;749;617;438;1050;0;122;0;NOSTRESS
138973969947;92;"LOC_C1";"INTERVAL";"PROBE";4;63;0x00001d2a;366;3689;1799;1236;3066;1782;156;0;NOSTRESS
138973970044;20;"LOC_C2";"INTERVAL";"PROBE";4;63;0x00001d2a;366;347;294;197;600;17;22;0;NOSTRESS
138973970069;102;"LOC_C3";"INTERVAL";"PROBE";4;63;0x00001d2a;366;8960;2476;1711;7681;3899;58;0;NOSTRESS
138973970175;24;"LOC_C4";"INTERVAL";"PROBE";4;63;0x00001d2a;366;346;281;210;591;0;28;0;NOSTRESS
138973970203;17140;"NEAR_P1";"INTERVAL";"PROBE";4;63;0x00001d2a;366;1964081;780408;443353;1136775;1134136;763;0;NOSTRESS
138973987348;16892;"NEAR_P1";"INTERVAL";"PROBE";4;63;0x00001d2a;366;1957538;776362;440252;1126639;1133754;15;0;NOSTRESS
138974004244;17006;"NEAR_P1";"INTERVAL";"PROBE";4;63;0x00001d2a;366;1961265;777993;442534;1132851;1134039;532;0;NOSTRESS
138974021255;16896;"NEAR_P1";"INTERVAL";"PROBE";4;63;0x00001d2a;366;1959833;776699;440326;1126544;1135438;10;0;NOSTRESS
138974038155;17004;"NEAR_P1";"INTERVAL";"PROBE";4;63;0x00001d2a;366;1960650;777915;442580;1132923;1133623;493;0;NOSTRESS
138974055164;16891;"NEAR_P1";"INTERVAL";"PROBE";4;63;0x00001d2a;366;1956971;776114;440250;1126474;1133626;9;0;NOSTRESS
138974072059;16985;"NEAR_P1";"INTERVAL";"PROBE";4;63;0x00001d2a;366;1960699;777932;442635;1132785;1133694;491;0;NOSTRESS
138974089048;16968;"NEAR_P1";"INTERVAL";"PROBE";4;63;0x00001d2a;366;1957888;777117;442509;1132268;1131904;459;0;NOSTRESS
138974106021;16880;"NEAR_P1";"INTERVAL";"PROBE";4;63;0x00001d2a;366;1955312;775370;440206;1125523;1132721;19;0;NOSTRESS
138974122905;17025;"NEAR_P1";"INTERVAL";"PROBE";4;63;0x00001d2a;366;1961885;778235;442677;1132892;1134522;418;0;NOSTRESS
138974139935;16900;"NEAR_P1";"INTERVAL";"PROBE";4;63;0x00001d2a;366;1959023;776703;440358;1126654;1134925;17;0;NOSTRESS
138974156839;17020;"NEAR_P1";"INTERVAL";"PROBE";4;63;0x00001d2a;366;1961744;778321;442623;1133143;1134354;473;0;NOSTRESS
138974173864;16892;"NEAR_P1";"INTERVAL";"PROBE";4;63;0x00001d2a;366;1957919;776341;440249;1126252;1134258;17;0;NOSTRESS
138974190760;16983;"NEAR_P1";"INTERVAL";"PROBE";4;63;0x00001d2a;366;1960776;777933;442656;1132822;1133702;465;0;NOSTRESS
138974207748;16887;"NEAR_P1";"INTERVAL";"PROBE";4;63;0x00001d2a;366;1956938;775937;440219;1125915;1133674;16;0;NOSTRESS
138974224639;17010;"NEAR_P1";"INTERVAL";"PROBE";4;63;0x00001d2a;366;1961490;778094;442724;1132811;1134429;405;0;NOSTRESS
138974241653;16893;"NEAR_P1";"INTERVAL";"PROBE";4;63;0x00001d2a;366;1958692;776385;440259;1126333;1134737;14;0;NOSTRESS
138974258551;17017;"NEAR_P1";"INTERVAL";"PROBE";4;63;0x00001d2a;366;1962046;778498;442638;1133394;1134482;475;0;NOSTRESS
138974275573;16881;"NEAR_P1";"INTERVAL";"PROBE";4;63;0x00001d2a;366;1955306;775596;440184;1125784;1132629;16;0;NOSTRESS
138974292458;17003;"NEAR_P1";"INTERVAL";"PROBE";4;63;0x00001d2a;366;1961186;778215;442721;1133143;1133699;479;0;NOSTRESS
138974309465;27357;"TRAJ_R1";"INTERVAL";"PROBE";4;63;0x00001d2a;366;2826843;1161094;740863;1796067;1785391;548;0;NOSTRESS
138975569846;385451;"MAF";"INTERVAL";"PROBE";4;63;0x00001d2a;367;43897424;17490933;10088850;25653317;25635461;7155;0;NOSTRESS
138975569866;76;"SENS_C1";"INTERVAL";"PROBE";4;63;0x00001d2a;367;735;620;441;1034;0;114;0;NOSTRESS
138975569946;93;"LOC_C1";"INTERVAL";"PROBE";4;63;0x00001d2a;367;3836;1876;1247;3157;1843;157;0;NOSTRESS
138975570043;20;"LOC_C2";"INTERVAL";"PROBE";4;63;0x00001d2a;367;344;292;195;592;17;19;0;NOSTRESS
138975570068;95;"LOC_C3";"INTERVAL";"PROBE";4;63;0x00001d2a;367;8837;2438;1708;7635;3838;62;0;NOSTRESS
138975570167;25;"LOC_C4";"INTERVAL";"PROBE";4;63;0x00001d2a;367;346;280;210;588;0;28;0;NOSTRESS
138975570196;17126;"NEAR_P1";"INTERVAL";"PROBE";4;63;0x00001d2a;367;1958141;778324;443118;1135635;1130207;738;0;NOSTRESS
138975587327;16875;"NEAR_P1";"INTERVAL";"PROBE";4;63;0x00001d2a;367;1952595;774851;440272;1126364;1130276;11;0;NOSTRESS
138975604206;16982;"NEAR_P1";"INTERVAL";"PROBE";4;63;0x00001d2a;367;1954392;775972;442635;1132428;1129292;530;0;NOSTRESS
138975621192;16874;"NEAR_P1";"INTERVAL";"PROBE";4;63;0x00001d2a;367;1952440;774726;440307;1126104;1130421;12;0;NOSTRESS
138975638070;16964;"NEAR_P1";"INTERVAL";"PROBE";4;63;0x00001d2a;367;1955124;776282;442560;1132552;1129909;482;0;NOSTRESS
138975655038;16868;"NEAR_P1";"INTERVAL";"PROBE";4;63;0x00001d2a;367;1951548;774457;440273;1125774;1129871;9;0;NOSTRESS
138975671910;16989;"NEAR_P1";"INTERVAL";"PROBE";4;63;0x00001d2a;367;1957574;777003;442746;1132938;1131351;474;0;NOSTRESS
138975688903;16972;"NEAR_P1";"INTERVAL";"PROBE";4;63;0x00001d2a;367;1955627;776603;442729;1132812;1130117;475;0;NOSTRESS
138975705879;16871;"NEAR_P1";"INTERVAL";"PROBE";4;63;0x00001d2a;367;1951843;774666;440261;1125886;1130123;18;0;NOSTRESS
138975722754;16961;"NEAR_P1";"INTERVAL";"PROBE";4;63;0x00001d2a;367;1955451;776340;442605;1132209;1130151;462;0;NOSTRESS
138975739720;16864;"NEAR_P1";"INTERVAL";"PROBE";4;63;0x00001d2a;367;1950989;774371;440192;1125690;1129507;18;0;NOSTRESS
138975756589;16970;"NEAR_P1";"INTERVAL";"PROBE";4;63;0x00001d2a;367;1956712;776858;442759;1132783;1130823;466;0;NOSTRESS
138975773564;16869;"NEAR_P1";"INTERVAL";"PROBE";4;63;0x00001d2a;367;1951844;774495;440298;1125670;1129980;19;0;NOSTRESS
138975790437;16995;"NEAR_P1";"INTERVAL";"PROBE";4;63;0x00001d2a;367;1955734;776484;442659;1132436;1130169;460;0;NOSTRESS
138975807437;16874;"NEAR_P1";"INTERVAL";"PROBE";4;63;0x00001d2a;367;1953255;774805;440359;1125963;1130932;16;0;NOSTRESS
138975824315;16988;"NEAR_P1";"INTERVAL";"PROBE";4;63;0x00001d2a;367;1956401;776673;442671;1132446;1130653;466;0;NOSTRESS
138975841308;16855;"NEAR_P1";"INTERVAL";"PROBE";4;63;0x00001d2a;367;1949951;773791;440164;1125165;1128968;15;0;NOSTRESS
138975858168;16973;"NEAR_P1";"INTERVAL";"PROBE";4;63;0x00001d2a;367;1956935;776886;442745;1132947;1130992;470;0;NOSTRESS
138975875145;16866;"NEAR_P1";"INTERVAL";"PROBE";4;63;0x00001d2a;367;1951819;774409;440261;1125592;1130189;12;0;NOSTRESS
138975892015;17156;"NEAR_P1";"INTERVAL";"PROBE";4;63;0x00001d2a;367;1954459;776074;442583;1132323;1129410;615;0;NOSTRESS
138975909191;46102;"TRAJ_R1";"INTERVAL";"PROBE";4;63;0x00001d2a;367;4790249;1963913;1246363;3026115;3026422;567;0;NOSTRESS
138977169866;389136;"MAF";"INTERVAL";"PROBE";4;63;0x00001d2a;368;44293185;17652193;10194733;25905153;25892003;6665;0;NOSTRESS
138977169887;77;"SENS_C1";"INTERVAL";"PROBE";4;63;0x00001d2a;368;756;632;436;1018;0;118;0;NOSTRESS
138977169969;97;"LOC_C1";"INTERVAL";"PROBE";4;63;0x00001d2a;368;3693;1793;1236;3081;1762;152;0;NOSTRESS
138977170070;19;"LOC_C2";"INTERVAL";"PROBE";4;63;0x00001d2a;368;344;292;195;592;17;20;0;NOSTRESS
138977170094;101;"LOC_C3";"INTERVAL";"PROBE";4;63;0x00001d2a;368;8581;2355;1687;7540;3708;60;0;NOSTRESS
138977170199;23;"LOC_C4";"INTERVAL";"PROBE";4;63;0x00001d2a;368;340;277;209;585;0;29;0;NOSTRESS
138977170226;17145;"NEAR_P1";"INTERVAL";"PROBE";4;63;0x00001d2a;368;1958231;778454;443159;1135965;1130384;860;0;NOSTRESS
138977187376;16879;"NEAR_P1";"INTERVAL";"PROBE";4;63;0x00001d2a;368;1952997;775007;440321;1126471;1130654;14;0;NOSTRESS
138977204259;16956;"NEAR_P1";"INTERVAL";"PROBE";4;63;0x00001d2a;368;1953116;775639;442553;1132120;1128830;508;0;NOSTRESS
138977221220;16867;"NEAR_P1";"INTERVAL";"PROBE";4;63;0x00001d2a;368;1950851;774261;440244;1125638;1129640;9;0;NOSTRESS
138977238091;16957;"NEAR_P1";"INTERVAL";"PROBE";4;63;0x00001d2a;368;1954305;776019;442829;1132284;1129590;381;0;NOSTRESS
138977255052;16862;"NEAR_P1";"INTERVAL";"PROBE";4;63;0x00001d2a;368;1950069;773986;440107;1125445;1129193;7;0;NOSTRESS
138977271918;16950;"NEAR_P1";"INTERVAL";"PROBE";4;63;0x00001d2a;368;1954168;775789;442450;1131611;1129556;465;0;NOSTRESS
138977288872;16962;"NEAR_P1";"INTERVAL";"PROBE";4;63;0x00001d2a;368;1954995;776101;442530;1132106;1130042;468;0;NOSTRESS
138977305838;16871;"NEAR_P1";"INTERVAL";"PROBE";4;63;0x00001d2a;368;1953663;774861;440224;1125742;1131346;19;0;NOSTRESS
138977322713;16994;"NEAR_P1";"INTERVAL";"PROBE";4;63;0x00001d2a;368;1955797;776159;442535;1131883;1130666;411;0;NOSTRESS
138977339711;16859;"NEAR_P1";"INTERVAL";"PROBE";4;63;0x00001d2a;368;1951637;774154;440128;1124908;1130336;15;0;NOSTRESS
138977356574;16983;"NEAR_P1";"INTERVAL";"PROBE";4;63;0x00001d2a;368;1955451;776048;442496;1131876;1130375;461;0;NOSTRESS
138977373561;16867;"NEAR_P1";"INTERVAL";"PROBE";4;63;0x00001d2a;368;1952640;774537;440211;1125599;1130798;18;0;NOSTRESS
138977390433;16952;"NEAR_P1";"INTERVAL";"PROBE";4;63;0x00001d2a;368;1954362;776022;442484;1132110;1129613;457;0;NOSTRESS
138977407389;16863;"NEAR_P1";"INTERVAL";"PROBE";4;63;0x00001d2a;368;1951805;774254;440141;1125356;1130338;17;0;NOSTRESS
138977424256;16966;"NEAR_P1";"INTERVAL";"PROBE";4;63;0x00001d2a;368;1957338;776681;442616;1132444;1131459;467;0;NOSTRESS
138977441226;16868;"NEAR_P1";"INTERVAL";"PROBE";4;63;0x00001d2a;368;1952891;774646;440188;1125543;1130955;16;0;NOSTRESS
138977458098;16994;"NEAR_P1";"INTERVAL";"PROBE";4;63;0x00001d2a;368;1954463;775986;442523;1132002;1129817;413;0;NOSTRESS
138977475097;16867;"NEAR_P1";"INTERVAL";"PROBE";4;63;0x00001d2a;368;1952747;774597;440194;1125469;1130661;13;0;NOSTRESS
138977491968;16981;"NEAR_P1";"INTERVAL";"PROBE";4;63;0x00001d2a;368;1954467;775773;442458;1131915;1129684;475;0;NOSTRESS
138977508954;50044;"TRAJ_R1";"INTERVAL";"PROBE";4;63;0x00001d2a;368;5193867;2130805;1354538;3286643;3282579;552;0;NOSTRESS
138978769899;394247;"MAF";"INTERVAL";"PROBE";4;63;0x00001d2a;369;44842140;17872116;10330393;26239879;26239817;7300;0;NOSTRESS
138978769920;79;"SENS_C1";"INTERVAL";"PROBE";4;63;0x00001d2a;369;750;626;436;1033;0;114;0;NOSTRESS
138978770003;97;"LOC_C1";"INTERVAL";"PROBE";4;63;0x00001d2a;369;3830;1860;1244;3125;1843;156;0;NOSTRESS
138978770104;24;"LOC_C2";"INTERVAL";"PROBE";4;63;0x00001d2a;369;352;295;197;609;17;20;0;NOSTRESS
138978770133;95;"LOC_C3";"INTERVAL";"PROBE";4;63;0x00001d2a;369;8824;2426;1701;7604;3843;57;0;NOSTRESS
138978770232;24;"LOC_C4";"INTERVAL";"PROBE";4;63;0x00001d2a;369;359;278;212;614;0;27;0;NOSTRESS
138978770260;17143;"NEAR_P1";"INTERVAL";"PROBE";4;63;0x00001d2a;369;1959360;778722;443348;1136485;1131301;745;0;NOSTRESS
138978787408;16886;"NEAR_P1";"INTERVAL";"PROBE";4;63;0x00001d2a;369;1956100;775670;440414;1126847;1132899;16;0;NOSTRESS
138978804298;17021;"NEAR_P1";"INTERVAL";"PROBE";4;63;0x00001d2a;369;1957489;777345;443616;1135187;1130779;628;0;NOSTRESS
138978821323;16873;"NEAR_P1";"INTERVAL";"PROBE";4;63;0x00001d2a;369;1953985;775143;440298;1125850;1131721;9;0;NOSTRESS
138978838200;16969;"NEAR_P1";"INTERVAL";"PROBE";4;63;0x00001d2a;369;1957994;776961;442597;1132513;1132048;493;0;NOSTRESS
138978855173;16881;"NEAR_P1";"INTERVAL";"PROBE";4;63;0x00001d2a;369;1955520;775473;440315;1126397;1132648;10;0;NOSTRESS
138978872059;16974;"NEAR_P1";"INTERVAL";"PROBE";4;63;0x00001d2a;369;1958956;777310;442656;1132677;1132680;471;0;NOSTRESS
138978889037;16990;"NEAR_P1";"INTERVAL";"PROBE";4;63;0x00001d2a;369;1957429;776585;442499;1132089;1131910;379;0;NOSTRESS
138978906032;16874;"NEAR_P1";"INTERVAL";"PROBE";4;63;0x00001d2a;369;1954816;775124;440247;1125891;1132435;17;0;NOSTRESS
138978922911;16963;"NEAR_P1";"INTERVAL";"PROBE";4;63;0x00001d2a;369;1956978;776580;442599;1132250;1131510;454;0;NOSTRESS
138978939878;16868;"NEAR_P1";"INTERVAL";"PROBE";4;63;0x00001d2a;369;1952986;774623;440119;1125607;1131351;19;0;NOSTRESS
138978956750;16962;"NEAR_P1";"INTERVAL";"PROBE";4;63;0x00001d2a;369;1957073;776678;442593;1132231;1131660;463;0;NOSTRESS
138978973716;16885;"NEAR_P1";"INTERVAL";"PROBE";4;63;0x00001d2a;369;1956229;775544;440297;1126288;1133191;18;0;NOSTRESS
138978990605;17024;"NEAR_P1";"INTERVAL";"PROBE";4;63;0x00001d2a;369;1958628;777338;442963;1133981;1132098;597;0;NOSTRESS
138979007633;16871;"NEAR_P1";"INTERVAL";"PROBE";4;63;0x00001d2a;369;1954532;775033;440192;1125686;1132191;17;0;NOSTRESS
138979024509;16994;"NEAR_P1";"INTERVAL";"PROBE";4;63;0x00001d2a;369;1957744;776859;442587;1132498;1131993;501;0;NOSTRESS
138979041508;16870;"NEAR_P1";"INTERVAL";"PROBE";4;63;0x00001d2a;369;1953889;774768;440201;1125692;1131900;16;0;NOSTRESS
138979058382;16958;"NEAR_P1";"INTERVAL";"PROBE";4;63;0x00001d2a;369;1955672;776209;442571;1132159;1130695;481;0;NOSTRESS
138979075344;16875;"NEAR_P1";"INTERVAL";"PROBE";4;63;0x00001d2a;369;1953717;774934;440262;1126057;1131765;14;0;NOSTRESS
138979092223;16963;"NEAR_P1";"INTERVAL";"PROBE";4;63;0x00001d2a;369;1956664;776491;442555;1132255;1131346;474;0;NOSTRESS
138979109207;54934;"TRAJ_R1";"INTERVAL";"PROBE";4;63;0x00001d2a;369;5692677;2336165;1487635;3609048;3595993;870;0;NOSTRESS
138980369898;400332;"MAF";"INTERVAL";"PROBE";4;63;0x00001d2a;370;45488446;18130605;10489259;26621577;26647930;7601;0;NOSTRESS
138980369918;77;"SENS_C1";"INTERVAL";"PROBE";4;63;0x00001d2a;370;726;624;439;1017;0;115;0;NOSTRESS
138980369999;96;"LOC_C1";"INTERVAL";"PROBE";4;63;0x00001d2a;370;3559;1754;1227;3014;1699;151;0;NOSTRESS
138980370099;21;"LOC_C2";"INTERVAL";"PROBE";4;63;0x00001d2a;370;344;295;195;594;17;19;0;NOSTRESS
138980370125;93;"LOC_C3";"INTERVAL";"PROBE";4;63;0x00001d2a;370;8763;2411;1693;7568;3818;60;0;NOSTRESS
138980370222;24;"LOC_C4";"INTERVAL";"PROBE";4;63;0x00001d2a;370;346;284;212;590;0;30;0;NOSTRESS
138980370250;17176;"NEAR_P1";"INTERVAL";"PROBE";4;63;0x00001d2a;370;1964101;780150;443653;1137296;1133972;759;0;NOSTRESS
138980387431;16894;"NEAR_P1";"INTERVAL";"PROBE";4;63;0x00001d2a;370;1956937;775981;440549;1127048;1133179;15;0;NOSTRESS
138980404329;17167;"NEAR_P1";"INTERVAL";"PROBE";4;63;0x00001d2a;370;1961265;778172;442872;1133265;1133837;641;0;NOSTRESS
138980421500;16886;"NEAR_P1";"INTERVAL";"PROBE";4;63;0x00001d2a;370;1956393;775846;440389;1126302;1133136;10;0;NOSTRESS
138980438390;16998;"NEAR_P1";"INTERVAL";"PROBE";4;63;0x00001d2a;370;1962349;778347;442881;1133438;1134490;484;0;NOSTRESS
138980455392;16890;"NEAR_P1";"INTERVAL";"PROBE";4;63;0x00001d2a;370;1957442;776051;440413;1126421;1133884;7;0;NOSTRESS
138980472287;17036;"NEAR_P1";"INTERVAL";"PROBE";4;63;0x00001d2a;370;1961060;778074;443641;1135044;1133220;555;0;NOSTRESS
138980489327;16988;"NEAR_P1";"INTERVAL";"PROBE";4;63;0x00001d2a;370;1962944;778283;442789;1132942;1135280;478;0;NOSTRESS
138980506319;16878;"NEAR_P1";"INTERVAL";"PROBE";4;63;0x00001d2a;370;1956466;775370;440260;1125647;1133634;19;0;NOSTRESS
138980523201;16970;"NEAR_P1";"INTERVAL";"PROBE";4;63;0x00001d2a;370;1959914;777213;442651;1132290;1133648;463;0;NOSTRESS
138980540176;16879;"NEAR_P1";"INTERVAL";"PROBE";4;63;0x00001d2a;370;1955294;775303;440278;1125651;1132843;17;0;NOSTRESS
138980557059;17000;"NEAR_P1";"INTERVAL";"PROBE";4;63;0x00001d2a;370;1962461;778265;442723;1132835;1135001;373;0;NOSTRESS
138980574063;16879;"NEAR_P1";"INTERVAL";"PROBE";4;63;0x00001d2a;370;1955955;775455;440260;1125798;1133138;15;0;NOSTRESS
138980590946;16979;"NEAR_P1";"INTERVAL";"PROBE";4;63;0x00001d2a;370;1960980;777713;442698;1132660;1134153;463;0;NOSTRESS
138980607930;16884;"NEAR_P1";"INTERVAL";"PROBE";4;63;0x00001d2a;370;1957488;775799;440311;1126003;1134106;16;0;NOSTRESS
138980624818;16981;"NEAR_P1";"INTERVAL";"PROBE";4;63;0x00001d2a;370;1960733;777740;442746;1132733;1133914;466;0;NOSTRESS
138980641803;16873;"NEAR_P1";"INTERVAL";"PROBE";4;63;0x00001d2a;370;1954971;775060;440239;1125526;1132591;15;0;NOSTRESS
138980658680;17046;"NEAR_P1";"INTERVAL";"PROBE";4;63;0x00001d2a;370;1962473;778292;443192;1134117;1134507;555;0;NOSTRESS
138980675730;16885;"NEAR_P1";"INTERVAL";"PROBE";4;63;0x00001d2a;370;1957411;775855;440340;1126003;1134099;12;0;NOSTRESS
138980692619;17012;"NEAR_P1";"INTERVAL";"PROBE";4;63;0x00001d2a;370;1958624;776952;442513;1132094;1132743;513;0;NOSTRESS
138980709653;60572;"TRAJ_R1";"INTERVAL";"PROBE";4;63;0x00001d2a;370;6279226;2577933;1643622;3985304;3967021;904;0;NOSTRESS
138981969901;406798;"MAF";"INTERVAL";"PROBE";4;63;0x00001d2a;371;46164062;18410869;10675390;27070075;27069077;7707;0;NOSTRESS
138981969922;71;"SENS_C1";"INTERVAL";"PROBE";4;63;0x00001d2a;371;827;647;447;1214;0;137;0;NOSTRESS
138981969997;97;"LOC_C1";"INTERVAL";"PROBE";4;63;0x00001d2a;371;4007;1933;1290;3303;1888;173;0;NOSTRESS
138981970098;21;"LOC_C2";"INTERVAL";"PROBE";4;63;0x00001d2a;371;351;302;199;619;17;22;0;NOSTRESS
138981970125;99;"LOC_C3";"INTERVAL";"PROBE";4;63;0x00001d2a;371;8944;2405;1677;7746;3956;68;0;NOSTRESS
138981970229;23;"LOC_C4";"INTERVAL";"PROBE";4;63;0x00001d2a;371;381;286;214;637;0;32;0;NOSTRESS
138981970257;17216;"NEAR_P1";"INTERVAL";"PROBE";4;63;0x00001d2a;371;1965093;780232;443852;1138286;1134107;1026;0;NOSTRESS
138981987477;16883;"NEAR_P1";"INTERVAL";"PROBE";4;63;0x00001d2a;371;1956787;775709;440443;1126495;1133174;15;0;NOSTRESS
138982004364;17009;"NEAR_P1";"INTERVAL";"PROBE";4;63;0x00001d2a;371;1962105;778028;442932;1133945;1134114;540;0;NOSTRESS
138982021378;16881;"NEAR_P1";"INTERVAL";"PROBE";4;63;0x00001d2a;371;1955896;775573;440437;1126281;1132689;10;0;NOSTRESS
138982038264;16983;"NEAR_P1";"INTERVAL";"PROBE";4;63;0x00001d2a;371;1961531;777927;442852;1133316;1133872;483;0;NOSTRESS
138982055251;16889;"NEAR_P1";"INTERVAL";"PROBE";4;63;0x00001d2a;371;1958036;776079;440538;1126417;1134016;7;0;NOSTRESS
138982072144;16982;"NEAR_P1";"INTERVAL";"PROBE";4;63;0x00001d2a;371;1960399;777710;442824;1133257;1133308;481;0;NOSTRESS
138982089131;16973;"NEAR_P1";"INTERVAL";"PROBE";4;63;0x00001d2a;371;1958839;777322;442772;1132866;1132341;465;0;NOSTRESS
138982106108;16889;"NEAR_P1";"INTERVAL";"PROBE";4;63;0x00001d2a;371;1957629;775953;440496;1126529;1133811;19;0;NOSTRESS
138982123001;17054;"NEAR_P1";"INTERVAL";"PROBE";4;63;0x00001d2a;371;1961869;778648;443818;1135887;1133135;576;0;NOSTRESS
138982140059;16873;"NEAR_P1";"INTERVAL";"PROBE";4;63;0x00001d2a;371;1953991;774958;440349;1125715;1131561;20;0;NOSTRESS
138982156936;16983;"NEAR_P1";"INTERVAL";"PROBE";4;63;0x00001d2a;371;1961155;777750;442917;1133023;1133599;483;0;NOSTRESS
138982173923;16872;"NEAR_P1";"INTERVAL";"PROBE";4;63;0x00001d2a;371;1954857;775003;440355;1125712;1132148;17;0;NOSTRESS
138982190799;16969;"NEAR_P1";"INTERVAL";"PROBE";4;63;0x00001d2a;371;1958852;777191;442765;1132570;1132401;467;0;NOSTRESS
138982207773;16887;"NEAR_P1";"INTERVAL";"PROBE";4;63;0x00001d2a;371;1956718;775728;440465;1126375;1133261;15;0;NOSTRESS
138982224664;16972;"NEAR_P1";"INTERVAL";"PROBE";4;63;0x00001d2a;371;1960384;777507;443038;1132732;1133425;371;0;NOSTRESS
138982241640;16881;"NEAR_P1";"INTERVAL";"PROBE";4;63;0x00001d2a;371;1956030;775427;440413;1126038;1132930;13;0;NOSTRESS
138982258525;16986;"NEAR_P1";"INTERVAL";"PROBE";4;63;0x00001d2a;371;1962080;777999;442955;1133261;1134235;464;0;NOSTRESS
138982275515;16883;"NEAR_P1";"INTERVAL";"PROBE";4;63;0x00001d2a;371;1955990;775619;440409;1126219;1132644;14;0;NOSTRESS
138982292402;16973;"NEAR_P1";"INTERVAL";"PROBE";4;63;0x00001d2a;371;1960594;777526;442767;1132731;1133515;455;0;NOSTRESS
138982309380;67315;"TRAJ_R1";"INTERVAL";"PROBE";4;63;0x00001d2a;371;6961113;2860320;1828120;4429637;4398930;1084;0;NOSTRESS
138983569910;414449;"MAF";"INTERVAL";"PROBE";4;63;0x00001d2a;372;46872909;18717019;10884067;27569596;27522403;7972;0;NOSTRESS
138983569933;76;"SENS_C1";"INTERVAL";"PROBE";4;63;0x00001d2a;372;728;620;437;1006;0;108;0;NOSTRESS
138983570014;97;"LOC_C1";"INTERVAL";"PROBE";4;63;0x00001d2a;372;3780;1846;1252;3156;1802;160;0;NOSTRESS
138983570115;20;"LOC_C2";"INTERVAL";"PROBE";4;63;0x00001d2a;372;342;292;195;591;17;22;0;NOSTRESS
138983570140;93;"LOC_C3";"INTERVAL";"PROBE";4;63;0x00001d2a;372;8838;2438;1696;7612;3830;63;0;NOSTRESS
138983570237;26;"LOC_C4";"INTERVAL";"PROBE";4;63;0x00001d2a;372;338;278;209;582;0;32;0;NOSTRESS
138983570268;17211;"NEAR_P1";"INTERVAL";"PROBE";4;63;0x00001d2a;372;1959099;779262;444207;1139183;1129958;1045;0;NOSTRESS
138983587484;16881;"NEAR_P1";"INTERVAL";"PROBE";4;63;0x00001d2a;372;1953972;775176;440308;1126541;1131360;18;0;NOSTRESS
138983604369;16987;"NEAR_P1";"INTERVAL";"PROBE";4;63;0x00001d2a;372;1956058;776541;442602;1132758;1130489;577;0;NOSTRESS
138983621360;16867;"NEAR_P1";"INTERVAL";"PROBE";4;63;0x00001d2a;372;1952488;774528;440219;1125673;1130723;12;0;NOSTRESS
138983638232;16985;"NEAR_P1";"INTERVAL";"PROBE";4;63;0x00001d2a;372;1955690;776365;442603;1132365;1130483;483;0;NOSTRESS
138983655222;16866;"NEAR_P1";"INTERVAL";"PROBE";4;63;0x00001d2a;372;1952460;774540;440150;1125433;1130968;9;0;NOSTRESS
138983672093;16963;"NEAR_P1";"INTERVAL";"PROBE";4;63;0x00001d2a;372;1956040;776425;442632;1132299;1130720;481;0;NOSTRESS
138983689060;16954;"NEAR_P1";"INTERVAL";"PROBE";4;63;0x00001d2a;372;1953348;775658;442452;1131767;1129326;464;0;NOSTRESS
138983706018;16860;"NEAR_P1";"INTERVAL";"PROBE";4;63;0x00001d2a;372;1950834;773969;440130;1125105;1129792;19;0;NOSTRESS
138983722882;16955;"NEAR_P1";"INTERVAL";"PROBE";4;63;0x00001d2a;372;1955566;776240;442531;1132055;1130481;458;0;NOSTRESS
138983739841;16856;"NEAR_P1";"INTERVAL";"PROBE";4;63;0x00001d2a;372;1950163;773729;440063;1124864;1129512;19;0;NOSTRESS
138983756701;16953;"NEAR_P1";"INTERVAL";"PROBE";4;63;0x00001d2a;372;1954307;775794;442550;1131709;1129857;474;0;NOSTRESS
138983773658;17064;"NEAR_P1";"INTERVAL";"PROBE";4;63;0x00001d2a;372;1954722;775280;440342;1126228;1131980;47;0;NOSTRESS
138983790727;17032;"NEAR_P1";"INTERVAL";"PROBE";4;63;0x00001d2a;372;1958466;777556;443569;1135063;1131312;673;0;NOSTRESS
138983807764;16874;"NEAR_P1";"INTERVAL";"PROBE";4;63;0x00001d2a;372;1952590;774753;440252;1125576;1130793;21;0;NOSTRESS
138983824643;16950;"NEAR_P1";"INTERVAL";"PROBE";4;63;0x00001d2a;372;1953657;775580;442468;1131697;1129347;485;0;NOSTRESS
138983841598;16876;"NEAR_P1";"INTERVAL";"PROBE";4;63;0x00001d2a;372;1953001;774760;440234;1125724;1131096;16;0;NOSTRESS
138983858478;16966;"NEAR_P1";"INTERVAL";"PROBE";4;63;0x00001d2a;372;1956252;776490;442630;1132368;1130775;465;0;NOSTRESS
138983875449;16869;"NEAR_P1";"INTERVAL";"PROBE";4;63;0x00001d2a;372;1952114;774430;440249;1125321;1130536;14;0;NOSTRESS
138983892322;16960;"NEAR_P1";"INTERVAL";"PROBE";4;63;0x00001d2a;372;1955194;776214;442830;1132293;1130110;396;0;NOSTRESS
138983909304;75051;"TRAJ_R1";"INTERVAL";"PROBE";4;63;0x00001d2a;372;7762552;3190821;2040710;4941963;4907136;896;0;NOSTRESS
138985169915;422019;"MAF";"INTERVAL";"PROBE";4;63;0x00001d2a;373;47669515;19042541;11103074;28086724;28034335;7639;0;NOSTRESS
138985169937;76;"SENS_C1";"INTERVAL";"PROBE";4;63;0x00001d2a;373;744;625;439;1036;0;116;0;NOSTRESS
138985170017;94;"LOC_C1";"INTERVAL";"PROBE";4;63;0x00001d2a;373;3927;1882;1242;3113;1928;156;0;NOSTRESS
138985170115;21;"LOC_C2";"INTERVAL";"PROBE";4;63;0x00001d2a;373;346;292;195;599;17;20;0;NOSTRESS
138985170142;95;"LOC_C3";"INTERVAL";"PROBE";4;63;0x00001d2a;373;8911;2444;1702;7639;3893;66;0;NOSTRESS
138985170241;24;"LOC_C4";"INTERVAL";"PROBE";4;63;0x00001d2a;373;351;279;212;602;0;31;0;NOSTRESS
138985170270;17131;"NEAR_P1";"INTERVAL";"PROBE";4;63;0x00001d2a;373;1958064;778164;443484;1136554;1130014;855;0;NOSTRESS
138985187406;16865;"NEAR_P1";"INTERVAL";"PROBE";4;63;0x00001d2a;373;1952502;774558;440346;1125956;1130539;16;0;NOSTRESS
138985204275;16968;"NEAR_P1";"INTERVAL";"PROBE";4;63;0x00001d2a;373;1956451;776508;442649;1132718;1130784;544;0;NOSTRESS
138985221247;16842;"NEAR_P1";"INTERVAL";"PROBE";4;63;0x00001d2a;373;1950160;773425;440079;1124522;1129646;10;0;NOSTRESS
138985238093;16960;"NEAR_P1";"INTERVAL";"PROBE";4;63;0x00001d2a;373;1957247;776539;442510;1132064;1131739;490;0;NOSTRESS
138985255057;16850;"NEAR_P1";"INTERVAL";"PROBE";4;63;0x00001d2a;373;1951543;773882;440142;1124753;1130562;10;0;NOSTRESS
138985271911;16970;"NEAR_P1";"INTERVAL";"PROBE";4;63;0x00001d2a;373;1956359;776345;442477;1131802;1131198;480;0;NOSTRESS
138985288886;16959;"NEAR_P1";"INTERVAL";"PROBE";4;63;0x00001d2a;373;1956755;776312;442611;1131865;1131539;493;0;NOSTRESS
138985305850;16868;"NEAR_P1";"INTERVAL";"PROBE";4;63;0x00001d2a;373;1951354;773937;440081;1124946;1130358;19;0;NOSTRESS
138985322723;17098;"NEAR_P1";"INTERVAL";"PROBE";4;63;0x00001d2a;373;1956602;776683;443654;1135367;1130435;703;0;NOSTRESS
138985339828;16857;"NEAR_P1";"INTERVAL";"PROBE";4;63;0x00001d2a;373;1952377;774206;440122;1125049;1131014;24;0;NOSTRESS
138985356689;16951;"NEAR_P1";"INTERVAL";"PROBE";4;63;0x00001d2a;373;1954352;775558;442493;1131571;1130019;509;0;NOSTRESS
138985373644;16855;"NEAR_P1";"INTERVAL";"PROBE";4;63;0x00001d2a;373;1951813;774025;440121;1124977;1130715;19;0;NOSTRESS
138985390503;16966;"NEAR_P1";"INTERVAL";"PROBE";4;63;0x00001d2a;373;1958067;776908;442620;1132472;1132338;469;0;NOSTRESS
138985407473;16844;"NEAR_P1";"INTERVAL";"PROBE";4;63;0x00001d2a;373;1949978;773374;440033;1124556;1129539;18;0;NOSTRESS
138985424321;16942;"NEAR_P1";"INTERVAL";"PROBE";4;63;0x00001d2a;373;1955241;775781;442475;1131399;1130716;467;0;NOSTRESS
138985441267;16849;"NEAR_P1";"INTERVAL";"PROBE";4;63;0x00001d2a;373;1951483;773678;440059;1124667;1130499;16;0;NOSTRESS
138985458120;17034;"NEAR_P1";"INTERVAL";"PROBE";4;63;0x00001d2a;373;1958443;777288;443529;1134744;1131628;548;0;NOSTRESS
138985475159;16850;"NEAR_P1";"INTERVAL";"PROBE";4;63;0x00001d2a;373;1950961;773625;440151;1124815;1130173;14;0;NOSTRESS
138985492013;16964;"NEAR_P1";"INTERVAL";"PROBE";4;63;0x00001d2a;373;1958149;776796;442632;1132137;1132331;482;0;NOSTRESS
138985508998;82927;"TRAJ_R1";"INTERVAL";"PROBE";4;63;0x00001d2a;373;8557795;3522331;2260978;5467552;5412711;820;0;NOSTRESS
138986769937;429509;"MAF";"INTERVAL";"PROBE";4;63;0x00001d2a;374;48428598;19361880;11305978;28577373;28513845;7877;0;NOSTRESS
138986769957;85;"SENS_C1";"INTERVAL";"PROBE";4;63;0x00001d2a;374;740;622;435;1017;0;117;0;NOSTRESS
138986770046;102;"LOC_C1";"INTERVAL";"PROBE";4;63;0x00001d2a;374;3838;1851;1243;3123;1851;155;0;NOSTRESS
138986770152;22;"LOC_C2";"INTERVAL";"PROBE";4;63;0x00001d2a;374;347;294;197;600;17;22;0;NOSTRESS
138986770180;96;"LOC_C3";"INTERVAL";"PROBE";4;63;0x00001d2a;374;8880;2463;1714;7635;3874;61;0;NOSTRESS
138986770281;25;"LOC_C4";"INTERVAL";"PROBE";4;63;0x00001d2a;374;340;273;208;575;0;30;0;NOSTRESS
138986770310;17139;"NEAR_P1";"INTERVAL";"PROBE";4;63;0x00001d2a;374;1959925;779276;443363;1136960;1131388;791;0;NOSTRESS
138986787454;16862;"NEAR_P1";"INTERVAL";"PROBE";4;63;0x00001d2a;374;1951605;774333;440222;1125586;1130217;15;0;NOSTRESS
138986804320;17000;"NEAR_P1";"INTERVAL";"PROBE";4;63;0x00001d2a;374;1957651;777132;443123;1133789;1131422;681;0;NOSTRESS
138986821324;16890;"NEAR_P1";"INTERVAL";"PROBE";4;63;0x00001d2a;374;1957340;776067;440390;1126357;1134133;10;0;NOSTRESS
138986838218;16979;"NEAR_P1";"INTERVAL";"PROBE";4;63;0x00001d2a;374;1958874;777275;442619;1132379;1132791;519;0;NOSTRESS
138986855202;16866;"NEAR_P1";"INTERVAL";"PROBE";4;63;0x00001d2a;374;1951924;774546;440217;1125414;1130571;10;0;NOSTRESS
138986872072;16963;"NEAR_P1";"INTERVAL";"PROBE";4;63;0x00001d2a;374;1956401;776522;442558;1132031;1131199;491;0;NOSTRESS
138986889039;16964;"NEAR_P1";"INTERVAL";"PROBE";4;63;0x00001d2a;374;1955956;776446;442622;1132036;1131002;472;0;NOSTRESS
138986906007;16874;"NEAR_P1";"INTERVAL";"PROBE";4;63;0x00001d2a;374;1953400;774835;440286;1125529;1131553;20;0;NOSTRESS
138986922885;17012;"NEAR_P1";"INTERVAL";"PROBE";4;63;0x00001d2a;374;1959617;777489;442711;1132666;1133283;475;0;NOSTRESS
138986939901;16872;"NEAR_P1";"INTERVAL";"PROBE";4;63;0x00001d2a;374;1953729;774830;440246;1125359;1131859;18;0;NOSTRESS
138986956777;16998;"NEAR_P1";"INTERVAL";"PROBE";4;63;0x00001d2a;374;1958019;777200;442685;1132475;1132289;473;0;NOSTRESS
138986973779;16879;"NEAR_P1";"INTERVAL";"PROBE";4;63;0x00001d2a;374;1954435;775342;440293;1125730;1132213;20;0;NOSTRESS
138986990662;16968;"NEAR_P1";"INTERVAL";"PROBE";4;63;0x00001d2a;374;1956189;776632;442640;1132239;1130969;470;0;NOSTRESS
138987007635;16877;"NEAR_P1";"INTERVAL";"PROBE";4;63;0x00001d2a;374;1954816;775199;440270;1125485;1132625;18;0;NOSTRESS
138987024516;16975;"NEAR_P1";"INTERVAL";"PROBE";4;63;0x00001d2a;374;1958262;777258;442682;1132601;1132337;467;0;NOSTRESS
138987041496;16872;"NEAR_P1";"INTERVAL";"PROBE";4;63;0x00001d2a;374;1953849;775002;440225;1125509;1131922;16;0;NOSTRESS
138987058372;16965;"NEAR_P1";"INTERVAL";"PROBE";4;63;0x00001d2a;374;1954198;775910;442528;1131501;1129931;473;0;NOSTRESS
138987075342;16861;"NEAR_P1";"INTERVAL";"PROBE";4;63;0x00001d2a;374;1951511;774292;440112;1125085;1130407;15;0;NOSTRESS
138987092207;16962;"NEAR_P1";"INTERVAL";"PROBE";4;63;0x00001d2a;374;1956268;776517;442571;1131839;1131204;477;0;NOSTRESS
138987109190;90252;"TRAJ_R1";"INTERVAL";"PROBE";4;63;0x00001d2a;374;9290905;3827176;2463780;5954623;5874788;1326;0;NOSTRESS
138988369899;434731;"MAF";"INTERVAL";"PROBE";4;63;0x00001d2a;375;48981360;19578181;11442617;28901901;28861236;7942;0;NOSTRESS
138988369917;220;"SENS_C1";"INTERVAL";"PROBE";4;63;0x00001d2a;375;776;647;435;1099;0;123;0;NOSTRESS
138988370141;104;"LOC_C1";"INTERVAL";"PROBE";4;63;0x00001d2a;375;3892;1899;1246;3153;1865;161;0;NOSTRESS
138988370249;20;"LOC_C2";"INTERVAL";"PROBE";4;63;0x00001d2a;375;348;292;195;600;17;20;0;NOSTRESS
138988370275;97;"LOC_C3";"INTERVAL";"PROBE";4;63;0x00001d2a;375;8910;2458;1711;7668;3870;61;0;NOSTRESS
138988370376;25;"LOC_C4";"INTERVAL";"PROBE";4;63;0x00001d2a;375;345;276;212;589;0;27;0;NOSTRESS
138988370406;17151;"NEAR_P1";"INTERVAL";"PROBE";4;63;0x00001d2a;375;1963598;779842;443407;1136296;1133823;804;0;NOSTRESS
138988387561;16882;"NEAR_P1";"INTERVAL";"PROBE";4;63;0x00001d2a;375;1957208;775785;440275;1125951;1133707;12;0;NOSTRESS
138988404448;16986;"NEAR_P1";"INTERVAL";"PROBE";4;63;0x00001d2a;375;1959880;777161;442525;1131900;1133316;460;0;NOSTRESS
138988421438;16869;"NEAR_P1";"INTERVAL";"PROBE";4;63;0x00001d2a;375;1955289;774902;440145;1125234;1132806;10;0;NOSTRESS
138988438311;17001;"NEAR_P1";"INTERVAL";"PROBE";4;63;0x00001d2a;375;1959526;776978;442547;1131678;1133224;523;0;NOSTRESS
138988455316;16877;"NEAR_P1";"INTERVAL";"PROBE";4;63;0x00001d2a;375;1956380;775404;440166;1125500;1133457;8;0;NOSTRESS
138988472197;17013;"NEAR_P1";"INTERVAL";"PROBE";4;63;0x00001d2a;375;1959308;777326;443045;1133388;1132428;619;0;NOSTRESS
138988489215;16970;"NEAR_P1";"INTERVAL";"PROBE";4;63;0x00001d2a;375;1959346;776984;442592;1131896;1132960;502;0;NOSTRESS
138988506189;16873;"NEAR_P1";"INTERVAL";"PROBE";4;63;0x00001d2a;375;1955430;775117;440208;1125118;1132857;19;0;NOSTRESS
138988523066;16962;"NEAR_P1";"INTERVAL";"PROBE";4;63;0x00001d2a;375;1957768;776630;442571;1131585;1131989;476;0;NOSTRESS
138988540033;16874;"NEAR_P1";"INTERVAL";"PROBE";4;63;0x00001d2a;375;1955870;775248;440189;1125194;1133067;19;0;NOSTRESS
138988556911;16946;"NEAR_P1";"INTERVAL";"PROBE";4;63;0x00001d2a;375;1955485;775794;442389;1130926;1130709;466;0;NOSTRESS
138988573861;16872;"NEAR_P1";"INTERVAL";"PROBE";4;63;0x00001d2a;375;1954630;774985;440226;1125064;1132293;20;0;NOSTRESS
138988590737;17003;"NEAR_P1";"INTERVAL";"PROBE";4;63;0x00001d2a;375;1958923;776935;442560;1131669;1132735;407;0;NOSTRESS
138988607744;16861;"NEAR_P1";"INTERVAL";"PROBE";4;63;0x00001d2a;375;1952437;774280;440102;1124569;1130914;18;0;NOSTRESS
138988624609;16994;"NEAR_P1";"INTERVAL";"PROBE";4;63;0x00001d2a;375;1959251;777165;442573;1131872;1132842;469;0;NOSTRESS
138988641607;16873;"NEAR_P1";"INTERVAL";"PROBE";4;63;0x00001d2a;375;1955141;775088;440178;1125379;1132442;15;0;NOSTRESS
138988658485;16988;"NEAR_P1";"INTERVAL";"PROBE";4;63;0x00001d2a;375;1959378;777365;442586;1132328;1132870;468;0;NOSTRESS
138988675477;16866;"NEAR_P1";"INTERVAL";"PROBE";4;63;0x00001d2a;375;1954168;774601;440206;1124711;1132040;14;0;NOSTRESS
138988692347;16967;"NEAR_P1";"INTERVAL";"PROBE";4;63;0x00001d2a;375;1957731;776794;442542;1131648;1132039;470;0;NOSTRESS
138988709319;95307;"TRAJ_R1";"INTERVAL";"PROBE";4;63;0x00001d2a;375;9809982;4040806;2601258;6286294;6202966;1295;0;NOSTRESS
138989969921;436073;"MAF";"INTERVAL";"PROBE";4;63;0x00001d2a;376;49113263;19642069;11487982;29013421;28945298;7956;0;NOSTRESS
138989969944;81;"SENS_C1";"INTERVAL";"PROBE";4;63;0x00001d2a;376;843;667;448;1212;0;137;0;NOSTRESS
138989970029;97;"LOC_C1";"INTERVAL";"PROBE";4;63;0x00001d2a;376;3907;1900;1281;3259;1838;170;0;NOSTRESS
138989970131;20;"LOC_C2";"INTERVAL";"PROBE";4;63;0x00001d2a;376;351;302;199;619;17;23;0;NOSTRESS
138989970157;104;"LOC_C3";"INTERVAL";"PROBE";4;63;0x00001d2a;376;8913;2411;1691;7715;3911;69;0;NOSTRESS
138989970265;24;"LOC_C4";"INTERVAL";"PROBE";4;63;0x00001d2a;376;374;286;214;628;0;32;0;NOSTRESS
138989970293;17206;"NEAR_P1";"INTERVAL";"PROBE";4;63;0x00001d2a;376;1962336;780427;443782;1138655;1131941;1022;0;NOSTRESS
138989987504;16870;"NEAR_P1";"INTERVAL";"PROBE";4;63;0x00001d2a;376;1952774;774926;440294;1125899;1130763;17;0;NOSTRESS
138990004379;16975;"NEAR_P1";"INTERVAL";"PROBE";4;63;0x00001d2a;376;1957166;776987;442740;1132682;1131276;529;0;NOSTRESS
138990021359;16875;"NEAR_P1";"INTERVAL";"PROBE";4;63;0x00001d2a;376;1954350;775309;440263;1125653;1132201;11;0;NOSTRESS
138990038238;16996;"NEAR_P1";"INTERVAL";"PROBE";4;63;0x00001d2a;376;1957004;776679;442497;1131837;1131595;459;0;NOSTRESS
138990055238;16855;"NEAR_P1";"INTERVAL";"PROBE";4;63;0x00001d2a;376;1951876;774155;440099;1124581;1130662;9;0;NOSTRESS
138990072097;16980;"NEAR_P1";"INTERVAL";"PROBE";4;63;0x00001d2a;376;1956764;776427;442487;1131813;1131457;479;0;NOSTRESS
138990089081;16968;"NEAR_P1";"INTERVAL";"PROBE";4;63;0x00001d2a;376;1958757;777174;442646;1132278;1132533;461;0;NOSTRESS
138990106053;16864;"NEAR_P1";"INTERVAL";"PROBE";4;63;0x00001d2a;376;1953603;774634;440206;1124991;1131736;19;0;NOSTRESS
138990122921;16996;"NEAR_P1";"INTERVAL";"PROBE";4;63;0x00001d2a;376;1957122;776759;443050;1133757;1130902;601;0;NOSTRESS
138990139922;16872;"NEAR_P1";"INTERVAL";"PROBE";4;63;0x00001d2a;376;1954867;775221;440209;1125557;1132413;18;0;NOSTRESS
138990156798;16967;"NEAR_P1";"INTERVAL";"PROBE";4;63;0x00001d2a;376;1958645;777049;442643;1131993;1132565;499;0;NOSTRESS
138990173769;16872;"NEAR_P1";"INTERVAL";"PROBE";4;63;0x00001d2a;376;1954525;775090;440285;1125319;1132197;17;0;NOSTRESS
138990190645;16957;"NEAR_P1";"INTERVAL";"PROBE";4;63;0x00001d2a;376;1956207;776453;442576;1131906;1131115;468;0;NOSTRESS
138990207606;16857;"NEAR_P1";"INTERVAL";"PROBE";4;63;0x00001d2a;376;1951841;774201;440138;1124839;1130626;15;0;NOSTRESS
138990224467;16953;"NEAR_P1";"INTERVAL";"PROBE";4;63;0x00001d2a;376;1956239;776303;442505;1131571;1131198;471;0;NOSTRESS
138990241425;16853;"NEAR_P1";"INTERVAL";"PROBE";4;63;0x00001d2a;376;1951632;774041;440069;1124594;1130633;17;0;NOSTRESS
138990258282;16969;"NEAR_P1";"INTERVAL";"PROBE";4;63;0x00001d2a;376;1954844;775787;442385;1131131;1130209;467;0;NOSTRESS
138990275255;16873;"NEAR_P1";"INTERVAL";"PROBE";4;63;0x00001d2a;376;1955114;775199;440214;1125579;1132627;16;0;NOSTRESS
138990292132;16965;"NEAR_P1";"INTERVAL";"PROBE";4;63;0x00001d2a;376;1958003;776884;442664;1132001;1132070;469;0;NOSTRESS
138990309119;96870;"TRAJ_R1";"INTERVAL";"PROBE";4;63;0x00001d2a;376;9975579;4109687;2646345;6394025;6308813;1226;0;NOSTRESS
138991569902;435404;"MAF";"INTERVAL";"PROBE";4;63;0x00001d2a;377;49054103;19608694;11465715;28957350;28902695;8060;0;NOSTRESS
138991569921;79;"SENS_C1";"INTERVAL";"PROBE";4;63;0x00001d2a;377;738;631;436;1019;0;111;0;NOSTRESS
138991570004;97;"LOC_C1";"INTERVAL";"PROBE";4;63;0x00001d2a;377;4036;1920;1257;3179;1959;156;0;NOSTRESS
138991570106;20;"LOC_C2";"INTERVAL";"PROBE";4;63;0x00001d2a;377;342;292;195;591;17;19;0;NOSTRESS
138991570131;98;"LOC_C3";"INTERVAL";"PROBE";4;63;0x00001d2a;377;8724;2399;1691;7583;3780;62;0;NOSTRESS
138991570233;26;"LOC_C4";"INTERVAL";"PROBE";4;63;0x00001d2a;377;343;275;211;591;0;33;0;NOSTRESS
138991570263;17141;"NEAR_P1";"INTERVAL";"PROBE";4;63;0x00001d2a;377;1963534;779922;443752;1137401;1133342;767;0;NOSTRESS
138991587409;16880;"NEAR_P1";"INTERVAL";"PROBE";4;63;0x00001d2a;377;1955592;775501;440554;1126380;1132314;15;0;NOSTRESS
138991604293;17002;"NEAR_P1";"INTERVAL";"PROBE";4;63;0x00001d2a;377;1958509;776954;442767;1132595;1132076;539;0;NOSTRESS
138991621299;16870;"NEAR_P1";"INTERVAL";"PROBE";4;63;0x00001d2a;377;1955045;774863;440432;1125643;1132296;10;0;NOSTRESS
138991638173;16988;"NEAR_P1";"INTERVAL";"PROBE";4;63;0x00001d2a;377;1958133;776798;442804;1132304;1131903;489;0;NOSTRESS
138991655165;17050;"NEAR_P1";"INTERVAL";"PROBE";4;63;0x00001d2a;377;1954883;774915;440364;1125515;1132265;32;0;NOSTRESS
138991672220;16987;"NEAR_P1";"INTERVAL";"PROBE";4;63;0x00001d2a;377;1959270;777304;442855;1132657;1132634;607;0;NOSTRESS
138991689211;17003;"NEAR_P1";"INTERVAL";"PROBE";4;63;0x00001d2a;377;1958847;776828;442781;1132158;1132447;462;0;NOSTRESS
138991706218;16871;"NEAR_P1";"INTERVAL";"PROBE";4;63;0x00001d2a;377;1954930;774982;440368;1125524;1132309;19;0;NOSTRESS
138991723094;16996;"NEAR_P1";"INTERVAL";"PROBE";4;63;0x00001d2a;377;1960197;777466;442858;1132598;1133333;463;0;NOSTRESS
138991740095;16861;"NEAR_P1";"INTERVAL";"PROBE";4;63;0x00001d2a;377;1952913;774263;440304;1125055;1131006;17;0;NOSTRESS
138991756960;16988;"NEAR_P1";"INTERVAL";"PROBE";4;63;0x00001d2a;377;1960235;777516;442853;1132913;1133241;463;0;NOSTRESS
138991773952;16865;"NEAR_P1";"INTERVAL";"PROBE";4;63;0x00001d2a;377;1953620;774776;440332;1125249;1131492;17;0;NOSTRESS
138991790822;16979;"NEAR_P1";"INTERVAL";"PROBE";4;63;0x00001d2a;377;1957910;776694;443181;1133428;1131385;595;0;NOSTRESS
138991807805;16880;"NEAR_P1";"INTERVAL";"PROBE";4;63;0x00001d2a;377;1956266;775530;440476;1125812;1133109;17;0;NOSTRESS
138991824689;16974;"NEAR_P1";"INTERVAL";"PROBE";4;63;0x00001d2a;377;1959445;777138;442856;1132347;1132746;504;0;NOSTRESS
138991841668;16862;"NEAR_P1";"INTERVAL";"PROBE";4;63;0x00001d2a;377;1953138;774429;440328;1125148;1131075;16;0;NOSTRESS
138991858534;16974;"NEAR_P1";"INTERVAL";"PROBE";4;63;0x00001d2a;377;1959560;777290;442880;1132697;1132870;458;0;NOSTRESS
138991875512;16864;"NEAR_P1";"INTERVAL";"PROBE";4;63;0x00001d2a;377;1953528;774555;440290;1125204;1131368;17;0;NOSTRESS
138991892381;16967;"NEAR_P1";"INTERVAL";"PROBE";4;63;0x00001d2a;377;1959795;777291;442748;1132393;1133179;467;0;NOSTRESS
138991909370;95932;"TRAJ_R1";"INTERVAL";"PROBE";4;63;0x00001d2a;377;9884161;4070669;2619574;6330518;6250549;1206;0;NOSTRESS
138993169864;433053;"MAF";"INTERVAL";"PROBE";4;63;0x00001d2a;378;48791259;19507723;11398477;28806702;28732372;7891;0;NOSTRESS
138993169881;80;"SENS_C1";"INTERVAL";"PROBE";4;63;0x00001d2a;378;779;635;441;1089;0;117;0;NOSTRESS
138993169965;98;"LOC_C1";"INTERVAL";"PROBE";4;63;0x00001d2a;378;3757;1833;1239;3088;1813;158;0;NOSTRESS
138993170067;19;"LOC_C2";"INTERVAL";"PROBE";4;63;0x00001d2a;378;344;292;195;592;17;20;0;NOSTRESS
138993170092;100;"LOC_C3";"INTERVAL";"PROBE";4;63;0x00001d2a;378;8902;2444;1700;7673;3886;58;0;NOSTRESS
138993170197;23;"LOC_C4";"INTERVAL";"PROBE";4;63;0x00001d2a;378;352;278;213;598;0;29;0;NOSTRESS
138993170224;17167;"NEAR_P1";"INTERVAL";"PROBE";4;63;0x00001d2a;378;1963975;780331;443930;1138502;1133097;838;0;NOSTRESS
138993187396;16896;"NEAR_P1";"INTERVAL";"PROBE";4;63;0x00001d2a;378;1956378;776062;440714;1127579;1132609;15;0;NOSTRESS
138993204296;16999;"NEAR_P1";"INTERVAL";"PROBE";4;63;0x00001d2a;378;1959871;778029;443050;1134163;1132516;532;0;NOSTRESS
138993221299;16870;"NEAR_P1";"INTERVAL";"PROBE";4;63;0x00001d2a;378;1952068;774601;440419;1125855;1130344;10;0;NOSTRESS
138993238173;16980;"NEAR_P1";"INTERVAL";"PROBE";4;63;0x00001d2a;378;1958636;777266;443008;1133102;1132005;490;0;NOSTRESS
138993255158;16877;"NEAR_P1";"INTERVAL";"PROBE";4;63;0x00001d2a;378;1953488;774898;440539;1126174;1131130;9;0;NOSTRESS
138993272039;16996;"NEAR_P1";"INTERVAL";"PROBE";4;63;0x00001d2a;378;1957675;777044;442875;1132990;1131512;472;0;NOSTRESS
138993289039;16991;"NEAR_P1";"INTERVAL";"PROBE";4;63;0x00001d2a;378;1956534;776596;442804;1132913;1130932;470;0;NOSTRESS
138993306035;16879;"NEAR_P1";"INTERVAL";"PROBE";4;63;0x00001d2a;378;1953922;775016;440524;1126319;1131299;20;0;NOSTRESS
138993322918;16989;"NEAR_P1";"INTERVAL";"PROBE";4;63;0x00001d2a;378;1959973;777694;443071;1133575;1132949;467;0;NOSTRESS
138993339912;16880;"NEAR_P1";"INTERVAL";"PROBE";4;63;0x00001d2a;378;1955312;775440;440513;1126317;1132431;19;0;NOSTRESS
138993356796;17005;"NEAR_P1";"INTERVAL";"PROBE";4;63;0x00001d2a;378;1956680;776563;442954;1132568;1131251;414;0;NOSTRESS
138993373805;16870;"NEAR_P1";"INTERVAL";"PROBE";4;63;0x00001d2a;378;1953715;774917;440412;1125855;1131567;17;0;NOSTRESS
138993390679;17011;"NEAR_P1";"INTERVAL";"PROBE";4;63;0x00001d2a;378;1958851;777215;442873;1133025;1132565;456;0;NOSTRESS
138993407695;16882;"NEAR_P1";"INTERVAL";"PROBE";4;63;0x00001d2a;378;1955772;775521;440569;1126379;1132761;17;0;NOSTRESS
138993424581;16965;"NEAR_P1";"INTERVAL";"PROBE";4;63;0x00001d2a;378;1957098;776702;442863;1132717;1131335;464;0;NOSTRESS
138993441550;16873;"NEAR_P1";"INTERVAL";"PROBE";4;63;0x00001d2a;378;1953730;774904;440433;1125999;1131523;16;0;NOSTRESS
138993458427;17003;"NEAR_P1";"INTERVAL";"PROBE";4;63;0x00001d2a;378;1956725;776837;443272;1134135;1130745;605;0;NOSTRESS
138993475434;16869;"NEAR_P1";"INTERVAL";"PROBE";4;63;0x00001d2a;378;1953597;774844;440463;1125935;1131417;14;0;NOSTRESS
138993492307;16992;"NEAR_P1";"INTERVAL";"PROBE";4;63;0x00001d2a;378;1957829;777003;442958;1133128;1131579;512;0;NOSTRESS
138993509303;93609;"TRAJ_R1";"INTERVAL";"PROBE";4;63;0x00001d2a;378;9635659;3967667;2550402;6167171;6091089;1415;0;NOSTRESS
138994769838;429951;"MAF";"INTERVAL";"PROBE";4;63;0x00001d2a;379;48459120;19366335;11309793;28596640;28515842;10248;0;NOSTRESS
138994769858;74;"SENS_C1";"INTERVAL";"PROBE";4;63;0x00001d2a;379;742;632;436;1007;0;113;0;NOSTRESS
138994769936;93;"LOC_C1";"INTERVAL";"PROBE";4;63;0x00001d2a;379;3770;1837;1245;3114;1782;156;0;NOSTRESS
138994770033;18;"LOC_C2";"INTERVAL";"PROBE";4;63;0x00001d2a;379;342;292;195;591;17;19;0;NOSTRESS
138994770057;96;"LOC_C3";"INTERVAL";"PROBE";4;63;0x00001d2a;379;8797;2422;1706;7653;3814;59;0;NOSTRESS
138994770157;24;"LOC_C4";"INTERVAL";"PROBE";4;63;0x00001d2a;379;345;279;210;586;0;32;0;NOSTRESS
138994770186;17111;"NEAR_P1";"INTERVAL";"PROBE";4;63;0x00001d2a;379;1960353;778932;443647;1136795;1131515;787;0;NOSTRESS
138994787302;16871;"NEAR_P1";"INTERVAL";"PROBE";4;63;0x00001d2a;379;1954230;775005;440549;1126464;1131474;16;0;NOSTRESS
138994804177;17108;"NEAR_P1";"INTERVAL";"PROBE";4;63;0x00001d2a;379;1961132;778333;444030;1136478;1132499;876;0;NOSTRESS
138994821290;16880;"NEAR_P1";"INTERVAL";"PROBE";4;63;0x00001d2a;379;1954737;775341;440518;1126781;1131725;16;0;NOSTRESS
138994838174;17023;"NEAR_P1";"INTERVAL";"PROBE";4;63;0x00001d2a;379;1958883;777343;443702;1135392;1131526;760;0;NOSTRESS
138994855201;16869;"NEAR_P1";"INTERVAL";"PROBE";4;63;0x00001d2a;379;1953482;774699;440472;1126136;1131170;10;0;NOSTRESS
138994872074;16975;"NEAR_P1";"INTERVAL";"PROBE";4;63;0x00001d2a;379;1958015;776905;442844;1132878;1131694;545;0;NOSTRESS
138994889053;16976;"NEAR_P1";"INTERVAL";"PROBE";4;63;0x00001d2a;379;1958203;777043;442944;1133382;1131848;477;0;NOSTRESS
138994906033;16880;"NEAR_P1";"INTERVAL";"PROBE";4;63;0x00001d2a;379;1956074;775446;440570;1126285;1132928;18;0;NOSTRESS
138994922917;17035;"NEAR_P1";"INTERVAL";"PROBE";4;63;0x00001d2a;379;1959888;777682;443760;1135502;1132286;691;0;NOSTRESS
138994939956;16877;"NEAR_P1";"INTERVAL";"PROBE";4;63;0x00001d2a;379;1955155;775133;440513;1126413;1132204;20;0;NOSTRESS
138994956837;17014;"NEAR_P1";"INTERVAL";"PROBE";4;63;0x00001d2a;379;1959202;777348;443698;1135016;1131914;696;0;NOSTRESS
138994973855;16869;"NEAR_P1";"INTERVAL";"PROBE";4;63;0x00001d2a;379;1953451;774696;440458;1125991;1131247;22;0;NOSTRESS
138994990728;17028;"NEAR_P1";"INTERVAL";"PROBE";4;63;0x00001d2a;379;1960298;777895;443830;1135579;1132288;709;0;NOSTRESS
138995007761;16880;"NEAR_P1";"INTERVAL";"PROBE";4;63;0x00001d2a;379;1956835;775617;440573;1126444;1133438;17;0;NOSTRESS
138995024646;17210;"NEAR_P1";"INTERVAL";"PROBE";4;63;0x00001d2a;379;1961748;778363;443853;1135882;1133359;815;0;NOSTRESS
138995041860;16876;"NEAR_P1";"INTERVAL";"PROBE";4;63;0x00001d2a;379;1954786;775107;440531;1126338;1131912;22;0;NOSTRESS
138995058740;17027;"NEAR_P1";"INTERVAL";"PROBE";4;63;0x00001d2a;379;1960272;777903;443795;1135630;1132606;719;0;NOSTRESS
138995075772;16873;"NEAR_P1";"INTERVAL";"PROBE";4;63;0x00001d2a;379;1954681;775103;440508;1126122;1131987;17;0;NOSTRESS
138995092649;17018;"NEAR_P1";"INTERVAL";"PROBE";4;63;0x00001d2a;379;1958962;777418;443719;1135098;1131700;704;0;NOSTRESS
138995109689;90095;"TRAJ_R1";"INTERVAL";"PROBE";4;63;0x00001d2a;379;9284440;3822125;2454979;5938536;5868909;1446;0;NOSTRESS
138996369880;425359;"MAF";"INTERVAL";"PROBE";4;63;0x00001d2a;380;48008589;19184225;11192165;28302584;28237498;7340;0;NOSTRESS
138996369902;81;"SENS_C1";"INTERVAL";"PROBE";4;63;0x00001d2a;380;778;640;440;1095;0;127;0;NOSTRESS
138996369987;95;"LOC_C1";"INTERVAL";"PROBE";4;63;0x00001d2a;380;3743;1820;1244;3099;1778;156;0;NOSTRESS
138996370086;21;"LOC_C2";"INTERVAL";"PROBE";4;63;0x00001d2a;380;344;292;195;592;17;20;0;NOSTRESS
138996370113;99;"LOC_C3";"INTERVAL";"PROBE";4;63;0x00001d2a;380;8814;2407;1705;7656;3829;61;0;NOSTRESS
138996370216;26;"LOC_C4";"INTERVAL";"PROBE";4;63;0x00001d2a;380;345;279;209;589;0;31;0;NOSTRESS
138996370246;17127;"NEAR_P1";"INTERVAL";"PROBE";4;63;0x00001d2a;380;1959591;778866;443226;1135964;1131005;732;0;NOSTRESS
138996387378;16863;"NEAR_P1";"INTERVAL";"PROBE";4;63;0x00001d2a;380;1951608;774246;440384;1126157;1129608;12;0;NOSTRESS
138996404245;16979;"NEAR_P1";"INTERVAL";"PROBE";4;63;0x00001d2a;380;1957422;776929;442831;1133213;1131141;524;0;NOSTRESS
138996421228;16880;"NEAR_P1";"INTERVAL";"PROBE";4;63;0x00001d2a;380;1955028;775340;440408;1126516;1132018;10;0;NOSTRESS
138996438112;16958;"NEAR_P1";"INTERVAL";"PROBE";4;63;0x00001d2a;380;1954837;775923;442716;1132207;1129782;475;0;NOSTRESS
138996455074;16862;"NEAR_P1";"INTERVAL";"PROBE";4;63;0x00001d2a;380;1952219;774342;440333;1125473;1130463;10;0;NOSTRESS
138996471941;16996;"NEAR_P1";"INTERVAL";"PROBE";4;63;0x00001d2a;380;1955274;776050;442622;1131955;1130203;433;0;NOSTRESS
138996488941;16984;"NEAR_P1";"INTERVAL";"PROBE";4;63;0x00001d2a;380;1954318;775880;442631;1132039;1129533;473;0;NOSTRESS
138996505929;16874;"NEAR_P1";"INTERVAL";"PROBE";4;63;0x00001d2a;380;1954434;775024;440353;1125833;1131828;21;0;NOSTRESS
138996522807;16955;"NEAR_P1";"INTERVAL";"PROBE";4;63;0x00001d2a;380;1955790;776189;442763;1132111;1130455;466;0;NOSTRESS
138996539767;16866;"NEAR_P1";"INTERVAL";"PROBE";4;63;0x00001d2a;380;1952118;774370;440375;1125490;1130385;19;0;NOSTRESS
138996556637;17000;"NEAR_P1";"INTERVAL";"PROBE";4;63;0x00001d2a;380;1956494;776584;442781;1132446;1130870;466;0;NOSTRESS
138996573641;16871;"NEAR_P1";"INTERVAL";"PROBE";4;63;0x00001d2a;380;1953318;774839;440373;1125892;1131096;19;0;NOSTRESS
138996590516;16970;"NEAR_P1";"INTERVAL";"PROBE";4;63;0x00001d2a;380;1955937;776028;444032;1132691;1130126;385;0;NOSTRESS
138996607490;16872;"NEAR_P1";"INTERVAL";"PROBE";4;63;0x00001d2a;380;1953591;774705;440412;1125805;1131256;13;0;NOSTRESS
138996624366;17012;"NEAR_P1";"INTERVAL";"PROBE";4;63;0x00001d2a;380;1958137;777002;442827;1132579;1131900;476;0;NOSTRESS
138996641382;16874;"NEAR_P1";"INTERVAL";"PROBE";4;63;0x00001d2a;380;1954102;774922;440467;1125921;1131545;17;0;NOSTRESS
138996658260;16961;"NEAR_P1";"INTERVAL";"PROBE";4;63;0x00001d2a;380;1956462;776398;442789;1132409;1130769;468;0;NOSTRESS
138996675225;16869;"NEAR_P1";"INTERVAL";"PROBE";4;63;0x00001d2a;380;1953587;774777;440370;1125693;1131255;14;0;NOSTRESS
138996692098;16971;"NEAR_P1";"INTERVAL";"PROBE";4;63;0x00001d2a;380;1954570;775882;442625;1131745;1129700;472;0;NOSTRESS
138996709073;86161;"TRAJ_R1";"INTERVAL";"PROBE";4;63;0x00001d2a;380;8886086;3657411;2347006;5678131;5616936;1205;0;NOSTRESS
138997969893;421665;"MAF";"INTERVAL";"PROBE";4;63;0x00001d2a;381;47685728;19042522;11077987;28053840;28024197;7479;0;NOSTRESS
138997969917;80;"SENS_C1";"INTERVAL";"PROBE";4;63;0x00001d2a;381;837;658;450;1205;0;136;0;NOSTRESS
138997970001;100;"LOC_C1";"INTERVAL";"PROBE";4;63;0x00001d2a;381;3839;1873;1275;3246;1794;170;0;NOSTRESS
138997970105;21;"LOC_C2";"INTERVAL";"PROBE";4;63;0x00001d2a;381;353;302;199;620;17;22;0;NOSTRESS
138997970132;99;"LOC_C3";"INTERVAL";"PROBE";4;63;0x00001d2a;381;9154;2464;1704;7909;4015;66;0;NOSTRESS
138997970236;26;"LOC_C4";"INTERVAL";"PROBE";4;63;0x00001d2a;381;386;286;214;648;0;30;0;NOSTRESS
138997970267;17173;"NEAR_P1";"INTERVAL";"PROBE";4;63;0x00001d2a;381;1963771;780161;443890;1138732;1132639;1030;0;NOSTRESS
138997987445;16915;"NEAR_P1";"INTERVAL";"PROBE";4;63;0x00001d2a;381;1960662;777251;441022;1128937;1134892;16;0;NOSTRESS
138998004364;17007;"NEAR_P1";"INTERVAL";"PROBE";4;63;0x00001d2a;381;1962303;778742;443307;1135446;1133769;538;0;NOSTRESS
138998021376;16885;"NEAR_P1";"INTERVAL";"PROBE";4;63;0x00001d2a;381;1956170;775624;440746;1127149;1132564;11;0;NOSTRESS
138998038265;17006;"NEAR_P1";"INTERVAL";"PROBE";4;63;0x00001d2a;381;1959759;777670;443060;1134294;1132446;495;0;NOSTRESS
138998055275;16891;"NEAR_P1";"INTERVAL";"PROBE";4;63;0x00001d2a;381;1956372;775900;440769;1127357;1132651;8;0;NOSTRESS
138998072170;16998;"NEAR_P1";"INTERVAL";"PROBE";4;63;0x00001d2a;381;1962088;778456;443235;1134543;1133981;476;0;NOSTRESS
138998089172;17001;"NEAR_P1";"INTERVAL";"PROBE";4;63;0x00001d2a;381;1963113;778699;443197;1134563;1134642;476;0;NOSTRESS
138998106177;16905;"NEAR_P1";"INTERVAL";"PROBE";4;63;0x00001d2a;381;1959033;776764;440843;1127809;1134321;19;0;NOSTRESS
138998123086;17023;"NEAR_P1";"INTERVAL";"PROBE";4;63;0x00001d2a;381;1961550;778342;443086;1134361;1133781;463;0;NOSTRESS
138998140113;16888;"NEAR_P1";"INTERVAL";"PROBE";4;63;0x00001d2a;381;1955891;775645;440711;1127123;1132317;18;0;NOSTRESS
138998157005;17026;"NEAR_P1";"INTERVAL";"PROBE";4;63;0x00001d2a;381;1963320;778964;443323;1135028;1134610;465;0;NOSTRESS
138998174035;16914;"NEAR_P1";"INTERVAL";"PROBE";4;63;0x00001d2a;381;1960880;777227;440908;1128304;1135488;18;0;NOSTRESS
138998190953;17002;"NEAR_P1";"INTERVAL";"PROBE";4;63;0x00001d2a;381;1963287;778816;443289;1134685;1134690;479;0;NOSTRESS
138998207960;16895;"NEAR_P1";"INTERVAL";"PROBE";4;63;0x00001d2a;381;1957097;776123;440734;1127538;1133123;16;0;NOSTRESS
138998224859;16993;"NEAR_P1";"INTERVAL";"PROBE";4;63;0x00001d2a;381;1961237;778249;443257;1134426;1133278;464;0;NOSTRESS
138998241856;16906;"NEAR_P1";"INTERVAL";"PROBE";4;63;0x00001d2a;381;1958841;776768;440860;1128075;1134200;15;0;NOSTRESS
138998258766;17026;"NEAR_P1";"INTERVAL";"PROBE";4;63;0x00001d2a;381;1960860;778214;443067;1134264;1133208;420;0;NOSTRESS
138998275797;16906;"NEAR_P1";"INTERVAL";"PROBE";4;63;0x00001d2a;381;1959245;776828;440943;1128056;1134244;11;0;NOSTRESS
138998292707;17046;"NEAR_P1";"INTERVAL";"PROBE";4;63;0x00001d2a;381;1962870;778665;443251;1134744;1134348;482;0;NOSTRESS
138998309758;81796;"TRAJ_R1";"INTERVAL";"PROBE";4;63;0x00001d2a;381;8453190;3476738;2224601;5385480;5343179;891;0;NOSTRESS
138999569935;416404;"MAF";"INTERVAL";"PROBE";4;63;0x00001d2a;382;47067526;18797522;10942516;27710899;27637551;8034;0;NOSTRESS
138999569958;77;"SENS_C1";"INTERVAL";"PROBE";4;63;0x00001d2a;382;855;666;447;1250;0;137;0;NOSTRESS
138999570039;102;"LOC_C1";"INTERVAL";"PROBE";4;63;0x00001d2a;382;3847;1887;1287;3281;1767;168;0;NOSTRESS
138999570145;18;"LOC_C2";"INTERVAL";"PROBE";4;63;0x00001d2a;382;355;302;199;627;17;19;0;NOSTRESS
138999570169;256;"LOC_C3";"INTERVAL";"PROBE";4;63;0x00001d2a;382;8943;2423;1706;7754;3895;81;0;NOSTRESS
138999570429;24;"LOC_C4";"INTERVAL";"PROBE";4;63;0x00001d2a;382;380;287;214;644;0;34;0;NOSTRESS
138999570458;17161;"NEAR_P1";"INTERVAL";"PROBE";4;63;0x00001d2a;382;1958357;778634;443967;1138394;1129528;999;0;NOSTRESS
138999587623;16883;"NEAR_P1";"INTERVAL";"PROBE";4;63;0x00001d2a;382;1952997;775076;440715;1127340;1130346;17;0;NOSTRESS
138999604510;17025;"NEAR_P1";"INTERVAL";"PROBE";4;63;0x00001d2a;382;1955990;777047;443956;1136441;1129088;676;0;NOSTRESS
138999621539;16864;"NEAR_P1";"INTERVAL";"PROBE";4;63;0x00001d2a;382;1949568;773760;440533;1126302;1128526;9;0;NOSTRESS
138999638407;16968;"NEAR_P1";"INTERVAL";"PROBE";4;63;0x00001d2a;382;1956669;776593;442943;1133069;1130747;500;0;NOSTRESS
138999655380;16858;"NEAR_P1";"INTERVAL";"PROBE";4;63;0x00001d2a;382;1951009;773941;440453;1125871;1129716;8;0;NOSTRESS
138999672242;16955;"NEAR_P1";"INTERVAL";"PROBE";4;63;0x00001d2a;382;1954898;776027;442937;1132708;1129646;474;0;NOSTRESS
138999689202;16980;"NEAR_P1";"INTERVAL";"PROBE";4;63;0x00001d2a;382;1954720;775852;442822;1132652;1129867;431;0;NOSTRESS
138999706186;16881;"NEAR_P1";"INTERVAL";"PROBE";4;63;0x00001d2a;382;1953860;775099;440713;1126808;1131075;18;0;NOSTRESS
138999723071;16964;"NEAR_P1";"INTERVAL";"PROBE";4;63;0x00001d2a;382;1954669;776158;442921;1132966;1129545;468;0;NOSTRESS
138999740039;16871;"NEAR_P1";"INTERVAL";"PROBE";4;63;0x00001d2a;382;1952489;774523;440595;1126275;1130304;19;0;NOSTRESS
138999756915;16965;"NEAR_P1";"INTERVAL";"PROBE";4;63;0x00001d2a;382;1955788;776559;443001;1133072;1130153;466;0;NOSTRESS
138999773884;16870;"NEAR_P1";"INTERVAL";"PROBE";4;63;0x00001d2a;382;1952015;774585;440577;1126316;1130105;18;0;NOSTRESS
138999790758;17014;"NEAR_P1";"INTERVAL";"PROBE";4;63;0x00001d2a;382;1955064;776299;443346;1134440;1129254;611;0;NOSTRESS
138999807777;16861;"NEAR_P1";"INTERVAL";"PROBE";4;63;0x00001d2a;382;1951549;774122;440430;1125934;1129880;16;0;NOSTRESS
138999824642;16978;"NEAR_P1";"INTERVAL";"PROBE";4;63;0x00001d2a;382;1955201;775944;442836;1132494;1130026;513;0;NOSTRESS
138999841624;16864;"NEAR_P1";"INTERVAL";"PROBE";4;63;0x00001d2a;382;1952202;774297;440527;1125996;1130305;17;0;NOSTRESS
138999858492;16965;"NEAR_P1";"INTERVAL";"PROBE";4;63;0x00001d2a;382;1956081;776523;442922;1133036;1130466;478;0;NOSTRESS
138999875461;16870;"NEAR_P1";"INTERVAL";"PROBE";4;63;0x00001d2a;382;1952907;774651;440535;1126223;1130853;14;0;NOSTRESS
138999892335;16960;"NEAR_P1";"INTERVAL";"PROBE";4;63;0x00001d2a;382;1955942;776333;442908;1132843;1130568;477;0;NOSTRESS
138999909317;77018;"TRAJ_R1";"INTERVAL";"PROBE";4;63;0x00001d2a;382;7960732;3272463;2092445;5067325;5031874;865;0;NOSTRESS
139001169948;411424;"MAF";"INTERVAL";"PROBE";4;63;0x00001d2a;383;46631776;18598123;10806646;27379526;27365473;7794;0;NOSTRESS
139001169971;86;"SENS_C1";"INTERVAL";"PROBE";4;63;0x00001d2a;383;842;663;450;1211;0;139;0;NOSTRESS
139001170061;96;"LOC_C1";"INTERVAL";"PROBE";4;63;0x00001d2a;383;3856;1887;1281;3272;1791;173;0;NOSTRESS
139001170161;18;"LOC_C2";"INTERVAL";"PROBE";4;63;0x00001d2a;383;353;302;199;620;17;23;0;NOSTRESS
139001170185;96;"LOC_C3";"INTERVAL";"PROBE";4;63;0x00001d2a;383;8904;2436;1687;7674;3888;65;0;NOSTRESS
139001170285;24;"LOC_C4";"INTERVAL";"PROBE";4;63;0x00001d2a;383;381;286;213;635;0;30;0;NOSTRESS
139001170313;17174;"NEAR_P1";"INTERVAL";"PROBE";4;63;0x00001d2a;383;1962397;779464;443888;1138010;1132385;955;0;NOSTRESS
139001187492;16888;"NEAR_P1";"INTERVAL";"PROBE";4;63;0x00001d2a;383;1957024;775742;440785;1127148;1132948;15;0;NOSTRESS
139001204384;17006;"NEAR_P1";"INTERVAL";"PROBE";4;63;0x00001d2a;383;1960246;777482;443105;1134017;1132698;567;0;NOSTRESS
139001221394;16889;"NEAR_P1";"INTERVAL";"PROBE";4;63;0x00001d2a;383;1957885;775722;440752;1127078;1133825;11;0;NOSTRESS
139001238288;16965;"NEAR_P1";"INTERVAL";"PROBE";4;63;0x00001d2a;383;1957090;776440;443049;1132838;1131074;486;0;NOSTRESS
139001255257;16864;"NEAR_P1";"INTERVAL";"PROBE";4;63;0x00001d2a;383;1952966;774237;440619;1125896;1130795;7;0;NOSTRESS
139001272125;17054;"NEAR_P1";"INTERVAL";"PROBE";4;63;0x00001d2a;383;1962954;778507;444077;1136433;1133961;596;0;NOSTRESS
139001289183;16984;"NEAR_P1";"INTERVAL";"PROBE";4;63;0x00001d2a;383;1961495;777670;443222;1133512;1133978;488;0;NOSTRESS
139001306171;16874;"NEAR_P1";"INTERVAL";"PROBE";4;63;0x00001d2a;383;1955728;774957;440645;1126143;1132914;19;0;NOSTRESS
139001323049;16974;"NEAR_P1";"INTERVAL";"PROBE";4;63;0x00001d2a;383;1960639;777299;443153;1133252;1133637;461;0;NOSTRESS
139001340027;16870;"NEAR_P1";"INTERVAL";"PROBE";4;63;0x00001d2a;383;1955222;774693;440606;1125928;1132595;18;0;NOSTRESS
139001356901;17013;"NEAR_P1";"INTERVAL";"PROBE";4;63;0x00001d2a;383;1959077;776615;442981;1132869;1132576;462;0;NOSTRESS
139001373918;16881;"NEAR_P1";"INTERVAL";"PROBE";4;63;0x00001d2a;383;1956832;775331;440625;1126481;1133477;18;0;NOSTRESS
139001390803;16961;"NEAR_P1";"INTERVAL";"PROBE";4;63;0x00001d2a;383;1957560;776392;443064;1132621;1131627;459;0;NOSTRESS
139001407768;16878;"NEAR_P1";"INTERVAL";"PROBE";4;63;0x00001d2a;383;1956287;775086;440666;1126373;1133175;19;0;NOSTRESS
139001424650;16962;"NEAR_P1";"INTERVAL";"PROBE";4;63;0x00001d2a;383;1958296;776372;443016;1132634;1132096;473;0;NOSTRESS
139001441616;16876;"NEAR_P1";"INTERVAL";"PROBE";4;63;0x00001d2a;383;1956143;774958;440685;1126054;1133063;15;0;NOSTRESS
139001458496;17036;"NEAR_P1";"INTERVAL";"PROBE";4;63;0x00001d2a;383;1959916;777231;443614;1135222;1132255;634;0;NOSTRESS
139001475537;16873;"NEAR_P1";"INTERVAL";"PROBE";4;63;0x00001d2a;383;1955251;774827;440670;1125965;1132475;17;0;NOSTRESS
139001492414;16996;"NEAR_P1";"INTERVAL";"PROBE";4;63;0x00001d2a;383;1959821;776900;443044;1132883;1133195;508;0;NOSTRESS
139001509432;71935;"TRAJ_R1";"INTERVAL";"PROBE";4;63;0x00001d2a;383;7444944;3059516;1954497;4735418;4705028;901;0;NOSTRESS
139002769879;406398;"MAF";"INTERVAL";"PROBE";4;63;0x00001d2a;384;46087588;18382478;10666843;27041684;27023747;7950;0;NOSTRESS
139002769899;83;"SENS_C1";"INTERVAL";"PROBE";4;63;0x00001d2a;384;741;625;439;1023;0;109;0;NOSTRESS
139002769988;97;"LOC_C1";"INTERVAL";"PROBE";4;63;0x00001d2a;384;3669;1795;1242;3057;1768;156;0;NOSTRESS
139002770089;21;"LOC_C2";"INTERVAL";"PROBE";4;63;0x00001d2a;384;344;292;195;592;17;19;0;NOSTRESS
139002770116;95;"LOC_C3";"INTERVAL";"PROBE";4;63;0x00001d2a;384;8943;2457;1702;7658;3917;62;0;NOSTRESS
139002770215;22;"LOC_C4";"INTERVAL";"PROBE";4;63;0x00001d2a;384;346;278;210;585;0;32;0;NOSTRESS
139002770241;17192;"NEAR_P1";"INTERVAL";"PROBE";4;63;0x00001d2a;384;1964265;780073;443875;1137847;1133739;828;0;NOSTRESS
139002787437;16885;"NEAR_P1";"INTERVAL";"PROBE";4;63;0x00001d2a;384;1956431;775674;440657;1126904;1132992;18;0;NOSTRESS
139002804326;16976;"NEAR_P1";"INTERVAL";"PROBE";4;63;0x00001d2a;384;1958586;777100;443015;1133235;1132214;513;0;NOSTRESS
139002821306;16859;"NEAR_P1";"INTERVAL";"PROBE";4;63;0x00001d2a;384;1952202;774241;440383;1125491;1130605;10;0;NOSTRESS
139002838170;16957;"NEAR_P1";"INTERVAL";"PROBE";4;63;0x00001d2a;384;1956143;776191;442797;1132170;1130838;490;0;NOSTRESS
139002855131;16871;"NEAR_P1";"INTERVAL";"PROBE";4;63;0x00001d2a;384;1954655;774851;440517;1125744;1132260;8;0;NOSTRESS
139002872006;16973;"NEAR_P1";"INTERVAL";"PROBE";4;63;0x00001d2a;384;1959325;777233;442885;1132931;1132783;474;0;NOSTRESS
139002888983;16970;"NEAR_P1";"INTERVAL";"PROBE";4;63;0x00001d2a;384;1959432;777246;442895;1132781;1132944;468;0;NOSTRESS
139002905957;17033;"NEAR_P1";"INTERVAL";"PROBE";4;63;0x00001d2a;384;1953803;774729;440472;1125883;1131632;42;0;NOSTRESS
139002922995;17015;"NEAR_P1";"INTERVAL";"PROBE";4;63;0x00001d2a;384;1958468;777335;443770;1135070;1131447;665;0;NOSTRESS
139002940014;16856;"NEAR_P1";"INTERVAL";"PROBE";4;63;0x00001d2a;384;1951368;773933;440356;1125270;1130245;20;0;NOSTRESS
139002956874;16969;"NEAR_P1";"INTERVAL";"PROBE";4;63;0x00001d2a;384;1958441;776856;442942;1132756;1132168;490;0;NOSTRESS
139002973847;16869;"NEAR_P1";"INTERVAL";"PROBE";4;63;0x00001d2a;384;1953839;774772;440499;1125843;1131697;16;0;NOSTRESS
139002990720;16963;"NEAR_P1";"INTERVAL";"PROBE";4;63;0x00001d2a;384;1957897;776655;442871;1132745;1131965;466;0;NOSTRESS
139003007687;16860;"NEAR_P1";"INTERVAL";"PROBE";4;63;0x00001d2a;384;1952125;774243;440414;1125392;1130619;17;0;NOSTRESS
139003024552;16993;"NEAR_P1";"INTERVAL";"PROBE";4;63;0x00001d2a;384;1957675;776636;442969;1133058;1131694;513;0;NOSTRESS
139003041549;16856;"NEAR_P1";"INTERVAL";"PROBE";4;63;0x00001d2a;384;1952225;774094;440349;1125182;1130798;19;0;NOSTRESS
139003058409;16960;"NEAR_P1";"INTERVAL";"PROBE";4;63;0x00001d2a;384;1956876;776352;442863;1132436;1131162;469;0;NOSTRESS
139003075374;16868;"NEAR_P1";"INTERVAL";"PROBE";4;63;0x00001d2a;384;1954071;774632;440450;1125825;1131829;14;0;NOSTRESS
139003092246;16958;"NEAR_P1";"INTERVAL";"PROBE";4;63;0x00001d2a;384;1956720;776395;442816;1132259;1131303;469;0;NOSTRESS
139003109225;67048;"TRAJ_R1";"INTERVAL";"PROBE";4;63;0x00001d2a;384;6938621;2850349;1818695;4409191;4383111;1046;0;NOSTRESS
139004369915;401704;"MAF";"INTERVAL";"PROBE";4;63;0x00001d2a;385;45637244;18195516;10534769;26735289;26739315;7415;0;NOSTRESS
139004369933;76;"SENS_C1";"INTERVAL";"PROBE";4;63;0x00001d2a;385;760;621;438;1070;0;113;0;NOSTRESS
139004370014;89;"LOC_C1";"INTERVAL";"PROBE";4;63;0x00001d2a;385;3734;1812;1237;3072;1773;159;0;NOSTRESS
139004370108;18;"LOC_C2";"INTERVAL";"PROBE";4;63;0x00001d2a;385;347;293;195;600;17;19;0;NOSTRESS
139004370131;98;"LOC_C3";"INTERVAL";"PROBE";4;63;0x00001d2a;385;8825;2419;1703;7664;3822;61;0;NOSTRESS
139004370233;24;"LOC_C4";"INTERVAL";"PROBE";4;63;0x00001d2a;385;351;279;211;600;0;28;0;NOSTRESS
139004370261;17178;"NEAR_P1";"INTERVAL";"PROBE";4;63;0x00001d2a;385;1962569;779767;443902;1138207;1132835;843;0;NOSTRESS
139004387444;16895;"NEAR_P1";"INTERVAL";"PROBE";4;63;0x00001d2a;385;1957311;776035;440690;1127609;1133516;16;0;NOSTRESS
139004404343;17033;"NEAR_P1";"INTERVAL";"PROBE";4;63;0x00001d2a;385;1962143;778349;443085;1134145;1134514;537;0;NOSTRESS
139004421381;16888;"NEAR_P1";"INTERVAL";"PROBE";4;63;0x00001d2a;385;1957296;775796;440602;1126860;1133773;10;0;NOSTRESS
139004438273;17003;"NEAR_P1";"INTERVAL";"PROBE";4;63;0x00001d2a;385;1959982;777513;442910;1133325;1133308;491;0;NOSTRESS
139004455280;16892;"NEAR_P1";"INTERVAL";"PROBE";4;63;0x00001d2a;385;1958019;776083;440582;1126934;1134294;8;0;NOSTRESS
139004472176;16979;"NEAR_P1";"INTERVAL";"PROBE";4;63;0x00001d2a;385;1959364;777463;442949;1133313;1132896;485;0;NOSTRESS
139004489159;16974;"NEAR_P1";"INTERVAL";"PROBE";4;63;0x00001d2a;385;1958903;777313;442936;1133022;1132596;466;0;NOSTRESS
139004506138;16888;"NEAR_P1";"INTERVAL";"PROBE";4;63;0x00001d2a;385;1956510;775765;440572;1126735;1133323;19;0;NOSTRESS
139004523030;16995;"NEAR_P1";"INTERVAL";"PROBE";4;63;0x00001d2a;385;1960681;777830;442961;1133530;1133711;468;0;NOSTRESS
139004540030;16868;"NEAR_P1";"INTERVAL";"PROBE";4;63;0x00001d2a;385;1953555;774597;440449;1125717;1131765;19;0;NOSTRESS
139004556902;16976;"NEAR_P1";"INTERVAL";"PROBE";4;63;0x00001d2a;385;1958967;777289;442966;1133138;1132685;470;0;NOSTRESS
139004573882;16876;"NEAR_P1";"INTERVAL";"PROBE";4;63;0x00001d2a;385;1954500;774950;440509;1125991;1132209;18;0;NOSTRESS
139004590762;17043;"NEAR_P1";"INTERVAL";"PROBE";4;63;0x00001d2a;385;1958590;777421;443794;1135148;1131653;543;0;NOSTRESS
139004607809;16888;"NEAR_P1";"INTERVAL";"PROBE";4;63;0x00001d2a;385;1956358;775724;440650;1126814;1133089;19;0;NOSTRESS
139004624702;16985;"NEAR_P1";"INTERVAL";"PROBE";4;63;0x00001d2a;385;1959965;777714;443062;1133730;1133173;481;0;NOSTRESS
139004641691;16890;"NEAR_P1";"INTERVAL";"PROBE";4;63;0x00001d2a;385;1956199;775818;440624;1126933;1133007;16;0;NOSTRESS
139004658585;16973;"NEAR_P1";"INTERVAL";"PROBE";4;63;0x00001d2a;385;1958284;777079;442964;1133003;1132216;465;0;NOSTRESS
139004675562;16875;"NEAR_P1";"INTERVAL";"PROBE";4;63;0x00001d2a;385;1953780;774875;440567;1126242;1131633;14;0;NOSTRESS
139004692441;16988;"NEAR_P1";"INTERVAL";"PROBE";4;63;0x00001d2a;385;1959291;777313;443059;1133508;1132905;511;0;NOSTRESS
139004709433;62182;"TRAJ_R1";"INTERVAL";"PROBE";4;63;0x00001d2a;385;6451352;2648308;1685111;4089121;4074602;891;0;NOSTRESS
139005969903;397456;"MAF";"INTERVAL";"PROBE";4;63;0x00001d2a;386;45207562;18010861;10412618;26440103;26464196;7736;0;NOSTRESS
139005969921;80;"SENS_C1";"INTERVAL";"PROBE";4;63;0x00001d2a;386;738;636;436;1009;0;119;0;NOSTRESS
139005970005;92;"LOC_C1";"INTERVAL";"PROBE";4;63;0x00001d2a;386;3759;1826;1241;3072;1822;150;0;NOSTRESS
139005970101;20;"LOC_C2";"INTERVAL";"PROBE";4;63;0x00001d2a;386;344;292;195;592;17;20;0;NOSTRESS
139005970127;92;"LOC_C3";"INTERVAL";"PROBE";4;63;0x00001d2a;386;8741;2421;1701;7592;3784;62;0;NOSTRESS
139005970223;24;"LOC_C4";"INTERVAL";"PROBE";4;63;0x00001d2a;386;346;280;209;588;0;29;0;NOSTRESS
139005970251;17168;"NEAR_P1";"INTERVAL";"PROBE";4;63;0x00001d2a;386;1963233;779454;443721;1137424;1133453;848;0;NOSTRESS
139005987424;16894;"NEAR_P1";"INTERVAL";"PROBE";4;63;0x00001d2a;386;1957756;776261;440708;1127303;1133782;15;0;NOSTRESS
139006004322;17016;"NEAR_P1";"INTERVAL";"PROBE";4;63;0x00001d2a;386;1959137;777386;442950;1133374;1132481;533;0;NOSTRESS
139006021342;16890;"NEAR_P1";"INTERVAL";"PROBE";4;63;0x00001d2a;386;1956695;775945;440626;1127050;1133322;10;0;NOSTRESS
139006038236;16989;"NEAR_P1";"INTERVAL";"PROBE";4;63;0x00001d2a;386;1961460;777739;442914;1133458;1134049;486;0;NOSTRESS
139006055229;16876;"NEAR_P1";"INTERVAL";"PROBE";4;63;0x00001d2a;386;1956024;775352;440538;1126397;1132913;8;0;NOSTRESS
139006072109;17010;"NEAR_P1";"INTERVAL";"PROBE";4;63;0x00001d2a;386;1960667;777772;442991;1133300;1133488;482;0;NOSTRESS
139006089123;17000;"NEAR_P1";"INTERVAL";"PROBE";4;63;0x00001d2a;386;1960916;777564;442965;1133295;1133730;474;0;NOSTRESS
139006106127;16881;"NEAR_P1";"INTERVAL";"PROBE";4;63;0x00001d2a;386;1956916;775605;440598;1126395;1133512;21;0;NOSTRESS
139006123012;16997;"NEAR_P1";"INTERVAL";"PROBE";4;63;0x00001d2a;386;1964138;778822;443112;1134355;1135630;461;0;NOSTRESS
139006140014;16875;"NEAR_P1";"INTERVAL";"PROBE";4;63;0x00001d2a;386;1955959;775269;440555;1126144;1132996;20;0;NOSTRESS
139006156893;16981;"NEAR_P1";"INTERVAL";"PROBE";4;63;0x00001d2a;386;1961429;777914;443058;1133487;1133895;459;0;NOSTRESS
139006173879;16885;"NEAR_P1";"INTERVAL";"PROBE";4;63;0x00001d2a;386;1958440;775914;440588;1126431;1134473;19;0;NOSTRESS
139006190768;16979;"NEAR_P1";"INTERVAL";"PROBE";4;63;0x00001d2a;386;1962023;777957;443030;1133343;1134441;458;0;NOSTRESS
139006207752;16885;"NEAR_P1";"INTERVAL";"PROBE";4;63;0x00001d2a;386;1957618;775863;440640;1126688;1133962;19;0;NOSTRESS
139006224641;16968;"NEAR_P1";"INTERVAL";"PROBE";4;63;0x00001d2a;386;1959215;777074;442938;1132745;1132792;465;0;NOSTRESS
139006241613;16874;"NEAR_P1";"INTERVAL";"PROBE";4;63;0x00001d2a;386;1955290;775079;440556;1126210;1132419;16;0;NOSTRESS
139006258491;17033;"NEAR_P1";"INTERVAL";"PROBE";4;63;0x00001d2a;386;1961811;778241;443942;1135837;1133314;554;0;NOSTRESS
139006275528;17048;"NEAR_P1";"INTERVAL";"PROBE";4;63;0x00001d2a;386;1956457;775503;440506;1126532;1133343;31;0;NOSTRESS
139006292580;16994;"NEAR_P1";"INTERVAL";"PROBE";4;63;0x00001d2a;386;1962257;777885;442960;1133250;1134527;599;0;NOSTRESS
139006309595;57759;"TRAJ_R1";"INTERVAL";"PROBE";4;63;0x00001d2a;386;5995835;2459369;1562417;3793649;3786051;917;0;NOSTRESS
139007569910;392882;"MAF";"INTERVAL";"PROBE";4;63;0x00001d2a;387;44696581;17812359;10296688;26151712;26145425;7593;0;NOSTRESS
139007569928;80;"SENS_C1";"INTERVAL";"PROBE";4;63;0x00001d2a;387;762;628;438;1067;0;123;0;NOSTRESS
139007570014;96;"LOC_C1";"INTERVAL";"PROBE";4;63;0x00001d2a;387;3872;1869;1241;3122;1878;158;0;NOSTRESS
139007570114;17;"LOC_C2";"INTERVAL";"PROBE";4;63;0x00001d2a;387;345;294;197;599;17;21;0;NOSTRESS
139007570137;95;"LOC_C3";"INTERVAL";"PROBE";4;63;0x00001d2a;387;8899;2456;1709;7695;3859;60;0;NOSTRESS
139007570236;24;"LOC_C4";"INTERVAL";"PROBE";4;63;0x00001d2a;387;347;277;210;590;0;30;0;NOSTRESS
139007570265;17208;"NEAR_P1";"INTERVAL";"PROBE";4;63;0x00001d2a;387;1961264;779399;444514;1139416;1131696;1031;0;NOSTRESS
139007587478;16872;"NEAR_P1";"INTERVAL";"PROBE";4;63;0x00001d2a;387;1951867;774510;440517;1126159;1130347;22;0;NOSTRESS
139007604354;16975;"NEAR_P1";"INTERVAL";"PROBE";4;63;0x00001d2a;387;1954984;776271;442843;1132839;1130064;576;0;NOSTRESS
139007621333;16877;"NEAR_P1";"INTERVAL";"PROBE";4;63;0x00001d2a;387;1953608;774821;440548;1126002;1131612;11;0;NOSTRESS
139007638214;16971;"NEAR_P1";"INTERVAL";"PROBE";4;63;0x00001d2a;387;1956591;776552;442797;1132691;1131242;488;0;NOSTRESS
139007655189;16875;"NEAR_P1";"INTERVAL";"PROBE";4;63;0x00001d2a;387;1953209;774789;440539;1125938;1131356;10;0;NOSTRESS
139007672068;16962;"NEAR_P1";"INTERVAL";"PROBE";4;63;0x00001d2a;387;1955048;776130;442845;1132339;1130296;468;0;NOSTRESS
139007689035;16968;"NEAR_P1";"INTERVAL";"PROBE";4;63;0x00001d2a;387;1956473;776536;442881;1132679;1131001;470;0;NOSTRESS
139007706007;16866;"NEAR_P1";"INTERVAL";"PROBE";4;63;0x00001d2a;387;1950684;774141;440401;1125480;1129813;20;0;NOSTRESS
139007722877;17001;"NEAR_P1";"INTERVAL";"PROBE";4;63;0x00001d2a;387;1955560;776408;442895;1132665;1130629;425;0;NOSTRESS
139007739882;16873;"NEAR_P1";"INTERVAL";"PROBE";4;63;0x00001d2a;387;1953430;774691;440445;1125836;1131445;17;0;NOSTRESS
139007756759;16983;"NEAR_P1";"INTERVAL";"PROBE";4;63;0x00001d2a;387;1955283;775892;442717;1132056;1130498;469;0;NOSTRESS
139007773746;16874;"NEAR_P1";"INTERVAL";"PROBE";4;63;0x00001d2a;387;1953938;774835;440488;1125975;1131760;19;0;NOSTRESS
139007790624;16961;"NEAR_P1";"INTERVAL";"PROBE";4;63;0x00001d2a;387;1956132;776208;442755;1132115;1131036;473;0;NOSTRESS
139007807589;16860;"NEAR_P1";"INTERVAL";"PROBE";4;63;0x00001d2a;387;1952028;774062;440365;1125338;1130772;17;0;NOSTRESS
139007824453;16960;"NEAR_P1";"INTERVAL";"PROBE";4;63;0x00001d2a;387;1956186;776244;442779;1132228;1131014;473;0;NOSTRESS
139007841417;16865;"NEAR_P1";"INTERVAL";"PROBE";4;63;0x00001d2a;387;1952648;774388;440418;1125379;1131128;16;0;NOSTRESS
139007858286;16973;"NEAR_P1";"INTERVAL";"PROBE";4;63;0x00001d2a;387;1958591;777006;442911;1132788;1132462;475;0;NOSTRESS
139007875263;16862;"NEAR_P1";"INTERVAL";"PROBE";4;63;0x00001d2a;387;1951867;774098;440387;1125321;1130591;15;0;NOSTRESS
139007892129;16960;"NEAR_P1";"INTERVAL";"PROBE";4;63;0x00001d2a;387;1955897;776071;442785;1132294;1130707;480;0;NOSTRESS
139007909093;53695;"TRAJ_R1";"INTERVAL";"PROBE";4;63;0x00001d2a;387;5577462;2286695;1450021;3523826;3520202;996;0;NOSTRESS
139009169891;386343;"MAF";"INTERVAL";"PROBE";4;63;0x00001d2a;388;44061457;17546458;10116889;25717243;25738563;7043;0;NOSTRESS
139009169910;72;"SENS_C1";"INTERVAL";"PROBE";4;63;0x00001d2a;388;739;618;436;1032;0;118;0;NOSTRESS
139009169987;89;"LOC_C1";"INTERVAL";"PROBE";4;63;0x00001d2a;388;3651;1803;1246;3100;1752;161;0;NOSTRESS
139009170081;17;"LOC_C2";"INTERVAL";"PROBE";4;63;0x00001d2a;388;344;292;195;592;17;20;0;NOSTRESS
139009170104;96;"LOC_C3";"INTERVAL";"PROBE";4;63;0x00001d2a;388;8892;2445;1701;7640;3866;61;0;NOSTRESS
139009170204;21;"LOC_C4";"INTERVAL";"PROBE";4;63;0x00001d2a;388;348;277;210;589;0;30;0;NOSTRESS
139009170229;17140;"NEAR_P1";"INTERVAL";"PROBE";4;63;0x00001d2a;388;1960609;778879;443667;1136714;1131634;790;0;NOSTRESS
139009187374;16888;"NEAR_P1";"INTERVAL";"PROBE";4;63;0x00001d2a;388;1956651;776011;440731;1126987;1132876;14;0;NOSTRESS
139009204266;16973;"NEAR_P1";"INTERVAL";"PROBE";4;63;0x00001d2a;388;1955656;776568;442888;1132828;1130149;544;0;NOSTRESS
139009221244;16873;"NEAR_P1";"INTERVAL";"PROBE";4;63;0x00001d2a;388;1953631;774953;440558;1126051;1131163;12;0;NOSTRESS
139009238121;16977;"NEAR_P1";"INTERVAL";"PROBE";4;63;0x00001d2a;388;1958272;777127;442976;1132926;1131801;495;0;NOSTRESS
139009255102;16871;"NEAR_P1";"INTERVAL";"PROBE";4;63;0x00001d2a;388;1952964;774674;440531;1125803;1130814;8;0;NOSTRESS
139009271977;17028;"NEAR_P1";"INTERVAL";"PROBE";4;63;0x00001d2a;388;1959601;777804;443433;1134343;1132144;611;0;NOSTRESS
139009289009;16964;"NEAR_P1";"INTERVAL";"PROBE";4;63;0x00001d2a;388;1955732;776365;442854;1132313;1130211;499;0;NOSTRESS
139009305977;16886;"NEAR_P1";"INTERVAL";"PROBE";4;63;0x00001d2a;388;1956021;775680;440676;1126504;1132679;20;0;NOSTRESS
139009322867;16966;"NEAR_P1";"INTERVAL";"PROBE";4;63;0x00001d2a;388;1957172;776737;442936;1132633;1131126;468;0;NOSTRESS
139009339838;16883;"NEAR_P1";"INTERVAL";"PROBE";4;63;0x00001d2a;388;1955875;775540;440632;1126385;1132702;20;0;NOSTRESS
139009356726;16991;"NEAR_P1";"INTERVAL";"PROBE";4;63;0x00001d2a;388;1961516;778168;443102;1133578;1133772;463;0;NOSTRESS
139009373722;16887;"NEAR_P1";"INTERVAL";"PROBE";4;63;0x00001d2a;388;1956522;775746;440663;1126560;1132896;18;0;NOSTRESS
139009390613;16998;"NEAR_P1";"INTERVAL";"PROBE";4;63;0x00001d2a;388;1957894;776922;443167;1132713;1131644;416;0;NOSTRESS
139009407615;16874;"NEAR_P1";"INTERVAL";"PROBE";4;63;0x00001d2a;388;1954113;774998;440600;1125926;1131620;14;0;NOSTRESS
139009424493;17021;"NEAR_P1";"INTERVAL";"PROBE";4;63;0x00001d2a;388;1960234;777739;443011;1133142;1133180;470;0;NOSTRESS
139009441518;16873;"NEAR_P1";"INTERVAL";"PROBE";4;63;0x00001d2a;388;1954912;775171;440451;1126075;1132147;15;0;NOSTRESS
139009458395;16975;"NEAR_P1";"INTERVAL";"PROBE";4;63;0x00001d2a;388;1959721;777424;442959;1132954;1132916;473;0;NOSTRESS
139009475374;16873;"NEAR_P1";"INTERVAL";"PROBE";4;63;0x00001d2a;388;1954289;774987;440534;1125895;1131775;15;0;NOSTRESS
139009492252;16968;"NEAR_P1";"INTERVAL";"PROBE";4;63;0x00001d2a;388;1958310;777047;442890;1132467;1132143;479;0;NOSTRESS
139009509224;47005;"TRAJ_R1";"INTERVAL";"PROBE";4;63;0x00001d2a;388;4898164;2005390;1267796;3082203;3093536;566;0;NOSTRESS
